1520530315.599645 1.203983 0.336432
1520530315.699637 1.202815 0.270532
1520530315.799640 1.261182 0.210282
1520530315.899643 1.239219 0.173473
1520530316.100221 1.180992 0.172294
1520530316.250226 1.167975 0.181799
1520530316.400230 1.168206 0.166380
1520530316.600278 1.166542 0.156627
1520530316.800284 1.160657 0.154064
1520530316.949773 1.169099 0.149992
1520530317.049776 1.184447 0.145603
1520530317.249782 1.195553 0.126104
1520530317.399745 1.190643 0.113488
1520530317.599752 1.176352 0.102495
1520530317.750237 1.169819 0.096717
1520530317.900242 1.168316 0.094193
1520530318.050246 1.163250 0.093347
1520530318.200769 1.164167 0.092386
1520530318.350774 1.167523 0.089682
1520530318.550780 1.173291 0.085152
1520530318.700570 1.175959 0.082206
1520530318.900576 1.180219 0.079504
1520530318.999955 1.193928 0.078667
1520530319.049958 1.194979 0.077270
1520530319.199962 1.204844 0.072628
1520530319.349967 1.202472 0.065556
1520530319.449833 1.196918 0.062721
1520530319.599838 1.194327 0.060527
1520530319.749942 1.189055 0.059606
1520530319.850343 1.185616 0.059212
1520530319.950346 1.185459 0.058290
1520530320.050349 1.184797 0.056651
1520530320.150352 1.186619 0.055154
1520530320.250402 1.188749 0.054194
1520530320.400407 1.189718 0.053271
1520530320.550412 1.185430 0.052138
1520530320.649871 1.189255 0.051222
1520530320.799876 1.196151 0.049154
1520530320.949880 1.198419 0.047007
1520530321.099742 1.197349 0.045296
1520530321.199745 1.198659 0.044724
1520530321.299749 1.193872 0.043605
1520530321.449856 1.195574 0.042413
1520530321.599860 1.198508 0.041496
1520530321.699863 1.198457 0.040958
1520530321.850152 1.201729 0.040365
1520530322.000157 1.205364 0.039547
1520530322.150162 1.209191 0.038891
1520530322.300208 1.207273 0.038584
1520530322.500215 1.206606 0.038423
1520530322.650023 1.211282 0.038062
1520530322.800029 1.211739 0.037366
1520530322.950033 1.207872 0.036655
1520530323.100074 1.206519 0.036150
1520530323.250079 1.207798 0.035833
1520530323.400084 1.212845 0.035331
1520530323.550346 1.211824 0.033803
1520530323.650349 1.210105 0.032820
1520530323.800354 1.209302 0.032054
1520530323.950154 1.207539 0.031670
1520530324.150160 1.205859 0.031394
1520530324.299908 1.204766 0.031144
1520530324.399911 1.206119 0.030868
1520530324.499994 1.206159 0.030566
1520530324.599917 1.203122 0.030281
1520530324.700018 1.199371 0.030025
1520530324.800021 1.199702 0.029909
1520530324.950026 1.200764 0.029841
1520530325.100816 1.200356 0.029740
1520530325.300822 1.202296 0.029331
1520530325.500828 1.211756 0.028726
1520530325.700918 1.218407 0.027754
1520530325.850922 1.219730 0.027293
1520530326.000543 1.219756 0.027031
1520530326.150548 1.221623 0.026774
1520530326.300552 1.221024 0.026568
1520530326.400206 1.220861 0.026456
1520530326.600213 1.220865 0.026337
1520530326.800428 1.220184 0.026310
1520530327.000434 1.222721 0.025847
1520530327.150431 1.224460 0.025359
1520530327.300436 1.225766 0.024980
1520530327.450441 1.225847 0.024696
1520530327.550090 1.227819 0.024525
1520530327.650103 1.226892 0.024266
1520530327.750096 1.228845 0.024117
1520530327.800097 1.230626 0.024030
1520530327.900100 1.230588 0.022980
1520530328.000280 1.231192 0.022815
1520530328.100283 1.230635 0.022628
1520530328.300290 1.230901 0.022355
1520530328.400337 1.229956 0.022250
1520530328.450338 1.229278 0.022213
1520530328.550342 1.229012 0.022165
1520530328.650346 1.229894 0.022140
1520530328.750348 1.230356 0.022097
1520530328.850087 1.230367 0.022033
1520530328.950091 1.230589 0.021902
1520530329.050093 1.230448 0.021750
1520530329.100095 1.231075 0.021676
1520530329.200044 1.232292 0.021516
1520530329.300047 1.234307 0.021358
1520530329.400050 1.235740 0.021146
1520530329.600097 1.235967 0.020863
1520530329.700100 1.235779 0.020784
1520530329.800104 1.235888 0.020727
1520530329.900107 1.236337 0.020663
1520530330.000110 1.236257 0.020594
1520530330.050161 1.236695 0.020536
1520530330.150164 1.237124 0.020360
1520530330.250167 1.238365 0.020174
1520530330.300169 1.238956 0.020112
1520530330.400172 1.239534 0.019884
1520530330.450787 1.239039 0.019803
1520530330.550790 1.238049 0.019709
1520530330.650793 1.238210 0.019678
1520530330.700795 1.238637 0.019670
1520530330.800798 1.239583 0.019634
1520530330.850367 1.239609 0.019601
1520530330.950279 1.239800 0.019506
1520530331.050282 1.240865 0.019406
1520530331.150285 1.242070 0.019333
1520530331.250735 1.242739 0.019283
1520530331.350738 1.243152 0.019250
1520530331.450741 1.243403 0.019236
1520530331.500743 1.242878 0.019228
1520530331.600746 1.243141 0.019201
1520530331.650479 1.242982 0.019167
1520530331.750483 1.243008 0.019037
1520530331.800484 1.242493 0.018942
1520530331.900488 1.242922 0.018687
1520530332.000491 1.243622 0.018449
1520530332.100388 1.242887 0.018232
1520530332.200392 1.242881 0.018074
1520530332.300399 1.242708 0.017964
1520530332.400401 1.242310 0.017917
1520530332.500483 1.241868 0.017891
1520530332.550483 1.241514 0.017890
1520530332.650488 1.241901 0.017886
1520530332.700489 1.242068 0.017874
1520530332.800492 1.242514 0.017831
1520530332.900164 1.243069 0.017767
1520530333.000168 1.243605 0.017707
1520530333.100171 1.243972 0.017664
1520530333.200174 1.245107 0.017636
1520530333.250175 1.245241 0.017609
1520530333.350610 1.245793 0.017555
1520530333.400612 1.246065 0.017530
1520530333.500615 1.245179 0.017485
1520530333.650619 1.245630 0.017476
1520530333.750542 1.245994 0.017455
1520530333.800544 1.246105 0.017451
1520530333.900547 1.246528 0.017441
1520530333.950549 1.246584 0.017429
1520530334.050551 1.246457 0.017388
1520530334.150218 1.248184 0.017263
1520530334.300222 1.248820 0.017096
1520530334.350224 1.249096 0.017061
1520530334.450227 1.249501 0.016990
1520530334.550086 1.249959 0.016929
1520530334.650089 1.250349 0.016887
1520530334.750092 1.251302 0.016852
1520530334.850095 1.251359 0.016814
1520530334.900097 1.250762 0.016789
1520530335.000929 1.250351 0.016758
1520530335.100933 1.250501 0.016747
1520530335.150934 1.250712 0.016742
1520530335.250937 1.250791 0.016727
1520530335.351457 1.251118 0.016718
1520530335.451459 1.251127 0.016712
1520530335.551462 1.250828 0.016705
1520530335.651465 1.250913 0.016697
1520530335.750223 1.251207 0.016692
1520530335.850226 1.251651 0.016686
1520530335.950229 1.251928 0.016663
1520530336.050232 1.252205 0.016643
1520530336.150177 1.252141 0.016619
1520530336.250180 1.252965 0.016582
1520530336.350183 1.253616 0.016513
1520530336.450186 1.254267 0.016427
1520530336.550582 1.254906 0.016333
1520530336.650586 1.255228 0.016264
1520530336.750588 1.255253 0.016209
1520530336.850591 1.255257 0.016167
1520530336.950594 1.255580 0.016135
1520530337.000258 1.255728 0.016112
1520530337.100266 1.256695 0.016046
1520530337.200351 1.257637 0.015976
1520530337.300267 1.258107 0.015913
1520530337.400301 1.259428 0.015885
1520530337.500304 1.259561 0.015848
1520530337.600307 1.260216 0.015807
1520530337.700310 1.260952 0.015744
1520530337.800854 1.261880 0.015619
1520530337.900857 1.263340 0.015481
1520530338.000860 1.264038 0.015358
1520530338.100863 1.264868 0.015266
1520530338.200470 1.264458 0.015205
1520530338.250473 1.263942 0.015191
1520530338.350476 1.263695 0.015172
1520530338.450479 1.263598 0.015155
1520530338.550482 1.263864 0.015129
1520530338.650261 1.264346 0.015091
1520530338.750266 1.264249 0.015041
1520530338.850267 1.263656 0.014988
1520530338.950270 1.264033 0.014942
1520530339.050959 1.263892 0.014887
1520530339.150962 1.264420 0.014856
1520530339.250965 1.264562 0.014836
1520530339.350968 1.264670 0.014826
1520530339.451687 1.264891 0.014821
1520530339.551690 1.264936 0.014823
1520530339.651693 1.264703 0.014810
1520530339.751697 1.264546 0.014802
1520530339.801698 1.264869 0.014794
1520530339.901057 1.265419 0.014781
1520530340.001061 1.265771 0.014765
1520530340.101063 1.265877 0.014755
1520530340.201067 1.266410 0.014737
1520530340.250395 1.266536 0.014722
1520530340.350399 1.267010 0.014684
1520530340.450401 1.267235 0.014631
1520530340.550404 1.267738 0.014587
1520530340.650347 1.268011 0.014549
1520530340.750350 1.267893 0.014529
1520530340.900354 1.268092 0.014514
1520530341.050774 1.268335 0.014504
1520530341.300782 1.269197 0.014477
1520530341.500713 1.268989 0.014462
1520530341.750720 1.268954 0.014447
1520530341.900542 1.269299 0.014433
1520530342.050546 1.269495 0.014413
1520530342.150549 1.269477 0.014398
1520530342.250553 1.269419 0.014377
1520530342.400676 1.269819 0.014334
1520530342.500679 1.269792 0.014318
1520530342.650684 1.269518 0.014278
1520530342.750644 1.269694 0.014244
1520530342.850648 1.269191 0.014193
1520530342.950651 1.268969 0.014134
1520530343.050654 1.269089 0.014054
1520530343.151133 1.269119 0.013968
1520530343.251136 1.269150 0.013871
1520530343.351140 1.268918 0.013751
1520530343.401141 1.268642 0.013693
1520530343.501404 1.268705 0.013575
1520530343.601407 1.268090 0.013436
1520530343.701410 1.268721 0.013303
1520530343.801413 1.268382 0.013145
1520530343.901416 1.268497 0.013006
1520530344.001403 1.268341 0.012849
1520530344.101406 1.268333 0.012700
1520530344.201410 1.268520 0.012561
1520530344.301413 1.268621 0.012427
1520530344.401411 1.268539 0.012309
1520530344.501414 1.268417 0.012199
1520530344.601418 1.268594 0.012096
1520530344.701421 1.268599 0.011997
1520530344.801638 1.268396 0.011915
1520530344.901641 1.268951 0.011855
1520530345.001644 1.268917 0.011791
1520530345.101647 1.269082 0.011729
1520530345.201744 1.269327 0.011676
1520530345.301746 1.269519 0.011626
1520530345.451751 1.269593 0.011558
1520530345.551195 1.269333 0.011522
1520530345.601196 1.269508 0.011512
1520530345.701199 1.269418 0.011470
1520530345.801203 1.269097 0.011447
1520530345.851204 1.269075 0.011437
1520530345.951161 1.269079 0.011414
1520530346.001475 1.269074 0.011404
1520530346.101479 1.269214 0.011388
1520530346.201481 1.269586 0.011368
1520530346.301485 1.269969 0.011357
1520530346.351486 1.270089 0.011350
1520530346.451378 1.270167 0.011343
1520530346.551380 1.270064 0.011332
1520530346.651383 1.270002 0.011325
1520530346.701385 1.269837 0.011320
1520530346.801545 1.270029 0.011313
1520530346.851546 1.270261 0.011309
1520530346.951549 1.270363 0.011303
1520530347.051553 1.270233 0.011298
1520530347.151556 1.270205 0.011293
1520530347.251402 1.270242 0.011292
1520530347.351405 1.270350 0.011286
1520530347.401407 1.270363 0.011285
1520530347.501410 1.270157 0.011282
1520530347.601218 1.269986 0.011279
1520530347.651220 1.269858 0.011277
1520530347.751223 1.269724 0.011275
1520530347.851226 1.269878 0.011273
1520530347.951229 1.269887 0.011271
1520530348.051164 1.269980 0.011270
1520530348.151168 1.269890 0.011269
1520530348.251170 1.269917 0.011268
1520530348.351173 1.269846 0.011267
1520530348.451416 1.270038 0.011265
1520530348.551419 1.269971 0.011263
1520530348.651423 1.269818 0.011265
1520530348.751426 1.269748 0.011265
1520530348.801428 1.269821 0.011264
1520530348.901315 1.269773 0.011264
1520530348.951318 1.269890 0.011263
1520530349.051321 1.269934 0.011263
1520530349.101323 1.270036 0.011263
1520530349.201326 1.270026 0.011263
1520530349.301107 1.270124 0.011262
1520530349.401110 1.270218 0.011261
1520530349.501114 1.270179 0.011260
1520530349.551115 1.270114 0.011260
1520530349.650935 1.270162 0.011260
1520530349.750943 1.270178 0.011259
1520530349.800940 1.270214 0.011259
1520530349.900986 1.270138 0.011257
1520530350.000946 1.270168 0.011256
1520530350.051376 1.270200 0.011255
1520530350.151379 1.270208 0.011254
1520530350.201381 1.270240 0.011253
1520530350.301384 1.270247 0.011251
1520530350.401387 1.270290 0.011251
1520530350.501516 1.270379 0.011249
1520530350.551518 1.270353 0.011249
1520530350.651521 1.270479 0.011248
1520530350.751524 1.270539 0.011247
1520530350.851527 1.270493 0.011246
1520530350.951573 1.270451 0.011244
1520530351.051576 1.270498 0.011242
1520530351.151579 1.270580 0.011242
1520530351.251582 1.270652 0.011241
1520530351.351680 1.270641 0.011239
1520530351.451683 1.270670 0.011239
1520530351.551686 1.270626 0.011239
1520530351.651689 1.270629 0.011237
1520530351.751696 1.270719 0.011236
1520530351.851700 1.270726 0.011234
1520530351.951703 1.270641 0.011234
1520530352.051706 1.270621 0.011232
1520530352.151806 1.270533 0.011232
1520530352.251809 1.270653 0.011231
1520530352.351812 1.270704 0.011232
1520530352.451816 1.270746 0.011230
1520530352.551471 1.270736 0.011230
1520530352.651474 1.270741 0.011229
1520530352.751477 1.270730 0.011229
1520530352.851480 1.270702 0.011228
1520530352.901098 1.270689 0.011227
1520530353.001101 1.270507 0.011228
1520530353.101208 1.270473 0.011226
1520530353.201107 1.270429 0.011226
1520530353.301110 1.270437 0.011225
1520530353.351398 1.270260 0.011225
1520530353.451401 1.270335 0.011224
1520530353.501402 1.270336 0.011223
1520530353.601405 1.270513 0.011224
1520530353.701408 1.270932 0.011221
1520530353.801738 1.270703 0.011222
1520530353.901741 1.270594 0.011221
1520530354.001744 1.270458 0.011221
1520530354.101747 1.270415 0.011220
1520530354.201897 1.270511 0.011219
1520530354.301900 1.270524 0.011219
1520530354.351902 1.270320 0.011219
1520530354.451905 1.270316 0.011219
1520530354.501907 1.270371 0.011218
1520530354.601593 1.270495 0.011218
1520530354.651595 1.270506 0.011216
1520530354.751597 1.270524 0.011217
1520530354.851600 1.270488 0.011216
1520530354.951359 1.270533 0.011215
1520530355.051362 1.270418 0.011213
1520530355.151365 1.270371 0.011214
1520530355.251368 1.270311 0.011213
1520530355.351371 1.270285 0.011213
1520530355.451408 1.270216 0.011213
1520530355.551411 1.270214 0.011212
1520530355.651416 1.270260 0.011212
1520530355.751418 1.270307 0.011210
1520530355.851533 1.270391 0.011211
1520530355.901534 1.270127 0.011210
1520530356.001537 1.270199 0.011211
1520530356.051539 1.270302 0.011211
1520530356.151542 1.270259 0.011211
1520530356.251380 1.270231 0.011210
1520530356.301379 1.270200 0.011210
1520530356.401382 1.270351 0.011210
1520530356.501385 1.270398 0.011210
1520530356.601233 1.270250 0.011210
1520530356.701236 1.270239 0.011209
1520530356.801239 1.270186 0.011210
1520530356.851240 1.270171 0.011209
1520530356.951243 1.270238 0.011210
1520530357.051154 1.270284 0.011210
1520530357.151157 1.270287 0.011210
1520530357.251160 1.270287 0.011209
1520530357.301162 1.270305 0.011209
1520530357.401658 1.270304 0.011209
1520530357.451660 1.270358 0.011209
1520530357.551663 1.270330 0.011209
1520530357.651666 1.270329 0.011209
1520530357.751669 1.270296 0.011208
1520530357.851585 1.270325 0.011208
1520530357.901559 1.270350 0.011208
1520530358.001562 1.270355 0.011208
1520530358.101565 1.270286 0.011208
1520530358.201568 1.270245 0.011207
1520530358.301626 1.270233 0.011207
1520530358.401629 1.270293 0.011207
1520530358.501632 1.270318 0.011207
1520530358.601636 1.270349 0.011207
1520530358.701800 1.270346 0.011206
1520530358.801803 1.270352 0.011206
1520530358.901806 1.270364 0.011205
1520530359.001810 1.270373 0.011206
1520530359.101811 1.270333 0.011205
1520530359.201810 1.270348 0.011203
1520530359.301813 1.270304 0.011204
1520530359.401817 1.270323 0.011204
1520530359.501870 1.270352 0.011204
1520530359.601873 1.270387 0.011203
1520530359.701876 1.270308 0.011203
1520530359.801879 1.270277 0.011203
1520530359.901826 1.270337 0.011203
1520530360.001829 1.270384 0.011202
1520530360.101832 1.270566 0.011202
1520530360.201836 1.270664 0.011201
1520530360.251837 1.270641 0.011200
1520530360.351317 1.270684 0.011200
1520530360.401319 1.270585 0.011199
1520530360.501323 1.270570 0.011199
1520530360.601326 1.270537 0.011199
1520530360.700978 1.270680 0.011199
1520530360.800981 1.270809 0.011199
1520530360.900984 1.270957 0.011199
1520530361.000988 1.271206 0.011197
1520530361.101044 1.271293 0.011195
1520530361.201047 1.271309 0.011196
1520530361.301050 1.271286 0.011195
1520530361.401053 1.271231 0.011195
1520530361.501690 1.271038 0.011194
1520530361.551692 1.271123 0.011194
1520530361.651695 1.271078 0.011191
1520530361.751698 1.271114 0.011193
1520530361.801700 1.271106 0.011194
1520530361.901939 1.271111 0.011193
1520530361.951941 1.271075 0.011193
1520530362.051944 1.271419 0.011193
1520530362.151947 1.271353 0.011192
1520530362.251950 1.271314 0.011190
1520530362.351623 1.271477 0.011190
1520530362.451626 1.271755 0.011189
1520530362.551629 1.272001 0.011188
1520530362.651727 1.272021 0.011185
1520530362.751364 1.272146 0.011182
1520530362.801366 1.271976 0.011181
1520530362.901369 1.271944 0.011182
1520530363.001372 1.271938 0.011182
1520530363.101375 1.271917 0.011181
1520530363.201651 1.271916 0.011180
1520530363.301654 1.271919 0.011179
1520530363.401658 1.272095 0.011179
1520530363.501661 1.272091 0.011180
1520530363.601746 1.272085 0.011179
1520530363.701749 1.272013 0.011180
1520530363.801753 1.272391 0.011180
1520530363.851754 1.272302 0.011179
1520530363.951780 1.272441 0.011178
1520530364.001782 1.272093 0.011177
1520530364.101785 1.272278 0.011178
1520530364.151786 1.272186 0.011171
1520530364.251789 1.272196 0.011175
1520530364.301791 1.272007 0.011178
1520530364.401853 1.272278 0.011178
1520530364.451854 1.272226 0.011176
1520530364.551858 1.272211 0.011177
1520530364.601859 1.272166 0.011178
1520530364.701862 1.272174 0.011178
1520530364.802376 1.272154 0.011178
1520530364.902379 1.272130 0.011177
1520530365.002383 1.272098 0.011177
1520530365.102386 1.272101 0.011177
1520530365.201844 1.272162 0.011177
1520530365.301847 1.272116 0.011176
1520530365.401850 1.272213 0.011176
1520530365.501853 1.272299 0.011175
1520530365.551855 1.272295 0.011174
1520530365.651537 1.272263 0.011173
1520530365.751540 1.272228 0.011172
1520530365.851543 1.272188 0.011172
1520530365.951546 1.272123 0.011172
1520530366.001907 1.272124 0.011172
1520530366.101910 1.272074 0.011172
1520530366.151911 1.272035 0.011172
1520530366.251915 1.272052 0.011172
1520530366.301916 1.272093 0.011171
1520530366.402120 1.272179 0.011171
1520530366.502124 1.272264 0.011171
1520530366.602127 1.272265 0.011171
1520530366.702130 1.272257 0.011171
1520530366.752132 1.272224 0.011171
1520530366.852166 1.272228 0.011171
1520530366.952169 1.272222 0.011171
1520530367.002170 1.272203 0.011171
1520530367.102178 1.272206 0.011170
1520530367.152175 1.272213 0.011171
1520530367.252540 1.272289 0.011170
1520530367.352543 1.272218 0.011170
1520530367.452546 1.272226 0.011170
1520530367.602551 1.272266 0.011170
1520530367.702266 1.272334 0.011170
1520530367.802269 1.272336 0.011169
1520530367.902272 1.272319 0.011169
1520530368.002275 1.272329 0.011167
1520530368.102125 1.272250 0.011167
1520530368.202129 1.272201 0.011168
1520530368.302132 1.272271 0.011167
1520530368.402135 1.272239 0.011168
1520530368.452048 1.272201 0.011168
1520530368.552051 1.272243 0.011168
1520530368.602053 1.272067 0.011165
1520530368.702056 1.272250 0.011166
1520530368.802058 1.272170 0.011167
1520530368.851389 1.272404 0.011164
1520530368.951392 1.272203 0.011164
1520530369.001394 1.272205 0.011167
1520530369.101397 1.272172 0.011167
1520530369.151398 1.272281 0.011165
1520530369.251401 1.272289 0.011167
1520530369.301537 1.272377 0.011167
1520530369.401540 1.272277 0.011167
1520530369.501543 1.272286 0.011167
1520530369.601546 1.272268 0.011167
1520530369.651548 1.272283 0.011166
1520530369.751899 1.272336 0.011167
1520530369.851902 1.272277 0.011167
1520530369.951905 1.272278 0.011166
1520530370.101930 1.272284 0.011167
1520530370.251934 1.272296 0.011167
1520530370.401938 1.272392 0.011167
1520530370.551883 1.272511 0.011167
1520530370.751889 1.272506 0.011166
1520530370.951942 1.272332 0.011166
1520530371.101947 1.272461 0.011166
1520530371.251952 1.272531 0.011165
1520530371.401953 1.272538 0.011165
1520530371.501956 1.272587 0.011163
1520530371.651961 1.272578 0.011165
1520530371.801961 1.272516 0.011165
1520530371.901964 1.272489 0.011164
1520530372.001968 1.272521 0.011165
1520530372.101971 1.272442 0.011163
1520530372.251958 1.272415 0.011164
1520530372.401963 1.272591 0.011164
1520530372.551956 1.272635 0.011165
1520530372.651960 1.272665 0.011164
1520530372.751963 1.272629 0.011164
1520530372.851966 1.272701 0.011162
1520530372.951617 1.272616 0.011164
1520530373.051620 1.272561 0.011164
1520530373.201626 1.272646 0.011164
1520530373.301629 1.272490 0.011163
1520530373.401458 1.272483 0.011163
1520530373.451460 1.272410 0.011163
1520530373.551463 1.272270 0.011163
1520530373.651466 1.272425 0.011163
1520530373.751469 1.272484 0.011163
1520530373.851583 1.272519 0.011163
1520530373.951586 1.272513 0.011163
1520530374.051589 1.272512 0.011163
1520530374.151592 1.272472 0.011163
1520530374.251955 1.272446 0.011163
1520530374.351958 1.272422 0.011163
1520530374.451961 1.272417 0.011163
1520530374.602407 1.272508 0.011163
1520530374.752412 1.272540 0.011163
1520530374.852415 1.272594 0.011163
1520530374.952418 1.272656 0.011163
1520530375.052444 1.272379 0.011162
1520530375.152447 1.272649 0.011161
1520530375.252454 1.272601 0.011163
1520530375.352453 1.272583 0.011163
1520530375.452214 1.272539 0.011163
1520530375.552217 1.272621 0.011162
1520530375.652220 1.272595 0.011162
1520530375.702222 1.272582 0.011162
1520530375.802225 1.272585 0.011162
1520530375.902259 1.272511 0.011162
1520530376.002262 1.272568 0.011162
1520530376.102265 1.272615 0.011163
1520530376.152267 1.272615 0.011162
1520530376.251950 1.272668 0.011161
1520530376.301951 1.272585 0.011162
1520530376.401954 1.272621 0.011162
1520530376.501958 1.272607 0.011162
1520530376.601961 1.272594 0.011162
1520530376.652663 1.272780 0.011162
1520530376.752666 1.272596 0.011161
1520530376.802668 1.272581 0.011161
1520530376.902671 1.272574 0.011162
1520530376.952672 1.272601 0.011161
1520530377.052898 1.272555 0.011162
1520530377.152900 1.272515 0.011162
1520530377.252903 1.272506 0.011162
1520530377.352906 1.272525 0.011162
1520530377.451719 1.272499 0.011161
1520530377.551722 1.272709 0.011160
1520530377.651725 1.272671 0.011161
1520530377.751728 1.272667 0.011162
1520530377.851407 1.272616 0.011162
1520530377.901409 1.272642 0.011161
1520530378.001412 1.272640 0.011161
1520530378.101416 1.272632 0.011162
1520530378.201419 1.272646 0.011162
1520530378.251420 1.272644 0.011161
1520530378.351513 1.272609 0.011161
1520530378.401515 1.272633 0.011161
1520530378.501517 1.272698 0.011161
1520530378.551519 1.272675 0.011161
1520530378.651522 1.272673 0.011161
1520530378.702209 1.272587 0.011162
1520530378.802212 1.272676 0.011161
1520530378.902215 1.272648 0.011161
1520530379.002218 1.272633 0.011162
1520530379.102149 1.272615 0.011161
1520530379.202152 1.272678 0.011161
1520530379.302155 1.272630 0.011161
1520530379.402159 1.272631 0.011162
1520530379.501850 1.272614 0.011161
1520530379.601853 1.272584 0.011161
1520530379.701856 1.272532 0.011161
1520530379.801860 1.272584 0.011161
1520530379.901824 1.272521 0.011161
1520530380.001827 1.272519 0.011161
1520530380.101830 1.272560 0.011161
1520530380.201888 1.272719 0.011161
1520530380.301736 1.272634 0.011161
1520530380.402163 1.272708 0.011160
1520530380.502165 1.272833 0.011160
1520530380.552166 1.272870 0.011160
1520530380.652170 1.272930 0.011161
1520530380.702171 1.272855 0.011160
1520530380.802136 1.273119 0.011161
1520530380.902139 1.272824 0.011159
1520530380.952141 1.272624 0.011160
1520530381.052144 1.272649 0.011161
1520530381.102146 1.272669 0.011160
1520530381.202049 1.272705 0.011160
1520530381.252051 1.272627 0.011160
1520530381.352054 1.272587 0.011161
1520530381.452057 1.272548 0.011161
1520530381.552262 1.272584 0.011161
1520530381.652265 1.272548 0.011161
1520530381.752268 1.272536 0.011161
1520530381.852271 1.272537 0.011161
1520530381.952332 1.272562 0.011161
1520530382.052335 1.272571 0.011161
1520530382.152338 1.272527 0.011161
1520530382.252342 1.272508 0.011161
1520530382.352159 1.272525 0.011161
1520530382.452162 1.272552 0.011161
1520530382.552165 1.272539 0.011161
1520530382.702170 1.272532 0.011161
1520530382.852246 1.272555 0.011161
1520530383.002250 1.272590 0.011161
1520530383.152255 1.272620 0.011161
1520530383.252208 1.272642 0.011161
1520530383.352211 1.272648 0.011161
1520530383.452214 1.272636 0.011161
1520530383.552217 1.272662 0.011161
1520530383.652472 1.272640 0.011161
1520530383.752476 1.272584 0.011161
1520530383.852479 1.272724 0.011161
1520530383.952482 1.272767 0.011161
1520530384.052531 1.272968 0.011161
1520530384.152534 1.273027 0.011160
1520530384.252537 1.273122 0.011161
1520530384.352541 1.273006 0.011160
1520530384.452434 1.272735 0.011159
1520530384.552437 1.272708 0.011161
1520530384.652440 1.272807 0.011159
1520530384.752443 1.272849 0.011160
1520530384.802857 1.272837 0.011160
1520530384.902860 1.272866 0.011160
1520530384.952861 1.272811 0.011160
1520530385.052864 1.272762 0.011160
1520530385.102866 1.272727 0.011161
1520530385.202869 1.272764 0.011160
1520530385.252705 1.272770 0.011161
1520530385.352709 1.272814 0.011160
1520530385.402710 1.272829 0.011160
1520530385.502713 1.272820 0.011161
1520530385.552715 1.272850 0.011160
1520530385.652486 1.272833 0.011160
1520530385.752489 1.272772 0.011160
1520530385.802491 1.272800 0.011160
1520530385.902494 1.272808 0.011161
1520530385.952497 1.272808 0.011161
1520530386.052544 1.272801 0.011161
1520530386.152547 1.272801 0.011160
1520530386.252550 1.272795 0.011161
1520530386.352553 1.272774 0.011161
1520530386.452758 1.272798 0.011161
1520530386.602814 1.272851 0.011161
1520530386.702766 1.272815 0.011160
1520530386.802769 1.272783 0.011160
1520530386.902676 1.272765 0.011161
1520530387.002679 1.272827 0.011160
1520530387.102682 1.272868 0.011160
1520530387.202685 1.272893 0.011160
1520530387.302607 1.272945 0.011161
1520530387.402611 1.272720 0.011160
1520530387.452612 1.272750 0.011160
1520530387.552615 1.272844 0.011161
1520530387.602617 1.273011 0.011161
1520530387.702457 1.273167 0.011160
1520530387.752459 1.273034 0.011160
1520530387.852464 1.272929 0.011161
1520530387.902463 1.272854 0.011160
1520530388.002466 1.272875 0.011160
1520530388.052468 1.272882 0.011159
1520530388.152496 1.273117 0.011159
1520530388.202544 1.272983 0.011158
1520530388.302501 1.272802 0.011160
1520530388.352502 1.272775 0.011160
1520530388.452505 1.272749 0.011160
1520530388.552854 1.272807 0.011160
1520530388.652857 1.272777 0.011160
1520530388.752860 1.272836 0.011160
1520530388.852863 1.272856 0.011160
1520530388.952235 1.272834 0.011160
1520530389.052238 1.272818 0.011160
1520530389.152242 1.272822 0.011160
1520530389.252245 1.272810 0.011160
1520530389.302934 1.272997 0.011158
1520530389.402938 1.272875 0.011159
1520530389.502940 1.272859 0.011160
1520530389.552942 1.272797 0.011160
1520530389.652948 1.272937 0.011160
1520530389.702846 1.273074 0.011159
1520530389.803445 1.273207 0.011160
1520530389.853406 1.273023 0.011160
1520530389.953409 1.272950 0.011160
1520530390.003411 1.272963 0.011160
1520530390.103414 1.273030 0.011160
1520530390.152569 1.272712 0.011160
1520530390.252572 1.272714 0.011159
1520530390.302572 1.272808 0.011159
1520530390.402575 1.272875 0.011160
1520530390.452578 1.272879 0.011160
1520530390.553324 1.274258 0.011160
1520530390.603326 1.272885 0.011160
1520530390.703329 1.272950 0.011160
1520530390.753331 1.272851 0.011160
1520530390.853334 1.272816 0.011160
1520530390.953379 1.272826 0.011160
1520530391.053383 1.272823 0.011160
1520530391.153385 1.272849 0.011160
1520530391.203387 1.272796 0.011160
1520530391.303389 1.272896 0.011160
1520530391.402366 1.272852 0.011160
1520530391.502338 1.272838 0.011160
1520530391.602341 1.272867 0.011160
1520530391.702344 1.272855 0.011160
1520530391.802426 1.272843 0.011160
1520530391.902429 1.272839 0.011159
1520530392.002432 1.272868 0.011160
1520530392.102435 1.272883 0.011160
1520530392.152436 1.272890 0.011160
1520530392.253143 1.272907 0.011160
1520530392.303145 1.272859 0.011160
1520530392.403148 1.272924 0.011160
1520530392.453150 1.272833 0.011159
1520530392.553153 1.272804 0.011160
1520530392.652236 1.272781 0.011160
1520530392.752239 1.272808 0.011160
1520530392.802241 1.272736 0.011160
1520530392.902243 1.272801 0.011160
1520530392.952245 1.272893 0.011160
1520530393.052154 1.272911 0.011160
1520530393.152157 1.272942 0.011160
1520530393.252160 1.272948 0.011160
1520530393.352164 1.272972 0.011159
1520530393.402921 1.273062 0.011159
1520530393.502924 1.273068 0.011159
1520530393.602927 1.273055 0.011159
1520530393.652929 1.272894 0.011158
1520530393.752932 1.272976 0.011157
1520530393.852959 1.272972 0.011159
1520530394.002964 1.272931 0.011160
1520530394.102968 1.272885 0.011160
1520530394.202165 1.272851 0.011160
1520530394.252167 1.272861 0.011159
1520530394.352170 1.272818 0.011160
1520530394.452173 1.272843 0.011160
1520530394.552176 1.272851 0.011159
1520530394.652876 1.272956 0.011160
1520530394.702878 1.272338 0.011158
1520530394.802881 1.272952 0.011159
1520530394.902884 1.272908 0.011160
1520530395.002887 1.272834 0.011159
1520530395.103732 1.272877 0.011160
1520530395.203735 1.272913 0.011160
1520530395.303738 1.272893 0.011160
1520530395.403742 1.272856 0.011160
1520530395.452705 1.272908 0.011160
1520530395.552709 1.272866 0.011159
1520530395.652712 1.272817 0.011160
1520530395.752715 1.272852 0.011160
1520530395.853078 1.272985 0.011159
1520530395.953081 1.272924 0.011160
1520530396.053084 1.272886 0.011160
1520530396.153087 1.272844 0.011160
1520530396.203089 1.272787 0.011160
1520530396.303237 1.272778 0.011160
1520530396.353238 1.272790 0.011159
1520530396.453241 1.272846 0.011159
1520530396.503243 1.272836 0.011160
1520530396.603246 1.272844 0.011160
1520530396.703145 1.272847 0.011160
1520530396.803148 1.272885 0.011160
1520530396.903152 1.272805 0.011160
1520530397.003155 1.272837 0.011160
1520530397.102782 1.272907 0.011160
1520530397.202785 1.272828 0.011159
1520530397.302788 1.272845 0.011159
1520530397.402791 1.272863 0.011160
1520530397.502304 1.272793 0.011159
1520530397.552306 1.272876 0.011158
1520530397.652309 1.272779 0.011159
1520530397.752312 1.272890 0.011160
1520530397.852315 1.272875 0.011159
1520530397.902585 1.272932 0.011159
1520530398.002588 1.272841 0.011159
1520530398.052589 1.272826 0.011160
1520530398.152592 1.272793 0.011160
1520530398.252596 1.272777 0.011160
1520530398.353367 1.272832 0.011160
1520530398.403368 1.272874 0.011160
1520530398.503371 1.272788 0.011160
1520530398.553373 1.272856 0.011160
1520530398.653376 1.272844 0.011160
1520530398.703221 1.272816 0.011160
1520530398.803225 1.272768 0.011160
1520530398.853226 1.272766 0.011160
1520530398.953229 1.272779 0.011160
1520530399.003230 1.272718 0.011159
1520530399.103233 1.272762 0.011159
1520530399.152330 1.272808 0.011155
1520530399.252333 1.272739 0.011158
1520530399.302335 1.272775 0.011160
1520530399.402342 1.272791 0.011159
1520530399.452339 1.272776 0.011160
1520530399.553006 1.272862 0.011160
1520530399.603008 1.272874 0.011160
1520530399.703011 1.272881 0.011159
1520530399.803014 1.272841 0.011160
1520530399.903017 1.272843 0.011160
1520530400.003276 1.272823 0.011160
1520530400.053278 1.272811 0.011160
1520530400.153281 1.272775 0.011160
1520530400.203283 1.272780 0.011160
1520530400.303286 1.272815 0.011160
1520530400.352494 1.272798 0.011160
1520530400.452498 1.272784 0.011159
1520530400.502500 1.272755 0.011160
1520530400.602502 1.272829 0.011160
1520530400.702505 1.272853 0.011159
1520530400.752291 1.272888 0.011158
1520530400.852294 1.272852 0.011160
1520530400.902295 1.272783 0.011160
1520530401.002299 1.272765 0.011160
1520530401.102302 1.272812 0.011159
1520530401.202755 1.272859 0.011159
1520530401.252756 1.272855 0.011159
1520530401.352759 1.272931 0.011160
1520530401.402761 1.272926 0.011160
1520530401.502764 1.272942 0.011160
1520530401.552766 1.272905 0.011159
1520530401.653039 1.273000 0.011160
1520530401.753042 1.272927 0.011159
1520530401.853045 1.272890 0.011160
1520530401.953048 1.272823 0.011160
1520530402.052283 1.272813 0.011160
1520530402.102285 1.272776 0.011160
1520530402.202287 1.272777 0.011160
1520530402.252289 1.272787 0.011160
1520530402.352292 1.272791 0.011160
1520530402.402567 1.272788 0.011158
1520530402.502571 1.272790 0.011160
1520530402.552572 1.272726 0.011160
1520530402.652672 1.272757 0.011160
1520530402.752578 1.272772 0.011159
1520530402.803416 1.272881 0.011160
1520530402.903419 1.272824 0.011159
1520530402.953420 1.272991 0.011160
1520530403.053424 1.273001 0.011160
1520530403.103425 1.272983 0.011160
1520530403.202933 1.272872 0.011160
1520530403.302936 1.272880 0.011159
1520530403.402940 1.272695 0.011160
1520530403.452941 1.272664 0.011160
1520530403.552945 1.272557 0.011160
1520530403.602946 1.272616 0.011159
1520530403.702256 1.272778 0.011160
1520530403.752257 1.273051 0.011159
1520530403.852261 1.272793 0.011159
1520530403.902261 1.272759 0.011159
1520530404.002264 1.272817 0.011159
1520530404.052745 1.272780 0.011160
1520530404.152748 1.272780 0.011160
1520530404.252829 1.272793 0.011160
1520530404.352754 1.272797 0.011159
1520530404.402755 1.272770 0.011160
1520530404.503114 1.272770 0.011160
1520530404.603117 1.272802 0.011160
1520530404.653119 1.272770 0.011160
1520530404.753122 1.272778 0.011160
1520530404.803123 1.272795 0.011160
1520530404.902643 1.272783 0.011160
1520530404.952645 1.272754 0.011160
1520530405.052648 1.272764 0.011160
1520530405.152651 1.272731 0.011159
1520530405.252327 1.272770 0.011160
1520530405.302330 1.272780 0.011160
1520530405.402333 1.272802 0.011160
1520530405.452334 1.272780 0.011160
1520530405.552337 1.272827 0.011160
1520530405.602339 1.272929 0.011160
1520530405.702792 1.272800 0.011160
1520530405.752795 1.272790 0.011159
1520530405.852855 1.272788 0.011160
1520530405.902800 1.272771 0.011159
1520530406.002803 1.272749 0.011160
1520530406.103570 1.272766 0.011160
1520530406.203573 1.272845 0.011160
1520530406.253574 1.272821 0.011160
1520530406.353577 1.272823 0.011160
1520530406.403579 1.272832 0.011160
1520530406.503485 1.272807 0.011159
1520530406.553487 1.272784 0.011159
1520530406.653490 1.272743 0.011159
1520530406.753493 1.272632 0.011160
1520530406.853497 1.272680 0.011160
1520530406.952693 1.272664 0.011160
1520530407.052696 1.272832 0.011160
1520530407.102698 1.272978 0.011159
1520530407.202701 1.273470 0.011156
1520530407.252702 1.273374 0.011158
1520530407.353185 1.273246 0.011159
1520530407.403187 1.272984 0.011159
1520530407.503190 1.272839 0.011160
1520530407.553191 1.272830 0.011160
1520530407.653194 1.272825 0.011160
1520530407.703510 1.272815 0.011160
1520530407.803513 1.272805 0.011160
1520530407.853515 1.272787 0.011160
1520530407.953518 1.272782 0.011160
1520530408.003519 1.272778 0.011160
1520530408.103522 1.272777 0.011159
1520530408.153603 1.272946 0.011159
1520530408.253606 1.272795 0.011160
1520530408.353609 1.272792 0.011160
1520530408.453613 1.272781 0.011159
1520530408.553374 1.272749 0.011160
1520530408.653377 1.272709 0.011159
1520530408.753380 1.272718 0.011159
1520530408.853383 1.272763 0.011159
1520530408.952878 1.272812 0.011159
1520530409.002880 1.272780 0.011159
1520530409.102883 1.272748 0.011160
1520530409.202886 1.272723 0.011159
1520530409.302889 1.272764 0.011159
1520530409.402904 1.272799 0.011159
1520530409.502907 1.272816 0.011159
1520530409.602910 1.273201 0.011160
1520530409.702913 1.272863 0.011159
1520530409.802656 1.272754 0.011160
1520530409.902659 1.272775 0.011160
1520530410.002662 1.272756 0.011158
1520530410.102666 1.272761 0.011158
1520530410.203224 1.272760 0.011159
1520530410.303227 1.272762 0.011160
1520530410.403230 1.272732 0.011159
1520530410.453232 1.272763 0.011159
1520530410.553235 1.272715 0.011159
1520530410.653876 1.272753 0.011159
1520530410.753879 1.272783 0.011159
1520530410.853882 1.272721 0.011160
1520530410.953885 1.272751 0.011160
1520530411.053420 1.272801 0.011160
1520530411.153423 1.272787 0.011160
1520530411.303427 1.272818 0.011160
1520530411.403009 1.272798 0.011159
1520530411.503012 1.272747 0.011159
1520530411.603015 1.272761 0.011160
1520530411.703018 1.272737 0.011160
1520530411.753020 1.272753 0.011159
1520530411.852907 1.272699 0.011160
1520530411.902909 1.272715 0.011160
1520530412.002912 1.272678 0.011159
1520530412.052913 1.272741 0.011160
1520530412.152916 1.272739 0.011160
1520530412.203416 1.272790 0.011159
1520530412.303419 1.272750 0.011159
1520530412.403422 1.272784 0.011160
1520530412.453423 1.272773 0.011159
1520530412.553426 1.272887 0.011160
1520530412.653630 1.272818 0.011159
1520530412.753633 1.272734 0.011159
1520530412.803634 1.272671 0.011159
1520530412.903637 1.272795 0.011160
1520530412.953639 1.272790 0.011159
1520530413.053009 1.272789 0.011160
1520530413.103011 1.272806 0.011159
1520530413.203014 1.272733 0.011159
1520530413.303017 1.272576 0.011159
1520530413.403021 1.272630 0.011159
1520530413.502941 1.272643 0.011159
1520530413.602944 1.272764 0.011160
1520530413.802951 1.273122 0.011152
1520530413.903189 1.272834 0.011158
1520530413.953110 1.272787 0.011159
1520530414.053113 1.272731 0.011159
1520530414.153116 1.272759 0.011160
1520530414.252894 1.272719 0.011159
1520530414.352897 1.272834 0.011158
1520530414.452900 1.272839 0.011159
1520530414.552903 1.272828 0.011159
1520530414.652705 1.272887 0.011159
1520530414.752708 1.272777 0.011159
1520530414.852712 1.272808 0.011159
1520530414.952715 1.272670 0.011159
1520530415.052718 1.272713 0.011160
1520530415.103195 1.272652 0.011159
1520530415.203199 1.272764 0.011159
1520530415.303202 1.272725 0.011160
1520530415.403205 1.272639 0.011159
1520530415.503115 1.272718 0.011159
1520530415.603071 1.272749 0.011159
1520530415.703074 1.272774 0.011159
1520530415.853079 1.272975 0.011158
1520530415.953363 1.272878 0.011154
1520530416.103368 1.273185 0.011158
1520530416.503381 1.272828 0.011159
1520530416.603384 1.272771 0.011159
1520530416.703272 1.272788 0.011159
1520530416.753274 1.272847 0.011159
1520530416.853277 1.272773 0.011159
1520530416.953280 1.272783 0.011159
1520530417.053283 1.272744 0.011159
1520530417.153371 1.272738 0.011158
1520530417.253374 1.272723 0.011159
1520530417.503382 1.272789 0.011159
1520530417.603465 1.272783 0.011160
1520530417.703468 1.272802 0.011160
1520530417.803472 1.272854 0.011159
1520530417.903475 1.272810 0.011158
1520530418.003458 1.272725 0.011159
1520530418.103461 1.272693 0.011159
1520530418.203465 1.272714 0.011159
1520530418.303468 1.272748 0.011159
1520530418.453434 1.272823 0.011159
1520530418.603439 1.272971 0.011159
1520530418.753343 1.272776 0.011159
1520530418.853346 1.272793 0.011158
1520530418.953350 1.272778 0.011159
1520530419.053353 1.272812 0.011159
1520530419.153533 1.272797 0.011159
1520530419.253536 1.272804 0.011159
1520530419.353539 1.272808 0.011159
1520530419.453542 1.272761 0.011160
1520530419.603729 1.272754 0.011159
1520530419.753734 1.272748 0.011160
1520530419.853738 1.272747 0.011159
1520530419.953740 1.272757 0.011160
1520530420.053599 1.272763 0.011159
1520530420.153602 1.272756 0.011160
1520530420.203604 1.272778 0.011159
1520530420.303607 1.272754 0.011159
1520530420.403699 1.272722 0.011159
1520530420.553704 1.272711 0.011160
1520530420.753710 1.272750 0.011158
1520530420.853358 1.272761 0.011159
1520530420.953361 1.272822 0.011159
1520530421.053364 1.272837 0.011157
1520530421.103366 1.272864 0.011158
1520530421.203429 1.272792 0.011159
1520530421.253431 1.272759 0.011157
1520530421.353434 1.272761 0.011159
1520530421.453437 1.272728 0.011160
1520530421.553440 1.272702 0.011160
1520530421.653613 1.272690 0.011159
1520530421.753616 1.272697 0.011160
1520530421.903620 1.272720 0.011160
1520530422.003623 1.272750 0.011159
1520530422.103474 1.272749 0.011160
1520530422.203477 1.272707 0.011160
1520530422.303480 1.272699 0.011160
1520530422.403483 1.272675 0.011160
1520530422.503396 1.272707 0.011160
1520530422.603400 1.272710 0.011160
1520530422.703403 1.272734 0.011160
1520530422.803406 1.272741 0.011160
1520530422.903583 1.272686 0.011160
1520530423.053588 1.272788 0.011160
1520530423.153591 1.272788 0.011160
1520530423.203592 1.272795 0.011160
1520530423.303317 1.272738 0.011160
1520530423.403322 1.272725 0.011160
1520530423.503324 1.272711 0.011160
1520530423.603327 1.272705 0.011160
1520530423.652983 1.272678 0.011160
1520530423.752986 1.272713 0.011160
1520530423.852990 1.272691 0.011160
1520530423.952993 1.272716 0.011160
1520530424.002994 1.272736 0.011160
1520530424.103253 1.272759 0.011160
1520530424.153255 1.272747 0.011160
1520530424.253258 1.272764 0.011160
1520530424.353261 1.273327 0.011150
1520530424.453264 1.272777 0.011158
1520530424.504722 1.272184 0.011159
1520530424.604726 1.272870 0.011160
1520530424.704729 1.272811 0.011160
1520530424.854733 1.276061 0.010987
1520530424.903374 1.273446 0.010889
1520530425.003378 1.274222 0.011098
1520530425.053379 1.273271 0.011102
1520530425.153383 1.273229 0.011104
1520530425.253385 1.272948 0.011103
1520530425.353734 1.272059 0.011149
1520530425.453737 1.272497 0.011156
1520530425.603741 1.272718 0.011159
1520530425.703675 1.272792 0.011159
1520530425.753677 1.272817 0.011159
1520530425.853680 1.272782 0.011160
1520530425.903682 1.272747 0.011159
1520530426.003685 1.272776 0.011160
1520530426.103474 1.272845 0.011160
1520530426.203477 1.272827 0.011159
1520530426.303480 1.272818 0.011160
1520530426.353481 1.272812 0.011159
1520530426.453484 1.272911 0.011156
1520530426.553551 1.272862 0.011157
1520530426.703556 1.272927 0.011158
1520530426.753558 1.272837 0.011157
1520530426.853560 1.272814 0.011160
1520530426.903562 1.272862 0.011157
1520530427.003600 1.272864 0.011160
1520530427.103603 1.272887 0.011159
1520530427.203606 1.273012 0.011158
1520530427.303609 1.272973 0.011159
1520530427.403594 1.272722 0.011158
1520530427.503597 1.272759 0.011160
1520530427.803679 1.273265 0.011158
1520530427.903683 1.273313 0.011158
1520530427.953684 1.273095 0.011155
1520530428.053687 1.273037 0.011157
1520530428.103692 1.272914 0.011158
1520530428.203537 1.272832 0.011159
1520530428.253538 1.272820 0.011159
1520530428.353542 1.272868 0.011159
1520530428.403618 1.272799 0.011160
1520530428.503546 1.272642 0.011160
1520530428.553451 1.272697 0.011160
1520530428.653454 1.272723 0.011160
1520530428.753457 1.272717 0.011160
1520530428.803458 1.272725 0.011160
1520530428.903461 1.272887 0.011160
1520530428.953463 1.272922 0.011160
1520530429.053445 1.273110 0.011160
1520530429.103447 1.273312 0.011160
1520530429.203450 1.273256 0.011160
1520530429.253451 1.272911 0.011159
1520530429.353455 1.272953 0.011160
1520530429.403551 1.273002 0.011160
1520530429.503555 1.273041 0.011160
1520530429.553556 1.273010 0.011160
1520530429.653559 1.272941 0.011160
1520530429.703560 1.272802 0.011160
1520530429.803622 1.272844 0.011160
1520530429.853626 1.272880 0.011159
1520530429.953626 1.272821 0.011160
1520530430.003663 1.272808 0.011160
1520530430.103631 1.272824 0.011160
1520530430.153632 1.272808 0.011160
1520530430.253346 1.272796 0.011160
1520530430.303347 1.272800 0.011160
1520530430.403350 1.272802 0.011160
1520530430.453352 1.272787 0.011160
1520530430.553355 1.272758 0.011160
1520530430.653528 1.272779 0.011160
1520530430.753532 1.272736 0.011160
1520530430.853534 1.272761 0.011160
1520530430.953538 1.272795 0.011160
1520530431.003696 1.272801 0.011160
1520530431.103700 1.272793 0.011160
1520530431.153701 1.272793 0.011160
1520530431.253704 1.272804 0.011160
1520530431.303706 1.272783 0.011160
1520530431.403709 1.272898 0.011160
1520530431.453562 1.272931 0.011160
1520530431.553565 1.272874 0.011160
1520530431.603567 1.272858 0.011160
1520530431.703570 1.272902 0.011160
1520530431.753571 1.273032 0.011160
1520530431.853524 1.273124 0.011160
1520530431.903526 1.272965 0.011160
1520530432.003529 1.272874 0.011160
1520530432.053530 1.272806 0.011160
1520530432.153533 1.272778 0.011160
1520530432.203536 1.272766 0.011159
1520530432.303698 1.272719 0.011160
1520530432.403701 1.272766 0.011160
1520530432.453702 1.272782 0.011160
1520530432.553705 1.272757 0.011160
1520530432.603708 1.272768 0.011160
1520530432.703550 1.272784 0.011159
1520530432.753551 1.272781 0.011159
1520530432.853554 1.272823 0.011160
1520530432.953557 1.272846 0.011160
1520530433.003559 1.272920 0.011160
1520530433.103691 1.272989 0.011160
1520530433.153693 1.273041 0.011159
1520530433.253695 1.272992 0.011160
1520530433.353699 1.272888 0.011159
1520530433.453702 1.272828 0.011159
1520530433.553795 1.272797 0.011159
1520530433.653798 1.272768 0.011159
1520530433.753801 1.272754 0.011159
1520530433.853804 1.272795 0.011159
1520530433.903631 1.272788 0.011159
1520530434.003634 1.272802 0.011159
1520530434.053635 1.272822 0.011159
1520530434.153638 1.272806 0.011160
1520530434.203641 1.272773 0.011160
1520530434.303478 1.272820 0.011160
1520530434.353481 1.272745 0.011160
1520530434.453483 1.272751 0.011160
1520530434.503485 1.272764 0.011160
1520530434.603488 1.272786 0.011159
1520530434.653489 1.272784 0.011159
1520530434.753658 1.272769 0.011160
1520530434.803658 1.272842 0.011159
1520530434.903661 1.272847 0.011159
1520530434.953663 1.272764 0.011160
1520530435.053667 1.272742 0.011160
1520530435.153798 1.272765 0.011160
1520530435.203799 1.272800 0.011159
1520530435.303802 1.272840 0.011159
1520530435.353804 1.272819 0.011160
1520530435.453807 1.272823 0.011159
1520530435.504086 1.272791 0.011159
1520530435.604089 1.272787 0.011159
1520530435.654091 1.272779 0.011159
1520530435.754094 1.272781 0.011160
1520530435.804096 1.272767 0.011159
1520530435.904099 1.272772 0.011159
1520530435.953835 1.272760 0.011159
1520530436.053838 1.272744 0.011159
1520530436.103839 1.272740 0.011160
1520530436.203843 1.272753 0.011160
1520530436.303846 1.272716 0.011160
1520530436.403957 1.272673 0.011160
1520530436.553962 1.272723 0.011160
1520530436.703966 1.272874 0.011160
1520530436.804032 1.272911 0.011160
1520530436.854034 1.272793 0.011159
1520530436.954037 1.272783 0.011160
1520530437.004039 1.272898 0.011159
1520530437.104042 1.272966 0.011159
1520530437.153533 1.272784 0.011157
1520530437.253536 1.272758 0.011160
1520530437.303539 1.272756 0.011159
1520530437.403543 1.272777 0.011160
1520530437.453545 1.272829 0.011159
1520530437.553870 1.272706 0.011159
1520530437.603872 1.272760 0.011160
1520530437.703875 1.272768 0.011159
1520530437.753876 1.272764 0.011160
1520530437.853879 1.272728 0.011159
1520530437.954482 1.272747 0.011159
1520530438.054484 1.272768 0.011159
1520530438.154486 1.272792 0.011160
1520530438.204487 1.272782 0.011160
1520530438.304490 1.272770 0.011160
1520530438.354492 1.272744 0.011159
1520530438.453623 1.272723 0.011159
1520530438.503624 1.272707 0.011159
1520530438.603628 1.272720 0.011160
1520530438.703631 1.272724 0.011160
1520530438.753632 1.272742 0.011159
1520530438.854392 1.272748 0.011160
1520530438.904392 1.272760 0.011159
1520530439.004395 1.272779 0.011160
1520530439.154401 1.272787 0.011160
1520530439.254655 1.272795 0.011160
1520530439.454661 1.272644 0.011159
1520530439.654178 1.272493 0.011160
1520530439.754182 1.272638 0.011160
1520530439.854185 1.272744 0.011160
1520530439.954188 1.272813 0.011159
1520530440.054101 1.272813 0.011159
1520530440.204106 1.272868 0.011159
1520530440.304109 1.272942 0.011159
1520530440.404112 1.273006 0.011159
1520530440.503979 1.273045 0.011158
1520530440.603982 1.273106 0.011159
1520530440.703986 1.273173 0.011159
1520530440.853871 1.273128 0.011159
1520530440.953874 1.272929 0.011159
1520530441.053876 1.272819 0.011160
1520530441.153883 1.272787 0.011160
1520530441.253889 1.272787 0.011159
1520530441.353892 1.272832 0.011159
1520530441.453895 1.272717 0.011160
1520530441.553898 1.272716 0.011160
1520530441.654083 1.272747 0.011160
1520530441.804088 1.272826 0.011160
1520530441.954092 1.272756 0.011159
1520530442.054030 1.272747 0.011159
1520530442.154034 1.272735 0.011158
1520530442.254038 1.272817 0.011158
1520530442.354040 1.272779 0.011157
1520530442.453714 1.272751 0.011158
1520530442.553717 1.272764 0.011156
1520530442.603719 1.272785 0.011157
1520530442.703722 1.272734 0.011159
1520530442.753723 1.272741 0.011159
1520530442.853726 1.272781 0.011159
1520530442.904376 1.272765 0.011159
1520530443.004379 1.272779 0.011159
1520530443.104382 1.272749 0.011159
1520530443.204385 1.272766 0.011159
1520530443.304466 1.272769 0.011159
1520530443.504473 1.272881 0.011159
1520530443.604476 1.272841 0.011160
1520530443.704013 1.272841 0.011155
1520530443.754014 1.272710 0.011159
1520530443.854018 1.272691 0.011159
1520530443.954022 1.272804 0.011159
1520530444.054024 1.272789 0.011159
1520530444.154403 1.272745 0.011159
1520530444.254406 1.272719 0.011160
1520530444.354410 1.272740 0.011159
1520530444.454413 1.272774 0.011159
1520530444.505161 1.272583 0.011158
1520530444.605164 1.272683 0.011159
1520530444.705167 1.272761 0.011159
1520530444.805170 1.272792 0.011159
1520530444.905173 1.272843 0.011160
1520530444.954962 1.272782 0.011159
1520530445.054965 1.272774 0.011159
1520530445.104967 1.272775 0.011159
1520530445.204970 1.272770 0.011160
1520530445.254971 1.272784 0.011159
1520530445.353892 1.272931 0.011159
1520530445.453896 1.272844 0.011157
1520530445.503898 1.272696 0.011159
1520530445.603900 1.272715 0.011160
1520530445.653902 1.272721 0.011159
1520530445.753751 1.272721 0.011160
1520530445.803752 1.272717 0.011154
1520530445.903755 1.272745 0.011160
1520530445.953757 1.272730 0.011159
1520530446.053761 1.272721 0.011159
1520530446.154954 1.272790 0.011159
1520530446.204900 1.272739 0.011160
1520530446.304903 1.272717 0.011160
1520530446.404906 1.272699 0.011160
1520530446.504909 1.272704 0.011160
1520530446.604785 1.272725 0.011160
1520530446.704788 1.272761 0.011160
1520530446.804791 1.272792 0.011158
1520530446.904794 1.272769 0.011159
1520530447.004332 1.272734 0.011159
1520530447.104335 1.272704 0.011159
1520530447.204338 1.272710 0.011160
1520530447.304342 1.272711 0.011159
1520530447.404124 1.272771 0.011160
1520530447.554128 1.272802 0.011159
1520530447.704133 1.272889 0.011160
1520530448.004078 1.272862 0.011160
1520530448.253886 1.272924 0.011160
1520530448.903940 1.272742 0.011159
