DelayedMarginalization 0.000973054 3.00524e-08 0.00145399 1389
DelayedMarginalizationOnly 0.000469598 1.86482e-08 0.0008253 1389
EF-marginalizeFrame 0.00136438 4.48631e-08 0.00208961 1389
FullSystem::trackNewCoarse 0.00251061 7.16909e-07 0.00922178 2672
FullSystem::trackNewCoarseNoIMU 0.00198141 3.55931e-05 0.0641024 111
FullSystemOptimize 0.0393118 4.9338e-05 0.0643182 1395
GraphUnrolling 0.0105285 0.000284306 0.0440326 6
IMUInitAddPose 2.40235e-05 1.26886e-11 6.2819e-05 1395
IMUInitOptimize 0.00376432 2.52883e-06 0.00548858 4
IMUIntegration::finishKeyframeOperations 5.96943e-05 1.8844e-10 0.000322772 1386
InitializerFirstFrame 0.0323531 -nan 0.0323531 1
InitializerOtherFrames 0.0571573 8.92132e-05 0.0780538 35
MainMarginalization 0.00120725 3.80569e-08 0.00182149 1389
MarginalizationReplacementBuildGraph 0.00110743 8.99834e-07 0.00221929 5
MarginalizationReplacementReplaceGraph 0.0153136 0.000389857 0.0442686 4
MarginalizeMainGraph 0.00050281 6.99521e-09 0.000881405 1389
PGBA 0.0117672 1.7882e-06 0.0127128 2
PGBAFull 0.00420225 4.05261e-05 0.0144342 7
PrepareGraphForMainOptimization 0.0105984 0.000286316 0.0442204 6
VisualMarginalization 4.02277e-05 7.09142e-11 0.00010728 1389
activatePointsMT 0.00339849 7.86537e-07 0.00706941 1395
addActiveFrame 0.040102 0.000924379 0.120897 2819
addIMUData 0.000672472 2.2543e-08 0.00132342 2672
addIMUDataToBA 3.61708e-05 1.71339e-10 0.000285872 2818
addKeyframeToBA 3.27497e-05 2.07552e-11 0.000103611 1395
afterCoarseTracking 2.76682e-07 2.08937e-14 7.256e-06 2783
baIteration 0.00603807 1.34467e-06 0.0118626 8020
baMatrixInversion 0.00022905 2.17218e-09 0.000701764 8020
baUpdateBuildHessians 0.000509024 8.66389e-09 0.0049758 8020
coarseTrackingIteration 0.000195833 5.40666e-09 0.0048797 28706
computeBAUpdate 0.000822332 1.82882e-08 0.00526493 8020
computeCoarseUpdate 9.59562e-05 1.27287e-09 0.00476617 26180
computeFactorForCoarseGraphAndMarginalCovariances 0.00310324 4.71668e-07 0.00661692 1386
convertHAndBFromDSO 0.000150187 3.52795e-09 0.000493397 13579
debugPlot 7.45455e-08 8.07168e-14 1.0621e-05 1395
debugPlotIDepthMap 4.00062e-07 6.55069e-15 7.71e-07 1395
debugPlotIDepthMapFloat 7.67921e-08 1.01091e-15 3.49e-07 1395
deliverTrackedFrame 0.0345087 0.000917081 0.115967 2784
flagFramesForMarginalization 1.54422e-06 3.00639e-13 1.1128e-05 1395
fullCoarseTracking 0.00325122 2.266e-06 0.0641699 2783
initObjectsAndMakeImage 0.00208737 3.91686e-08 0.00369531 2819
makeKeyframe 0.0640053 8.25595e-05 0.115964 1395
makeKeyframeChangeTrackingRef 0.00229969 2.25334e-07 0.00463069 1395
makeNewTraces 0.00541936 8.64251e-07 0.0104091 1395
makeNonKeyframe 0.00488061 2.89945e-06 0.00906294 1389
marginalizeAndRemovePoints 0.00310766 1.09441e-06 0.0085912 1395
marginalizeFrame 0.00242115 1.38659e-07 0.00365652 1389
marginalizeFrameOverhead 0.00105443 5.97242e-08 0.00188916 1389
marginalizeFrames 0.00241852 2.86922e-07 0.00548055 1395
newFrameAndNewResidualsForOldPoints 0.00101923 4.98615e-08 0.00180101 1395
printBiases 3.63455e-05 9.72839e-11 8.8568e-05 1395
printEigenValLine 1.10782e-07 4.11694e-16 2.68e-07 1395
printLogLine 1.93611e-07 5.17816e-15 1.594e-06 1395
publishInMakeKeyframe 2.1065e-07 5.77452e-15 6.32e-07 1395
removeOutliers 0.000171981 2.08369e-09 0.000485914 1395
swapTrackingRef 2.26497e-05 1.18178e-11 4.9831e-05 1395
timeMeasurement 7.46633e-07 2.72988e-13 1.2001e-05 2819
traceNewCoarse 0.00405079 2.88506e-06 0.00904986 2784
updateBAValues 5.72833e-06 3.2694e-12 6.5147e-05 13181
zero 8.91114e-08 2.82856e-16 2.73e-07 2819
