1413394889.855760  0.390909 -0.132639  0.208168 0.185969 0.200526 0.182595
1413394890.005760  0.142765 -0.132420  0.098118 0.166492 0.183228 0.171642
1413394890.305761 -0.600097 -0.063722 -0.057557 0.153347 0.162767 0.154720
1413394890.405761 -0.678147 -0.005976 -0.090314 0.156706 0.155865 0.152431
1413394890.505760 -0.610096  0.080790 -0.132743 0.162650 0.150299 0.149689
1413394890.655760 -0.327439  0.174560 -0.101461 0.165614 0.140721 0.146544
1413394890.905761  0.244622  0.226657 -0.154099 0.146112 0.133914 0.136222
1413394891.005760  0.297393  0.225866 -0.116273 0.134861 0.129922 0.133095
1413394891.105761  0.203193  0.221268 -0.091432 0.127876 0.127354 0.131015
1413394891.255760 -0.117789  0.207725 -0.065221 0.122470 0.124812 0.129293
1413394891.455760 -0.642368  0.161584  0.066409 0.123817 0.123059 0.128013
1413394891.555760 -0.791130  0.130354  0.056701 0.125988 0.121158 0.128172
1413394891.655760 -0.855115  0.097187  0.040965 0.130032 0.119053 0.129243
1413394891.805761 -0.877461  0.033482  0.118718 0.140717 0.118141 0.131259
1413394891.955760 -0.832147 -0.051016  0.304202 0.158321 0.126987 0.132838
1413394892.105761 -0.672338 -0.155932  0.320790 0.165684 0.126007 0.132074
1413394892.255760 -0.477427 -0.262239  0.296584 0.166427 0.122993 0.132042
1413394892.405761 -0.284989 -0.318403  0.052688 0.161107 0.115013 0.131189
1413394892.555760 -0.066449 -0.365883 -0.041941 0.177651 0.134085 0.123009
1413394892.705760  0.102452 -0.400736  0.033424 0.219317 0.181228 0.113670
1413394892.755760  0.133323 -0.404728  0.062200 0.241263 0.203305 0.111054
1413394892.905761  0.224003 -0.408005  0.090794 0.314904 0.278715 0.103798
1413394893.005760  0.243907 -0.423271  0.117397 0.364768 0.326233 0.100760
1413394893.105761  0.227513 -0.452061  0.146295 0.405612 0.364586 0.098911
1413394893.255760  0.203869 -0.518564  0.141883 0.430312 0.397166 0.096840
1413394893.355760  0.197061 -0.578557  0.182976 0.430182 0.407427 0.096135
1413394893.505760  0.245114 -0.625272  0.135950 0.408898 0.403870 0.094991
1413394893.655760  0.361368 -0.665450 -0.008423 0.378600 0.384575 0.093441
1413394893.805761  0.549016 -0.729268 -0.074248 0.356750 0.367166 0.092263
1413394893.955760  0.803340 -0.793369 -0.100234 0.348474 0.351894 0.091760
1413394894.105761  1.044293 -0.812147 -0.151578 0.359352 0.340330 0.091761
1413394894.205760  1.178100 -0.785616 -0.206994 0.376545 0.332727 0.091820
1413394894.305761  1.260864 -0.727073 -0.227613 0.401691 0.324512 0.091594
1413394894.405761  1.294578 -0.645603 -0.247461 0.427584 0.312590 0.091434
1413394894.505760  1.279382 -0.572903 -0.291462 0.452749 0.300112 0.091102
1413394894.605761  1.258526 -0.508755 -0.320996 0.472324 0.284488 0.090861
1413394894.705760  1.221198 -0.450590 -0.332387 0.482322 0.266293 0.090592
1413394894.805761  1.197007 -0.406398 -0.335120 0.487045 0.249699 0.090410
1413394894.905761  1.183668 -0.353198 -0.328288 0.485932 0.235019 0.090433
1413394895.005760  1.163260 -0.337413 -0.310097 0.479591 0.221850 0.090142
1413394895.105761  1.114540 -0.299331 -0.281971 0.464581 0.209756 0.089652
1413394895.205760  1.049170 -0.256831 -0.201287 0.447282 0.199692 0.089169
1413394895.305761  0.976908 -0.234511 -0.123757 0.423210 0.190937 0.088360
1413394895.405761  0.921942 -0.243198 -0.095900 0.395405 0.182763 0.087481
1413394895.505760  0.942717 -0.230437  0.073895 0.374376 0.176579 0.086792
1413394895.605761  0.977635 -0.217403  0.168257 0.356349 0.170712 0.085874
1413394895.705760  1.027105 -0.235785  0.331623 0.342214 0.165977 0.084800
1413394895.805761  1.026499 -0.256131  0.368992 0.327702 0.160997 0.083667
1413394895.905761  1.016487 -0.269589  0.251888 0.312766 0.155630 0.082876
1413394896.005760  0.987431 -0.275128  0.141106 0.299997 0.150981 0.082324
1413394896.105761  0.964125 -0.291373  0.013914 0.287954 0.146655 0.081925
1413394896.255760  0.927132 -0.307408 -0.164047 0.271789 0.141275 0.081479
1413394896.355760  0.863252 -0.312792 -0.184422 0.261351 0.138325 0.081184
1413394896.505760  0.660157 -0.300734 -0.206635 0.243029 0.134109 0.080670
1413394896.655760  0.377058 -0.267188 -0.332391 0.218941 0.129458 0.080218
1413394896.855760 -0.199671 -0.149830 -0.436975 0.179602 0.123627 0.079750
1413394897.055760 -0.922504  0.049069 -0.327351 0.141260 0.119243 0.079443
1413394897.155760 -1.291023  0.152052 -0.260835 0.126719 0.117459 0.079328
1413394897.255760 -1.637016  0.209845 -0.166935 0.116939 0.116007 0.079291
1413394897.305761 -1.779057  0.254269 -0.121561 0.113734 0.115415 0.079259
1413394897.405761 -1.924567  0.287223 -0.074324 0.110178 0.113934 0.079126
1413394897.455760 -1.954418  0.300321 -0.068938 0.109539 0.113095 0.079016
1413394897.555760 -1.956416  0.315286 -0.035897 0.110028 0.111622 0.078690
1413394897.605761 -1.951373  0.315411 -0.017309 0.110778 0.110924 0.078530
1413394897.705760 -1.909270  0.332440  0.047559 0.113081 0.109545 0.078172
1413394897.805761 -1.852355  0.348468  0.096149 0.115952 0.108178 0.077828
1413394897.855760 -1.822614  0.366429  0.121087 0.117430 0.107451 0.077650
1413394897.955760 -1.755917  0.400839  0.156138 0.120663 0.106245 0.077332
1413394898.055760 -1.690101  0.444989  0.179986 0.123833 0.105165 0.077055
1413394898.155760 -1.597149  0.468805  0.208159 0.126813 0.104246 0.076777
1413394898.255760 -1.498209  0.482971  0.249964 0.129357 0.103496 0.076519
1413394898.355760 -1.354983  0.487728  0.257660 0.131137 0.102815 0.076270
1413394898.455760 -1.156846  0.477702  0.255531 0.131951 0.102149 0.076022
1413394898.555760 -0.941413  0.464028  0.269976 0.132073 0.101771 0.075811
1413394898.705760 -0.632824  0.424486  0.275304 0.130462 0.101585 0.075599
1413394898.905761 -0.237143  0.310377  0.347172 0.125740 0.101720 0.075480
1413394899.155760 0.288584 0.092691 0.141951 0.115100 0.100325 0.075435
1413394899.405761  0.767565 -0.165150 -0.102537 0.104138 0.097980 0.075155
1413394899.555760  0.945327 -0.315238 -0.211767 0.099151 0.096392 0.074851
1413394899.705760  1.053973 -0.457933 -0.193808 0.096289 0.095463 0.074538
1413394899.805761  1.121895 -0.537552 -0.135074 0.095326 0.095173 0.074380
1413394899.905761  1.185229 -0.585107 -0.110989 0.094803 0.094865 0.074260
1413394900.005760  1.222672 -0.622600  0.008276 0.095009 0.095191 0.074158
1413394900.105761  1.241812 -0.638424  0.155217 0.095745 0.095918 0.074072
1413394900.205760  1.222840 -0.626502  0.182966 0.096490 0.096426 0.073985
1413394900.305761  1.191295 -0.597108  0.103375 0.097316 0.096833 0.073892
1413394900.405761  1.147365 -0.550525  0.024338 0.098321 0.097391 0.073775
1413394900.555760  1.126638 -0.448708 -0.085807 0.100020 0.098512 0.073595
1413394900.655760  1.157875 -0.355660 -0.113736 0.101286 0.099476 0.073480
1413394900.805761  1.273206 -0.091046  0.021078 0.103764 0.101688 0.073407
1413394900.905761 1.397481 0.085760 0.181687 0.106329 0.104106 0.073418
1413394901.005760 1.501240 0.249016 0.350276 0.109262 0.106221 0.073414
1413394901.105761 1.557801 0.419818 0.345498 0.111431 0.107594 0.073442
1413394901.205760 1.549665 0.573852 0.264033 0.113674 0.108750 0.073462
1413394901.255760 1.536031 0.637378 0.211955 0.114753 0.109356 0.073451
1413394901.355760 1.474119 0.727907 0.144985 0.117079 0.110936 0.073415
1413394901.455760 1.347595 0.790797 0.076069 0.118777 0.112361 0.073230
1413394901.555760  1.188986  0.800232 -0.044899 0.120070 0.113471 0.073047
1413394901.655760  1.036734  0.793549 -0.158511 0.120913 0.115047 0.072898
1413394901.755760  0.905029  0.798624 -0.169474 0.121736 0.117121 0.072752
1413394901.855760  0.783411  0.828895 -0.089152 0.122500 0.119455 0.072671
1413394901.955760  0.665827  0.882078 -0.015678 0.122825 0.121718 0.072620
1413394902.055760 0.562285 0.956360 0.050885 0.123304 0.124334 0.072606
1413394902.155760 0.449697 1.011791 0.050389 0.123321 0.126597 0.072589
1413394902.255760  0.347079  1.068261 -0.003512 0.122642 0.128418 0.072563
1413394902.355760  0.213253  1.106995 -0.070401 0.121711 0.130239 0.072555
1413394902.455760  0.045872  1.134979 -0.110510 0.120751 0.131703 0.072566
1413394902.555760 -0.136673  1.103738 -0.097556 0.120080 0.133419 0.072554
1413394902.655760 -0.272245  1.006529 -0.061332 0.119587 0.134857 0.072461
1413394902.755760 -0.349053  0.842226 -0.050140 0.119439 0.135448 0.072350
1413394902.855760 -0.378533  0.635271 -0.032019 0.119319 0.135319 0.072154
1413394902.955760 -0.390680  0.463985 -0.093032 0.118939 0.133772 0.071998
1413394903.155760 -0.400763  0.188171 -0.364807 0.117359 0.128414 0.071822
1413394903.255760 -0.337191  0.072870 -0.466227 0.117575 0.125951 0.071756
1413394903.455760 -0.136124 -0.123220 -0.321467 0.119261 0.121845 0.071578
1413394903.555760 -0.063502 -0.167829 -0.190966 0.120081 0.120114 0.071471
1413394903.705760 -0.042601 -0.229508  0.032533 0.120634 0.117542 0.071331
1413394903.955760 -0.116099 -0.206926  0.102348 0.118916 0.112701 0.071110
1413394904.155760 -0.110065 -0.170552 -0.114805 0.115805 0.108616 0.071002
1413394904.305761 -0.032045 -0.209940 -0.225905 0.113778 0.105916 0.070900
1413394904.455760  0.104384 -0.279212 -0.313486 0.111832 0.103387 0.070799
1413394904.555760  0.185692 -0.318433 -0.244625 0.111417 0.102182 0.070757
1413394904.655760  0.257015 -0.340419 -0.206673 0.110619 0.100793 0.070702
1413394904.755760  0.292619 -0.340583 -0.160978 0.110114 0.099428 0.070679
1413394904.855760  0.288312 -0.351806 -0.103232 0.109702 0.098146 0.070646
1413394904.955760  0.258762 -0.310958 -0.056825 0.109498 0.096829 0.070619
1413394905.055760  0.197659 -0.234725 -0.006094 0.109497 0.095660 0.070597
1413394905.205760  0.019438 -0.085470 -0.048464 0.108178 0.093379 0.070592
1413394905.305761 -0.074115 -0.025359 -0.090852 0.107230 0.092068 0.070529
1413394905.405761 -0.103075 -0.058844 -0.085912 0.108323 0.091701 0.070483
1413394905.505760 -0.067918 -0.244971 -0.025621 0.109021 0.091383 0.070400
1413394905.705760  0.217915 -0.827801  0.214873 0.110579 0.091254 0.070153
1413394905.755760  0.272202 -0.902822  0.243902 0.110417 0.091332 0.070117
1413394905.855760  0.321501 -0.909093  0.265195 0.110205 0.091424 0.070110
1413394905.955760  0.273888 -0.770845  0.256992 0.110245 0.091878 0.070128
1413394906.055760  0.159690 -0.539002  0.265639 0.110671 0.092615 0.070159
1413394906.105761  0.067942 -0.414737  0.277046 0.111117 0.092976 0.070153
1413394906.255760 -0.255158 -0.075925  0.300842 0.112035 0.094133 0.070436
1413394906.355760 -0.469341  0.043172  0.250148 0.111571 0.094936 0.070639
1413394906.455760 -0.606807  0.051705  0.153180 0.110937 0.095173 0.070632
1413394906.555760 -0.638099 -0.021940  0.057869 0.110697 0.094946 0.070473
1413394906.655760 -0.564765 -0.193096  0.044785 0.110588 0.094863 0.070198
1413394906.755760 -0.447467 -0.369655  0.052807 0.110779 0.095064 0.069977
1413394906.855760 -0.354743 -0.421947  0.008125 0.110624 0.095304 0.069841
1413394906.955760 -0.306469 -0.321817  0.022150 0.110901 0.095954 0.069792
1413394907.055760 -0.284519 -0.068143  0.040266 0.111721 0.096541 0.069782
1413394907.305761 -0.380613  0.716666 -0.059478 0.113883 0.095770 0.069990
1413394907.405761 -0.423195  0.834817 -0.121335 0.113389 0.095045 0.069936
1413394907.455760 -0.462137  0.804424 -0.146271 0.112488 0.094838 0.069835
1413394907.555760 -0.597784  0.639100 -0.189238 0.111715 0.095298 0.069758
1413394907.655760 -0.790828  0.326904 -0.187796 0.111642 0.096844 0.069716
1413394907.755760 -0.928010 -0.015261 -0.117948 0.112139 0.097937 0.069658
1413394907.855760 -0.942920 -0.153624 -0.178085 0.112818 0.097978 0.069663
1413394907.905761 -0.906807 -0.167143 -0.240867 0.113270 0.097721 0.069671
1413394908.005760 -0.839888 -0.072959 -0.306365 0.114676 0.097646 0.069675
1413394908.105761 -0.760464  0.075555 -0.428306 0.115128 0.097000 0.069695
1413394908.205760 -0.673711  0.197278 -0.479201 0.115522 0.096660 0.069772
1413394908.305761 -0.585945  0.212696 -0.436715 0.115909 0.096910 0.069881
1413394908.355760 -0.545861  0.165229 -0.397656 0.117050 0.097727 0.069943
1413394908.455760 -0.454075 -0.054532 -0.237424 0.117004 0.098530 0.069789
1413394908.605761 -0.367237 -0.510323  0.160595 0.116576 0.100101 0.069480
1413394908.705760 -0.301642 -0.590371  0.334387 0.115731 0.100227 0.069223
1413394908.805761 -0.224143 -0.513211  0.419742 0.113874 0.099708 0.069022
1413394908.905761 -0.166390 -0.296829  0.529680 0.112475 0.099726 0.068908
1413394908.955760 -0.135858 -0.201623  0.558469 0.111854 0.099981 0.068911
1413394909.105761 -0.151412  0.159265  0.542143 0.110036 0.099656 0.069100
1413394909.205760 -0.214105  0.315900  0.442670 0.108434 0.098792 0.069219
1413394909.305761 -0.273386  0.343591  0.363292 0.106488 0.097889 0.069223
1413394909.405761 -0.314674  0.229467  0.319693 0.104859 0.097614 0.069168
1413394909.555760 -0.398994  0.002112  0.311681 0.103294 0.097664 0.069186
1413394909.655760 -0.483254 -0.069173  0.346501 0.102383 0.097303 0.069246
1413394909.755760 -0.560726 -0.043617  0.396079 0.102487 0.097748 0.069392
1413394909.855760 -0.608114  0.087532  0.427137 0.103079 0.098335 0.069629
1413394910.055760 -0.562703  0.446383  0.252775 0.103975 0.097813 0.069984
1413394910.155760 -0.518302  0.487913  0.150887 0.103939 0.097446 0.069849
1413394910.255760 -0.486727  0.421489  0.076585 0.102907 0.096424 0.069481
1413394910.355760 -0.474969  0.263019 -0.001056 0.101821 0.095529 0.069249
1413394910.555760 -0.521720 -0.223114 -0.038745 0.099707 0.094737 0.068864
1413394910.655760 -0.504402 -0.332952 -0.020060 0.099462 0.094582 0.068826
1413394910.755760 -0.460806 -0.265136 -0.049708 0.099221 0.094784 0.068750
1413394910.855760 -0.431916 -0.075677 -0.068602 0.099140 0.095070 0.068776
1413394911.005760 -0.416577  0.307729 -0.132471 0.098822 0.094465 0.068822
1413394911.105761 -0.452766  0.557020 -0.198290 0.098967 0.094217 0.068801
1413394911.205760 -0.471772  0.659205 -0.222321 0.098526 0.093533 0.068754
1413394911.305761 -0.477328  0.615436 -0.275552 0.097751 0.091310 0.068522
1413394911.405761 -0.462444  0.441178 -0.301776 0.096518 0.090824 0.068401
1413394911.505760 -0.441364  0.219451 -0.355885 0.095249 0.090061 0.068323
1413394911.655760 -0.409110 -0.092687 -0.307983 0.093879 0.089031 0.068338
1413394911.755760 -0.333025 -0.126670 -0.253304 0.093297 0.088190 0.068344
1413394911.805761 -0.309104 -0.056644 -0.165715 0.093372 0.088097 0.068386
1413394911.905761 -0.201289  0.133294 -0.090375 0.093503 0.088362 0.068402
1413394912.055760 -0.077141  0.360956 -0.022976 0.093317 0.088505 0.068432
1413394912.155760 -0.025028  0.406656  0.032315 0.092660 0.088764 0.068413
1413394912.255760 -0.002231  0.315153  0.088412 0.091615 0.088876 0.068313
1413394912.405761 0.000154 0.008009 0.127440 0.089836 0.088735 0.068141
1413394912.555760 -0.020948 -0.246925  0.224552 0.088883 0.088728 0.068033
1413394912.655760 -0.066656 -0.346641  0.256354 0.088501 0.088436 0.067989
1413394912.755760 -0.121771 -0.389879  0.246270 0.088243 0.088198 0.067972
1413394912.905761 -0.170974 -0.402017  0.256242 0.088066 0.087999 0.067973
1413394913.055760 -0.193017 -0.399504  0.267444 0.088003 0.088023 0.067980
1413394913.305761 -0.056499 -0.470447  0.301893 0.087757 0.088113 0.068037
1413394913.455760  0.055010 -0.481057  0.212215 0.087105 0.087886 0.068093
1413394913.605761  0.193627 -0.458082  0.058851 0.085975 0.087467 0.068103
1413394913.755760  0.381708 -0.437108 -0.158780 0.084376 0.086585 0.068016
1413394913.855760  0.484652 -0.444394 -0.290086 0.083077 0.085822 0.067923
1413394913.955760  0.571318 -0.474090 -0.357859 0.082206 0.085415 0.067875
1413394914.055760  0.612690 -0.491576 -0.405739 0.081488 0.084833 0.067826
1413394914.205760  0.671944 -0.509125 -0.217185 0.081235 0.084832 0.067855
1413394914.355760  0.802257 -0.496936 -0.004636 0.081178 0.085352 0.067867
1413394914.455760  0.874493 -0.466089  0.155646 0.081337 0.085458 0.067837
1413394914.555760  0.971979 -0.420854  0.246598 0.081460 0.085599 0.067817
1413394914.655760  1.020356 -0.378824  0.132544 0.081276 0.085408 0.067801
1413394914.755760  1.062948 -0.343875  0.037105 0.081353 0.085327 0.067813
1413394914.905761  1.075409 -0.307670 -0.101320 0.081588 0.084778 0.067789
1413394915.055760  1.107337 -0.203652 -0.238889 0.082009 0.084427 0.067790
1413394915.205760  1.192005 -0.052342 -0.177300 0.083979 0.085533 0.067844
1413394915.305761  1.236651  0.111197 -0.151590 0.085595 0.086122 0.067887
1413394915.405761  1.309758  0.290332 -0.112563 0.087129 0.086612 0.067945
1413394915.505760  1.358147  0.495600 -0.078200 0.089006 0.087106 0.068016
1413394915.605761  1.383427  0.694690 -0.067898 0.091217 0.087508 0.068088
1413394915.705760  1.343031  0.871107 -0.064140 0.093736 0.087999 0.068171
1413394915.805761  1.221702  0.962935 -0.000249 0.095793 0.088262 0.068147
1413394915.905761 1.071450 1.015856 0.030247 0.097381 0.088974 0.068144
1413394916.005760 0.897773 1.043549 0.023740 0.098459 0.089846 0.068117
1413394916.105761 0.704785 1.059733 0.064381 0.099387 0.091170 0.068115
1413394916.205760 0.515262 1.057970 0.039222 0.099890 0.092701 0.068151
1413394916.305761 0.406413 1.067824 0.077381 0.100425 0.094540 0.068159
1413394916.405761 0.337233 1.054475 0.022160 0.100284 0.096537 0.068126
1413394916.505760  0.318333  0.985268 -0.063121 0.100023 0.098357 0.068069
1413394916.605761  0.345518  0.876865 -0.151664 0.099667 0.100014 0.067930
1413394916.705760  0.372725  0.693367 -0.269516 0.099042 0.100812 0.067802
1413394916.755760  0.392721  0.584023 -0.329301 0.098701 0.101207 0.067748
1413394916.955760  0.517915  0.204953 -0.503477 0.099055 0.101017 0.067774
1413394917.055760  0.586210  0.126258 -0.515162 0.100264 0.101148 0.067878
1413394917.255760  0.665319  0.181791 -0.442126 0.103578 0.101948 0.068141
1413394917.455760  0.710464  0.374924 -0.393911 0.106675 0.102755 0.068308
1413394917.655760  0.698901  0.672583 -0.295269 0.110368 0.104402 0.068484
1413394917.855760  0.477944  0.926713 -0.054115 0.113844 0.106843 0.068444
1413394917.955760  0.302036  1.049442 -0.029040 0.115214 0.108398 0.068371
1413394918.155760 -0.036619  1.240268 -0.187572 0.114253 0.110549 0.068475
1413394918.255760 -0.108507  1.294844 -0.161657 0.114057 0.113325 0.068532
1413394918.455760 -0.048321  1.344075 -0.118950 0.112854 0.116548 0.068371
1413394918.555760  0.086291  1.360790 -0.065176 0.112615 0.118662 0.068233
1413394918.755760  0.257983  1.371499 -0.013885 0.112019 0.122474 0.068065
1413394918.855760 0.271554 1.373669 0.056615 0.112582 0.125222 0.067997
1413394919.055760 0.130306 1.233984 0.343751 0.112169 0.130065 0.067684
1413394919.155760 0.074344 1.080498 0.519225 0.111829 0.132830 0.067497
1413394919.355760 0.030849 0.751488 0.698595 0.110136 0.132825 0.067353
1413394919.455760 -0.015462  0.559648  0.716818 0.109083 0.131606 0.067452
1413394919.655760 -0.168099  0.202040  0.550822 0.106282 0.125732 0.067869
1413394919.755760 -0.252150  0.148007  0.441078 0.105138 0.122668 0.068051
1413394919.955760 -0.369881  0.200028  0.297663 0.103420 0.118085 0.068108
1413394920.055760 -0.416011  0.266841  0.165191 0.102688 0.116377 0.068031
1413394920.255760 -0.526757  0.422696 -0.066477 0.101781 0.113785 0.067747
1413394920.455760 -0.692092  0.496711 -0.082395 0.101890 0.113761 0.067492
1413394920.655760 -0.860527  0.378598 -0.007242 0.102182 0.114090 0.067375
1413394920.855760 -1.024645  0.114911 -0.050382 0.102882 0.113404 0.067343
1413394921.055760 -1.227552 -0.069727 -0.183005 0.104183 0.112046 0.067312
1413394921.255760 -1.324200 -0.091216 -0.360889 0.106527 0.110442 0.067256
1413394921.355760 -1.327514 -0.041891 -0.487702 0.108140 0.109180 0.067243
1413394921.555760 -1.258245  0.358866 -0.592279 0.110939 0.107762 0.067245
1413394921.755760 -1.247914  0.582316 -0.542663 0.113547 0.107742 0.067547
1413394921.855760 -1.280736  0.551261 -0.464725 0.114569 0.107192 0.067703
1413394922.055760 -1.158489  0.412267 -0.237463 0.117304 0.108182 0.067811
1413394922.155760 -1.010739  0.368048 -0.077036 0.117714 0.107485 0.067700
1413394922.355760 -0.801112  0.308566  0.251344 0.117152 0.106927 0.067448
1413394922.455760 -0.821077  0.219220  0.504041 0.116933 0.107465 0.067278
1413394922.655760 -0.852348  0.089196  0.621818 0.115282 0.106577 0.066910
1413394922.755760 -0.879236  0.079075  0.628524 0.114420 0.105588 0.066801
1413394922.955760 -0.972452  0.115227  0.609589 0.112999 0.104582 0.066799
1413394923.055760 -1.045823  0.138930  0.491079 0.112343 0.103637 0.066844
1413394923.255760 -1.201257  0.139367  0.474605 0.112817 0.103670 0.067009
1413394923.355760 -1.234036  0.077526  0.443254 0.113253 0.103207 0.067080
1413394923.555760 -1.321509 -0.032407  0.431937 0.114611 0.102566 0.067266
1413394923.655760 -1.403379 -0.050454  0.395240 0.115541 0.102622 0.067330
1413394923.855760 -1.460635 -0.156833  0.167521 0.117022 0.100845 0.067370
1413394923.955760 -1.447212 -0.218907  0.059822 0.118159 0.099693 0.067332
1413394924.155760 -1.371452 -0.366826 -0.029848 0.120466 0.098190 0.067260
1413394924.255760 -1.330494 -0.408370  0.011548 0.121945 0.098051 0.067222
1413394924.455760 -1.308041 -0.393171  0.066997 0.124047 0.097799 0.067152
1413394924.555760 -1.292036 -0.381987  0.077349 0.125450 0.097686 0.067123
1413394924.755760 -1.239823 -0.390905  0.147593 0.128267 0.097923 0.067073
1413394924.855760 -1.155373 -0.397835  0.174804 0.129496 0.098632 0.067063
1413394925.005760 -0.972704 -0.428331  0.221881 0.129827 0.098190 0.067073
1413394925.155760 -0.681144 -0.478910  0.195112 0.129143 0.097419 0.067124
1413394925.305761 -0.410375 -0.584123  0.190234 0.125659 0.096992 0.067149
1413394925.505760 -0.110079 -0.774779 -0.003458 0.119032 0.096605 0.067147
1413394925.605761  0.036606 -0.839014 -0.102836 0.116096 0.096816 0.067132
1413394925.755760  0.212501 -0.925808 -0.151938 0.111842 0.097802 0.067059
1413394925.905761  0.264875 -0.956047 -0.111604 0.109378 0.099310 0.067003
1413394926.055760  0.276585 -0.996688 -0.089251 0.107107 0.100680 0.066893
1413394926.205760  0.313830 -1.023835 -0.065775 0.105681 0.102181 0.066827
1413394926.355760  0.375094 -1.094895 -0.082878 0.104854 0.103742 0.066812
1413394926.505760  0.393610 -1.203703 -0.037195 0.107818 0.106619 0.066850
1413394926.605761  0.401876 -1.276344 -0.014545 0.108143 0.108119 0.066835
1413394926.705760  0.388231 -1.304460 -0.013251 0.108084 0.109249 0.066828
1413394926.805761  0.312055 -1.299578  0.013008 0.108231 0.110123 0.066788
1413394926.905761  0.187640 -1.283577 -0.009218 0.108189 0.111134 0.066705
1413394927.005760 -0.000598 -1.263359 -0.085449 0.107248 0.111135 0.066614
1413394927.105761 -0.181599 -1.247401 -0.180246 0.106230 0.111302 0.066560
1413394927.205760 -0.284042 -1.217111 -0.174703 0.105710 0.111939 0.066533
1413394927.355760 -0.316945 -1.196045  0.015174 0.105939 0.113250 0.066510
1413394927.505760 -0.273751 -1.185321  0.216181 0.105966 0.114530 0.066490
1413394927.605761 -0.256193 -1.175914  0.339026 0.105715 0.115126 0.066470
1413394927.705760 -0.240283 -1.185661  0.364693 0.105245 0.115332 0.066480
1413394927.805761 -0.224079 -1.202167  0.325371 0.104605 0.115566 0.066517
1413394927.905761 -0.204173 -1.208616  0.211960 0.103723 0.115713 0.066570
1413394928.005760 -0.196396 -1.219345  0.115695 0.103446 0.116021 0.066609
1413394928.155760 -0.149928 -1.207629  0.006811 0.102362 0.116359 0.066600
1413394928.305761 -0.036202 -1.138321  0.010435 0.101073 0.116966 0.066567
1413394928.455760  0.103791 -0.991396  0.022968 0.099253 0.117088 0.066547
1413394928.605761  0.172547 -0.865781  0.058548 0.097848 0.116209 0.066524
1413394928.805761  0.181433 -0.765509  0.049266 0.096719 0.114220 0.066483
1413394929.005760  0.219527 -0.685870 -0.136616 0.094993 0.111294 0.066420
1413394929.205760  0.290129 -0.567609 -0.148843 0.093723 0.108947 0.066352
1413394929.405761  0.286239 -0.377539 -0.073606 0.093005 0.106422 0.066325
1413394929.605761  0.210728 -0.240127 -0.047262 0.092337 0.103197 0.066293
1413394929.855760  0.155789 -0.253540 -0.110596 0.091298 0.099280 0.066237
1413394930.055760  0.168098 -0.187030 -0.294995 0.089720 0.096373 0.066227
1413394930.255760  0.210651 -0.028772 -0.214931 0.089095 0.094633 0.066260
1413394930.405761  0.204869  0.147584 -0.244362 0.088619 0.093178 0.066279
1413394930.505760  0.160691  0.195996 -0.289565 0.088187 0.091947 0.066308
1413394930.605761  0.094557  0.187261 -0.401071 0.087255 0.090461 0.066320
1413394930.705760 -0.001340  0.005009 -0.413806 0.086352 0.089493 0.066332
1413394930.855760 -0.070553 -0.320952 -0.352939 0.085628 0.088264 0.066375
1413394930.955760 -0.053695 -0.427177 -0.284124 0.085398 0.087930 0.066401
1413394931.005760 -0.041157 -0.423603 -0.240472 0.085324 0.088017 0.066395
1413394931.155760  0.035158 -0.302803 -0.048213 0.085021 0.088113 0.066353
1413394931.355760  0.143636 -0.085068  0.358823 0.085289 0.088319 0.066234
1413394931.505760 0.205269 0.122597 0.257084 0.084562 0.086974 0.066117
1413394931.655760 0.253459 0.196247 0.134178 0.083951 0.085774 0.066079
1413394931.855760 0.432171 0.140163 0.017450 0.083253 0.085034 0.066062
1413394932.005760 0.604240 0.078203 0.046914 0.083224 0.085105 0.066068
1413394932.105761 0.684665 0.070611 0.196387 0.083635 0.085146 0.066091
1413394932.205760 0.713056 0.089029 0.344611 0.083957 0.085243 0.066070
1413394932.305761 0.679980 0.134175 0.434726 0.084531 0.084977 0.066095
1413394932.405761 0.604154 0.177800 0.425898 0.084869 0.084539 0.066127
1413394932.505760 0.503616 0.256479 0.316667 0.084864 0.083922 0.066154
1413394932.655760 0.359154 0.406086 0.140922 0.084959 0.083393 0.066191
1413394932.805761 0.228675 0.548430 0.125120 0.085513 0.084215 0.066237
1413394932.955760 0.164905 0.609692 0.107125 0.085558 0.084783 0.066224
1413394933.105761 0.188125 0.599462 0.015166 0.085167 0.085548 0.066199
1413394933.255760  0.211600  0.573591 -0.136169 0.084658 0.085795 0.066155
1413394933.405761  0.208933  0.549193 -0.307484 0.084281 0.085903 0.066090
1413394933.555760  0.211472  0.551522 -0.442543 0.084153 0.086660 0.066062
1413394933.705760  0.186255  0.543524 -0.358733 0.084332 0.087488 0.066057
1413394933.855760  0.090219  0.557191 -0.326645 0.084443 0.090887 0.066160
1413394934.005760  0.009807  0.576622 -0.306784 0.084437 0.091982 0.066210
1413394934.155760  0.024056  0.583537 -0.209841 0.084709 0.093121 0.066240
1413394934.305761 -0.022314  0.601446 -0.375830 0.084408 0.093491 0.066306
1413394934.405761 -0.069916  0.596842 -0.493486 0.084184 0.093842 0.066383
1413394934.505760 -0.082808  0.553027 -0.595750 0.083897 0.094483 0.066500
1413394934.605761 -0.091887  0.521453 -0.627616 0.083888 0.094778 0.066659
1413394934.755760 -0.149507  0.471805 -0.441246 0.084499 0.096031 0.066856
1413394934.955760 -0.144005  0.415699 -0.099529 0.085834 0.097379 0.066852
1413394935.205760 -0.184826  0.326562 -0.002076 0.086475 0.097320 0.066535
1413394935.405761 -0.280010  0.251253 -0.204698 0.086371 0.096518 0.066439
1413394935.605761 -0.393556  0.231749 -0.343292 0.086385 0.095827 0.066547
1413394935.805761 -0.415359  0.236363 -0.057364 0.087469 0.095802 0.066546
1413394936.055760 -0.506043  0.266013 -0.219617 0.087436 0.094529 0.066429
1413394936.205760 -0.448871  0.313079 -0.304806 0.087620 0.093482 0.066443
1413394936.305761 -0.413108  0.361923 -0.327224 0.088220 0.093337 0.066507
1413394936.505760 -0.408557  0.417404 -0.244012 0.089062 0.093128 0.066575
1413394936.605761 -0.443753  0.454724 -0.214855 0.089713 0.093721 0.066607
1413394936.805761 -0.490795  0.514271 -0.124723 0.091128 0.094462 0.066619
1413394936.905761 -0.517458  0.551303 -0.122937 0.091795 0.094718 0.066607
1413394937.105761 -0.550929  0.664339 -0.112551 0.093345 0.095688 0.066603
1413394937.205760 -0.541210  0.718002 -0.110323 0.094219 0.096131 0.066589
1413394937.305761 -0.528278  0.793765 -0.094163 0.095423 0.096881 0.066584
1413394937.455760 -0.458261  0.861006 -0.100338 0.096905 0.098224 0.066508
1413394937.555760 -0.401596  0.909179 -0.104764 0.097326 0.099118 0.066449
1413394937.755760 -0.337901  0.973000 -0.086033 0.098000 0.101855 0.066344
1413394937.855760 -0.275652  0.984123 -0.042420 0.098151 0.103667 0.066285
1413394938.055760 -0.133443  1.000169  0.054770 0.098313 0.107722 0.066162
1413394938.155760 0.000456 1.038967 0.202771 0.098448 0.109940 0.066081
1413394938.355760 0.314003 1.023686 0.584986 0.098858 0.115937 0.066055
1413394938.455760 0.409754 1.005795 0.646318 0.098239 0.118378 0.066144
1413394938.655760 0.496008 1.001558 0.455946 0.096638 0.120434 0.066436
1413394938.755760 0.512285 0.987631 0.338890 0.095679 0.120827 0.066527
1413394938.955760 0.586201 0.971464 0.149889 0.094087 0.121195 0.066569
1413394939.055760 0.663116 0.893954 0.059493 0.093322 0.121907 0.066538
1413394939.255760  0.784418  0.646798 -0.109686 0.094758 0.121800 0.066401
1413394939.355760  0.832789  0.532377 -0.144688 0.095125 0.120171 0.066275
1413394939.555760 0.875679 0.412279 0.140579 0.097976 0.118078 0.066127
1413394939.655760 0.868276 0.401462 0.255442 0.099764 0.117495 0.066129
1413394939.855760 0.884988 0.243611 0.330930 0.102475 0.114829 0.066316
1413394940.055760 0.935024 0.071274 0.095891 0.103848 0.110219 0.066367
1413394940.255760  1.045262  0.003206 -0.131440 0.105571 0.106067 0.066217
1413394940.355760  1.067923 -0.037355 -0.233536 0.106292 0.104198 0.066108
1413394940.555760  1.056695 -0.147365 -0.242007 0.109018 0.101444 0.065981
1413394940.655760  1.050170 -0.148141 -0.186523 0.110034 0.100603 0.065921
1413394940.855760  1.100283 -0.006633  0.071411 0.112702 0.100392 0.065877
1413394940.955760 1.115431 0.031249 0.185859 0.114023 0.100458 0.065892
1413394941.055760 1.118469 0.007688 0.217621 0.115339 0.099816 0.065930
1413394941.205760  1.104503 -0.145807  0.259120 0.118060 0.099272 0.065988
1413394941.405761  1.134425 -0.462852  0.341446 0.121708 0.098626 0.066168
1413394941.505760  1.187926 -0.598691  0.413701 0.123759 0.098995 0.066282
1413394941.705760  1.334376 -0.642675  0.399573 0.126527 0.100181 0.066446
1413394941.805761  1.413820 -0.619379  0.372186 0.127596 0.100785 0.066556
1413394941.855760  1.418585 -0.599134  0.340684 0.128085 0.100919 0.066582
1413394941.955760  1.433637 -0.608467  0.346761 0.130201 0.101193 0.066750
1413394942.055760  1.385593 -0.718213  0.381976 0.132971 0.101139 0.066832
1413394942.155760  1.263026 -0.911773  0.422224 0.135928 0.100700 0.066988
1413394942.255760  1.070244 -1.173166  0.487117 0.138730 0.100512 0.067147
1413394942.355760  0.844329 -1.456073  0.528299 0.140878 0.101181 0.067365
1413394942.455760  0.645376 -1.739952  0.535811 0.142800 0.102771 0.067578
1413394942.555760  0.454864 -1.927158  0.363031 0.141102 0.104928 0.067655
1413394942.655760  0.279707 -2.067921  0.187534 0.139210 0.108148 0.067598
1413394942.755760  0.121825 -2.145792  0.035668 0.136931 0.112069 0.067544
1413394942.805761  0.041122 -2.160185 -0.023247 0.134502 0.113986 0.067490
1413394942.905761 -0.034680 -2.083809 -0.241435 0.130464 0.118020 0.067353
1413394942.955760 -0.062591 -2.031908 -0.342848 0.127789 0.120039 0.067276
1413394943.055760 -0.047147 -1.843545 -0.492418 0.121935 0.122724 0.066934
1413394943.155760 -0.004946 -1.596648 -0.575006 0.116148 0.124640 0.066651
1413394943.255760  0.057780 -1.301868 -0.660349 0.110851 0.125500 0.066375
1413394943.355760  0.165906 -0.973769 -0.619928 0.107313 0.125733 0.066246
1413394943.455760  0.285678 -0.624723 -0.504700 0.105397 0.125113 0.066232
1413394943.605761  0.522933 -0.236261 -0.323356 0.104866 0.122237 0.066227
1413394943.705760  0.650812 -0.075919 -0.307764 0.104679 0.118931 0.066187
1413394943.855760  0.766469  0.018298 -0.364050 0.104493 0.113970 0.066143
1413394944.005760  0.759328  0.108502 -0.415875 0.104576 0.109261 0.066151
1413394944.155760  0.706309  0.175435 -0.296123 0.105451 0.106056 0.066175
1413394944.355760  0.609361  0.174499 -0.028736 0.106674 0.103422 0.066113
1413394944.505760 0.525624 0.097803 0.053373 0.106531 0.101664 0.065985
1413394944.655760  0.428044 -0.019065 -0.118138 0.104829 0.099256 0.065884
1413394944.755760  0.314142 -0.124317 -0.212147 0.103708 0.097997 0.065855
1413394944.855760  0.180421 -0.264250 -0.262748 0.102680 0.097262 0.065842
1413394944.955760  0.008514 -0.400033 -0.304496 0.101832 0.097028 0.065870
1413394945.055760 -0.156398 -0.535392 -0.313438 0.101540 0.097579 0.065948
1413394945.155760 -0.283521 -0.648466 -0.325435 0.100660 0.097915 0.066022
1413394945.255760 -0.382206 -0.745321 -0.294615 0.100231 0.098570 0.066105
1413394945.355760 -0.429693 -0.819935 -0.225864 0.100146 0.099232 0.066155
1413394945.455760 -0.418627 -0.870196 -0.227660 0.099750 0.099350 0.066168
1413394945.555760 -0.383805 -0.842064 -0.235202 0.099137 0.099456 0.066153
1413394945.655760 -0.361324 -0.766004 -0.217771 0.098462 0.099595 0.066133
1413394945.755760 -0.328052 -0.636482 -0.184357 0.097844 0.099604 0.066105
1413394945.855760 -0.326201 -0.464625 -0.169450 0.097172 0.099309 0.066087
1413394945.955760 -0.259593 -0.261788 -0.129265 0.097251 0.098791 0.066059
1413394946.055760 -0.208916 -0.058806 -0.083258 0.097493 0.098044 0.066052
1413394946.155760 -0.128422  0.051302 -0.036925 0.097922 0.097321 0.066037
1413394946.255760 -0.079132  0.148018 -0.051638 0.098193 0.096527 0.066019
1413394946.455760  0.072659  0.323691 -0.026178 0.098495 0.094981 0.065964
1413394946.555760  0.173375  0.391244 -0.005527 0.098765 0.094583 0.065950
1413394946.755760 0.328030 0.507540 0.018215 0.098905 0.094482 0.065949
1413394946.855760 0.391988 0.495122 0.033231 0.099128 0.094962 0.065940
1413394947.055760 0.450800 0.388387 0.109800 0.098931 0.096344 0.065909
1413394947.155760 0.449595 0.320693 0.226349 0.099362 0.097691 0.065835
1413394947.355760 0.384423 0.219028 0.582857 0.100874 0.099684 0.065795
1413394947.455760 0.327640 0.164765 0.668914 0.101652 0.100519 0.065945
1413394947.655760 0.223915 0.108591 0.518099 0.101057 0.099813 0.066433
1413394947.755760 0.183897 0.151093 0.399393 0.101043 0.099470 0.066675
1413394947.955760 0.154021 0.442258 0.529713 0.103504 0.101821 0.066984
1413394948.155760 0.150355 0.755808 0.488504 0.106051 0.104561 0.067725
1413394948.255760 0.139700 0.950237 0.473630 0.108078 0.106331 0.067983
1413394948.455760 0.079485 1.002663 0.332790 0.108771 0.111151 0.068410
1413394948.555760 0.039609 0.864618 0.324581 0.106226 0.114063 0.068630
1413394948.755760 -0.033551  0.296107  0.370621 0.103156 0.117642 0.069279
1413394948.955760 -0.129157 -0.147893  0.326203 0.102013 0.114352 0.069688
1413394949.055760 -0.182139 -0.251686  0.164228 0.100505 0.110521 0.069320
1413394949.255760 -0.293889 -0.078588 -0.021573 0.098884 0.105914 0.068235
1413394949.455760 -0.432628  0.431720 -0.041005 0.099230 0.103616 0.067189
1413394949.555760 -0.502443  0.660797  0.048536 0.101108 0.104890 0.066982
1413394949.755760 -0.616877  0.636241  0.091313 0.102040 0.107784 0.066914
1413394949.855760 -0.649114  0.470226  0.048229 0.102509 0.109734 0.066886
1413394950.055760 -0.644460  0.119401  0.045435 0.102916 0.109048 0.066899
1413394950.255760 -0.429476 -0.101608 -0.007686 0.104291 0.106166 0.066841
1413394950.355760 -0.290730 -0.077914  0.038529 0.104444 0.104475 0.066612
1413394950.555760 -0.263724  0.229277  0.120568 0.104287 0.103630 0.066290
1413394950.755760 -0.439752  0.595689  0.274705 0.106137 0.105739 0.066389
1413394950.855760 -0.515237  0.615869  0.294846 0.106334 0.106508 0.066534
1413394951.055760 -0.563022  0.222867  0.291079 0.106285 0.108945 0.067175
1413394951.155760 -0.529183 -0.095635  0.273351 0.106621 0.109380 0.067477
1413394951.355760 -0.315126 -0.585579  0.222838 0.108673 0.106245 0.067874
1413394951.455760 -0.246962 -0.623761  0.227534 0.108638 0.105564 0.067754
1413394951.655760 -0.344650 -0.234649  0.357864 0.107938 0.107723 0.067458
1413394951.855760 -0.620609  0.544544  0.600517 0.110972 0.108920 0.067765
1413394951.955760 -0.728340  0.714698  0.650745 0.112792 0.109444 0.068258
1413394952.155760 -0.721103  0.648684  0.431819 0.112597 0.109523 0.068993
1413394952.355760 -0.653950  0.412871  0.052038 0.110096 0.107512 0.068909
1413394952.455760 -0.609161  0.378888  0.032268 0.108701 0.105236 0.068409
1413394952.655760 -0.509515  0.488480  0.280769 0.112771 0.109397 0.068066
1413394952.855760 -0.534043  0.549362  0.316467 0.114162 0.111094 0.068087
1413394952.955760 -0.496688  0.454881  0.188531 0.113050 0.111759 0.068110
1413394953.155760 -0.276735  0.089199  0.062341 0.111313 0.109643 0.067639
1413394953.355760  0.092947 -0.510062  0.471819 0.113428 0.110066 0.068195
1413394953.555760  0.336464 -0.913732 -0.013789 0.109172 0.106166 0.068715
1413394953.755760  0.294581 -0.934270 -0.756178 0.102810 0.103167 0.067439
1413394953.855760  0.172179 -0.806617 -0.965315 0.099393 0.101227 0.066539
1413394954.055760 -0.130016 -0.524812 -0.911368 0.095601 0.101132 0.065808
1413394954.255760 -0.204933 -0.576788 -0.852105 0.095426 0.102040 0.066192
1413394954.355760 -0.168453 -0.730879 -0.755688 0.096275 0.103258 0.066551
1413394954.555760  0.009747 -1.074653 -0.520461 0.100868 0.109092 0.067664
1413394954.755760  0.018049 -0.994972 -0.537548 0.099143 0.112390 0.067861
1413394954.855760 -0.063222 -0.751229 -0.529119 0.096817 0.114546 0.067788
1413394955.055760 -0.256390 -0.405866 -0.552309 0.094959 0.115271 0.067985
1413394955.155760 -0.299737 -0.430389 -0.563997 0.094120 0.114262 0.068229
1413394955.355760 -0.239387 -0.647116 -0.444316 0.097167 0.117713 0.068954
1413394955.455760 -0.154735 -0.676603 -0.314539 0.097655 0.119002 0.068936
1413394955.655760 -0.061104 -0.244072  0.029222 0.099531 0.126069 0.068281
1413394955.855760 -0.327536  0.217069  0.193852 0.100820 0.123602 0.067211
1413394955.955760 -0.472451  0.317015  0.244333 0.101669 0.120976 0.066741
1413394956.005760 -0.520537  0.331131  0.263415 0.101441 0.119457 0.066519
1413394956.205760 -0.498633  0.163954  0.266123 0.101265 0.116197 0.066050
1413394956.305761 -0.388469  0.023626  0.238887 0.100968 0.113978 0.065837
1413394956.505760 -0.132272 -0.167550  0.018627 0.099254 0.110061 0.065739
1413394956.655760 -0.048284 -0.148512 -0.080817 0.097779 0.108701 0.065666
1413394956.755760 -0.134862 -0.095269 -0.042367 0.097589 0.108724 0.065612
1413394957.005760 -0.586604  0.061948  0.141442 0.098386 0.109385 0.065543
1413394957.105761 -0.665964  0.072587  0.187325 0.098701 0.109150 0.065516
1413394957.205760 -0.652856  0.061400  0.216032 0.098796 0.107639 0.065482
1413394957.305761 -0.535840  0.024331  0.245097 0.100394 0.107040 0.065455
1413394957.405761 -0.327388 -0.032629  0.243304 0.100063 0.105522 0.065443
1413394957.605761  0.136379 -0.139314  0.181818 0.098897 0.103056 0.065583
1413394957.705760  0.224248 -0.131414  0.106308 0.097304 0.101448 0.065540
1413394957.805761  0.186157 -0.097859  0.044358 0.095874 0.100534 0.065484
1413394958.055760 -0.114848  0.045888  0.005277 0.095030 0.099960 0.065392
1413394958.155760 -0.118691  0.092068  0.013368 0.095434 0.099923 0.065420
1413394958.255760 0.009174 0.121104 0.028744 0.095650 0.099674 0.065491
1413394958.355760 0.203896 0.157017 0.026280 0.095681 0.099665 0.065609
1413394958.505760  0.492501  0.219340 -0.034073 0.094578 0.099372 0.065736
1413394958.605761  0.534709  0.246490 -0.023734 0.093330 0.098223 0.065648
1413394958.705760 0.391453 0.255935 0.045290 0.093325 0.096968 0.065532
1413394958.905761 -0.158829  0.177603  0.174476 0.094317 0.096304 0.065367
1413394959.005760 -0.354901  0.096695  0.208829 0.094126 0.097143 0.065379
1413394959.105761 -0.439357 -0.009626  0.214122 0.093694 0.096553 0.065454
1413394959.205760 -0.392982 -0.061809  0.236910 0.094777 0.096011 0.065564
1413394959.305761 -0.248944 -0.048899  0.235031 0.095941 0.095916 0.065754
1413394959.455760 0.009604 0.016690 0.129508 0.097000 0.095498 0.066108
1413394959.555760 0.062276 0.011418 0.123313 0.097433 0.094905 0.066009
1413394959.655760 -0.032911 -0.034830  0.183536 0.098199 0.094980 0.065873
1413394959.755760 -0.213115 -0.166066  0.189067 0.098938 0.096472 0.065807
1413394959.905761 -0.445739 -0.423074  0.144908 0.101373 0.097429 0.065908
1413394960.005760 -0.471562 -0.554901  0.072520 0.102322 0.096773 0.066013
1413394960.055760 -0.451605 -0.570328  0.023129 0.102379 0.096371 0.066005
1413394960.155760 -0.346569 -0.543914 -0.020151 0.102634 0.095933 0.066057
1413394960.255760 -0.207273 -0.452871 -0.030627 0.102891 0.096198 0.066034
1413394960.405761 -0.039500 -0.298898 -0.122852 0.102044 0.096163 0.065938
1413394960.505760  0.008613 -0.256122 -0.250862 0.102232 0.096437 0.065805
1413394960.605761 -0.020407 -0.324955 -0.322734 0.101997 0.096257 0.065586
1413394960.705760 -0.085948 -0.492775 -0.282031 0.102808 0.096647 0.065447
1413394960.805761 -0.154747 -0.711625 -0.161232 0.104839 0.098023 0.065458
1413394960.905761 -0.165239 -0.815328 -0.114157 0.105727 0.099401 0.065476
1413394960.955760 -0.157807 -0.818917 -0.080261 0.105838 0.100295 0.065459
1413394961.055760 -0.114652 -0.742234 -0.068159 0.105247 0.101920 0.065457
1413394961.255760 -0.031005 -0.504927 -0.181402 0.102797 0.103381 0.065451
1413394961.355760 -0.005659 -0.507068 -0.186907 0.102282 0.103681 0.065451
1413394961.455760 -0.006730 -0.621963 -0.101719 0.102805 0.104351 0.065463
1413394961.605761  0.079546 -0.826766 -0.025692 0.103926 0.106612 0.065543
1413394961.705760  0.174560 -0.852497 -0.016755 0.103752 0.109044 0.065534
1413394961.805761  0.259611 -0.764124 -0.028337 0.102397 0.111208 0.065539
1413394961.905761  0.323947 -0.614269 -0.033425 0.101417 0.113928 0.065534
1413394962.055760  0.380600 -0.335832 -0.077330 0.099360 0.113526 0.065526
1413394962.155760  0.373620 -0.241415 -0.045483 0.098606 0.112219 0.065484
1413394962.305761  0.372966 -0.248419  0.037310 0.098423 0.110145 0.065436
1413394962.455760  0.408532 -0.289024  0.215059 0.098923 0.109843 0.065419
1413394962.555760  0.472348 -0.167288  0.208320 0.098594 0.108956 0.065404
1413394962.655760 0.547277 0.027157 0.129126 0.098330 0.106891 0.065445
1413394962.755760 0.589748 0.207138 0.075203 0.098826 0.105375 0.065588
1413394962.855760 0.592299 0.265223 0.005366 0.099044 0.102409 0.065551
1413394962.955760  0.583599  0.262348 -0.003454 0.098865 0.100063 0.065439
1413394963.105761  0.581274  0.207012 -0.013907 0.098974 0.097771 0.065391
1413394963.205760  0.612145  0.321239 -0.155617 0.099251 0.096595 0.065422
1413394963.355760  0.661580  0.511080 -0.408182 0.100122 0.095284 0.065512
1413394963.455760  0.680462  0.539412 -0.478216 0.100332 0.094174 0.065524
1413394963.555760  0.691002  0.495749 -0.489173 0.100295 0.092743 0.065612
1413394963.655760  0.685355  0.319657 -0.330990 0.100381 0.092610 0.065771
1413394963.755760  0.705044  0.224871 -0.276090 0.100716 0.092280 0.065882
1413394963.855760  0.734826  0.267367 -0.320021 0.101358 0.091930 0.065952
1413394963.955760  0.767762  0.372369 -0.409042 0.102181 0.091642 0.066120
1413394964.055760  0.779537  0.428953 -0.410341 0.103224 0.091548 0.066468
1413394964.105761  0.772916  0.416251 -0.392363 0.103618 0.091536 0.066627
1413394964.205760  0.739256  0.287571 -0.265150 0.104233 0.091585 0.066724
1413394964.305761  0.725536  0.099593 -0.104236 0.104947 0.091740 0.066765
1413394964.405761  0.735034  0.028243 -0.013536 0.105543 0.091518 0.066691
1413394964.505760  0.751150  0.108881 -0.047971 0.106008 0.091107 0.066437
1413394964.605761  0.756908  0.227088 -0.111787 0.106851 0.090819 0.066346
1413394964.705760  0.718786  0.286738 -0.096196 0.107733 0.090464 0.066334
1413394964.805761  0.611870  0.241531 -0.050384 0.107747 0.089663 0.066233
1413394964.905761 0.462861 0.078497 0.024251 0.107122 0.088869 0.066059
1413394965.105761  0.100851 -0.344059  0.277494 0.104352 0.087138 0.065588
1413394965.155760  0.072118 -0.366228  0.306983 0.103077 0.086731 0.065500
1413394965.255760  0.044081 -0.327632  0.291053 0.100864 0.086457 0.065344
1413394965.355760  0.062505 -0.210699  0.207870 0.098246 0.085819 0.065271
1413394965.505760  0.106495 -0.099992  0.233864 0.096082 0.085815 0.065235
1413394965.655760  0.144939 -0.005025  0.334274 0.094676 0.086262 0.065256
1413394965.755760 0.126401 0.117530 0.238210 0.093372 0.085967 0.065312
1413394965.905761 0.077743 0.267105 0.064354 0.091914 0.085399 0.065337
1413394966.055760 0.057506 0.412407 0.032462 0.091399 0.085732 0.065355
1413394966.205760 -0.007631  0.623026 -0.188520 0.091287 0.085302 0.065354
1413394966.305761 -0.028521  0.702353 -0.289304 0.090965 0.085389 0.065286
1413394966.355760 -0.015836  0.691585 -0.309494 0.090532 0.085830 0.065259
1413394966.455760  0.064217  0.558093 -0.247804 0.088937 0.087224 0.065230
1413394966.555760  0.199751  0.321151 -0.092516 0.087764 0.088248 0.065205
1413394966.655760  0.279699  0.180888 -0.005209 0.087381 0.088687 0.065211
1413394966.755760  0.283086  0.185527 -0.021298 0.087618 0.088516 0.065201
1413394966.805761  0.244572  0.207528 -0.045058 0.087694 0.088362 0.065199
1413394967.005760  0.105314  0.339677 -0.105693 0.088070 0.088151 0.065233
1413394967.105761  0.109168  0.351807 -0.067016 0.087927 0.088526 0.065257
1413394967.255760 0.272836 0.268687 0.151629 0.088117 0.089660 0.065241
1413394967.355760 0.300876 0.264336 0.230030 0.088572 0.090103 0.065236
1413394967.455760 0.211427 0.330690 0.228598 0.089447 0.090265 0.065294
1413394967.605761 0.001018 0.428346 0.128182 0.090264 0.090095 0.065406
1413394967.705760 -0.046078  0.434609  0.183680 0.090624 0.090681 0.065390
1413394967.855760 0.030116 0.399032 0.328592 0.091519 0.091902 0.065434
1413394967.955760 0.032647 0.397783 0.381576 0.092251 0.092388 0.065494
1413394968.055760 -0.046423  0.417433  0.266814 0.092806 0.092450 0.065611
1413394968.155760 -0.100118  0.408195  0.093705 0.092692 0.092589 0.065681
1413394968.305761 -0.042695  0.400345 -0.000186 0.092978 0.092653 0.065599
1413394968.505760  0.060216  0.402139 -0.093385 0.094084 0.092847 0.065496
1413394968.705760  0.193053  0.374531 -0.051777 0.095751 0.093757 0.065376
1413394968.955760 0.344257 0.493900 0.020673 0.099222 0.095199 0.065352
1413394969.055760 0.350478 0.519068 0.009676 0.099684 0.095646 0.065344
1413394969.255760  0.310272  0.470695 -0.284504 0.098522 0.094817 0.065299
1413394969.455760  0.173493  0.390512 -0.441683 0.098920 0.094206 0.065317
1413394969.655760 -0.008840  0.376238 -0.416948 0.100148 0.093958 0.065573
1413394969.855760 -0.074957  0.595415 -0.305165 0.103287 0.094853 0.065873
1413394969.955760 -0.076132  0.714054 -0.207674 0.105048 0.095954 0.065943
1413394970.155760 0.062560 0.848686 0.111481 0.108208 0.099096 0.065788
1413394970.255760 0.131905 0.863173 0.145145 0.108915 0.100782 0.065658
1413394970.455760  0.119225  0.787023 -0.029619 0.107942 0.102714 0.065528
1413394970.555760  0.038692  0.665102 -0.163795 0.105778 0.102982 0.065478
1413394970.755760 -0.088756  0.287640 -0.189609 0.102018 0.102311 0.065439
1413394970.955760 -0.224327  0.040049 -0.037673 0.104109 0.100794 0.065547
1413394971.255760 -0.159355  0.178686  0.116823 0.103206 0.097099 0.065319
1413394971.455760 0.174167 0.297242 0.000564 0.105631 0.094910 0.065189
1413394971.655760 0.625509 0.349991 0.133045 0.106219 0.096230 0.065172
1413394971.855760 0.821921 0.183638 0.162024 0.105810 0.096766 0.065247
1413394971.955760 0.792142 0.062468 0.121074 0.105244 0.095258 0.065241
1413394972.155760  0.589564 -0.188595 -0.072683 0.104662 0.090939 0.065250
1413394972.255760  0.438603 -0.300629 -0.165587 0.104523 0.088830 0.065247
1413394972.455760  0.118017 -0.505332 -0.286398 0.103915 0.086317 0.065335
1413394972.555760 -0.028826 -0.589567 -0.284407 0.102455 0.086084 0.065383
1413394972.755760 -0.160870 -0.735761 -0.131888 0.104841 0.086829 0.065510
1413394972.855760 -0.158777 -0.732514 -0.083227 0.104868 0.087694 0.065498
1413394973.005760 -0.103795 -0.655905 -0.078515 0.105389 0.088890 0.065495
1413394973.105761 -0.050707 -0.607006 -0.089624 0.106207 0.090075 0.065478
1413394973.205760 -0.019246 -0.575283 -0.101103 0.106757 0.091963 0.065457
1413394973.255760 -0.009772 -0.566729 -0.093029 0.108796 0.092739 0.065465
1413394973.355760 -0.008879 -0.559023 -0.070242 0.109327 0.094384 0.065463
1413394973.455760 -0.006245 -0.574523 -0.042806 0.110373 0.096249 0.065481
1413394973.555760 -0.030040 -0.588315 -0.023776 0.111223 0.098268 0.065470
1413394973.655760 -0.055807 -0.587334 -0.002090 0.111373 0.100000 0.065439
1413394973.755760 -0.078235 -0.594372  0.042981 0.111807 0.101868 0.065385
1413394973.855760 -0.077638 -0.581547  0.036651 0.111694 0.103310 0.065356
1413394973.955760 -0.086405 -0.564768  0.054907 0.111831 0.104845 0.065338
1413394974.055760 -0.101492 -0.516186  0.054614 0.111591 0.106511 0.065311
1413394974.155760 -0.118103 -0.489179  0.085230 0.111541 0.107993 0.065278
1413394974.255760 -0.147167 -0.457598  0.093981 0.111312 0.109349 0.065258
1413394974.355760 -0.192569 -0.400018  0.119458 0.111101 0.110501 0.065243
1413394974.455760 -0.249289 -0.339846  0.148205 0.110980 0.111364 0.065245
1413394974.555760 -0.309634 -0.266681  0.173520 0.110826 0.111827 0.065246
1413394974.655760 -0.366822 -0.193418  0.188335 0.110872 0.111924 0.065266
1413394974.805761 -0.380921 -0.079673  0.157705 0.111022 0.110733 0.065299
1413394974.955760 -0.371762 -0.027524 -0.018382 0.109954 0.107768 0.065275
1413394975.055760 -0.353700 -0.017310 -0.133919 0.109337 0.105592 0.065221
1413394975.205760 -0.292839 -0.021508 -0.292099 0.108247 0.102836 0.065162
1413394975.355760 -0.191163 -0.034691 -0.357329 0.107045 0.100357 0.065188
1413394975.555760 -0.081010 -0.070200 -0.309221 0.105637 0.098647 0.065377
1413394975.755760 -0.095931 -0.162627 -0.198308 0.104764 0.098609 0.065594
1413394976.055760 -0.132410 -0.270315 -0.050086 0.103560 0.098497 0.065629
1413394976.355760  0.019617 -0.363078 -0.048514 0.101500 0.098187 0.065578
1413394976.605761  0.260631 -0.459510 -0.018125 0.099198 0.098599 0.065516
1413394976.705760  0.414575 -0.471314 -0.027362 0.098048 0.099162 0.065471
1413394976.855760  0.586175 -0.433946 -0.042129 0.096297 0.100407 0.065462
1413394976.955760  0.596810 -0.335049 -0.013310 0.095487 0.100422 0.065400
1413394977.105761  0.400200 -0.143979  0.074036 0.095216 0.098820 0.065266
1413394977.205760 0.138721 0.034982 0.170488 0.095475 0.097450 0.065168
1413394977.405761 -0.461411  0.296033  0.351230 0.095740 0.096610 0.065077
1413394977.605761 -1.044833  0.286436  0.460982 0.094362 0.100113 0.065225
1413394977.705760 -1.357299  0.264575  0.505800 0.094662 0.104204 0.065400
1413394977.905761 -1.779733  0.166688  0.564722 0.098571 0.111935 0.065832
1413394978.005760 -1.864696  0.096496  0.541851 0.101472 0.113380 0.066024
1413394978.155760 -1.896358 -0.010439  0.454169 0.106641 0.113006 0.066266
1413394978.255760 -1.874457 -0.096665  0.327751 0.110115 0.111799 0.066361
1413394978.355760 -1.842281 -0.188572  0.210051 0.115033 0.110458 0.066376
1413394978.455760 -1.801793 -0.283405  0.071073 0.118936 0.108807 0.066331
1413394978.555760 -1.780399 -0.374912  0.040471 0.124614 0.108904 0.066251
1413394978.655760 -1.738613 -0.438624  0.045585 0.129047 0.107903 0.066167
1413394978.755760 -1.698780 -0.469869  0.085113 0.133387 0.107098 0.066139
1413394978.855760 -1.667266 -0.468239  0.128701 0.137115 0.106483 0.066112
1413394978.955760 -1.626037 -0.450010  0.102472 0.140357 0.105483 0.066054
1413394979.055760 -1.575762 -0.422530  0.010335 0.143242 0.104601 0.066010
1413394979.155760 -1.473915 -0.395125 -0.092160 0.146303 0.102527 0.065972
1413394979.255760 -1.334889 -0.361144 -0.167849 0.147723 0.099788 0.065906
1413394979.405761 -1.027995 -0.246230 -0.129655 0.148140 0.095253 0.065852
1413394979.555760 -0.516890 -0.079841  0.036700 0.144888 0.090704 0.066064
1413394979.805761 0.424086 0.138561 0.280860 0.128538 0.090679 0.066679
1413394979.905761 0.650875 0.131220 0.350513 0.120772 0.092220 0.066696
1413394980.005760 0.746628 0.051164 0.353106 0.113535 0.092323 0.066528
1413394980.255760  0.824825 -0.198890  0.146068 0.100993 0.091599 0.066127
1413394980.505760  0.977261 -0.407827 -0.013011 0.095291 0.092127 0.065930
1413394980.655760  1.025360 -0.449652  0.051752 0.093354 0.092680 0.065723
1413394980.855760  0.992744 -0.427560  0.117880 0.092342 0.092166 0.065574
1413394981.105761  0.898349 -0.344008 -0.075209 0.091034 0.090152 0.065412
1413394981.355760  0.807275 -0.182320 -0.224457 0.090330 0.088233 0.065233
1413394981.605761  0.692012 -0.107779 -0.158225 0.090573 0.086469 0.065149
1413394981.855760  0.550165 -0.044222 -0.173803 0.090464 0.084541 0.065111
1413394982.105761  0.369937  0.138758 -0.087956 0.089618 0.082764 0.065076
1413394982.305761  0.307718  0.381946 -0.028154 0.089525 0.081912 0.065081
1413394982.455760 0.338422 0.617833 0.052401 0.090553 0.081789 0.065101
1413394982.555760 0.390195 0.763656 0.097812 0.091873 0.081965 0.065114
1413394982.655760 0.440060 0.910523 0.145719 0.093423 0.082390 0.065142
1413394982.755760 0.497402 1.047659 0.172258 0.094910 0.082866 0.065164
1413394982.855760 0.554880 1.162517 0.179677 0.096314 0.083584 0.065197
1413394983.005760 0.626546 1.295128 0.195197 0.098477 0.085353 0.065264
1413394983.105761 0.639756 1.341350 0.214985 0.100017 0.087265 0.065326
1413394983.305761 0.647743 1.377275 0.217774 0.100920 0.090307 0.065373
1413394983.405761 0.643490 1.379511 0.222314 0.101181 0.091800 0.065382
1413394983.605761 0.569490 1.289944 0.105210 0.099612 0.093547 0.065365
1413394983.705760  0.509978  1.227518 -0.009577 0.098684 0.093942 0.065322
1413394983.905761  0.367759  1.072172 -0.247154 0.095631 0.094206 0.065215
1413394984.105761  0.199148  0.888787 -0.358243 0.092418 0.094377 0.065135
1413394984.305761  0.057614  0.728192 -0.328714 0.089947 0.094169 0.065105
1413394984.505760 -0.125225  0.601186 -0.260614 0.087845 0.093896 0.065112
1413394984.705760 -0.321997  0.487939 -0.201042 0.085733 0.093471 0.065134
1413394984.905761 -0.532359  0.408557 -0.117517 0.084300 0.093433 0.065149
1413394985.105761 -0.670701  0.342863 -0.027419 0.083395 0.093783 0.065142
1413394985.305761 -0.798117  0.227032  0.149448 0.083757 0.096023 0.065137
1413394985.505760 -0.901135  0.293279  0.463114 0.084601 0.096566 0.065097
1413394985.605761 -0.908646  0.379274  0.566617 0.085239 0.096329 0.065094
1413394985.805761 -0.955507  0.407479  0.378521 0.085091 0.095457 0.065177
1413394985.905761 -1.009204  0.372558  0.217065 0.084548 0.094802 0.065200
1413394986.105761 -1.098755  0.256338  0.131221 0.084647 0.094934 0.065225
1413394986.305761 -1.187343  0.185520  0.204305 0.085983 0.096195 0.065281
1413394986.405761 -1.197818  0.222842  0.263472 0.086873 0.095948 0.065279
1413394986.605761 -1.218313  0.292340  0.333903 0.088823 0.096477 0.065403
1413394986.705760 -1.238834  0.285155  0.307654 0.089471 0.096503 0.065439
1413394986.905761 -1.325070  0.171996  0.304688 0.091050 0.097467 0.065566
1413394987.105761 -1.279364  0.099516  0.044382 0.092203 0.095035 0.065610
1413394987.305761 -1.193293  0.145990 -0.081534 0.093804 0.092483 0.065534
1413394987.505760 -1.117565  0.034751 -0.033950 0.095860 0.091556 0.065459
1413394987.705760 -1.051564 -0.218553  0.030123 0.098340 0.090378 0.065466
1413394987.905761 -0.918394 -0.545051  0.124476 0.101167 0.088379 0.065531
1413394988.005760 -0.828953 -0.710515  0.173658 0.102860 0.087180 0.065555
1413394988.205760 -0.610982 -0.992930  0.199186 0.106989 0.085331 0.065739
1413394988.305761 -0.474111 -1.062231  0.171854 0.108027 0.084690 0.065794
1413394988.505760 -0.146240 -1.015854  0.018218 0.106256 0.084078 0.065913
1413394988.605761  0.033722 -0.931610 -0.020815 0.106472 0.086093 0.065911
1413394988.805761  0.272511 -0.847682 -0.145702 0.102784 0.087343 0.065847
1413394988.905761  0.344887 -0.865103 -0.205478 0.102046 0.088279 0.065823
1413394989.105761  0.448243 -0.955483 -0.193168 0.102705 0.090181 0.065844
1413394989.305761  0.446810 -1.036165 -0.127951 0.103248 0.091516 0.065780
1413394989.505760  0.466075 -1.067588 -0.163518 0.103418 0.093119 0.065767
1413394989.705760  0.505342 -1.051275 -0.348969 0.102250 0.094632 0.065817
1413394989.905761  0.523904 -0.951341 -0.501744 0.100751 0.095703 0.065834
1413394990.105761  0.545422 -0.782597 -0.609603 0.099303 0.097567 0.065981
1413394990.205760  0.495003 -0.749910 -0.668750 0.097793 0.097368 0.065986
1413394990.355760  0.424812 -0.713611 -0.665205 0.098823 0.097350 0.066176
1413394990.455760  0.363351 -0.698702 -0.637053 0.101152 0.096982 0.066311
1413394990.555760  0.285523 -0.703547 -0.591353 0.104162 0.098251 0.066434
1413394990.705760  0.150731 -0.689707 -0.541133 0.106985 0.101012 0.066553
1413394990.855760 -0.004800 -0.667453 -0.485086 0.107798 0.102281 0.066558
1413394991.055760 -0.176501 -0.649009 -0.380811 0.107597 0.103863 0.066451
1413394991.255760 -0.316514 -0.604459 -0.319288 0.107057 0.106021 0.066312
1413394991.405761 -0.409161 -0.530734 -0.257115 0.106045 0.107348 0.066238
1413394991.555760 -0.443147 -0.432314 -0.243745 0.104367 0.107583 0.066113
1413394991.705760 -0.513639 -0.348282 -0.162847 0.103568 0.107918 0.065977
1413394991.855760 -0.512863 -0.312050 -0.141360 0.103009 0.107415 0.065857
1413394992.055760 -0.421527 -0.286377 -0.156913 0.101674 0.105070 0.065701
1413394992.255760 -0.264901 -0.165762 -0.085051 0.100150 0.103193 0.065547
1413394992.455760 -0.171957 -0.012560  0.005912 0.098863 0.101949 0.065413
1413394992.605761 -0.180093  0.004292  0.033179 0.095800 0.100945 0.065304
1413394992.905761 -0.157610 -0.027861  0.014570 0.093468 0.098540 0.065181
1413394993.305761 -0.081777  0.027544 -0.329827 0.089978 0.094250 0.065231
1413394993.605761 -0.161714 -0.059618 -0.299573 0.088781 0.092032 0.065345
1413394993.855760 -0.173866 -0.084112 -0.450384 0.087900 0.090625 0.065452
1413394994.005760 -0.120545 -0.059984 -0.481349 0.087453 0.090108 0.065566
1413394994.155760 -0.018109 -0.031641 -0.341729 0.087808 0.090984 0.065705
