DelayedMarginalization 0.00135616 5.58506e-08 0.0019479 1346
DelayedMarginalizationOnly 0.000644392 3.50034e-08 0.000986303 1346
EF-marginalizeFrame 0.00193488 8.6939e-08 0.00263535 1346
FullSystem::trackNewCoarse 0.00419905 1.02842e-06 0.0128072 2671
FullSystem::trackNewCoarseNoIMU 0.00232838 2.06737e-05 0.0503732 114
FullSystemOptimize 0.0518342 0.000110047 0.0970228 1352
GraphUnrolling 0.00417833 3.43691e-05 0.0128041 4
IMUInitAddPose 2.78277e-05 1.19735e-11 6.0388e-05 1352
IMUInitOptimize 0.00231151 1.2741e-07 0.0025639 2
IMUIntegration::finishKeyframeOperations 7.64951e-05 1.92617e-10 0.00014727 1345
InitializerFirstFrame 0.0344904 -nan 0.0344904 1
InitializerOtherFrames 0.0560415 9.73105e-05 0.0763399 33
MainMarginalization 0.00168984 6.96479e-08 0.00233146 1346
MarginalizationReplacementBuildGraph 0.000683209 1.33485e-07 0.000941555 2
MarginalizationReplacementReplaceGraph 0.00794924 4.95401e-05 0.0129262 2
MarginalizeMainGraph 0.000710974 1.05671e-08 0.00111827 1346
PGBA 0.0250841 0.000191892 0.0348794 2
PGBAFull 0.0132787 0.00029302 0.0364777 4
PrepareGraphForMainOptimization 0.00422699 3.46843e-05 0.0128903 4
VisualMarginalization 5.20294e-05 4.51177e-11 9.0134e-05 1346
activatePointsMT 0.00429447 2.1425e-06 0.0150061 1352
addActiveFrame 0.0568524 0.00206788 0.180315 2819
addIMUData 0.000840077 3.3196e-08 0.001535 2671
addIMUDataToBA 4.4378e-05 2.25967e-10 0.000109755 2818
addKeyframeToBA 3.89204e-05 2.56275e-11 0.000108027 1352
afterCoarseTracking 8.21563e-06 1.5138e-08 0.00310916 2785
baIteration 0.00822567 2.59995e-06 0.0160418 7495
baMatrixInversion 0.000322483 7.80969e-09 0.000752898 7495
baUpdateBuildHessians 0.000716002 1.96603e-08 0.00356436 7495
coarseTrackingIteration 0.000245495 7.82293e-09 0.00340256 32786
computeBAUpdate 0.00115945 6.25862e-08 0.00406577 7495
computeCoarseUpdate 0.000120874 1.07257e-09 0.00333876 30257
computeFactorForCoarseGraphAndMarginalCovariances 0.00538885 1.33957e-06 0.00935028 1345
convertHAndBFromDSO 0.000223292 9.12041e-09 0.000746493 12884
debugPlot 1.26759e-07 1.60357e-15 3.61e-07 1352
debugPlotIDepthMap 0.0049186 9.98852e-07 0.0105032 1352
debugPlotIDepthMapFloat 3.01584e-07 2.7303e-15 5.74e-07 1352
deliverTrackedFrame 0.0492493 0.00206389 0.173404 2786
flagFramesForMarginalization 1.90983e-06 1.92166e-13 3.196e-06 1352
fullCoarseTracking 0.00506564 2.27506e-06 0.0504233 2785
initObjectsAndMakeImage 0.00250278 9.73371e-08 0.00415677 2819
makeKeyframe 0.0934459 0.000262197 0.172309 1352
makeKeyframeChangeTrackingRef 0.00883122 2.94634e-06 0.0158269 1352
makeNewTraces 0.00768968 1.42688e-06 0.0150911 1352
makeNonKeyframe 0.00545605 4.09454e-06 0.00966618 1434
marginalizeAndRemovePoints 0.00546011 3.1722e-06 0.0178689 1352
marginalizeFrame 0.00363693 3.25383e-07 0.00700933 1346
marginalizeFrameOverhead 0.00169866 1.46858e-07 0.00489428 1346
marginalizeFrames 0.00363295 7.2471e-07 0.00941908 1352
newFrameAndNewResidualsForOldPoints 0.00122413 8.13583e-08 0.00250263 1352
printBiases 3.99225e-05 1.40185e-10 0.000277378 1352
printEigenValLine 1.40956e-07 7.56699e-16 4.15e-07 1352
printLogLine 2.22223e-07 9.30344e-14 1.1327e-05 1352
publishInMakeKeyframe 0.000406143 4.38732e-09 0.00136739 1352
removeOutliers 0.000337592 8.87396e-09 0.000831991 1352
swapTrackingRef 2.59434e-05 1.13276e-11 4.5035e-05 1352
timeMeasurement 8.1967e-07 3.00494e-14 1.586e-06 2819
traceNewCoarse 0.0045465 3.79315e-06 0.00965075 2786
updateBAValues 8.30869e-06 5.5102e-12 3.9046e-05 12438
zero 1.18799e-07 3.27783e-16 4.15e-07 2819
