1520530315.599645 1.446525 0.406798
1520530315.749639 1.412144 0.240409
1520530315.899643 1.445273 0.194881
1520530316.049648 1.374454 0.189104
1520530316.150223 1.369607 0.201361
1520530316.300227 1.373274 0.186119
1520530316.450231 1.370458 0.176152
1520530316.650280 1.372754 0.171845
1520530316.850286 1.372473 0.168705
1520530316.999775 1.386629 0.161284
1520530317.149779 1.416334 0.149350
1520530317.299784 1.416315 0.125814
1520530317.449747 1.395247 0.112476
1520530317.649755 1.391027 0.104154
1520530317.750237 1.377647 0.099566
1520530317.900242 1.372445 0.102202
1520530318.050246 1.365915 0.100975
1520530318.200769 1.377613 0.100630
1520530318.350774 1.375651 0.098373
1520530318.500778 1.383102 0.095137
1520530318.650568 1.386677 0.092069
1520530318.800573 1.392965 0.089775
1520530318.950577 1.403256 0.087875
1520530319.049958 1.418584 0.086164
1520530319.149961 1.417066 0.078244
1520530319.299965 1.409886 0.072093
1520530319.449833 1.403139 0.067530
1520530319.549837 1.403569 0.065752
1520530319.699841 1.398216 0.064375
1520530319.800341 1.390635 0.064027
1520530319.900344 1.390018 0.065711
1520530320.000347 1.386061 0.064268
1520530320.100350 1.387432 0.062474
1520530320.200401 1.390460 0.061212
1520530320.300404 1.393203 0.060257
1520530320.450408 1.393735 0.059356
1520530320.599869 1.392556 0.058043
1520530320.649871 1.396932 0.057488
1520530320.799876 1.400060 0.055295
1520530320.949880 1.402207 0.052669
1520530321.099742 1.398373 0.050682
1520530321.199745 1.395754 0.049859
1520530321.299749 1.390736 0.048706
1520530321.449856 1.389016 0.047291
1520530321.599860 1.391100 0.046172
1520530321.699863 1.392153 0.045559
1520530321.850152 1.398912 0.044994
1520530322.000157 1.402630 0.044043
1520530322.150162 1.404418 0.043214
1520530322.300208 1.401468 0.042933
1520530322.500215 1.401875 0.042834
1520530322.650023 1.406136 0.042509
1520530322.750027 1.407786 0.042086
1520530322.950033 1.405088 0.041062
1520530323.100074 1.402919 0.040353
1520530323.250079 1.404291 0.040001
1520530323.400084 1.407328 0.039312
1520530323.500345 1.407996 0.038331
1520530323.600348 1.410778 0.037332
1520530323.700351 1.408104 0.036663
1520530323.850356 1.409079 0.036082
1520530323.950154 1.409269 0.035862
1520530324.100159 1.409470 0.035605
1520530324.200162 1.410608 0.035359
1520530324.299908 1.416628 0.035078
1520530324.399911 1.417839 0.034806
1520530324.499994 1.416654 0.034473
1520530324.599917 1.415113 0.034174
1520530324.700018 1.414724 0.033846
1520530324.850023 1.414472 0.033637
1520530325.000028 1.414298 0.033537
1520530325.100816 1.411598 0.033409
1520530325.300822 1.408909 0.032933
1520530325.500828 1.415401 0.032262
1520530325.700918 1.413782 0.031159
1520530325.850922 1.410272 0.030690
1520530326.000543 1.408396 0.030326
1520530326.150548 1.406093 0.030000
1520530326.350204 1.405061 0.029657
1520530326.500209 1.402372 0.029392
1520530326.650213 1.401328 0.029312
1520530326.800428 1.402501 0.029263
1520530327.000434 1.401102 0.028655
1520530327.150431 1.403120 0.028135
1520530327.300436 1.403134 0.027710
1520530327.450441 1.403218 0.027392
1520530327.550090 1.403432 0.027189
1520530327.650103 1.403487 0.026889
1520530327.750096 1.404502 0.026690
1520530327.800097 1.406634 0.026617
1520530327.900100 1.405153 0.026497
1520530328.000280 1.404605 0.026326
1520530328.100283 1.404747 0.026221
1520530328.300290 1.404231 0.026001
1520530328.350291 1.406173 0.025985
1520530328.450338 1.405923 0.025919
1520530328.550342 1.406625 0.025900
1520530328.650346 1.406347 0.025883
1520530328.750348 1.406129 0.025853
1520530328.850087 1.406922 0.025792
1520530329.000092 1.407697 0.025625
1520530329.100095 1.408457 0.025462
1520530329.200044 1.407858 0.025277
1520530329.300047 1.407610 0.025077
1520530329.400050 1.407450 0.024847
1520530329.600097 1.406837 0.024538
1520530329.700100 1.406940 0.024448
1520530329.800104 1.407178 0.024387
1520530329.900107 1.407224 0.024342
1520530330.000110 1.407416 0.024258
1520530330.050161 1.407995 0.024202
1520530330.150164 1.407948 0.024024
1520530330.250167 1.409237 0.023770
1520530330.300169 1.409944 0.023621
1520530330.400172 1.409827 0.023349
1520530330.450787 1.408870 0.023235
1520530330.550790 1.408552 0.023108
1520530330.650793 1.408504 0.023064
1520530330.700795 1.409287 0.023059
1520530330.800798 1.409052 0.023016
1520530330.850367 1.408409 0.022980
1520530330.950279 1.407801 0.022864
1520530331.050282 1.407777 0.022758
1520530331.150285 1.408973 0.022681
1520530331.250735 1.410016 0.022626
1520530331.350738 1.408713 0.022584
1520530331.450741 1.408889 0.022562
1520530331.500743 1.408959 0.022555
1520530331.600746 1.408377 0.022522
1520530331.650479 1.408874 0.022495
1520530331.750483 1.408818 0.022319
1520530331.850486 1.408314 0.022046
1520530331.900488 1.407974 0.021870
1520530332.000491 1.408261 0.021568
1520530332.100388 1.408483 0.021328
1520530332.200392 1.409292 0.021152
1520530332.300399 1.408646 0.021017
1520530332.400401 1.408568 0.020956
1520530332.500483 1.408287 0.020927
1520530332.600486 1.408073 0.020928
1520530332.650488 1.408158 0.020919
1520530332.750491 1.408569 0.020886
1520530332.850494 1.409610 0.020818
1520530332.950166 1.410495 0.020738
1520530333.050169 1.410838 0.020683
1520530333.150173 1.411194 0.020649
1520530333.250175 1.411942 0.020614
1520530333.300608 1.411741 0.020573
1520530333.400612 1.412148 0.020507
1520530333.500615 1.411914 0.020462
1520530333.650619 1.411973 0.020457
1520530333.750542 1.412474 0.020437
1520530333.800544 1.412409 0.020434
1520530333.900547 1.412381 0.020429
1520530333.950549 1.412282 0.020426
1520530334.050551 1.412813 0.020375
1520530334.150218 1.413824 0.020240
1520530334.250221 1.414414 0.020112
1520530334.300222 1.414579 0.020063
1520530334.400225 1.414893 0.019973
1520530334.500228 1.414918 0.019907
1520530334.600088 1.415052 0.019860
1520530334.700091 1.415564 0.019825
1520530334.800094 1.416075 0.019792
1520530334.900097 1.416085 0.019751
1520530334.950928 1.416089 0.019731
1520530335.050931 1.416112 0.019704
1520530335.150934 1.415128 0.019691
1520530335.250937 1.415103 0.019673
1520530335.351457 1.415108 0.019662
1520530335.451459 1.415043 0.019653
1520530335.551462 1.415126 0.019642
1520530335.651465 1.414780 0.019629
1520530335.750223 1.414906 0.019624
1520530335.850226 1.415513 0.019613
1520530335.950229 1.415945 0.019597
1520530336.000230 1.415817 0.019582
1520530336.100233 1.416229 0.019561
1520530336.200179 1.416150 0.019537
1520530336.300182 1.416871 0.019505
1520530336.400185 1.417792 0.019451
1520530336.500188 1.418538 0.019366
1520530336.550582 1.418927 0.019329
1520530336.650586 1.419358 0.019265
1520530336.750588 1.420103 0.019229
1520530336.850591 1.420527 0.019200
1520530336.950594 1.420626 0.019184
1520530337.050259 1.420954 0.019163
1520530337.150262 1.421706 0.019138
1520530337.250265 1.422204 0.019117
1520530337.350269 1.422137 0.019117
1520530337.450303 1.422481 0.019102
1520530337.550306 1.422523 0.019087
1520530337.650309 1.423215 0.019055
1520530337.750312 1.423753 0.018993
1520530337.850855 1.424432 0.018910
1520530337.950858 1.425114 0.018838
1520530338.050862 1.425089 0.018768
1520530338.150864 1.424691 0.018725
1520530338.250473 1.423814 0.018683
1520530338.350476 1.423320 0.018658
1520530338.450479 1.423262 0.018639
1520530338.550482 1.422920 0.018622
1520530338.650261 1.423029 0.018603
1520530338.750266 1.423328 0.018580
1520530338.850267 1.422862 0.018551
1520530338.950270 1.422941 0.018531
1520530339.050959 1.422714 0.018502
1520530339.100960 1.422694 0.018486
1520530339.200963 1.423000 0.018468
1520530339.300966 1.422912 0.018451
1520530339.400970 1.422571 0.018444
1520530339.501689 1.422208 0.018439
1520530339.601692 1.422094 0.018431
1520530339.701695 1.422214 0.018410
1520530339.751697 1.422455 0.018406
1520530339.851056 1.422748 0.018385
1520530339.901057 1.422855 0.018374
1520530340.001061 1.423050 0.018347
1520530340.101063 1.423262 0.018326
1520530340.201067 1.423997 0.018303
1520530340.300397 1.423979 0.018270
1520530340.400400 1.424068 0.018232
1520530340.500403 1.424317 0.018207
1520530340.600406 1.424692 0.018180
1520530340.700348 1.424508 0.018163
1520530340.850353 1.424454 0.018149
1520530341.050774 1.425222 0.018139
1520530341.300782 1.426018 0.018114
1520530341.500713 1.425717 0.018109
1520530341.750720 1.425610 0.018096
1520530341.900542 1.425315 0.018082
1520530342.050546 1.425230 0.018064
1520530342.150549 1.425205 0.018053
1520530342.250553 1.425862 0.018036
1520530342.400676 1.426043 0.017998
1520530342.500679 1.426135 0.017979
1520530342.650684 1.425848 0.017943
1520530342.800646 1.425647 0.017889
1520530342.950651 1.425685 0.017815
1520530343.000653 1.425303 0.017775
1520530343.101131 1.425107 0.017696
1520530343.201134 1.425463 0.017609
1520530343.301138 1.424975 0.017497
1520530343.401141 1.425133 0.017401
1520530343.501404 1.424917 0.017285
1520530343.601407 1.425043 0.017166
1520530343.701410 1.426503 0.017044
1520530343.801413 1.427398 0.016895
1520530343.901416 1.427806 0.016745
1520530344.001403 1.427901 0.016590
1520530344.101406 1.428075 0.016434
1520530344.201410 1.428167 0.016293
1520530344.301413 1.427124 0.016134
1520530344.401411 1.426884 0.016036
1520530344.451412 1.426887 0.015983
1520530344.551415 1.426716 0.015868
1520530344.651418 1.426723 0.015767
1520530344.751636 1.426511 0.015658
1520530344.851639 1.426608 0.015584
1520530344.951642 1.426972 0.015515
1520530345.051645 1.427056 0.015440
1520530345.151845 1.427127 0.015371
1520530345.251745 1.427244 0.015313
1520530345.351748 1.427369 0.015261
1520530345.451751 1.427560 0.015217
1520530345.551195 1.427161 0.015169
1520530345.651198 1.427343 0.015141
1520530345.751201 1.427007 0.015097
1520530345.851204 1.426790 0.015077
1520530345.901206 1.426964 0.015064
1520530346.001475 1.427099 0.015038
1520530346.051476 1.426824 0.015026
1520530346.151479 1.427137 0.015007
1520530346.251483 1.427533 0.014988
1520530346.301485 1.427620 0.014976
1520530346.401376 1.427682 0.014956
1520530346.501379 1.427416 0.014945
1520530346.601382 1.427246 0.014938
1520530346.651383 1.427053 0.014928
1520530346.751386 1.427042 0.014917
1520530346.851546 1.427361 0.014910
1520530346.951549 1.427334 0.014898
1520530347.051553 1.426933 0.014885
1520530347.151556 1.426886 0.014884
1520530347.201400 1.427095 0.014881
1520530347.301403 1.427080 0.014878
1520530347.401407 1.427058 0.014871
1520530347.451408 1.427094 0.014868
1520530347.551411 1.426950 0.014862
1520530347.651220 1.426649 0.014860
1520530347.751223 1.426466 0.014856
1520530347.851226 1.426563 0.014852
1520530347.951229 1.426551 0.014850
1520530348.051164 1.426543 0.014844
1520530348.151168 1.426450 0.014842
1520530348.251170 1.426463 0.014842
1520530348.351173 1.426418 0.014840
1520530348.451416 1.426596 0.014833
1520530348.551419 1.426424 0.014835
1520530348.651423 1.426285 0.014836
1520530348.701425 1.426308 0.014836
1520530348.801428 1.426408 0.014833
1520530348.851315 1.426458 0.014833
1520530348.951318 1.426360 0.014832
1520530349.001320 1.426446 0.014832
1520530349.101323 1.426594 0.014832
1520530349.201326 1.426666 0.014831
1520530349.301107 1.426675 0.014830
1520530349.401110 1.426637 0.014830
1520530349.451112 1.426565 0.014828
1520530349.551115 1.426550 0.014828
1520530349.650935 1.426567 0.014829
1520530349.750943 1.426559 0.014828
1520530349.800940 1.426554 0.014827
1520530349.900986 1.426532 0.014827
1520530350.000946 1.426572 0.014826
1520530350.051376 1.426585 0.014825
1520530350.151379 1.426584 0.014826
1520530350.201381 1.426499 0.014825
1520530350.301384 1.426521 0.014824
1520530350.401387 1.426530 0.014823
1520530350.501516 1.426604 0.014822
1520530350.551518 1.426555 0.014822
1520530350.651521 1.426709 0.014822
1520530350.751524 1.426741 0.014820
1520530350.851527 1.426720 0.014819
1520530350.951573 1.426672 0.014818
1520530351.051576 1.426673 0.014817
1520530351.151579 1.426724 0.014815
1520530351.251582 1.426727 0.014815
1520530351.351680 1.426755 0.014814
1520530351.451683 1.426779 0.014813
1520530351.551686 1.426796 0.014813
1520530351.651689 1.426675 0.014811
1520530351.751696 1.426762 0.014809
1520530351.851700 1.426829 0.014807
1520530351.951703 1.426793 0.014807
1520530352.051706 1.426683 0.014806
1520530352.151806 1.426616 0.014805
1520530352.251809 1.426679 0.014803
1520530352.351812 1.426754 0.014804
1520530352.451816 1.426674 0.014803
1520530352.551471 1.426981 0.014802
1520530352.651474 1.426730 0.014799
1520530352.751477 1.426659 0.014801
1520530352.851480 1.426947 0.014797
1520530352.901098 1.426679 0.014797
1520530353.001101 1.426653 0.014799
1520530353.101208 1.426587 0.014797
1520530353.201107 1.426572 0.014797
1520530353.301110 1.426599 0.014797
1520530353.351398 1.426421 0.014797
1520530353.451401 1.426379 0.014793
1520530353.501402 1.426315 0.014796
1520530353.601405 1.426401 0.014795
1520530353.701408 1.426956 0.014790
1520530353.801738 1.426541 0.014794
1520530353.901741 1.426263 0.014791
1520530354.001744 1.426048 0.014793
1520530354.101747 1.426161 0.014787
1520530354.201897 1.426354 0.014792
1520530354.301900 1.426226 0.014791
1520530354.351902 1.426120 0.014791
1520530354.451905 1.426086 0.014791
1520530354.551594 1.426133 0.014790
1520530354.651595 1.426227 0.014790
1520530354.701596 1.426340 0.014789
1520530354.801599 1.426448 0.014789
1520530354.951359 1.426544 0.014788
1520530355.051362 1.426404 0.014787
1520530355.151365 1.426337 0.014786
1520530355.251368 1.426280 0.014787
1520530355.351371 1.426335 0.014786
1520530355.451408 1.426317 0.014786
1520530355.551411 1.426290 0.014785
1520530355.651416 1.426172 0.014783
1520530355.751418 1.426162 0.014784
1520530355.851533 1.426197 0.014785
1520530355.951536 1.426288 0.014783
1520530356.051539 1.426401 0.014784
1520530356.151542 1.426271 0.014783
1520530356.201376 1.426223 0.014783
1520530356.301379 1.426157 0.014783
1520530356.351380 1.426348 0.014781
1520530356.451383 1.426570 0.014782
1520530356.551386 1.426382 0.014783
1520530356.651234 1.426320 0.014783
1520530356.701236 1.426293 0.014782
1520530356.801239 1.426207 0.014781
1520530356.851240 1.426253 0.014781
1520530356.951243 1.426368 0.014781
1520530357.051154 1.426375 0.014780
1520530357.151157 1.426340 0.014781
1520530357.251160 1.426285 0.014780
1520530357.351164 1.426289 0.014779
1520530357.401658 1.426324 0.014780
1520530357.501662 1.426314 0.014780
1520530357.551663 1.426235 0.014780
1520530357.651666 1.426204 0.014780
1520530357.751669 1.426236 0.014780
1520530357.851585 1.426266 0.014777
1520530357.951560 1.426253 0.014779
1520530358.001562 1.426254 0.014779
1520530358.151567 1.426199 0.014779
1520530358.251625 1.426131 0.014778
1520530358.351628 1.426140 0.014778
1520530358.451631 1.426200 0.014777
1520530358.551634 1.426217 0.014778
1520530358.651798 1.426202 0.014778
1520530358.751801 1.426232 0.014778
1520530358.851805 1.426297 0.014777
1520530358.951808 1.426358 0.014777
1520530359.051806 1.426377 0.014776
1520530359.151809 1.426370 0.014777
1520530359.251812 1.426383 0.014775
1520530359.351815 1.426380 0.014775
1520530359.451919 1.426336 0.014776
1520530359.551871 1.426474 0.014775
1520530359.651874 1.426395 0.014775
1520530359.751878 1.426345 0.014775
1520530359.851881 1.426300 0.014775
1520530359.951828 1.426466 0.014775
1520530360.051831 1.426583 0.014775
1520530360.151834 1.426804 0.014773
1520530360.251837 1.426821 0.014774
1520530360.301316 1.426831 0.014772
1520530360.401319 1.426551 0.014774
1520530360.451321 1.426630 0.014774
1520530360.551324 1.426709 0.014773
1520530360.651327 1.426732 0.014773
1520530360.750980 1.426713 0.014773
1520530360.850983 1.426695 0.014770
1520530360.950988 1.426809 0.014773
1520530361.051064 1.427457 0.014766
1520530361.151045 1.427135 0.014771
1520530361.251048 1.426964 0.014772
1520530361.351051 1.427099 0.014772
1520530361.451055 1.427010 0.014772
1520530361.501690 1.426795 0.014771
1520530361.601693 1.426727 0.014770
1520530361.701696 1.426814 0.014767
1520530361.801700 1.426843 0.014771
1520530361.851701 1.426867 0.014772
1520530361.951941 1.426992 0.014772
1520530362.001942 1.427084 0.014771
1520530362.101945 1.427133 0.014771
1520530362.201949 1.427309 0.014771
1520530362.301951 1.427284 0.014771
1520530362.401625 1.427446 0.014770
1520530362.501628 1.427668 0.014770
1520530362.601631 1.427744 0.014769
1520530362.701634 1.427767 0.014767
1520530362.801366 1.427762 0.014769
1520530362.901369 1.427712 0.014769
1520530363.001372 1.427718 0.014768
1520530363.101375 1.427700 0.014768
1520530363.201651 1.427742 0.014766
1520530363.301654 1.427742 0.014767
1520530363.401658 1.427910 0.014766
1520530363.501661 1.427815 0.014767
1520530363.601746 1.427905 0.014767
1520530363.651748 1.427780 0.014767
1520530363.751751 1.428093 0.014767
1520530363.851754 1.428267 0.014767
1520530363.901756 1.428008 0.014766
1520530364.001782 1.427935 0.014766
1520530364.051784 1.427501 0.014765
1520530364.151786 1.427881 0.014764
1520530364.201788 1.428676 0.014753
1520530364.301791 1.428390 0.014760
1520530364.351792 1.428225 0.014763
1520530364.451854 1.428117 0.014761
1520530364.551858 1.428068 0.014763
1520530364.601859 1.427934 0.014765
1520530364.701862 1.427955 0.014765
1520530364.802376 1.427947 0.014766
1520530364.902379 1.427977 0.014765
1520530365.002383 1.427918 0.014766
1520530365.102386 1.427914 0.014766
1520530365.201844 1.427975 0.014767
1520530365.301847 1.427933 0.014765
1520530365.401850 1.428006 0.014766
1520530365.501853 1.428062 0.014767
1520530365.551855 1.428002 0.014765
1520530365.651537 1.427997 0.014764
1520530365.751540 1.427955 0.014764
1520530365.851543 1.427882 0.014764
1520530365.951546 1.427883 0.014764
1520530366.051908 1.427925 0.014764
1520530366.101910 1.427870 0.014764
1520530366.201913 1.427865 0.014765
1520530366.251915 1.427884 0.014764
1520530366.351918 1.427935 0.014763
1520530366.402120 1.427850 0.014763
1520530366.502124 1.427868 0.014763
1520530366.602127 1.427920 0.014763
1520530366.702130 1.427911 0.014764
1520530366.802133 1.427980 0.014763
1520530366.902167 1.427982 0.014763
1520530367.002170 1.427924 0.014764
1520530367.052172 1.427975 0.014763
1520530367.152175 1.427927 0.014763
1520530367.252540 1.427980 0.014763
1520530367.352543 1.427978 0.014763
1520530367.452546 1.427943 0.014763
1520530367.552549 1.427892 0.014763
1520530367.652264 1.427870 0.014763
1520530367.752267 1.428029 0.014764
1520530367.852271 1.428020 0.014764
1520530367.952274 1.428032 0.014762
1520530368.052124 1.427967 0.014762
1520530368.152127 1.427903 0.014763
1520530368.252130 1.427940 0.014762
1520530368.352134 1.427852 0.014763
1520530368.402135 1.427764 0.014762
1520530368.502050 1.427921 0.014763
1520530368.552051 1.427939 0.014763
1520530368.652054 1.427959 0.014762
1520530368.702056 1.428173 0.014758
1520530368.802058 1.428122 0.014761
1520530368.901391 1.428183 0.014760
1520530368.951392 1.428092 0.014761
1520530369.051395 1.427861 0.014762
1520530369.101397 1.427814 0.014762
1520530369.201400 1.427712 0.014762
1520530369.251401 1.427878 0.014762
1520530369.351538 1.427825 0.014762
1520530369.451542 1.428066 0.014763
1520530369.551545 1.428087 0.014762
1520530369.601546 1.428084 0.014762
1520530369.701896 1.428086 0.014762
1520530369.801900 1.427976 0.014762
1520530369.901903 1.428053 0.014762
1520530370.051908 1.428063 0.014762
1520530370.201933 1.428026 0.014761
1520530370.351937 1.428078 0.014762
1520530370.501883 1.428189 0.014762
1520530370.701889 1.428149 0.014762
1520530370.901941 1.428188 0.014762
1520530371.051946 1.428112 0.014762
1520530371.151949 1.428178 0.014757
1520530371.301953 1.428211 0.014758
1520530371.401953 1.428253 0.014745
1520530371.501956 1.428267 0.014760
1520530371.651961 1.428208 0.014762
1520530371.801961 1.428117 0.014760
1520530371.901964 1.428059 0.014760
1520530372.001968 1.428075 0.014760
1520530372.101971 1.428084 0.014756
1520530372.201977 1.428116 0.014757
1520530372.351961 1.428247 0.014761
1520530372.501966 1.428333 0.014761
1520530372.601958 1.428266 0.014761
1520530372.701961 1.428154 0.014760
1520530372.801964 1.428038 0.014759
1520530372.901967 1.428199 0.014759
1520530373.001619 1.428078 0.014761
1520530373.151624 1.428211 0.014761
1520530373.251627 1.428262 0.014761
1520530373.351457 1.428153 0.014760
1520530373.401458 1.428010 0.014761
1520530373.501461 1.427847 0.014760
1520530373.551463 1.427846 0.014759
1520530373.651466 1.427899 0.014760
1520530373.751469 1.428071 0.014761
1520530373.801615 1.428139 0.014761
1520530373.901585 1.428102 0.014761
1520530374.001588 1.428139 0.014761
1520530374.101591 1.428135 0.014761
1520530374.201953 1.428057 0.014760
1520530374.301956 1.428131 0.014761
1520530374.401959 1.428169 0.014760
1520530374.501962 1.428191 0.014760
1520530374.652408 1.428357 0.014761
1520530374.802413 1.428224 0.014761
1520530374.902417 1.428217 0.014758
1520530375.002442 1.428296 0.014760
1520530375.102445 1.428484 0.014760
1520530375.202449 1.428294 0.014760
1520530375.302452 1.428325 0.014760
1520530375.402252 1.428167 0.014759
1520530375.502216 1.428219 0.014759
1520530375.602219 1.428314 0.014759
1520530375.702222 1.428336 0.014758
1520530375.752223 1.428223 0.014759
1520530375.852258 1.428124 0.014758
1520530375.902259 1.428037 0.014757
1520530376.002262 1.428132 0.014760
1520530376.102265 1.428329 0.014760
1520530376.202270 1.428431 0.014760
1520530376.251950 1.428333 0.014758
1520530376.351954 1.428367 0.014758
1520530376.451957 1.428416 0.014760
1520530376.501958 1.428396 0.014759
1520530376.601961 1.428482 0.014759
1520530376.702664 1.428559 0.014759
1520530376.752666 1.428507 0.014759
1520530376.852669 1.428461 0.014759
1520530376.902671 1.428348 0.014758
1520530377.002721 1.428413 0.014760
1520530377.102900 1.428317 0.014759
1520530377.202903 1.428322 0.014759
1520530377.302906 1.428410 0.014759
1520530377.402909 1.428580 0.014758
1520530377.451719 1.428496 0.014757
1520530377.551722 1.428476 0.014755
1520530377.651725 1.428415 0.014759
1520530377.751728 1.428081 0.014759
1520530377.851407 1.428503 0.014760
1520530377.901409 1.428582 0.014758
1520530378.001412 1.428498 0.014758
1520530378.101416 1.428469 0.014760
1520530378.201419 1.428549 0.014759
1520530378.251420 1.428575 0.014759
1520530378.351513 1.428534 0.014759
1520530378.451516 1.428510 0.014757
1520530378.501517 1.428537 0.014757
1520530378.601571 1.428604 0.014759
1520530378.651522 1.428559 0.014760
1520530378.752210 1.428623 0.014758
1520530378.802212 1.428530 0.014759
1520530378.902215 1.428476 0.014758
1520530379.002218 1.428527 0.014759
1520530379.102149 1.428504 0.014759
1520530379.202152 1.428488 0.014759
1520530379.302155 1.428425 0.014759
1520530379.402159 1.428469 0.014759
1520530379.501850 1.428436 0.014759
1520530379.601853 1.428421 0.014759
1520530379.701856 1.428407 0.014759
1520530379.801860 1.428427 0.014759
1520530379.901824 1.428379 0.014759
1520530380.001827 1.428387 0.014759
1520530380.101830 1.428361 0.014759
1520530380.201888 1.428566 0.014759
1520530380.301736 1.428468 0.014759
1520530380.402163 1.428470 0.014758
1520530380.502165 1.428576 0.014758
1520530380.602168 1.428633 0.014758
1520530380.652170 1.428578 0.014758
1520530380.752135 1.428742 0.014759
1520530380.852138 1.428516 0.014758
1520530380.952141 1.428501 0.014758
1520530381.002143 1.428397 0.014757
1520530381.102146 1.428441 0.014758
1520530381.152048 1.428539 0.014757
1520530381.252051 1.428521 0.014759
1520530381.352054 1.428413 0.014758
1520530381.452057 1.428343 0.014758
1520530381.552262 1.428356 0.014759
1520530381.652265 1.428374 0.014759
1520530381.752268 1.428397 0.014759
1520530381.852271 1.428409 0.014759
1520530381.952332 1.428403 0.014759
1520530382.052335 1.428386 0.014759
1520530382.152338 1.428413 0.014759
1520530382.252342 1.428435 0.014759
1520530382.352159 1.428501 0.014759
1520530382.452162 1.428486 0.014759
1520530382.552165 1.428465 0.014759
1520530382.652168 1.428450 0.014759
1520530382.752171 1.428520 0.014759
1520530382.902248 1.428463 0.014759
1520530383.052252 1.428390 0.014759
1520530383.202206 1.428457 0.014759
1520530383.302209 1.428445 0.014758
1520530383.402267 1.428495 0.014759
1520530383.502216 1.428470 0.014759
1520530383.602472 1.428484 0.014759
1520530383.702475 1.428562 0.014758
1520530383.802478 1.428591 0.014757
1520530383.902481 1.428592 0.014758
1520530384.002530 1.428636 0.014759
1520530384.102533 1.428862 0.014759
1520530384.202536 1.429094 0.014759
1520530384.252537 1.429022 0.014758
1520530384.352541 1.428963 0.014757
1520530384.452434 1.428583 0.014757
1520530384.552437 1.428467 0.014758
1520530384.652440 1.428475 0.014758
1520530384.752443 1.428741 0.014757
1520530384.852858 1.428661 0.014757
1520530384.902860 1.428585 0.014758
1520530385.002916 1.428679 0.014758
1520530385.052864 1.428663 0.014758
1520530385.152867 1.428638 0.014758
1520530385.202869 1.428557 0.014758
1520530385.302707 1.428644 0.014758
1520530385.352709 1.428644 0.014758
1520530385.452712 1.428614 0.014758
1520530385.502713 1.428602 0.014757
1520530385.602716 1.428457 0.014758
1520530385.702487 1.428593 0.014759
1520530385.802491 1.428577 0.014758
1520530385.852492 1.428560 0.014758
1520530385.952497 1.428578 0.014758
1520530386.002497 1.428540 0.014758
1520530386.102546 1.428501 0.014758
1520530386.202549 1.428574 0.014758
1520530386.302552 1.428543 0.014758
1520530386.402554 1.428519 0.014758
1520530386.502760 1.428579 0.014759
1520530386.602814 1.428553 0.014758
1520530386.702766 1.428506 0.014758
1520530386.802769 1.428490 0.014758
1520530386.902676 1.428476 0.014758
1520530387.002679 1.428448 0.014758
1520530387.102682 1.428473 0.014758
1520530387.202685 1.428520 0.014758
1520530387.252606 1.428542 0.014758
1520530387.352609 1.428468 0.014758
1520530387.402611 1.428401 0.014757
1520530387.502614 1.428458 0.014757
1520530387.602617 1.428617 0.014758
1520530387.652619 1.428648 0.014758
1520530387.752459 1.428578 0.014759
1520530387.802460 1.428456 0.014758
1520530387.902463 1.428506 0.014758
1520530387.952465 1.428522 0.014758
1520530388.052468 1.428532 0.014757
1520530388.102494 1.428509 0.014758
1520530388.202544 1.428551 0.014757
1520530388.252499 1.428453 0.014758
1520530388.352502 1.428439 0.014757
1520530388.452505 1.428465 0.014758
1520530388.552854 1.428500 0.014758
1520530388.702858 1.428476 0.014758
1520530388.802861 1.428497 0.014759
1520530388.902233 1.428487 0.014758
1520530388.952235 1.428430 0.014755
1520530389.052238 1.428427 0.014758
1520530389.152242 1.428459 0.014758
1520530389.252245 1.428391 0.014758
1520530389.352936 1.428446 0.014758
1520530389.452939 1.428550 0.014758
1520530389.552942 1.428499 0.014758
1520530389.602943 1.428185 0.014757
1520530389.702846 1.428143 0.014755
1520530389.753403 1.429223 0.014758
1520530389.853406 1.428762 0.014757
1520530389.903408 1.428633 0.014757
1520530390.003411 1.428561 0.014759
1520530390.053412 1.428512 0.014758
1520530390.152569 1.428455 0.014758
1520530390.202569 1.428438 0.014757
1520530390.302572 1.428522 0.014758
1520530390.352575 1.428454 0.014758
1520530390.452578 1.428408 0.014758
1520530390.502578 1.428403 0.014758
1520530390.603326 1.428512 0.014758
1520530390.653327 1.428486 0.014758
1520530390.753331 1.428472 0.014759
1520530390.803333 1.428408 0.014758
1520530390.903336 1.428391 0.014758
1520530391.003381 1.428412 0.014758
1520530391.053383 1.428440 0.014758
1520530391.153385 1.428442 0.014758
1520530391.253388 1.428455 0.014759
1520530391.352333 1.428554 0.014757
1520530391.452336 1.428553 0.014759
1520530391.552339 1.428462 0.014758
1520530391.652342 1.428429 0.014758
1520530391.752424 1.428378 0.014758
1520530391.852427 1.428365 0.014758
1520530391.952430 1.428384 0.014758
1520530392.052433 1.428534 0.014758
1520530392.102435 1.428488 0.014757
1520530392.203142 1.429000 0.014759
1520530392.253143 1.428649 0.014757
1520530392.353147 1.428510 0.014758
1520530392.403148 1.428472 0.014757
1520530392.503151 1.428353 0.014758
1520530392.602235 1.428274 0.014757
1520530392.652236 1.427712 0.014757
1520530392.752239 1.427994 0.014758
1520530392.852242 1.428357 0.014758
1520530392.902243 1.428400 0.014758
1520530393.002174 1.428294 0.014758
1520530393.102156 1.428424 0.014755
1520530393.202159 1.428422 0.014758
1520530393.302161 1.428524 0.014758
1520530393.402921 1.428717 0.014759
1520530393.502924 1.428714 0.014760
1520530393.552926 1.428589 0.014759
1520530393.652929 1.428484 0.014758
1520530393.702931 1.428464 0.014757
1520530393.802958 1.428588 0.014758
1520530393.902961 1.428678 0.014758
1520530394.052965 1.428965 0.014741
1520530394.152969 1.428632 0.014759
1520530394.202165 1.428641 0.014750
1520530394.302169 1.428471 0.014758
1520530394.402172 1.428310 0.014758
1520530394.502175 1.428343 0.014758
1520530394.602189 1.428293 0.014757
1520530394.652876 1.428305 0.014757
1520530394.752879 1.428419 0.014754
1520530394.852882 1.428386 0.014758
1520530394.952885 1.428375 0.014758
1520530395.053731 1.428635 0.014758
1520530395.153734 1.428556 0.014759
1520530395.253737 1.428631 0.014760
1520530395.353740 1.428492 0.014759
1520530395.452705 1.428597 0.014757
1520530395.502707 1.428472 0.014756
1520530395.602710 1.428436 0.014759
1520530395.702713 1.428454 0.014759
1520530395.802716 1.428469 0.014758
1520530395.903079 1.428587 0.014759
1520530396.003083 1.428569 0.014759
1520530396.103085 1.428524 0.014758
1520530396.203089 1.428468 0.014759
1520530396.303237 1.428451 0.014759
1520530396.353238 1.428397 0.014758
1520530396.453241 1.428401 0.014757
1520530396.553244 1.428401 0.014758
1520530396.603246 1.428391 0.014758
1520530396.703145 1.428420 0.014758
1520530396.803148 1.428379 0.014758
1520530396.903152 1.428383 0.014758
1520530397.003155 1.428336 0.014758
1520530397.102782 1.428453 0.014758
1520530397.202785 1.428360 0.014758
1520530397.302788 1.428329 0.014757
1520530397.402791 1.428427 0.014758
1520530397.502304 1.428374 0.014758
1520530397.602308 1.428460 0.014758
1520530397.702310 1.428335 0.014757
1520530397.802315 1.428271 0.014756
1520530397.852315 1.428424 0.014757
1520530397.952586 1.428390 0.014758
1520530398.052589 1.428396 0.014758
1520530398.152592 1.428365 0.014758
1520530398.252596 1.428305 0.014758
1520530398.303365 1.427954 0.014759
1520530398.403368 1.428566 0.014759
1520530398.453370 1.428642 0.014759
1520530398.553373 1.428687 0.014758
1520530398.603375 1.428620 0.014760
1520530398.703221 1.428592 0.014759
1520530398.753223 1.428281 0.014758
1520530398.853226 1.428223 0.014758
1520530398.903227 1.428235 0.014758
1520530399.003230 1.428218 0.014757
1520530399.053232 1.428262 0.014757
1520530399.152330 1.428489 0.014750
1520530399.202332 1.428221 0.014746
1520530399.302335 1.428343 0.014758
1520530399.352336 1.428190 0.014757
1520530399.452339 1.428388 0.014758
1520530399.502341 1.428375 0.014757
1520530399.603008 1.428490 0.014757
1520530399.703011 1.428527 0.014756
1520530399.803014 1.428498 0.014758
1520530399.903017 1.428484 0.014758
1520530399.953275 1.428358 0.014758
1520530400.053278 1.428365 0.014758
1520530400.103279 1.428218 0.014758
1520530400.203283 1.428369 0.014758
1520530400.303286 1.428402 0.014759
1520530400.352494 1.428352 0.014757
1520530400.452498 1.428374 0.014758
1520530400.502500 1.428790 0.014756
1520530400.602502 1.428394 0.014757
1520530400.702505 1.428407 0.014757
1520530400.802292 1.428410 0.014755
1520530400.852294 1.428368 0.014756
1520530400.952297 1.428183 0.014755
1520530401.052300 1.428370 0.014757
1520530401.152303 1.428426 0.014757
1520530401.202755 1.428430 0.014757
1520530401.302758 1.428421 0.014757
1520530401.352759 1.428508 0.014758
1520530401.452763 1.428457 0.014758
1520530401.502764 1.428418 0.014758
1520530401.603037 1.428472 0.014758
1520530401.703041 1.428432 0.014758
1520530401.753042 1.428520 0.014757
1520530401.853045 1.428533 0.014758
1520530401.903047 1.428449 0.014758
1520530402.002281 1.428374 0.014758
1520530402.052283 1.428358 0.014758
1520530402.152286 1.428369 0.014758
1520530402.202287 1.428376 0.014758
1520530402.302290 1.428380 0.014758
1520530402.352292 1.428370 0.014758
1520530402.452569 1.428365 0.014757
1520530402.502571 1.428363 0.014757
1520530402.602574 1.428325 0.014758
1520530402.702577 1.428385 0.014758
1520530402.803416 1.428312 0.014758
1520530402.853417 1.428179 0.014755
1520530402.953420 1.428309 0.014758
1520530403.003422 1.428384 0.014758
1520530403.103425 1.428543 0.014758
1520530403.153427 1.428476 0.014758
1520530403.252935 1.428426 0.014758
1520530403.352938 1.428888 0.014757
1520530403.402940 1.428404 0.014758
1520530403.502943 1.428219 0.014758
1520530403.552945 1.428128 0.014757
1520530403.652254 1.428357 0.014758
1520530403.702256 1.428361 0.014755
1520530403.802258 1.428384 0.014757
1520530403.852261 1.428332 0.014757
1520530403.952263 1.428310 0.014758
1520530404.052745 1.428786 0.014757
1520530404.102746 1.428467 0.014758
1520530404.202749 1.428426 0.014758
1520530404.302752 1.428426 0.014758
1520530404.402755 1.428353 0.014756
1520530404.453112 1.428347 0.014757
1520530404.553115 1.428405 0.014758
1520530404.653119 1.428434 0.014758
1520530404.703120 1.428381 0.014758
1520530404.803123 1.428408 0.014758
1520530404.852642 1.428327 0.014758
1520530404.952645 1.428314 0.014758
1520530405.002647 1.428391 0.014758
1520530405.102650 1.428360 0.014758
1520530405.202653 1.428335 0.014757
1520530405.252327 1.428339 0.014757
1520530405.352331 1.428383 0.014758
1520530405.402333 1.428399 0.014758
1520530405.502335 1.428373 0.014758
1520530405.552337 1.428458 0.014758
1520530405.652792 1.428510 0.014757
1520530405.702792 1.428444 0.014754
1520530405.802797 1.428393 0.014758
1520530405.852855 1.428313 0.014756
1520530405.952801 1.428333 0.014758
1520530406.052804 1.428342 0.014758
1520530406.103570 1.428387 0.014758
1520530406.203573 1.428438 0.014758
1520530406.253574 1.428414 0.014758
1520530406.353577 1.428516 0.014759
1520530406.403579 1.428463 0.014758
1520530406.503485 1.428574 0.014758
1520530406.603489 1.428632 0.014757
1520530406.703492 1.428688 0.014758
1520530406.803495 1.428624 0.014758
1520530406.902692 1.428551 0.014758
1520530406.952693 1.428333 0.014757
1520530407.052696 1.428246 0.014756
1520530407.102698 1.428222 0.014758
1520530407.202701 1.428327 0.014758
1520530407.252702 1.428726 0.014755
1520530407.353185 1.428591 0.014758
1520530407.403187 1.428389 0.014757
1520530407.503190 1.428020 0.014758
1520530407.553191 1.428456 0.014757
1520530407.653194 1.428389 0.014758
1520530407.703510 1.428340 0.014757
1520530407.803513 1.428428 0.014757
1520530407.853515 1.428428 0.014757
1520530407.953518 1.428421 0.014758
1520530408.003519 1.428398 0.014758
1520530408.103522 1.428403 0.014757
1520530408.153603 1.428467 0.014757
1520530408.253606 1.428385 0.014757
1520530408.353609 1.428371 0.014757
1520530408.453613 1.428376 0.014757
1520530408.553374 1.428345 0.014758
1520530408.653377 1.428264 0.014756
1520530408.753380 1.428247 0.014756
1520530408.853383 1.428249 0.014756
1520530408.952878 1.428366 0.014757
1520530409.002880 1.428398 0.014756
1520530409.102883 1.428308 0.014757
1520530409.202886 1.428260 0.014755
1520530409.302889 1.428329 0.014755
1520530409.402904 1.428560 0.014757
1520530409.502907 1.428490 0.014757
1520530409.602910 1.429485 0.014757
1520530409.702913 1.429081 0.014756
1520530409.802656 1.428772 0.014757
1520530409.902659 1.428368 0.014756
1520530410.002662 1.428431 0.014748
1520530410.102666 1.428517 0.014748
1520530410.153223 1.428510 0.014756
1520530410.253226 1.428450 0.014756
1520530410.353231 1.428451 0.014757
1520530410.453232 1.428431 0.014758
1520530410.553235 1.428374 0.014756
1520530410.653876 1.428385 0.014758
1520530410.753879 1.428307 0.014758
1520530410.853882 1.428339 0.014758
1520530410.953885 1.428454 0.014758
1520530411.053420 1.428427 0.014757
1520530411.153423 1.428428 0.014756
1520530411.303427 1.428486 0.014757
1520530411.403009 1.428461 0.014757
1520530411.453010 1.428456 0.014755
1520530411.553013 1.428419 0.014757
1520530411.653017 1.428390 0.014757
1520530411.753020 1.428435 0.014757
1520530411.852907 1.428397 0.014756
1520530411.902909 1.428379 0.014757
1520530412.002912 1.428383 0.014758
1520530412.052913 1.428364 0.014757
1520530412.152916 1.428362 0.014757
1520530412.203416 1.428367 0.014756
1520530412.303419 1.428386 0.014757
1520530412.353420 1.428391 0.014757
1520530412.453423 1.428469 0.014757
1520530412.553426 1.428475 0.014757
1520530412.653630 1.428546 0.014757
1520530412.753633 1.428405 0.014757
1520530412.853636 1.428466 0.014757
1520530412.903637 1.428387 0.014757
1520530413.003641 1.428407 0.014757
1520530413.053009 1.428360 0.014754
1520530413.153012 1.428429 0.014756
1520530413.253016 1.428456 0.014757
1520530413.353019 1.428453 0.014756
1520530413.452940 1.428403 0.014757
1520530413.552943 1.428520 0.014756
1520530413.652946 1.428420 0.014756
1520530413.853107 1.428783 0.014736
1520530413.953110 1.428571 0.014753
1520530414.053113 1.428579 0.014757
1520530414.153116 1.428543 0.014756
1520530414.252894 1.428461 0.014757
1520530414.352897 1.428378 0.014756
1520530414.452900 1.428384 0.014757
1520530414.552903 1.428518 0.014757
1520530414.652705 1.428790 0.014756
1520530414.752708 1.428656 0.014755
1520530414.852712 1.428525 0.014754
1520530414.952715 1.428438 0.014756
1520530415.052718 1.428419 0.014756
1520530415.103195 1.428270 0.014755
1520530415.203199 1.428428 0.014756
1520530415.303202 1.428380 0.014755
1520530415.403205 1.428395 0.014757
1520530415.503115 1.428495 0.014755
1520530415.603071 1.428399 0.014756
1520530415.703074 1.428415 0.014756
1520530415.853079 1.428174 0.014748
1520530415.953363 1.428472 0.014752
1520530416.153369 1.428510 0.014756
1520530416.503381 1.428554 0.014755
1520530416.603384 1.428478 0.014754
1520530416.703272 1.428468 0.014756
1520530416.753274 1.428478 0.014756
1520530416.853277 1.428431 0.014756
1520530416.953280 1.428406 0.014753
1520530417.053283 1.428427 0.014754
1520530417.153371 1.428497 0.014753
1520530417.253374 1.428480 0.014756
1520530417.453381 1.428520 0.014756
1520530417.603465 1.428569 0.014757
1520530417.703468 1.428411 0.014757
1520530417.803472 1.428452 0.014757
1520530417.903475 1.428472 0.014756
1520530418.003458 1.428474 0.014756
1520530418.103461 1.428458 0.014756
1520530418.203465 1.428415 0.014757
1520530418.303468 1.428425 0.014757
1520530418.503435 1.428438 0.014757
1520530418.653440 1.428383 0.014757
1520530418.753343 1.428389 0.014757
1520530418.853346 1.428402 0.014756
1520530418.953350 1.428418 0.014756
1520530419.053353 1.428402 0.014752
1520530419.153533 1.428384 0.014755
1520530419.253536 1.428456 0.014753
1520530419.353539 1.428465 0.014757
1520530419.453542 1.428417 0.014757
1520530419.603729 1.428430 0.014757
1520530419.753734 1.428444 0.014757
1520530419.853738 1.428450 0.014757
1520530419.953740 1.428484 0.014756
1520530420.053599 1.428484 0.014756
1520530420.153602 1.428467 0.014757
1520530420.253605 1.428471 0.014757
1520530420.353608 1.428430 0.014756
1520530420.453700 1.428437 0.014757
1520530420.603705 1.428414 0.014757
1520530420.803356 1.428520 0.014755
1520530420.903359 1.428377 0.014757
1520530421.003363 1.428472 0.014755
1520530421.103366 1.428463 0.014755
1520530421.203429 1.428458 0.014757
1520530421.303432 1.428481 0.014758
1520530421.403435 1.428457 0.014757
1520530421.503439 1.428413 0.014757
1520530421.603611 1.428356 0.014756
1520530421.703614 1.428347 0.014756
1520530421.803617 1.428318 0.014757
1520530421.953693 1.428409 0.014757
1520530422.053472 1.428416 0.014757
1520530422.153476 1.428461 0.014757
1520530422.253479 1.428444 0.014756
1520530422.353482 1.428453 0.014757
1520530422.453395 1.428427 0.014756
1520530422.503396 1.428393 0.014757
1520530422.603400 1.428421 0.014756
1520530422.703403 1.428510 0.014757
1520530422.803406 1.428443 0.014757
1520530422.903583 1.428279 0.014756
1520530423.053588 1.428505 0.014757
1520530423.153591 1.428490 0.014757
1520530423.253316 1.428462 0.014757
1520530423.353319 1.428436 0.014757
1520530423.453322 1.428454 0.014757
1520530423.603327 1.428502 0.014757
1520530423.652983 1.428449 0.014755
1520530423.752986 1.428438 0.014756
1520530423.802988 1.428441 0.014756
1520530423.902991 1.428417 0.014757
1520530424.002994 1.428425 0.014756
1520530424.103253 1.428435 0.014754
1520530424.153255 1.428433 0.014755
1520530424.253258 1.428416 0.014757
1520530424.353261 1.428520 0.014736
1520530424.453264 1.428423 0.014752
1520530424.504722 1.428544 0.014758
1520530424.604726 1.428690 0.014758
1520530424.704729 1.428502 0.014757
1520530424.854733 1.428662 0.014520
1520530424.903374 1.428430 0.014484
1520530425.003378 1.428111 0.014737
1520530425.053379 1.427791 0.014738
1520530425.153383 1.427853 0.014737
1520530425.253385 1.429304 0.014668
1520530425.353734 1.428577 0.014716
1520530425.453737 1.428710 0.014755
1520530425.603741 1.428861 0.014757
1520530425.703675 1.428687 0.014750
1520530425.803679 1.428598 0.014757
1520530425.853680 1.428486 0.014756
1520530425.953683 1.428453 0.014756
1520530426.103474 1.428719 0.014757
1520530426.203477 1.428665 0.014756
1520530426.253478 1.428537 0.014756
1520530426.353481 1.428591 0.014756
1520530426.403483 1.428560 0.014757
1520530426.503486 1.428639 0.014756
1520530426.703556 1.428874 0.014757
1520530426.803559 1.428792 0.014757
1520530426.853560 1.428585 0.014755
1520530426.953598 1.428557 0.014751
1520530427.053602 1.428521 0.014756
1520530427.153605 1.428526 0.014756
1520530427.253608 1.428518 0.014756
1520530427.353592 1.428482 0.014756
1520530427.453595 1.428467 0.014756
1520530427.803679 1.428779 0.014755
1520530427.903683 1.428700 0.014757
1520530428.003686 1.428584 0.014756
1520530428.053687 1.428465 0.014754
1520530428.153535 1.428384 0.014755
1520530428.203537 1.428477 0.014753
1520530428.303540 1.428505 0.014756
1520530428.353542 1.428540 0.014756
1520530428.453544 1.428483 0.014756
1520530428.503546 1.428456 0.014756
1520530428.603452 1.428453 0.014756
1520530428.703455 1.428456 0.014757
1520530428.753457 1.428445 0.014757
1520530428.853460 1.428505 0.014757
1520530428.903461 1.428548 0.014757
1520530429.003444 1.428661 0.014757
1520530429.053445 1.428722 0.014757
1520530429.153448 1.428715 0.014756
1520530429.203450 1.428711 0.014757
1520530429.303453 1.428659 0.014757
1520530429.353455 1.428631 0.014757
1520530429.453553 1.428645 0.014756
1520530429.503555 1.428660 0.014756
1520530429.603558 1.428555 0.014757
1520530429.653559 1.428571 0.014757
1520530429.753562 1.428571 0.014756
1520530429.803622 1.428565 0.014755
1520530429.903625 1.428571 0.014756
1520530429.953626 1.428553 0.014757
1520530430.053629 1.428509 0.014757
1520530430.103631 1.428550 0.014757
1520530430.203344 1.428511 0.014756
1520530430.253346 1.428457 0.014756
1520530430.353349 1.428451 0.014757
1520530430.403350 1.428509 0.014757
1520530430.503353 1.428431 0.014757
1520530430.603527 1.428331 0.014757
1520530430.703530 1.428473 0.014756
1520530430.753532 1.428504 0.014757
1520530430.853534 1.428598 0.014757
1520530430.953538 1.428543 0.014757
1520530431.053698 1.428549 0.014756
1520530431.103700 1.428546 0.014757
1520530431.203703 1.428574 0.014757
1520530431.253704 1.428450 0.014757
1520530431.353708 1.428572 0.014757
1520530431.403709 1.428655 0.014756
1520530431.503564 1.428630 0.014757
1520530431.553565 1.428549 0.014757
1520530431.653568 1.428675 0.014757
1520530431.703570 1.428825 0.014757
1520530431.803573 1.428882 0.014757
1520530431.853524 1.428776 0.014757
1520530431.953527 1.428725 0.014757
1520530432.003529 1.428535 0.014756
1520530432.103532 1.428531 0.014757
1520530432.153533 1.428564 0.014754
1520530432.253696 1.428585 0.014756
1520530432.303698 1.428578 0.014757
1520530432.403701 1.428567 0.014757
1520530432.503704 1.428543 0.014756
1520530432.603708 1.428555 0.014757
1520530432.653548 1.428592 0.014757
1520530432.753551 1.428649 0.014755
1520530432.803553 1.428521 0.014757
1520530432.903556 1.428714 0.014757
1520530433.003559 1.429095 0.014756
1520530433.053690 1.429255 0.014756
1520530433.153693 1.429147 0.014756
1520530433.203694 1.428904 0.014757
1520530433.303697 1.428920 0.014756
1520530433.403700 1.428763 0.014756
1520530433.503793 1.428649 0.014756
1520530433.603796 1.428518 0.014757
1520530433.653798 1.428496 0.014757
1520530433.753801 1.428477 0.014757
1520530433.853804 1.428546 0.014757
1520530433.953632 1.428533 0.014756
1520530434.003634 1.428519 0.014757
1520530434.103637 1.428504 0.014756
1520530434.153638 1.428454 0.014757
1520530434.253642 1.428431 0.014757
1520530434.303478 1.428423 0.014757
1520530434.403481 1.428449 0.014756
1520530434.503485 1.428430 0.014756
1520530434.553486 1.428481 0.014756
1520530434.653489 1.428543 0.014756
1520530434.703655 1.428466 0.014755
1520530434.803658 1.428469 0.014756
1520530434.853723 1.428505 0.014755
1520530434.953663 1.428462 0.014756
1520530435.053667 1.428468 0.014756
1520530435.103796 1.428431 0.014756
1520530435.203799 1.428409 0.014756
1520530435.253801 1.428419 0.014756
1520530435.353804 1.428461 0.014756
1520530435.403806 1.428454 0.014756
1520530435.504086 1.428476 0.014756
1520530435.554088 1.428460 0.014756
1520530435.654091 1.428480 0.014756
1520530435.704092 1.428496 0.014755
1520530435.804096 1.428458 0.014756
1520530435.854097 1.428473 0.014756
1520530435.953835 1.428463 0.014756
1520530436.003837 1.428453 0.014755
1520530436.103839 1.428444 0.014756
1520530436.153841 1.428491 0.014756
1520530436.253844 1.428427 0.014756
1520530436.353956 1.428425 0.014756
1520530436.453978 1.428493 0.014756
1520530436.603963 1.428544 0.014756
1520530436.754031 1.428444 0.014756
1520530436.854034 1.428536 0.014756
1520530436.904035 1.428532 0.014756
1520530437.004039 1.428436 0.014756
1520530437.054040 1.428530 0.014755
1520530437.153533 1.428588 0.014755
1520530437.203536 1.428471 0.014754
1520530437.303539 1.428421 0.014756
1520530437.403543 1.428496 0.014756
1520530437.453545 1.428368 0.014755
1520530437.553870 1.428417 0.014756
1520530437.603872 1.428437 0.014756
1520530437.703875 1.428436 0.014756
1520530437.803878 1.428450 0.014756
1520530437.903881 1.428429 0.014756
1520530438.004481 1.428405 0.014756
1520530438.104484 1.428421 0.014756
1520530438.204487 1.428421 0.014757
1520530438.254489 1.428434 0.014756
1520530438.354492 1.428405 0.014756
1520530438.403621 1.428344 0.014754
1520530438.503624 1.428347 0.014756
1520530438.553626 1.428373 0.014756
1520530438.653629 1.428344 0.014756
1520530438.753632 1.428402 0.014756
1520530438.854392 1.428455 0.014755
1520530438.904392 1.428441 0.014756
1520530439.004395 1.428417 0.014757
1520530439.104398 1.428461 0.014757
1520530439.204654 1.428506 0.014757
1520530439.304657 1.428359 0.014756
1520530439.504663 1.428296 0.014756
1520530439.654178 1.428314 0.014756
1520530439.754182 1.428330 0.014756
1520530439.854185 1.428423 0.014756
1520530439.954188 1.428596 0.014756
1520530440.054101 1.428612 0.014756
1520530440.154104 1.428642 0.014756
1520530440.254107 1.428759 0.014756
1520530440.354110 1.428918 0.014755
1520530440.453977 1.429137 0.014754
1520530440.553980 1.429100 0.014755
1520530440.653984 1.428974 0.014756
1520530440.753987 1.428978 0.014756
1520530440.903872 1.428858 0.014756
1520530441.003875 1.428780 0.014756
1520530441.103878 1.428755 0.014756
1520530441.203881 1.428687 0.014756
1520530441.303927 1.428748 0.014756
1520530441.403893 1.428704 0.014756
1520530441.503896 1.428630 0.014756
1520530441.603899 1.428640 0.014756
1520530441.754086 1.428600 0.014756
1520530441.954092 1.428636 0.014757
1520530442.054030 1.428480 0.014756
1520530442.154034 1.428438 0.014756
1520530442.254038 1.428396 0.014756
1520530442.354040 1.428316 0.014753
1520530442.453714 1.428330 0.014752
1520530442.553717 1.428294 0.014753
1520530442.603719 1.428403 0.014747
1520530442.703722 1.428409 0.014755
1520530442.753723 1.428378 0.014755
1520530442.853726 1.428327 0.014755
1520530442.904376 1.428268 0.014755
1520530443.004379 1.428517 0.014755
1520530443.104382 1.428520 0.014755
1520530443.204385 1.428371 0.014756
1520530443.354468 1.428582 0.014756
1520530443.504473 1.428708 0.014756
1520530443.604476 1.428550 0.014755
1520530443.704013 1.428512 0.014754
1520530443.754014 1.428441 0.014754
1520530443.854018 1.428400 0.014756
1520530443.954022 1.428585 0.014755
1520530444.054024 1.428579 0.014754
1520530444.154403 1.428452 0.014755
1520530444.254406 1.428432 0.014756
1520530444.354410 1.428460 0.014755
1520530444.454413 1.428310 0.014755
1520530444.505161 1.428263 0.014756
1520530444.605164 1.428328 0.014757
1520530444.705167 1.428376 0.014756
1520530444.805170 1.428442 0.014756
1520530444.905173 1.428593 0.014757
1520530444.954962 1.428433 0.014755
1520530445.054965 1.428506 0.014757
1520530445.104967 1.428518 0.014755
1520530445.204970 1.428404 0.014756
1520530445.254971 1.428336 0.014756
1520530445.353892 1.428394 0.014757
1520530445.453896 1.428352 0.014756
1520530445.503898 1.428356 0.014756
1520530445.603900 1.428355 0.014756
1520530445.653902 1.428393 0.014756
1520530445.753751 1.428396 0.014755
1520530445.803752 1.428367 0.014755
1520530445.903755 1.428378 0.014756
1520530445.953757 1.428386 0.014756
1520530446.053761 1.428374 0.014756
1520530446.103761 1.428310 0.014756
1520530446.204900 1.428442 0.014757
1520530446.304903 1.428446 0.014757
1520530446.354905 1.428288 0.014755
1520530446.454908 1.428450 0.014756
1520530446.554783 1.428503 0.014756
1520530446.654786 1.428625 0.014755
1520530446.754789 1.428623 0.014754
1520530446.854792 1.428587 0.014754
1520530446.954330 1.428560 0.014755
1520530447.054334 1.428480 0.014754
1520530447.154337 1.428453 0.014755
1520530447.254340 1.428496 0.014755
1520530447.354343 1.428482 0.014755
1520530447.454125 1.428383 0.014756
1520530447.604130 1.428447 0.014746
1520530447.754142 1.428341 0.014756
1520530448.203885 1.428456 0.014756
1520530448.353889 1.428488 0.014754
