1413394889.855760  0.001761 -0.000549  0.000000 0.155342 0.129979 0.000000
1413394890.005760  0.001730 -0.000390  0.000000 0.156744 0.127670 0.000000
1413394890.305761  0.001944  0.000065 -0.000000 0.156758 0.125267 0.000000
1413394890.405761  0.002014 -0.000279  0.000000 0.155785 0.121539 0.000000
1413394890.505760  0.002147 -0.000295 -0.000000 0.154777 0.118908 0.000000
1413394890.655760  0.002255 -0.000335 -0.000000 0.153366 0.117944 0.000000
1413394890.905761  0.002278 -0.000157 -0.000000 0.151349 0.116205 0.000000
1413394891.005760  0.002247 -0.000225 -0.000000 0.151176 0.113812 0.000000
1413394891.105761  0.002286 -0.000266  0.000000 0.150484 0.112442 0.000000
1413394891.255760  0.002335 -0.000577 -0.000000 0.149932 0.112220 0.000000
1413394891.455760  0.002444 -0.000721 -0.000000 0.149738 0.110013 0.000000
1413394891.555760  0.002418 -0.000954 -0.000000 0.149252 0.106571 0.000000
1413394891.655760  0.002258 -0.000669  0.000000 0.148929 0.102858 0.000000
1413394891.805761  0.002141 -0.000677 -0.000000 0.148460 0.098124 0.000000
1413394891.955760  0.001991 -0.000614 -0.000000 0.149018 0.095459 0.000000
1413394892.105761  0.001965 -0.000575  0.000000 0.147755 0.094643 0.000000
1413394892.255760  0.002006 -0.000625 -0.000000 0.145056 0.094858 0.000000
1413394892.405761  0.001967 -0.000726  0.000000 0.140364 0.093650 0.000000
1413394892.555760  0.001841 -0.000650 -0.000000 0.130576 0.089300 0.000000
1413394892.705760  0.001664 -0.000412 -0.000000 0.114433 0.080420 0.000000
1413394892.755760  0.001565 -0.000093  0.000000 0.107578 0.076564 0.000000
1413394892.905761  0.001318  0.000075 -0.000000 0.083744 0.062069 0.000000
1413394893.005760  0.001117 -0.000066 -0.000000 0.067450 0.051357 0.000000
1413394893.105761  0.001013 -0.000176 -0.000000 0.052517 0.041332 0.000000
1413394893.255760  0.000806 -0.000173 -0.000000 0.034313 0.028692 0.000000
1413394893.355760  0.000608 -0.000198 -0.000000 0.025499 0.022301 0.000000
1413394893.505760  0.000463 -0.000400 -0.000000 0.016802 0.015492 0.000000
1413394893.655760  0.000473 -0.000625 -0.000000 0.011579 0.011032 0.000000
1413394893.805761  0.000546 -0.000739 -0.000000 0.008411 0.008208 0.000000
1413394893.955760  0.000710 -0.000803  0.000000 0.006476 0.006406 0.000000
1413394894.105761  0.000903 -0.000827  0.000000 0.005273 0.005219 0.000000
1413394894.205760  0.001095 -0.000790  0.000000 0.004716 0.004613 0.000000
1413394894.305761  0.001128 -0.000802  0.000000 0.004280 0.004109 0.000000
1413394894.405761  0.001118 -0.000830 -0.000000 0.003911 0.003653 0.000000
1413394894.505760  0.001073 -0.000952 -0.000000 0.003574 0.003232 0.000000
1413394894.605761  0.001196 -0.001207 -0.000000 0.003244 0.002806 0.000000
1413394894.705760  0.001220 -0.001299 -0.000000 0.002937 0.002463 0.000000
1413394894.805761  0.001468 -0.001552  0.000000 0.002651 0.002161 0.000000
1413394894.905761  0.001725 -0.001719  0.000000 0.002381 0.001901 0.000000
1413394895.005760  0.001962 -0.001772  0.000000 0.002143 0.001687 0.000000
1413394895.105761  0.002175 -0.001821  0.000000 0.001916 0.001500 0.000000
1413394895.205760  0.002509 -0.001876  0.000000 0.001716 0.001347 0.000000
1413394895.355760  0.002798 -0.002095  0.000000 0.001458 0.001161 0.000000
1413394895.455760  0.003114 -0.002247  0.000000 0.001315 0.001060 0.000000
1413394895.555760  0.003352 -0.002420  0.000000 0.001198 0.000978 0.000000
1413394895.655760  0.003642 -0.002670 -0.000000 0.001104 0.000911 0.000000
1413394895.755760  0.003774 -0.002873 -0.000000 0.001020 0.000853 0.000000
1413394895.855760  0.003777 -0.003028 -0.000000 0.000949 0.000804 0.000000
1413394895.955760  0.003721 -0.003227 -0.000000 0.000888 0.000762 0.000000
1413394896.055760  0.003655 -0.003414 -0.000000 0.000835 0.000725 0.000000
1413394896.205760  0.003653 -0.003594 -0.000000 0.000767 0.000677 0.000000
1413394896.305761  0.003679 -0.003726 -0.000000 0.000728 0.000649 0.000000
1413394896.455760  0.003840 -0.003974 -0.000000 0.000677 0.000613 0.000000
1413394896.605761  0.004221 -0.004206  0.000000 0.000634 0.000585 0.000000
1413394896.755760  0.004676 -0.004318  0.000000 0.000595 0.000559 0.000000
1413394896.955760  0.005158 -0.004437  0.000000 0.000553 0.000529 0.000000
1413394897.105761  0.005393 -0.004539  0.000000 0.000530 0.000512 0.000000
1413394897.205760  0.005581 -0.004617  0.000000 0.000518 0.000504 0.000000
1413394897.305761  0.005784 -0.004689  0.000000 0.000509 0.000496 0.000000
1413394897.355760  0.005828 -0.004650  0.000000 0.000497 0.000486 0.000000
1413394897.455760  0.005922 -0.004692  0.000000 0.000490 0.000481 0.000000
1413394897.505760  0.005977 -0.004745  0.000000 0.000487 0.000478 0.000000
1413394897.605761  0.006118 -0.004726  0.000000 0.000480 0.000473 0.000000
1413394897.655760  0.006261 -0.004671  0.000000 0.000477 0.000470 0.000000
1413394897.755760  0.006422 -0.004586  0.000000 0.000471 0.000466 0.000000
1413394897.805761  0.006485 -0.004587  0.000000 0.000468 0.000463 0.000000
1413394897.905761  0.006596 -0.004585  0.000000 0.000462 0.000459 0.000000
1413394898.005760  0.006704 -0.004599  0.000000 0.000457 0.000455 0.000000
1413394898.105761  0.006849 -0.004524  0.000000 0.000451 0.000450 0.000000
1413394898.205760  0.006956 -0.004529  0.000000 0.000445 0.000446 0.000000
1413394898.305761  0.007020 -0.004510  0.000000 0.000438 0.000442 0.000000
1413394898.405761  0.007007 -0.004484  0.000000 0.000431 0.000436 0.000000
1413394898.505760  0.006907 -0.004465 -0.000000 0.000424 0.000431 0.000000
1413394898.605761  0.006895 -0.004453  0.000000 0.000418 0.000426 0.000000
1413394898.755760  0.006922 -0.004414  0.000000 0.000409 0.000417 0.000000
1413394898.955760  0.006899 -0.004296  0.000000 0.000395 0.000404 0.000000
1413394899.205760  0.006617 -0.004161 -0.000000 0.000376 0.000386 0.000000
1413394899.455760  0.006543 -0.003832  0.000000 0.000361 0.000371 0.000000
1413394899.605761  0.006555 -0.003621  0.000000 0.000353 0.000364 0.000000
1413394899.755760  0.006536 -0.003462  0.000000 0.000346 0.000356 0.000000
1413394899.855760  0.006541 -0.003198  0.000000 0.000341 0.000352 0.000000
1413394899.955760  0.006645 -0.003115  0.000000 0.000336 0.000348 0.000000
1413394900.055760  0.006712 -0.003019  0.000000 0.000331 0.000344 0.000000
1413394900.155760  0.006758 -0.003002  0.000000 0.000326 0.000339 0.000000
1413394900.255760  0.006786 -0.002959  0.000000 0.000321 0.000335 0.000000
1413394900.355760  0.006803 -0.002885  0.000000 0.000317 0.000332 0.000000
1413394900.455760  0.006825 -0.002739  0.000000 0.000312 0.000328 0.000000
1413394900.605761  0.006825 -0.002510  0.000000 0.000304 0.000322 0.000000
1413394900.755760  0.006876 -0.002242  0.000000 0.000296 0.000316 0.000000
1413394900.855760  0.006970 -0.002076  0.000000 0.000290 0.000311 0.000000
1413394900.955760  0.007001 -0.001947  0.000000 0.000285 0.000307 0.000000
1413394901.055760  0.007022 -0.001842  0.000000 0.000279 0.000303 0.000000
1413394901.155760  0.007067 -0.001689  0.000000 0.000273 0.000298 0.000000
1413394901.205760  0.007076 -0.001632  0.000000 0.000270 0.000296 0.000000
1413394901.305761  0.007193 -0.001346  0.000000 0.000265 0.000291 0.000000
1413394901.355760  0.007241 -0.001215  0.000000 0.000262 0.000289 0.000000
1413394901.455760  0.007381 -0.000979  0.000000 0.000256 0.000284 0.000000
1413394901.555760  0.007531 -0.000822  0.000000 0.000251 0.000279 0.000000
1413394901.655760  0.007577 -0.000741  0.000000 0.000245 0.000274 0.000000
1413394901.755760  0.007650 -0.000574  0.000000 0.000239 0.000269 0.000000
1413394901.855760  0.007781 -0.000276  0.000000 0.000234 0.000264 0.000000
1413394901.955760  0.007841 -0.000136  0.000000 0.000228 0.000258 0.000000
1413394902.055760  0.007941 -0.000071  0.000000 0.000223 0.000253 0.000000
1413394902.155760 0.007983 0.000005 0.000000 0.000218 0.000249 0.000000
1413394902.255760 0.008149 0.000101 0.000000 0.000213 0.000244 0.000000
1413394902.355760 0.008339 0.000221 0.000000 0.000208 0.000239 0.000000
1413394902.455760 0.008427 0.000252 0.000000 0.000203 0.000235 0.000000
1413394902.555760  0.008560  0.000240 -0.000000 0.000199 0.000231 0.000000
1413394902.655760 0.008675 0.000245 0.000000 0.000195 0.000227 0.000000
1413394902.755760  0.008698  0.000190 -0.000000 0.000190 0.000223 0.000000
1413394902.855760  0.008786  0.000171 -0.000000 0.000186 0.000219 0.000000
1413394902.955760  0.008892  0.000188 -0.000000 0.000182 0.000216 0.000000
1413394903.155760 0.009081 0.000088 0.000000 0.000175 0.000210 0.000000
1413394903.355760  0.009205  0.000063 -0.000000 0.000168 0.000205 0.000000
1413394903.555760  0.009467 -0.000188 -0.000000 0.000163 0.000200 0.000000
1413394903.705760  0.009511 -0.000326 -0.000000 0.000159 0.000197 0.000000
1413394903.955760  0.009587 -0.000576 -0.000000 0.000154 0.000192 0.000000
1413394904.155760  0.009627 -0.000789 -0.000000 0.000151 0.000190 0.000000
1413394904.305761  0.009613 -0.000907 -0.000000 0.000149 0.000188 0.000000
1413394904.455760  0.009605 -0.000988 -0.000000 0.000147 0.000186 0.000000
1413394904.555760  0.009580 -0.001022 -0.000000 0.000146 0.000185 0.000000
1413394904.655760  0.009594 -0.001060 -0.000000 0.000145 0.000185 0.000000
1413394904.755760  0.009621 -0.001145 -0.000000 0.000144 0.000184 0.000000
1413394904.855760  0.009649 -0.001194 -0.000000 0.000143 0.000183 0.000000
1413394904.955760  0.009715 -0.001231 -0.000000 0.000142 0.000183 0.000000
1413394905.055760  0.009767 -0.001286 -0.000000 0.000142 0.000182 0.000000
1413394905.205760  0.009774 -0.001333  0.000000 0.000141 0.000182 0.000000
1413394905.305761  0.009753 -0.001339 -0.000000 0.000140 0.000182 0.000000
1413394905.355760  0.009744 -0.001345 -0.000000 0.000140 0.000182 0.000000
1413394905.455760  0.009747 -0.001372 -0.000000 0.000140 0.000181 0.000000
1413394905.555760  0.009736 -0.001394 -0.000000 0.000139 0.000181 0.000000
1413394905.705760  0.009788 -0.001422 -0.000000 0.000139 0.000181 0.000000
1413394905.805761  0.009852 -0.001433  0.000000 0.000139 0.000181 0.000000
1413394905.855760  0.009907 -0.001419  0.000000 0.000139 0.000181 0.000000
1413394905.955760  0.009950 -0.001420  0.000000 0.000139 0.000181 0.000000
1413394906.055760  0.009973 -0.001414  0.000000 0.000138 0.000181 0.000000
1413394906.105761  0.009976 -0.001411  0.000000 0.000138 0.000181 0.000000
1413394906.255760  0.010001 -0.001408  0.000000 0.000138 0.000181 0.000000
1413394906.355760  0.010031 -0.001389  0.000000 0.000138 0.000181 0.000000
1413394906.455760  0.010057 -0.001368  0.000000 0.000137 0.000181 0.000000
1413394906.555760  0.010074 -0.001356  0.000000 0.000137 0.000181 0.000000
1413394906.655760  0.010078 -0.001332  0.000000 0.000137 0.000181 0.000000
1413394906.755760  0.010082 -0.001316 -0.000000 0.000137 0.000181 0.000000
1413394906.855760  0.010109 -0.001311  0.000000 0.000137 0.000181 0.000000
1413394906.955760  0.010141 -0.001307  0.000000 0.000137 0.000181 0.000000
1413394907.055760  0.010141 -0.001275  0.000000 0.000137 0.000180 0.000000
1413394907.305761  0.010167 -0.001236  0.000000 0.000136 0.000180 0.000000
1413394907.405761  0.010164 -0.001217  0.000000 0.000136 0.000180 0.000000
1413394907.455760  0.010154 -0.001204  0.000000 0.000136 0.000180 0.000000
1413394907.555760  0.010157 -0.001187 -0.000000 0.000136 0.000180 0.000000
1413394907.655760  0.010163 -0.001165  0.000000 0.000136 0.000179 0.000000
1413394907.755760  0.010156 -0.001137  0.000000 0.000136 0.000179 0.000000
1413394907.855760  0.010139 -0.001091  0.000000 0.000136 0.000179 0.000000
1413394907.905761  0.010175 -0.001082  0.000000 0.000135 0.000179 0.000000
1413394908.005760  0.010185 -0.001092 -0.000000 0.000135 0.000179 0.000000
1413394908.105761  0.010205 -0.001084  0.000000 0.000135 0.000178 0.000000
1413394908.205760  0.010206 -0.001089 -0.000000 0.000135 0.000178 0.000000
1413394908.305761  0.010207 -0.001093  0.000000 0.000135 0.000178 0.000000
1413394908.355760  0.010217 -0.001054  0.000000 0.000135 0.000178 0.000000
1413394908.455760  0.010192 -0.001036 -0.000000 0.000134 0.000177 0.000000
1413394908.605761  0.010172 -0.001032 -0.000000 0.000134 0.000177 0.000000
1413394908.705760  0.010191 -0.001045 -0.000000 0.000134 0.000177 0.000000
1413394908.805761  0.010279 -0.001094 -0.000000 0.000134 0.000176 0.000000
1413394908.905761  0.010385 -0.001122 -0.000000 0.000133 0.000176 0.000000
1413394908.955760  0.010417 -0.001135  0.000000 0.000133 0.000176 0.000000
1413394909.105761  0.010490 -0.001169  0.000000 0.000133 0.000176 0.000000
1413394909.205760  0.010512 -0.001191 -0.000000 0.000133 0.000175 0.000000
1413394909.305761  0.010528 -0.001208 -0.000000 0.000133 0.000175 0.000000
1413394909.405761  0.010518 -0.001214 -0.000000 0.000133 0.000175 0.000000
1413394909.555760  0.010521 -0.001227 -0.000000 0.000132 0.000175 0.000000
1413394909.655760  0.010586 -0.001255  0.000000 0.000132 0.000174 0.000000
1413394909.755760  0.010604 -0.001261 -0.000000 0.000132 0.000174 0.000000
1413394909.855760  0.010603 -0.001287 -0.000000 0.000132 0.000174 0.000000
1413394910.055760  0.010650 -0.001294 -0.000000 0.000132 0.000173 0.000000
1413394910.155760  0.010646 -0.001298 -0.000000 0.000131 0.000173 0.000000
1413394910.255760  0.010659 -0.001314 -0.000000 0.000131 0.000173 0.000000
1413394910.355760  0.010650 -0.001312 -0.000000 0.000131 0.000173 0.000000
1413394910.555760  0.010686 -0.001338 -0.000000 0.000131 0.000172 0.000000
1413394910.655760  0.010676 -0.001343 -0.000000 0.000131 0.000172 0.000000
1413394910.755760  0.010661 -0.001348 -0.000000 0.000130 0.000172 0.000000
1413394910.855760  0.010667 -0.001345 -0.000000 0.000130 0.000171 0.000000
1413394911.005760  0.010672 -0.001337 -0.000000 0.000130 0.000171 0.000000
1413394911.105761  0.010697 -0.001341  0.000000 0.000130 0.000171 0.000000
1413394911.205760  0.010717 -0.001344 -0.000000 0.000130 0.000171 0.000000
1413394911.305761  0.010719 -0.001353 -0.000000 0.000130 0.000170 0.000000
1413394911.405761  0.010751 -0.001361  0.000000 0.000130 0.000170 0.000000
1413394911.505760  0.010748 -0.001386  0.000000 0.000129 0.000170 0.000000
1413394911.655760  0.010712 -0.001385  0.000000 0.000129 0.000170 0.000000
1413394911.755760  0.010669 -0.001376  0.000000 0.000129 0.000170 0.000000
1413394911.805761  0.010665 -0.001371  0.000000 0.000129 0.000170 0.000000
1413394911.905761  0.010681 -0.001396 -0.000000 0.000129 0.000169 0.000000
1413394912.055760  0.010713 -0.001424 -0.000000 0.000129 0.000169 0.000000
1413394912.155760  0.010722 -0.001437  0.000000 0.000129 0.000169 0.000000
1413394912.255760  0.010738 -0.001461  0.000000 0.000129 0.000169 0.000000
1413394912.405761  0.010778 -0.001486 -0.000000 0.000128 0.000169 0.000000
1413394912.555760  0.010759 -0.001512 -0.000000 0.000128 0.000168 0.000000
1413394912.655760  0.010727 -0.001509 -0.000000 0.000128 0.000168 0.000000
1413394912.755760  0.010712 -0.001526 -0.000000 0.000128 0.000168 0.000000
1413394912.905761  0.010687 -0.001562 -0.000000 0.000128 0.000168 0.000000
1413394913.105761  0.010670 -0.001590 -0.000000 0.000127 0.000167 0.000000
1413394913.305761  0.010667 -0.001631 -0.000000 0.000127 0.000167 0.000000
1413394913.455760  0.010665 -0.001657 -0.000000 0.000127 0.000167 0.000000
1413394913.605761  0.010673 -0.001689 -0.000000 0.000126 0.000166 0.000000
1413394913.755760  0.010690 -0.001717  0.000000 0.000126 0.000166 0.000000
1413394913.855760  0.010703 -0.001735 -0.000000 0.000126 0.000166 0.000000
1413394913.955760  0.010720 -0.001742  0.000000 0.000126 0.000166 0.000000
1413394914.055760  0.010723 -0.001729  0.000000 0.000126 0.000166 0.000000
1413394914.205760  0.010750 -0.001755 -0.000000 0.000126 0.000166 0.000000
1413394914.355760  0.010755 -0.001772  0.000000 0.000126 0.000166 0.000000
1413394914.455760  0.010758 -0.001780  0.000000 0.000126 0.000166 0.000000
1413394914.555760  0.010772 -0.001803  0.000000 0.000126 0.000166 0.000000
1413394914.655760  0.010746 -0.001801 -0.000000 0.000126 0.000165 0.000000
1413394914.755760  0.010742 -0.001797  0.000000 0.000125 0.000165 0.000000
1413394914.905761  0.010738 -0.001793  0.000000 0.000125 0.000165 0.000000
1413394915.055760  0.010732 -0.001790 -0.000000 0.000125 0.000165 0.000000
1413394915.205760  0.010740 -0.001810 -0.000000 0.000125 0.000165 0.000000
1413394915.305761  0.010744 -0.001809 -0.000000 0.000125 0.000165 0.000000
1413394915.405761  0.010752 -0.001805  0.000000 0.000125 0.000165 0.000000
1413394915.505760  0.010738 -0.001799 -0.000000 0.000125 0.000165 0.000000
1413394915.605761  0.010733 -0.001791  0.000000 0.000125 0.000165 0.000000
1413394915.655760  0.010738 -0.001792 -0.000000 0.000125 0.000165 0.000000
1413394915.755760  0.010722 -0.001791 -0.000000 0.000125 0.000165 0.000000
1413394915.855760  0.010717 -0.001794 -0.000000 0.000125 0.000165 0.000000
1413394915.955760  0.010698 -0.001776  0.000000 0.000125 0.000165 0.000000
1413394916.055760  0.010676 -0.001772  0.000000 0.000125 0.000165 0.000000
1413394916.155760  0.010668 -0.001784 -0.000000 0.000125 0.000165 0.000000
1413394916.255760  0.010627 -0.001778  0.000000 0.000124 0.000165 0.000000
1413394916.355760  0.010608 -0.001758  0.000000 0.000124 0.000164 0.000000
1413394916.455760  0.010604 -0.001737  0.000000 0.000124 0.000164 0.000000
1413394916.555760  0.010588 -0.001718  0.000000 0.000124 0.000164 0.000000
1413394916.655760  0.010575 -0.001723 -0.000000 0.000124 0.000164 0.000000
1413394916.755760  0.010608 -0.001717  0.000000 0.000123 0.000164 0.000000
1413394916.955760  0.010512 -0.001692  0.000000 0.000122 0.000163 0.000000
1413394917.055760  0.010510 -0.001678  0.000000 0.000122 0.000163 0.000000
1413394917.255760  0.010462 -0.001682  0.000000 0.000121 0.000162 0.000000
1413394917.455760  0.010416 -0.001741 -0.000000 0.000120 0.000161 0.000000
1413394917.655760  0.010378 -0.001742  0.000000 0.000120 0.000160 0.000000
1413394917.855760  0.010333 -0.001622  0.000000 0.000119 0.000159 0.000000
1413394917.955760  0.010283 -0.001551  0.000000 0.000118 0.000159 0.000000
1413394918.155760  0.010222 -0.001507  0.000000 0.000118 0.000158 0.000000
1413394918.255760  0.010180 -0.001468  0.000000 0.000117 0.000157 0.000000
1413394918.455760  0.010112 -0.001378  0.000000 0.000117 0.000156 0.000000
1413394918.555760  0.010062 -0.001337  0.000000 0.000116 0.000156 0.000000
1413394918.755760  0.009989 -0.001324 -0.000000 0.000116 0.000155 0.000000
1413394918.855760  0.009978 -0.001345 -0.000000 0.000115 0.000155 0.000000
1413394919.055760  0.009931 -0.001368 -0.000000 0.000115 0.000154 0.000000
1413394919.155760  0.009896 -0.001368  0.000000 0.000114 0.000153 0.000000
1413394919.355760  0.009871 -0.001438 -0.000000 0.000114 0.000153 0.000000
1413394919.455760  0.009866 -0.001472  0.000000 0.000114 0.000153 0.000000
1413394919.655760  0.009831 -0.001507 -0.000000 0.000113 0.000152 0.000000
1413394919.755760  0.009823 -0.001545 -0.000000 0.000113 0.000152 0.000000
1413394919.955760  0.009824 -0.001600 -0.000000 0.000113 0.000151 0.000000
1413394920.055760  0.009808 -0.001609 -0.000000 0.000112 0.000151 0.000000
1413394920.255760  0.009783 -0.001635 -0.000000 0.000112 0.000151 0.000000
1413394920.455760  0.009743 -0.001685  0.000000 0.000112 0.000150 0.000000
1413394920.655760  0.009690 -0.001685  0.000000 0.000112 0.000150 0.000000
1413394920.855760  0.009635 -0.001669  0.000000 0.000111 0.000149 0.000000
1413394921.055760  0.009597 -0.001693  0.000000 0.000111 0.000149 0.000000
1413394921.255760  0.009585 -0.001735 -0.000000 0.000111 0.000149 0.000000
1413394921.355760  0.009571 -0.001752  0.000000 0.000111 0.000148 0.000000
1413394921.555760  0.009518 -0.001763 -0.000000 0.000110 0.000148 0.000000
1413394921.755760  0.009472 -0.001772 -0.000000 0.000110 0.000148 0.000000
1413394921.855760  0.009437 -0.001766 -0.000000 0.000110 0.000148 0.000000
1413394922.055760  0.009377 -0.001731  0.000000 0.000110 0.000147 0.000000
1413394922.155760  0.009354 -0.001714  0.000000 0.000110 0.000147 0.000000
1413394922.355760  0.009314 -0.001676 -0.000000 0.000109 0.000147 0.000000
1413394922.455760  0.009285 -0.001654  0.000000 0.000109 0.000147 0.000000
1413394922.655760  0.009257 -0.001607  0.000000 0.000109 0.000147 0.000000
1413394922.755760  0.009257 -0.001586  0.000000 0.000109 0.000147 0.000000
1413394922.955760  0.009243 -0.001552 -0.000000 0.000109 0.000147 0.000000
1413394923.055760  0.009235 -0.001532 -0.000000 0.000109 0.000146 0.000000
1413394923.255760  0.009234 -0.001496 -0.000000 0.000109 0.000146 0.000000
1413394923.355760  0.009237 -0.001477  0.000000 0.000108 0.000146 0.000000
1413394923.555760  0.009215 -0.001445  0.000000 0.000108 0.000146 0.000000
1413394923.655760  0.009213 -0.001421  0.000000 0.000108 0.000146 0.000000
1413394923.855760  0.009192 -0.001378  0.000000 0.000108 0.000146 0.000000
1413394923.955760  0.009190 -0.001363 -0.000000 0.000108 0.000146 0.000000
1413394924.155760  0.009179 -0.001352  0.000000 0.000108 0.000145 0.000000
1413394924.255760  0.009148 -0.001317  0.000000 0.000108 0.000145 0.000000
1413394924.455760  0.009122 -0.001293  0.000000 0.000108 0.000145 0.000000
1413394924.555760  0.009112 -0.001291 -0.000000 0.000108 0.000145 0.000000
1413394924.755760  0.009124 -0.001296  0.000000 0.000107 0.000145 0.000000
1413394924.855760  0.009111 -0.001282 -0.000000 0.000107 0.000145 0.000000
1413394925.005760  0.009094 -0.001267 -0.000000 0.000107 0.000145 0.000000
1413394925.155760  0.009075 -0.001250 -0.000000 0.000107 0.000145 0.000000
1413394925.305761  0.009101 -0.001261  0.000000 0.000107 0.000144 0.000000
1413394925.505760  0.009086 -0.001248 -0.000000 0.000107 0.000144 0.000000
1413394925.605761  0.009064 -0.001227 -0.000000 0.000107 0.000144 0.000000
1413394925.755760  0.009062 -0.001217 -0.000000 0.000107 0.000144 0.000000
1413394925.905761  0.009062 -0.001210 -0.000000 0.000107 0.000144 0.000000
1413394926.055760  0.009085 -0.001237 -0.000000 0.000107 0.000144 0.000000
1413394926.205760  0.009079 -0.001232  0.000000 0.000107 0.000143 0.000000
1413394926.355760  0.009081 -0.001236 -0.000000 0.000107 0.000143 0.000000
1413394926.505760  0.009088 -0.001240  0.000000 0.000107 0.000143 0.000000
1413394926.605761  0.009105 -0.001252 -0.000000 0.000107 0.000143 0.000000
1413394926.705760  0.009086 -0.001241  0.000000 0.000107 0.000143 0.000000
1413394926.805761  0.009067 -0.001231 -0.000000 0.000107 0.000143 0.000000
1413394926.905761  0.009057 -0.001236  0.000000 0.000106 0.000143 0.000000
1413394927.005760  0.009069 -0.001251 -0.000000 0.000106 0.000143 0.000000
1413394927.105761  0.009064 -0.001235  0.000000 0.000106 0.000142 0.000000
1413394927.205760  0.009066 -0.001231 -0.000000 0.000106 0.000142 0.000000
1413394927.355760  0.009063 -0.001221 -0.000000 0.000106 0.000142 0.000000
1413394927.505760  0.009056 -0.001196  0.000000 0.000106 0.000142 0.000000
1413394927.605761  0.009054 -0.001189  0.000000 0.000106 0.000142 0.000000
1413394927.705760  0.009049 -0.001187 -0.000000 0.000106 0.000142 0.000000
1413394927.805761  0.009044 -0.001190 -0.000000 0.000106 0.000142 0.000000
1413394927.905761  0.009046 -0.001191 -0.000000 0.000106 0.000142 0.000000
1413394928.005760  0.009047 -0.001188  0.000000 0.000106 0.000141 0.000000
1413394928.155760  0.009047 -0.001186 -0.000000 0.000105 0.000141 0.000000
1413394928.305761  0.009048 -0.001183 -0.000000 0.000105 0.000141 0.000000
1413394928.455760  0.009048 -0.001182 -0.000000 0.000105 0.000141 0.000000
1413394928.605761  0.009067 -0.001201 -0.000000 0.000105 0.000141 0.000000
1413394928.805761  0.009075 -0.001222 -0.000000 0.000105 0.000141 0.000000
1413394929.005760  0.009080 -0.001234 -0.000000 0.000105 0.000141 0.000000
1413394929.205760  0.009081 -0.001256 -0.000000 0.000105 0.000140 0.000000
1413394929.405761  0.009071 -0.001245 -0.000000 0.000105 0.000140 0.000000
1413394929.605761  0.009055 -0.001240  0.000000 0.000105 0.000140 0.000000
1413394929.855760  0.009031 -0.001234 -0.000000 0.000105 0.000140 0.000000
1413394930.055760  0.009010 -0.001220 -0.000000 0.000104 0.000140 0.000000
1413394930.255760  0.009017 -0.001228 -0.000000 0.000104 0.000140 0.000000
1413394930.405761  0.009015 -0.001227  0.000000 0.000104 0.000140 0.000000
1413394930.505760  0.008998 -0.001215 -0.000000 0.000104 0.000140 0.000000
1413394930.605761  0.009002 -0.001215 -0.000000 0.000104 0.000140 0.000000
1413394930.705760  0.008973 -0.001203 -0.000000 0.000104 0.000140 0.000000
1413394930.855760  0.008957 -0.001204 -0.000000 0.000104 0.000140 0.000000
1413394930.955760  0.008951 -0.001185 -0.000000 0.000104 0.000140 0.000000
1413394931.005760  0.008962 -0.001180 -0.000000 0.000104 0.000140 0.000000
1413394931.155760  0.008978 -0.001192 -0.000000 0.000104 0.000140 0.000000
1413394931.355760  0.008980 -0.001184  0.000000 0.000104 0.000140 0.000000
1413394931.505760  0.008989 -0.001168  0.000000 0.000104 0.000140 0.000000
1413394931.655760  0.008978 -0.001150  0.000000 0.000104 0.000140 0.000000
1413394931.855760  0.008958 -0.001116  0.000000 0.000104 0.000140 0.000000
1413394932.005760  0.008954 -0.001109 -0.000000 0.000104 0.000140 0.000000
1413394932.105761  0.008947 -0.001092  0.000000 0.000104 0.000140 0.000000
1413394932.205760  0.008952 -0.001114  0.000000 0.000104 0.000139 0.000000
1413394932.305761  0.008954 -0.001097  0.000000 0.000104 0.000139 0.000000
1413394932.405761  0.008971 -0.001081  0.000000 0.000104 0.000139 0.000000
1413394932.505760  0.008961 -0.001064  0.000000 0.000104 0.000139 0.000000
1413394932.655760  0.008961 -0.001065  0.000000 0.000104 0.000139 0.000000
1413394932.805761  0.008957 -0.001061 -0.000000 0.000104 0.000139 0.000000
1413394932.955760  0.008960 -0.001050  0.000000 0.000104 0.000139 0.000000
1413394933.105761  0.008956 -0.001037  0.000000 0.000104 0.000139 0.000000
1413394933.255760  0.008968 -0.001006  0.000000 0.000103 0.000139 0.000000
1413394933.405761  0.009003 -0.001005 -0.000000 0.000103 0.000139 0.000000
1413394933.555760  0.009017 -0.001021 -0.000000 0.000103 0.000139 0.000000
1413394933.705760  0.009011 -0.001042  0.000000 0.000103 0.000139 0.000000
1413394933.855760  0.009026 -0.001046  0.000000 0.000103 0.000139 0.000000
1413394934.005760  0.009018 -0.001056 -0.000000 0.000103 0.000139 0.000000
1413394934.155760  0.009016 -0.001061 -0.000000 0.000103 0.000139 0.000000
1413394934.255760  0.009009 -0.001060 -0.000000 0.000103 0.000139 0.000000
1413394934.355760  0.009003 -0.001071 -0.000000 0.000103 0.000139 0.000000
1413394934.455760  0.009009 -0.001067 -0.000000 0.000102 0.000138 0.000000
1413394934.555760  0.009002 -0.001068 -0.000000 0.000102 0.000138 0.000000
1413394934.655760  0.008996 -0.001066 -0.000000 0.000102 0.000138 0.000000
1413394934.805761  0.009002 -0.001090  0.000000 0.000102 0.000138 0.000000
1413394935.055760  0.009014 -0.001130  0.000000 0.000102 0.000138 0.000000
1413394935.305761  0.009016 -0.001138 -0.000000 0.000101 0.000138 0.000000
1413394935.505760  0.009028 -0.001153  0.000000 0.000101 0.000138 0.000000
1413394935.655760  0.009031 -0.001164 -0.000000 0.000101 0.000137 0.000000
1413394935.905761  0.009034 -0.001174  0.000000 0.000101 0.000137 0.000000
1413394936.105761  0.009045 -0.001175 -0.000000 0.000100 0.000137 0.000000
1413394936.255760  0.009041 -0.001196 -0.000000 0.000100 0.000137 0.000000
1413394936.405761  0.009049 -0.001211 -0.000000 0.000100 0.000137 0.000000
1413394936.605761  0.009062 -0.001232 -0.000000 0.000100 0.000137 0.000000
1413394936.705760  0.009058 -0.001250 -0.000000 0.000100 0.000137 0.000000
1413394936.905761  0.009046 -0.001282 -0.000000 0.000099 0.000136 0.000000
1413394937.005760  0.009034 -0.001293 -0.000000 0.000099 0.000136 0.000000
1413394937.205760  0.008983 -0.001318  0.000000 0.000099 0.000136 0.000000
1413394937.305761  0.008978 -0.001333  0.000000 0.000099 0.000136 0.000000
1413394937.455760  0.008972 -0.001369 -0.000000 0.000099 0.000136 0.000000
1413394937.555760  0.008983 -0.001396 -0.000000 0.000099 0.000136 0.000000
1413394937.755760  0.008989 -0.001444 -0.000000 0.000099 0.000135 0.000000
1413394937.955760  0.008979 -0.001504 -0.000000 0.000099 0.000135 0.000000
1413394938.055760  0.008956 -0.001533 -0.000000 0.000098 0.000135 0.000000
1413394938.255760  0.008934 -0.001573 -0.000000 0.000098 0.000135 0.000000
1413394938.355760  0.008932 -0.001588 -0.000000 0.000098 0.000135 0.000000
1413394938.555760  0.008910 -0.001609 -0.000000 0.000098 0.000135 0.000000
1413394938.655760  0.008891 -0.001609  0.000000 0.000098 0.000135 0.000000
1413394938.855760  0.008862 -0.001605 -0.000000 0.000098 0.000134 0.000000
1413394938.955760  0.008848 -0.001611 -0.000000 0.000098 0.000134 0.000000
1413394939.155760  0.008835 -0.001626  0.000000 0.000097 0.000134 0.000000
1413394939.255760  0.008849 -0.001626  0.000000 0.000097 0.000134 0.000000
1413394939.455760  0.008808 -0.001663 -0.000000 0.000097 0.000134 0.000000
1413394939.555760  0.008807 -0.001670 -0.000000 0.000097 0.000134 0.000000
1413394939.755760  0.008826 -0.001692  0.000000 0.000097 0.000134 0.000000
1413394939.855760  0.008821 -0.001689  0.000000 0.000097 0.000134 0.000000
1413394940.055760  0.008801 -0.001700 -0.000000 0.000097 0.000134 0.000000
1413394940.255760  0.008796 -0.001716  0.000000 0.000097 0.000134 0.000000
1413394940.455760  0.008798 -0.001720  0.000000 0.000097 0.000134 0.000000
1413394940.655760  0.008810 -0.001725  0.000000 0.000097 0.000134 0.000000
1413394940.855760  0.008805 -0.001741  0.000000 0.000097 0.000134 0.000000
1413394940.955760  0.008819 -0.001725  0.000000 0.000097 0.000134 0.000000
1413394941.055760  0.008829 -0.001728  0.000000 0.000097 0.000134 0.000000
1413394941.205760  0.008825 -0.001725 -0.000000 0.000097 0.000134 0.000000
1413394941.405761  0.008829 -0.001734  0.000000 0.000097 0.000134 0.000000
1413394941.505760  0.008849 -0.001726 -0.000000 0.000097 0.000134 0.000000
1413394941.705760  0.008854 -0.001720 -0.000000 0.000097 0.000134 0.000000
1413394941.805761  0.008860 -0.001723  0.000000 0.000097 0.000134 0.000000
1413394941.855760  0.008853 -0.001714  0.000000 0.000097 0.000134 0.000000
1413394941.955760  0.008857 -0.001720  0.000000 0.000097 0.000134 0.000000
1413394942.055760  0.008861 -0.001723 -0.000000 0.000097 0.000134 0.000000
1413394942.155760  0.008857 -0.001722 -0.000000 0.000097 0.000134 0.000000
1413394942.255760  0.008852 -0.001720  0.000000 0.000097 0.000134 0.000000
1413394942.355760  0.008858 -0.001721 -0.000000 0.000097 0.000134 0.000000
1413394942.455760  0.008857 -0.001708  0.000000 0.000097 0.000134 0.000000
1413394942.555760  0.008856 -0.001730 -0.000000 0.000097 0.000133 0.000000
1413394942.655760  0.008854 -0.001725  0.000000 0.000097 0.000133 0.000000
1413394942.755760  0.008856 -0.001700  0.000000 0.000097 0.000133 0.000000
1413394942.805761  0.008845 -0.001718  0.000000 0.000097 0.000133 0.000000
1413394942.905761  0.008857 -0.001709 -0.000000 0.000097 0.000133 0.000000
1413394942.955760  0.008855 -0.001720 -0.000000 0.000097 0.000133 0.000000
1413394943.055760  0.008838 -0.001710  0.000000 0.000097 0.000133 0.000000
1413394943.155760  0.008842 -0.001708  0.000000 0.000097 0.000133 0.000000
1413394943.255760  0.008833 -0.001706  0.000000 0.000097 0.000133 0.000000
1413394943.355760  0.008844 -0.001709 -0.000000 0.000096 0.000133 0.000000
1413394943.505760  0.008839 -0.001702 -0.000000 0.000096 0.000133 0.000000
1413394943.655760  0.008855 -0.001721  0.000000 0.000096 0.000133 0.000000
1413394943.805761  0.008868 -0.001732  0.000000 0.000096 0.000133 0.000000
1413394943.955760  0.008883 -0.001736  0.000000 0.000096 0.000133 0.000000
1413394944.105761  0.008894 -0.001743  0.000000 0.000096 0.000133 0.000000
1413394944.305761  0.008900 -0.001758  0.000000 0.000096 0.000133 0.000000
1413394944.455760  0.008894 -0.001763 -0.000000 0.000096 0.000133 0.000000
1413394944.605761  0.008888 -0.001766  0.000000 0.000096 0.000133 0.000000
1413394944.705760  0.008890 -0.001768 -0.000000 0.000096 0.000133 0.000000
1413394944.855760  0.008895 -0.001781  0.000000 0.000096 0.000133 0.000000
1413394945.005760  0.008876 -0.001774 -0.000000 0.000096 0.000133 0.000000
1413394945.105761  0.008851 -0.001756 -0.000000 0.000096 0.000133 0.000000
1413394945.205760  0.008848 -0.001756  0.000000 0.000096 0.000133 0.000000
1413394945.305761  0.008842 -0.001746  0.000000 0.000096 0.000133 0.000000
1413394945.405761  0.008824 -0.001738 -0.000000 0.000096 0.000133 0.000000
1413394945.505760  0.008806 -0.001728  0.000000 0.000095 0.000133 0.000000
1413394945.605761  0.008796 -0.001736 -0.000000 0.000095 0.000133 0.000000
1413394945.705760  0.008782 -0.001733 -0.000000 0.000095 0.000132 0.000000
1413394945.805761  0.008761 -0.001732 -0.000000 0.000095 0.000132 0.000000
1413394945.905761  0.008739 -0.001731 -0.000000 0.000095 0.000132 0.000000
1413394946.005760  0.008739 -0.001734  0.000000 0.000095 0.000132 0.000000
1413394946.055760  0.008722 -0.001731  0.000000 0.000095 0.000132 0.000000
1413394946.205760  0.008736 -0.001730  0.000000 0.000095 0.000132 0.000000
1413394946.355760  0.008724 -0.001741  0.000000 0.000095 0.000132 0.000000
1413394946.455760  0.008714 -0.001733  0.000000 0.000095 0.000132 0.000000
1413394946.655760  0.008705 -0.001755  0.000000 0.000095 0.000132 0.000000
1413394946.755760  0.008699 -0.001760  0.000000 0.000095 0.000132 0.000000
1413394946.955760  0.008659 -0.001762  0.000000 0.000095 0.000132 0.000000
1413394947.055760  0.008645 -0.001755  0.000000 0.000095 0.000132 0.000000
1413394947.255760  0.008659 -0.001771 -0.000000 0.000095 0.000132 0.000000
1413394947.355760  0.008666 -0.001802  0.000000 0.000095 0.000132 0.000000
1413394947.555760  0.008651 -0.001786  0.000000 0.000095 0.000132 0.000000
1413394947.655760  0.008654 -0.001787  0.000000 0.000094 0.000132 0.000000
1413394947.855760  0.008670 -0.001787  0.000000 0.000094 0.000132 0.000000
1413394947.955760  0.008685 -0.001796  0.000000 0.000094 0.000132 0.000000
1413394948.155760  0.008687 -0.001794 -0.000000 0.000094 0.000132 0.000000
1413394948.255760  0.008697 -0.001792 -0.000000 0.000094 0.000132 0.000000
1413394948.455760  0.008731 -0.001807 -0.000000 0.000094 0.000131 0.000000
1413394948.555760  0.008743 -0.001820 -0.000000 0.000094 0.000131 0.000000
1413394948.755760  0.008757 -0.001810  0.000000 0.000094 0.000131 0.000000
1413394948.955760  0.008764 -0.001778  0.000000 0.000094 0.000131 0.000000
1413394949.055760  0.008772 -0.001764 -0.000000 0.000094 0.000131 0.000000
1413394949.255760  0.008790 -0.001758 -0.000000 0.000094 0.000131 0.000000
1413394949.555760  0.008822 -0.001764 -0.000000 0.000094 0.000131 0.000000
1413394949.655760  0.008831 -0.001772  0.000000 0.000094 0.000131 0.000000
1413394949.855760  0.008850 -0.001780 -0.000000 0.000093 0.000131 0.000000
1413394950.055760  0.008870 -0.001781  0.000000 0.000093 0.000131 0.000000
1413394950.155760  0.008888 -0.001770  0.000000 0.000093 0.000131 0.000000
1413394950.355760  0.008879 -0.001767 -0.000000 0.000093 0.000131 0.000000
1413394950.555760  0.008876 -0.001764 -0.000000 0.000093 0.000131 0.000000
1413394950.755760  0.008890 -0.001772 -0.000000 0.000093 0.000131 0.000000
1413394950.855760  0.008901 -0.001773 -0.000000 0.000093 0.000131 0.000000
1413394951.055760  0.008921 -0.001789 -0.000000 0.000093 0.000131 0.000000
1413394951.155760  0.008926 -0.001789  0.000000 0.000093 0.000131 0.000000
1413394951.355760  0.008925 -0.001783  0.000000 0.000093 0.000131 0.000000
1413394951.455760  0.008916 -0.001779  0.000000 0.000093 0.000131 0.000000
1413394951.655760  0.008910 -0.001767  0.000000 0.000093 0.000131 0.000000
1413394951.855760  0.008916 -0.001751  0.000000 0.000093 0.000131 0.000000
1413394951.955760  0.008914 -0.001740  0.000000 0.000093 0.000131 0.000000
1413394952.155760  0.008918 -0.001737  0.000000 0.000093 0.000131 0.000000
1413394952.355760  0.008918 -0.001741  0.000000 0.000093 0.000131 0.000000
1413394952.455760  0.008907 -0.001724  0.000000 0.000093 0.000131 0.000000
1413394952.655760  0.008935 -0.001758  0.000000 0.000093 0.000131 0.000000
1413394952.855760  0.008940 -0.001752  0.000000 0.000093 0.000131 0.000000
1413394953.055760  0.008913 -0.001718  0.000000 0.000093 0.000131 0.000000
1413394953.355760  0.008938 -0.001718 -0.000000 0.000093 0.000131 0.000000
1413394953.555760  0.008943 -0.001739 -0.000000 0.000093 0.000131 0.000000
1413394953.655760  0.008929 -0.001749  0.000000 0.000093 0.000131 0.000000
1413394953.855760  0.008923 -0.001747 -0.000000 0.000093 0.000131 0.000000
1413394954.055760  0.008921 -0.001747  0.000000 0.000093 0.000131 0.000000
1413394954.155760  0.008923 -0.001748 -0.000000 0.000093 0.000131 0.000000
1413394954.355760  0.008916 -0.001747 -0.000000 0.000093 0.000131 0.000000
1413394954.555760  0.008915 -0.001747 -0.000000 0.000093 0.000131 0.000000
1413394954.655760  0.008914 -0.001747 -0.000000 0.000093 0.000131 0.000000
1413394954.855760  0.008911 -0.001745 -0.000000 0.000093 0.000131 0.000000
1413394954.955760  0.008920 -0.001749 -0.000000 0.000093 0.000131 0.000000
1413394955.155760  0.008927 -0.001752 -0.000000 0.000093 0.000131 0.000000
1413394955.255760  0.008930 -0.001751 -0.000000 0.000093 0.000131 0.000000
1413394955.455760  0.008923 -0.001749 -0.000000 0.000093 0.000131 0.000000
1413394955.555760  0.008929 -0.001755  0.000000 0.000093 0.000131 0.000000
1413394955.755760  0.008925 -0.001759 -0.000000 0.000093 0.000131 0.000000
1413394955.855760  0.008928 -0.001762  0.000000 0.000093 0.000131 0.000000
1413394955.955760  0.008934 -0.001766 -0.000000 0.000093 0.000131 0.000000
1413394956.105761  0.008941 -0.001777  0.000000 0.000093 0.000131 0.000000
1413394956.205760  0.008939 -0.001767  0.000000 0.000093 0.000131 0.000000
1413394956.405761  0.008940 -0.001766 -0.000000 0.000093 0.000131 0.000000
1413394956.505760  0.008938 -0.001767 -0.000000 0.000093 0.000131 0.000000
1413394956.655760  0.008940 -0.001775 -0.000000 0.000093 0.000131 0.000000
1413394956.755760  0.008942 -0.001776 -0.000000 0.000093 0.000131 0.000000
1413394957.005760  0.008932 -0.001779 -0.000000 0.000093 0.000131 0.000000
1413394957.105761  0.008942 -0.001784  0.000000 0.000093 0.000131 0.000000
1413394957.205760  0.008942 -0.001783  0.000000 0.000093 0.000131 0.000000
1413394957.305761  0.008945 -0.001778  0.000000 0.000093 0.000131 0.000000
1413394957.405761  0.008944 -0.001779  0.000000 0.000093 0.000131 0.000000
1413394957.605761  0.008931 -0.001779  0.000000 0.000093 0.000131 0.000000
1413394957.705760  0.008933 -0.001783 -0.000000 0.000093 0.000131 0.000000
1413394957.805761  0.008929 -0.001786 -0.000000 0.000093 0.000131 0.000000
1413394958.055760  0.008922 -0.001779 -0.000000 0.000093 0.000131 0.000000
1413394958.155760  0.008923 -0.001792  0.000000 0.000093 0.000131 0.000000
1413394958.255760  0.008931 -0.001799  0.000000 0.000093 0.000131 0.000000
1413394958.355760  0.008934 -0.001805  0.000000 0.000093 0.000131 0.000000
1413394958.505760  0.008942 -0.001818  0.000000 0.000093 0.000131 0.000000
1413394958.605761  0.008941 -0.001813  0.000000 0.000093 0.000131 0.000000
1413394958.705760  0.008944 -0.001814 -0.000000 0.000093 0.000131 0.000000
1413394958.905761  0.008940 -0.001803 -0.000000 0.000093 0.000131 0.000000
1413394959.005760  0.008937 -0.001807 -0.000000 0.000093 0.000131 0.000000
1413394959.105761  0.008948 -0.001814 -0.000000 0.000093 0.000131 0.000000
1413394959.205760  0.008959 -0.001808  0.000000 0.000093 0.000131 0.000000
1413394959.305761  0.008968 -0.001809  0.000000 0.000093 0.000131 0.000000
1413394959.455760  0.008965 -0.001818  0.000000 0.000093 0.000130 0.000000
1413394959.555760  0.008966 -0.001815  0.000000 0.000093 0.000130 0.000000
1413394959.655760  0.008963 -0.001810 -0.000000 0.000093 0.000130 0.000000
1413394959.755760  0.008967 -0.001815 -0.000000 0.000093 0.000130 0.000000
1413394959.905761  0.008963 -0.001808  0.000000 0.000093 0.000130 0.000000
1413394960.005760  0.008962 -0.001810  0.000000 0.000093 0.000130 0.000000
1413394960.055760  0.008969 -0.001804 -0.000000 0.000093 0.000130 0.000000
1413394960.155760  0.008975 -0.001802  0.000000 0.000093 0.000130 0.000000
1413394960.255760  0.008966 -0.001779  0.000000 0.000093 0.000130 0.000000
1413394960.405761  0.008987 -0.001793  0.000000 0.000093 0.000130 0.000000
1413394960.505760  0.008996 -0.001801  0.000000 0.000093 0.000130 0.000000
1413394960.605761  0.009004 -0.001799  0.000000 0.000093 0.000130 0.000000
1413394960.705760  0.009011 -0.001805  0.000000 0.000093 0.000130 0.000000
1413394960.855760  0.009021 -0.001810  0.000000 0.000092 0.000130 0.000000
1413394960.955760  0.009025 -0.001814 -0.000000 0.000092 0.000130 0.000000
1413394961.055760  0.009022 -0.001803  0.000000 0.000092 0.000130 0.000000
1413394961.255760  0.009030 -0.001799 -0.000000 0.000092 0.000130 0.000000
1413394961.355760  0.009039 -0.001804 -0.000000 0.000092 0.000130 0.000000
1413394961.455760  0.009058 -0.001827 -0.000000 0.000092 0.000130 0.000000
1413394961.605761  0.009052 -0.001834  0.000000 0.000092 0.000130 0.000000
1413394961.705760  0.009042 -0.001830 -0.000000 0.000092 0.000130 0.000000
1413394961.805761  0.009032 -0.001830  0.000000 0.000092 0.000130 0.000000
1413394961.905761  0.009017 -0.001801 -0.000000 0.000092 0.000130 0.000000
1413394962.055760  0.009014 -0.001802  0.000000 0.000092 0.000130 0.000000
1413394962.155760  0.009013 -0.001805  0.000000 0.000092 0.000130 0.000000
1413394962.305761  0.009006 -0.001805 -0.000000 0.000092 0.000130 0.000000
1413394962.455760  0.008993 -0.001797  0.000000 0.000092 0.000130 0.000000
1413394962.555760  0.008992 -0.001799  0.000000 0.000092 0.000130 0.000000
1413394962.655760  0.008995 -0.001796  0.000000 0.000092 0.000130 0.000000
1413394962.755760  0.008990 -0.001781  0.000000 0.000092 0.000130 0.000000
1413394962.855760  0.008995 -0.001787 -0.000000 0.000092 0.000130 0.000000
1413394962.955760  0.008995 -0.001793 -0.000000 0.000092 0.000130 0.000000
1413394963.105761  0.008994 -0.001777  0.000000 0.000092 0.000130 0.000000
1413394963.205760  0.008997 -0.001776  0.000000 0.000092 0.000130 0.000000
1413394963.355760  0.009001 -0.001777 -0.000000 0.000092 0.000130 0.000000
1413394963.455760  0.009007 -0.001779 -0.000000 0.000092 0.000130 0.000000
1413394963.555760  0.009010 -0.001773 -0.000000 0.000092 0.000130 0.000000
1413394963.655760  0.009014 -0.001770 -0.000000 0.000092 0.000130 0.000000
1413394963.755760  0.009050 -0.001793  0.000000 0.000092 0.000130 0.000000
1413394963.855760  0.009030 -0.001790 -0.000000 0.000092 0.000130 0.000000
1413394963.955760  0.009012 -0.001793 -0.000000 0.000092 0.000130 0.000000
1413394964.055760  0.008994 -0.001783 -0.000000 0.000092 0.000130 0.000000
1413394964.105761  0.008993 -0.001780  0.000000 0.000092 0.000130 0.000000
1413394964.205760  0.008973 -0.001759 -0.000000 0.000092 0.000130 0.000000
1413394964.305761  0.008957 -0.001741 -0.000000 0.000092 0.000130 0.000000
1413394964.405761  0.008958 -0.001738 -0.000000 0.000092 0.000129 0.000000
1413394964.505760  0.008995 -0.001754 -0.000000 0.000092 0.000129 0.000000
1413394964.605761  0.008991 -0.001751  0.000000 0.000092 0.000129 0.000000
1413394964.705760  0.008988 -0.001754  0.000000 0.000092 0.000129 0.000000
1413394964.805761  0.008983 -0.001753 -0.000000 0.000092 0.000129 0.000000
1413394964.905761  0.008969 -0.001737 -0.000000 0.000092 0.000129 0.000000
1413394965.105761  0.008978 -0.001726 -0.000000 0.000092 0.000129 0.000000
1413394965.155760  0.008993 -0.001727 -0.000000 0.000092 0.000129 0.000000
1413394965.255760  0.009004 -0.001727 -0.000000 0.000092 0.000129 0.000000
1413394965.355760  0.009012 -0.001721  0.000000 0.000092 0.000129 0.000000
1413394965.505760  0.009015 -0.001718  0.000000 0.000092 0.000129 0.000000
1413394965.655760  0.009021 -0.001713  0.000000 0.000092 0.000129 0.000000
1413394965.755760  0.009021 -0.001715 -0.000000 0.000092 0.000129 0.000000
1413394965.905761  0.009025 -0.001713 -0.000000 0.000092 0.000129 0.000000
1413394966.055760  0.009025 -0.001705  0.000000 0.000092 0.000129 0.000000
1413394966.205760  0.009028 -0.001705 -0.000000 0.000092 0.000129 0.000000
1413394966.305761  0.009031 -0.001712  0.000000 0.000092 0.000129 0.000000
1413394966.355760  0.009027 -0.001705 -0.000000 0.000092 0.000129 0.000000
1413394966.455760  0.009026 -0.001709  0.000000 0.000092 0.000129 0.000000
1413394966.555760  0.009022 -0.001715  0.000000 0.000092 0.000129 0.000000
1413394966.655760  0.008993 -0.001727  0.000000 0.000092 0.000129 0.000000
1413394966.755760  0.009028 -0.001705  0.000000 0.000092 0.000129 0.000000
1413394966.805761  0.009028 -0.001702 -0.000000 0.000092 0.000129 0.000000
1413394967.005760  0.009037 -0.001711 -0.000000 0.000092 0.000129 0.000000
1413394967.105761  0.009035 -0.001715 -0.000000 0.000092 0.000129 0.000000
1413394967.255760  0.009028 -0.001719 -0.000000 0.000092 0.000129 0.000000
1413394967.355760  0.009031 -0.001725 -0.000000 0.000091 0.000129 0.000000
1413394967.455760  0.009036 -0.001732  0.000000 0.000091 0.000129 0.000000
1413394967.605761  0.009033 -0.001747  0.000000 0.000091 0.000129 0.000000
1413394967.705760  0.009033 -0.001749 -0.000000 0.000091 0.000129 0.000000
1413394967.855760  0.009026 -0.001773 -0.000000 0.000091 0.000129 0.000000
1413394967.955760  0.009014 -0.001783 -0.000000 0.000091 0.000129 0.000000
1413394968.055760  0.009010 -0.001792 -0.000000 0.000091 0.000129 0.000000
1413394968.155760  0.009010 -0.001798  0.000000 0.000091 0.000129 0.000000
1413394968.305761  0.008998 -0.001805 -0.000000 0.000091 0.000129 0.000000
1413394968.505760  0.008985 -0.001823 -0.000000 0.000091 0.000129 0.000000
1413394968.755760  0.008977 -0.001847 -0.000000 0.000091 0.000129 0.000000
1413394968.905761  0.008964 -0.001859  0.000000 0.000091 0.000129 0.000000
1413394969.055760  0.008950 -0.001867  0.000000 0.000091 0.000129 0.000000
1413394969.255760  0.008930 -0.001874 -0.000000 0.000091 0.000129 0.000000
1413394969.455760  0.008916 -0.001890 -0.000000 0.000091 0.000129 0.000000
1413394969.655760  0.008898 -0.001894 -0.000000 0.000091 0.000129 0.000000
1413394969.855760  0.008896 -0.001911 -0.000000 0.000091 0.000129 0.000000
1413394970.055760  0.008883 -0.001931 -0.000000 0.000091 0.000129 0.000000
1413394970.255760  0.008875 -0.001944  0.000000 0.000091 0.000129 0.000000
1413394970.355760  0.008878 -0.001948 -0.000000 0.000091 0.000129 0.000000
1413394970.555760  0.008875 -0.001966  0.000000 0.000091 0.000128 0.000000
1413394970.755760  0.008865 -0.001975 -0.000000 0.000091 0.000128 0.000000
1413394970.955760  0.008858 -0.001980  0.000000 0.000091 0.000128 0.000000
1413394971.255760  0.008852 -0.001992 -0.000000 0.000090 0.000128 0.000000
1413394971.455760  0.008848 -0.001997 -0.000000 0.000090 0.000128 0.000000
1413394971.655760  0.008843 -0.001991  0.000000 0.000090 0.000128 0.000000
1413394971.755760  0.008851 -0.001981  0.000000 0.000090 0.000128 0.000000
1413394971.955760  0.008857 -0.001981 -0.000000 0.000090 0.000128 0.000000
1413394972.055760  0.008855 -0.001992  0.000000 0.000090 0.000128 0.000000
1413394972.255760  0.008852 -0.002002 -0.000000 0.000090 0.000128 0.000000
1413394972.355760  0.008855 -0.002000 -0.000000 0.000090 0.000128 0.000000
1413394972.555760  0.008845 -0.001993 -0.000000 0.000090 0.000128 0.000000
1413394972.655760  0.008841 -0.002008 -0.000000 0.000090 0.000128 0.000000
1413394972.855760  0.008834 -0.002008  0.000000 0.000090 0.000128 0.000000
1413394972.955760  0.008828 -0.002001  0.000000 0.000090 0.000128 0.000000
1413394973.055760  0.008823 -0.001999  0.000000 0.000090 0.000128 0.000000
1413394973.155760  0.008830 -0.001971  0.000000 0.000090 0.000128 0.000000
1413394973.255760  0.008840 -0.001978  0.000000 0.000090 0.000128 0.000000
1413394973.355760  0.008843 -0.001986  0.000000 0.000090 0.000128 0.000000
1413394973.405761  0.008851 -0.001986  0.000000 0.000090 0.000128 0.000000
1413394973.505760  0.008847 -0.001982  0.000000 0.000090 0.000128 0.000000
1413394973.605761  0.008848 -0.001983  0.000000 0.000090 0.000128 0.000000
1413394973.705760  0.008851 -0.001987  0.000000 0.000090 0.000128 0.000000
1413394973.805761  0.008855 -0.001990  0.000000 0.000090 0.000128 0.000000
1413394973.905761  0.008851 -0.001991 -0.000000 0.000090 0.000128 0.000000
1413394974.005760  0.008847 -0.001990  0.000000 0.000090 0.000128 0.000000
1413394974.105761  0.008844 -0.001991  0.000000 0.000090 0.000128 0.000000
1413394974.205760  0.008832 -0.001987  0.000000 0.000090 0.000128 0.000000
1413394974.305761  0.008828 -0.001986  0.000000 0.000090 0.000128 0.000000
1413394974.405761  0.008825 -0.001987  0.000000 0.000090 0.000128 0.000000
1413394974.505760  0.008816 -0.001983  0.000000 0.000090 0.000128 0.000000
1413394974.605761  0.008816 -0.001986  0.000000 0.000090 0.000128 0.000000
1413394974.705760  0.008811 -0.001982 -0.000000 0.000090 0.000128 0.000000
1413394974.855760  0.008807 -0.001981 -0.000000 0.000090 0.000128 0.000000
1413394975.005760  0.008803 -0.001982 -0.000000 0.000090 0.000128 0.000000
1413394975.105761  0.008804 -0.001982  0.000000 0.000090 0.000128 0.000000
1413394975.255760  0.008809 -0.001990  0.000000 0.000090 0.000128 0.000000
1413394975.405761  0.008806 -0.001974 -0.000000 0.000090 0.000128 0.000000
1413394975.605761  0.008805 -0.001975 -0.000000 0.000090 0.000128 0.000000
1413394975.855760  0.008808 -0.001972 -0.000000 0.000090 0.000128 0.000000
1413394976.055760  0.008808 -0.001973 -0.000000 0.000090 0.000128 0.000000
1413394976.355760  0.008809 -0.002027 -0.000000 0.000090 0.000128 0.000000
1413394976.605761  0.008803 -0.002035  0.000000 0.000090 0.000128 0.000000
1413394976.705760  0.008799 -0.002041  0.000000 0.000090 0.000128 0.000000
1413394976.855760  0.008806 -0.002047 -0.000000 0.000090 0.000128 0.000000
1413394976.955760  0.008808 -0.002055 -0.000000 0.000090 0.000128 0.000000
1413394977.105761  0.008797 -0.002057 -0.000000 0.000090 0.000128 0.000000
1413394977.205760  0.008794 -0.002055  0.000000 0.000090 0.000128 0.000000
1413394977.405761  0.008803 -0.002059 -0.000000 0.000090 0.000128 0.000000
1413394977.605761  0.008809 -0.002057 -0.000000 0.000090 0.000128 0.000000
1413394977.705760  0.008812 -0.002058 -0.000000 0.000090 0.000128 0.000000
1413394977.905761  0.008801 -0.002055 -0.000000 0.000090 0.000128 0.000000
1413394978.005760  0.008803 -0.002063  0.000000 0.000090 0.000128 0.000000
1413394978.155760  0.008794 -0.002052  0.000000 0.000090 0.000128 0.000000
1413394978.255760  0.008792 -0.002050  0.000000 0.000089 0.000128 0.000000
1413394978.355760  0.008776 -0.002046  0.000000 0.000089 0.000128 0.000000
1413394978.455760  0.008785 -0.002047  0.000000 0.000089 0.000128 0.000000
1413394978.555760  0.008776 -0.002043 -0.000000 0.000089 0.000128 0.000000
1413394978.655760  0.008766 -0.002040 -0.000000 0.000089 0.000128 0.000000
1413394978.755760  0.008759 -0.002043  0.000000 0.000089 0.000128 0.000000
1413394978.855760  0.008755 -0.002045  0.000000 0.000089 0.000128 0.000000
1413394978.955760  0.008752 -0.002046  0.000000 0.000089 0.000128 0.000000
1413394979.055760  0.008748 -0.002047  0.000000 0.000089 0.000128 0.000000
1413394979.155760  0.008746 -0.002049  0.000000 0.000089 0.000128 0.000000
1413394979.255760  0.008744 -0.002054  0.000000 0.000089 0.000128 0.000000
1413394979.355760  0.008744 -0.002057 -0.000000 0.000089 0.000128 0.000000
1413394979.455760  0.008746 -0.002058 -0.000000 0.000089 0.000128 0.000000
1413394979.605761  0.008750 -0.002064 -0.000000 0.000089 0.000128 0.000000
1413394979.805761  0.008749 -0.002067 -0.000000 0.000089 0.000128 0.000000
1413394979.905761  0.008750 -0.002070 -0.000000 0.000089 0.000128 0.000000
1413394980.005760  0.008752 -0.002072  0.000000 0.000089 0.000127 0.000000
1413394980.255760  0.008754 -0.002077  0.000000 0.000089 0.000127 0.000000
1413394980.455760  0.008756 -0.002092  0.000000 0.000089 0.000127 0.000000
1413394980.605761  0.008749 -0.002093  0.000000 0.000089 0.000127 0.000000
1413394980.805761  0.008749 -0.002098 -0.000000 0.000089 0.000127 0.000000
1413394981.055760  0.008753 -0.002103 -0.000000 0.000089 0.000127 0.000000
1413394981.305761  0.008753 -0.002106 -0.000000 0.000089 0.000127 0.000000
1413394981.505760  0.008753 -0.002105  0.000000 0.000089 0.000127 0.000000
1413394981.755760  0.008751 -0.002101 -0.000000 0.000089 0.000127 0.000000
1413394982.005760  0.008746 -0.002088 -0.000000 0.000089 0.000127 0.000000
1413394982.205760  0.008749 -0.002093 -0.000000 0.000089 0.000127 0.000000
1413394982.355760  0.008743 -0.002082  0.000000 0.000089 0.000127 0.000000
1413394982.505760  0.008744 -0.002090  0.000000 0.000089 0.000127 0.000000
1413394982.605761  0.008752 -0.002086  0.000000 0.000089 0.000127 0.000000
1413394982.705760  0.008754 -0.002078 -0.000000 0.000089 0.000127 0.000000
1413394982.805761  0.008760 -0.002081 -0.000000 0.000089 0.000127 0.000000
1413394982.905761  0.008759 -0.002080  0.000000 0.000089 0.000127 0.000000
1413394983.005760  0.008765 -0.002085 -0.000000 0.000089 0.000127 0.000000
1413394983.205760  0.008780 -0.002095  0.000000 0.000089 0.000127 0.000000
1413394983.305761  0.008771 -0.002076  0.000000 0.000089 0.000127 0.000000
1413394983.505760  0.008774 -0.002066 -0.000000 0.000089 0.000127 0.000000
1413394983.605761  0.008763 -0.002050 -0.000000 0.000089 0.000127 0.000000
1413394983.805761  0.008762 -0.002048 -0.000000 0.000089 0.000127 0.000000
1413394984.005760  0.008755 -0.002037  0.000000 0.000089 0.000127 0.000000
1413394984.205760  0.008755 -0.002031  0.000000 0.000089 0.000127 0.000000
1413394984.405761  0.008752 -0.002026  0.000000 0.000089 0.000127 0.000000
1413394984.605761  0.008752 -0.002022  0.000000 0.000089 0.000127 0.000000
1413394984.805761  0.008753 -0.002018 -0.000000 0.000089 0.000127 0.000000
1413394985.005760  0.008752 -0.002015 -0.000000 0.000089 0.000127 0.000000
1413394985.205760  0.008746 -0.002009 -0.000000 0.000089 0.000127 0.000000
1413394985.405761  0.008748 -0.002011 -0.000000 0.000089 0.000127 0.000000
1413394985.505760  0.008744 -0.002014 -0.000000 0.000089 0.000127 0.000000
1413394985.705760  0.008739 -0.002012 -0.000000 0.000089 0.000127 0.000000
1413394985.805761  0.008738 -0.002011 -0.000000 0.000089 0.000127 0.000000
1413394986.005760  0.008738 -0.002010 -0.000000 0.000089 0.000127 0.000000
1413394986.205760  0.008734 -0.002010 -0.000000 0.000089 0.000127 0.000000
1413394986.305761  0.008732 -0.002013 -0.000000 0.000089 0.000127 0.000000
1413394986.505760  0.008733 -0.002015 -0.000000 0.000089 0.000127 0.000000
1413394986.605761  0.008729 -0.002018 -0.000000 0.000089 0.000127 0.000000
1413394986.805761  0.008732 -0.002018 -0.000000 0.000089 0.000127 0.000000
1413394986.905761  0.008732 -0.002017 -0.000000 0.000089 0.000127 0.000000
1413394987.105761  0.008732 -0.002014 -0.000000 0.000089 0.000127 0.000000
1413394987.305761  0.008731 -0.002014 -0.000000 0.000089 0.000127 0.000000
1413394987.505760  0.008732 -0.002014 -0.000000 0.000089 0.000127 0.000000
1413394987.705760  0.008729 -0.002013  0.000000 0.000089 0.000127 0.000000
1413394987.905761  0.008730 -0.002013  0.000000 0.000089 0.000127 0.000000
1413394988.005760  0.008728 -0.002008  0.000000 0.000089 0.000127 0.000000
1413394988.205760  0.008725 -0.002007  0.000000 0.000089 0.000127 0.000000
1413394988.305761  0.008727 -0.002008 -0.000000 0.000089 0.000127 0.000000
1413394988.505760  0.008732 -0.002012 -0.000000 0.000089 0.000127 0.000000
1413394988.605761  0.008738 -0.002015  0.000000 0.000089 0.000127 0.000000
1413394988.805761  0.008735 -0.002012 -0.000000 0.000089 0.000127 0.000000
1413394988.905761  0.008736 -0.002020 -0.000000 0.000089 0.000127 0.000000
1413394989.105761  0.008737 -0.002021 -0.000000 0.000089 0.000127 0.000000
1413394989.305761  0.008743 -0.002021 -0.000000 0.000089 0.000127 0.000000
1413394989.505760  0.008741 -0.002019  0.000000 0.000089 0.000127 0.000000
1413394989.705760  0.008743 -0.002020 -0.000000 0.000089 0.000127 0.000000
1413394989.905761  0.008738 -0.002021 -0.000000 0.000089 0.000127 0.000000
1413394990.105761  0.008736 -0.002031 -0.000000 0.000089 0.000127 0.000000
1413394990.205760  0.008737 -0.002024 -0.000000 0.000089 0.000127 0.000000
1413394990.355760  0.008747 -0.002021  0.000000 0.000089 0.000127 0.000000
1413394990.455760  0.008750 -0.002018 -0.000000 0.000089 0.000127 0.000000
1413394990.555760  0.008753 -0.002014 -0.000000 0.000089 0.000127 0.000000
1413394990.705760  0.008754 -0.002004 -0.000000 0.000089 0.000127 0.000000
1413394990.855760  0.008765 -0.002020 -0.000000 0.000089 0.000127 0.000000
1413394991.055760  0.008765 -0.002022  0.000000 0.000089 0.000127 0.000000
1413394991.255760  0.008760 -0.002018 -0.000000 0.000089 0.000127 0.000000
1413394991.405761  0.008755 -0.002020 -0.000000 0.000089 0.000127 0.000000
1413394991.555760  0.008747 -0.002020  0.000000 0.000089 0.000127 0.000000
1413394991.705760  0.008743 -0.002015 -0.000000 0.000089 0.000127 0.000000
1413394991.855760  0.008744 -0.002015 -0.000000 0.000089 0.000127 0.000000
1413394992.055760  0.008742 -0.002016  0.000000 0.000089 0.000127 0.000000
1413394992.255760  0.008741 -0.002018 -0.000000 0.000089 0.000127 0.000000
1413394992.455760  0.008743 -0.002018 -0.000000 0.000089 0.000127 0.000000
1413394992.605761  0.008745 -0.002018 -0.000000 0.000089 0.000127 0.000000
1413394992.955760  0.008747 -0.002022 -0.000000 0.000089 0.000127 0.000000
1413394993.305761  0.008749 -0.002026 -0.000000 0.000089 0.000127 0.000000
1413394993.605761  0.008748 -0.002029 -0.000000 0.000089 0.000127 0.000000
1413394993.855760  0.008742 -0.002029 -0.000000 0.000089 0.000127 0.000000
1413394994.005760  0.008741 -0.002033  0.000000 0.000089 0.000127 0.000000
1413394994.155760  0.008743 -0.002035 -0.000000 0.000089 0.000127 0.000000
