1413394889.855760  0.394055 -0.132726  0.207410 0.185817 0.200416 0.182356
1413394890.005760  0.145350 -0.133431  0.097986 0.166496 0.183261 0.171590
1413394890.305761 -0.596812 -0.064607 -0.057451 0.153305 0.162753 0.154609
1413394890.405761 -0.675685 -0.007188 -0.090680 0.156593 0.155929 0.152354
1413394890.505760 -0.608954  0.079799 -0.132614 0.162581 0.150326 0.149608
1413394890.655760 -0.326216  0.174896 -0.100993 0.165574 0.140717 0.146528
1413394890.905761  0.246650  0.225821 -0.154293 0.146008 0.133932 0.136157
1413394891.005760  0.299856  0.225673 -0.116242 0.134873 0.129942 0.133050
1413394891.105761  0.205240  0.220541 -0.091419 0.127916 0.127343 0.130973
1413394891.255760 -0.116754  0.207576 -0.064910 0.122516 0.124788 0.129230
1413394891.455760 -0.641451  0.161349  0.066486 0.123859 0.123016 0.127933
1413394891.555760 -0.789911  0.130231  0.056991 0.126030 0.121123 0.128121
1413394891.655760 -0.853918  0.097325  0.041979 0.130090 0.119019 0.129199
1413394891.805761 -0.875999  0.033445  0.118323 0.140725 0.118078 0.131194
1413394891.955760 -0.831184 -0.051059  0.304422 0.158289 0.126951 0.132756
1413394892.105761 -0.672037 -0.154873  0.320742 0.165826 0.126210 0.132596
1413394892.255760 -0.476780 -0.261180  0.296287 0.166577 0.123051 0.132047
1413394892.405761 -0.282744 -0.318495  0.052443 0.160855 0.114963 0.131127
1413394892.555760 -0.064687 -0.365250 -0.041516 0.177325 0.133957 0.122896
1413394892.705760  0.103653 -0.400271  0.033195 0.218837 0.180873 0.113524
1413394892.755760  0.138451 -0.403949  0.061493 0.240392 0.202977 0.110871
1413394892.905761  0.227606 -0.408138  0.090130 0.314612 0.278564 0.103714
1413394893.005760  0.247236 -0.422944  0.117189 0.364587 0.326231 0.100706
1413394893.105761  0.228066 -0.452632  0.146884 0.405766 0.364526 0.098943
1413394893.255760  0.207412 -0.519427  0.143044 0.430671 0.397041 0.096876
1413394893.355760  0.199974 -0.578052  0.183374 0.430152 0.407187 0.096133
1413394893.505760  0.247380 -0.624549  0.138307 0.409042 0.402757 0.094973
1413394893.655760  0.364993 -0.665964 -0.008963 0.378416 0.384165 0.093482
1413394893.805761  0.553074 -0.728821 -0.075870 0.355975 0.366891 0.092285
1413394893.955760  0.807415 -0.791484 -0.102222 0.347815 0.351395 0.091791
1413394894.105761  1.047769 -0.810057 -0.153754 0.358215 0.339654 0.091826
1413394894.205760  1.180332 -0.787413 -0.208240 0.374847 0.332172 0.091800
1413394894.305761  1.262270 -0.729591 -0.229560 0.401035 0.324991 0.091610
1413394894.405761  1.296699 -0.649114 -0.249487 0.429550 0.314780 0.091431
1413394894.505760  1.281286 -0.577041 -0.293103 0.454947 0.302152 0.091081
1413394894.605761  1.253504 -0.504049 -0.320739 0.465554 0.280376 0.090688
1413394894.705760  1.216768 -0.451264 -0.332473 0.477437 0.264945 0.090506
1413394894.805761  1.190703 -0.404867 -0.333748 0.482447 0.248598 0.090272
1413394894.905761  1.177484 -0.349771 -0.327759 0.479864 0.233661 0.090291
1413394895.005760  1.157106 -0.334545 -0.309236 0.474961 0.220648 0.089969
1413394895.105761  1.106029 -0.293936 -0.281676 0.459315 0.208651 0.089515
1413394895.205760  1.040360 -0.251670 -0.201434 0.441785 0.198856 0.089084
1413394895.355760  0.918587 -0.252419 -0.095767 0.407078 0.186547 0.087753
1413394895.455760  0.912648 -0.238916 -0.028094 0.381787 0.179344 0.086985
1413394895.555760  0.952426 -0.224527  0.098689 0.363441 0.173310 0.086259
1413394895.655760  1.001056 -0.232493  0.233711 0.348599 0.168234 0.085278
1413394895.755760  1.034873 -0.237725  0.359885 0.334294 0.163491 0.084206
1413394895.855760  1.013436 -0.263130  0.330318 0.318832 0.158428 0.083192
1413394895.955760  0.994389 -0.273559  0.205380 0.304918 0.153365 0.082549
1413394896.055760  0.974996 -0.286237  0.071822 0.292475 0.148701 0.082109
1413394896.205760  0.933965 -0.318903 -0.099745 0.275480 0.142763 0.081594
1413394896.305761  0.880747 -0.309830 -0.176083 0.265191 0.139494 0.081287
1413394896.455760  0.716220 -0.301360 -0.175833 0.248161 0.135286 0.080789
1413394896.605761  0.471131 -0.278756 -0.296642 0.226697 0.131275 0.080344
1413394896.755760  0.125381 -0.221886 -0.426108 0.199555 0.126590 0.079958
1413394896.955760 -0.526976 -0.065065 -0.385253 0.159161 0.121721 0.079613
1413394897.105761 -1.109922  0.096276 -0.283343 0.133394 0.118751 0.079397
1413394897.205760 -1.483026  0.174921 -0.215697 0.121101 0.117060 0.079309
1413394897.305761 -1.783382  0.249584 -0.121483 0.113688 0.115738 0.079268
1413394897.355760 -1.880070  0.269444 -0.108637 0.111521 0.115016 0.079177
1413394897.455760 -1.956251  0.292666 -0.067660 0.109647 0.113425 0.078981
1413394897.505760 -1.978143  0.309695 -0.047808 0.109647 0.112597 0.078836
1413394897.605761 -1.955181  0.308517 -0.017026 0.110795 0.111049 0.078526
1413394897.655760 -1.940656  0.315853  0.009713 0.111823 0.110340 0.078350
1413394897.755760 -1.891667  0.335879  0.057457 0.114454 0.108983 0.078010
1413394897.805761 -1.855861  0.346189  0.095440 0.115952 0.108234 0.077834
1413394897.905761 -1.803638  0.380048  0.142826 0.119071 0.106981 0.077505
1413394898.005760 -1.735417  0.422615  0.164855 0.122224 0.105823 0.077197
1413394898.105761 -1.653115  0.452911  0.199688 0.125389 0.104851 0.076914
1413394898.205760 -1.565753  0.480693  0.227476 0.128063 0.104028 0.076648
1413394898.305761 -1.430351  0.487006  0.243250 0.130117 0.103256 0.076382
1413394898.405761 -1.262257  0.486620  0.250987 0.131424 0.102573 0.076136
1413394898.505760 -1.046344  0.474469  0.265109 0.131960 0.102083 0.075903
1413394898.605761 -0.838306  0.454856  0.281497 0.131607 0.101844 0.075717
1413394898.755760 -0.525037  0.403633  0.298554 0.129405 0.101716 0.075530
1413394898.955760 -0.121946  0.279825  0.338361 0.123786 0.101427 0.075444
1413394899.205760 0.398251 0.043629 0.103208 0.112650 0.099643 0.075372
1413394899.455760  0.844603 -0.217775 -0.144236 0.102226 0.097190 0.075058
1413394899.605761  0.988741 -0.361131 -0.234816 0.098045 0.095872 0.074744
1413394899.755760  1.107685 -0.494127 -0.177103 0.095716 0.095056 0.074459
1413394899.855760  1.148888 -0.556967 -0.129181 0.094738 0.094586 0.074298
1413394899.955760  1.213670 -0.617095 -0.050410 0.094657 0.094715 0.074187
1413394900.055760  1.250438 -0.652780  0.112328 0.095279 0.095393 0.074109
1413394900.155760  1.254706 -0.644397  0.198633 0.095863 0.095952 0.074014
1413394900.255760  1.213049 -0.627322  0.139526 0.096696 0.096339 0.073920
1413394900.355760  1.175637 -0.575922  0.061388 0.097624 0.096847 0.073814
1413394900.455760  1.142274 -0.524828 -0.023314 0.098729 0.097534 0.073709
1413394900.605761  1.137388 -0.407651 -0.109571 0.100414 0.098714 0.073515
1413394900.755760  1.242758 -0.195434 -0.041093 0.102450 0.100436 0.073380
1413394900.855760  1.339130 -0.025151  0.111106 0.104422 0.102140 0.073340
1413394900.955760 1.460056 0.156706 0.302645 0.106853 0.104292 0.073347
1413394901.055760 1.539917 0.331902 0.358208 0.109330 0.106287 0.073400
1413394901.155760 1.568693 0.504485 0.310980 0.111802 0.107836 0.073440
1413394901.205760 1.559412 0.571978 0.262734 0.112874 0.108456 0.073440
1413394901.305761 1.516518 0.701616 0.171105 0.115091 0.109724 0.073434
1413394901.355760 1.483558 0.723239 0.143690 0.116255 0.110640 0.073394
1413394901.455760 1.361626 0.780762 0.075758 0.118070 0.112017 0.073238
1413394901.555760  1.206099  0.792609 -0.045410 0.119463 0.113232 0.073053
1413394901.655760  1.051954  0.789303 -0.159407 0.120408 0.114633 0.072870
1413394901.755760  0.919612  0.794738 -0.169961 0.121197 0.116439 0.072733
1413394901.855760  0.795641  0.825074 -0.088788 0.121723 0.118678 0.072637
1413394901.955760  0.676829  0.877278 -0.015182 0.121929 0.120739 0.072559
1413394902.055760 0.574146 0.953764 0.050515 0.122485 0.123345 0.072547
1413394902.155760 0.462703 1.007869 0.049672 0.122599 0.125557 0.072537
1413394902.255760  0.358032  1.064078 -0.004564 0.121962 0.127372 0.072531
1413394902.355760  0.225821  1.102117 -0.070311 0.120980 0.129211 0.072502
1413394902.455760  0.046817  1.129788 -0.111750 0.119712 0.130367 0.072491
1413394902.555760 -0.135384  1.098024 -0.098461 0.118984 0.131975 0.072475
1413394902.655760 -0.261460  1.000106 -0.060599 0.118775 0.133399 0.072423
1413394902.755760 -0.336947  0.837134 -0.049672 0.118695 0.134053 0.072312
1413394902.855760 -0.370581  0.631629 -0.032013 0.118525 0.134031 0.072107
1413394902.955760 -0.382010  0.459868 -0.093104 0.118296 0.132565 0.071967
1413394903.155760 -0.390583  0.182629 -0.364407 0.117232 0.127732 0.071812
1413394903.355760 -0.213540 -0.041515 -0.430275 0.117739 0.123014 0.071620
1413394903.555760 -0.057297 -0.172325 -0.193137 0.119702 0.119589 0.071486
1413394903.705760 -0.040390 -0.233654  0.030891 0.119873 0.117019 0.071339
1413394903.955760 -0.119876 -0.211987  0.100471 0.118387 0.112286 0.071109
1413394904.155760 -0.114607 -0.175482 -0.116322 0.115948 0.108327 0.070994
1413394904.305761 -0.032214 -0.215591 -0.226329 0.113761 0.105748 0.070866
1413394904.455760  0.106208 -0.285731 -0.315006 0.111903 0.103331 0.070784
1413394904.555760  0.191213 -0.325541 -0.246720 0.111501 0.102147 0.070731
1413394904.655760  0.266196 -0.345374 -0.207722 0.110809 0.100859 0.070685
1413394904.755760  0.301296 -0.344306 -0.161362 0.110010 0.099512 0.070647
1413394904.855760  0.296964 -0.354213 -0.102788 0.109523 0.098277 0.070626
1413394904.955760  0.267886 -0.309498 -0.056250 0.109322 0.096964 0.070606
1413394905.055760  0.200112 -0.233969 -0.005676 0.108870 0.095530 0.070574
1413394905.205760  0.020526 -0.086181 -0.048686 0.108085 0.093462 0.070573
1413394905.305761 -0.069606 -0.022597 -0.090529 0.107877 0.092251 0.070559
1413394905.355760 -0.104092 -0.022616 -0.092003 0.108900 0.093104 0.070564
1413394905.455760 -0.093138 -0.138759 -0.051228 0.108756 0.092371 0.070435
1413394905.555760 -0.012802 -0.381160  0.001954 0.109177 0.091971 0.070304
1413394905.705760  0.219859 -0.823706  0.213567 0.111087 0.092379 0.070171
1413394905.805761  0.293960 -0.918192  0.259304 0.111433 0.092710 0.070141
1413394905.855760  0.319771 -0.896510  0.263414 0.111175 0.092966 0.070106
1413394905.955760  0.269733 -0.760595  0.254118 0.111117 0.093536 0.070092
1413394906.055760  0.151739 -0.523329  0.260890 0.111276 0.094419 0.070152
1413394906.105761  0.057761 -0.400646  0.271475 0.111606 0.095385 0.070224
1413394906.255760 -0.267720 -0.065667  0.294500 0.111612 0.096049 0.070529
1413394906.355760 -0.475266  0.051813  0.242572 0.110952 0.096120 0.070688
1413394906.455760 -0.614715  0.060577  0.142521 0.109444 0.095265 0.070610
1413394906.555760 -0.638772 -0.013970  0.048169 0.108148 0.094554 0.070368
1413394906.655760 -0.564811 -0.187889  0.037043 0.107392 0.094176 0.070109
1413394906.755760 -0.446681 -0.360969  0.044855 0.107174 0.094128 0.069900
1413394906.855760 -0.354287 -0.410652  0.000940 0.107084 0.094327 0.069774
1413394906.955760 -0.304700 -0.304399  0.014210 0.107290 0.094729 0.069731
1413394907.055760 -0.282518 -0.053160  0.033676 0.108078 0.095298 0.069703
1413394907.305761 -0.380185  0.719458 -0.066410 0.109679 0.093933 0.069884
1413394907.405761 -0.420869  0.827251 -0.124320 0.111403 0.094273 0.069858
1413394907.455760 -0.461632  0.794438 -0.149731 0.110688 0.093983 0.069756
1413394907.555760 -0.592280  0.624991 -0.191402 0.109953 0.094332 0.069672
1413394907.655760 -0.783081  0.312152 -0.190128 0.109761 0.095424 0.069606
1413394907.755760 -0.917038 -0.029559 -0.119245 0.110171 0.096389 0.069567
1413394907.855760 -0.928454 -0.167330 -0.178300 0.111056 0.096389 0.069586
1413394907.905761 -0.890807 -0.179066 -0.240358 0.111521 0.096123 0.069594
1413394908.005760 -0.823375 -0.083021 -0.305001 0.113346 0.096348 0.069615
1413394908.105761 -0.742953  0.067323 -0.426020 0.114159 0.095786 0.069657
1413394908.205760 -0.654749  0.189369 -0.476927 0.114460 0.095340 0.069723
1413394908.305761 -0.566863  0.203707 -0.432530 0.114929 0.095606 0.069870
1413394908.355760 -0.527012  0.157268 -0.392972 0.115855 0.096226 0.069938
1413394908.455760 -0.433028 -0.061804 -0.231858 0.115907 0.097005 0.069804
1413394908.605761 -0.346421 -0.512852  0.166041 0.115716 0.098612 0.069513
1413394908.705760 -0.282467 -0.588716  0.338895 0.114908 0.098824 0.069242
1413394908.805761 -0.207433 -0.507109  0.423347 0.113158 0.098377 0.069024
1413394908.905761 -0.151268 -0.288430  0.531232 0.111917 0.098470 0.068903
1413394908.955760 -0.122772 -0.192626  0.558993 0.111156 0.098704 0.068903
1413394909.105761 -0.141091  0.168531  0.539942 0.109052 0.098350 0.069096
1413394909.205760 -0.204153  0.323117  0.438657 0.107373 0.097466 0.069199
1413394909.305761 -0.263537  0.348299  0.358322 0.105562 0.096681 0.069202
1413394909.405761 -0.305124  0.233260  0.313284 0.104107 0.096656 0.069158
1413394909.555760 -0.389024  0.007011  0.305021 0.102516 0.096581 0.069173
1413394909.655760 -0.473599 -0.063023  0.339041 0.101880 0.096361 0.069246
1413394909.755760 -0.552097 -0.035152  0.387043 0.102162 0.096791 0.069377
1413394909.855760 -0.598500  0.094233  0.417835 0.102765 0.097503 0.069607
1413394910.055760 -0.550042  0.450975  0.241992 0.103826 0.097055 0.069957
1413394910.155760 -0.505285  0.489424  0.140940 0.103768 0.096714 0.069825
1413394910.255760 -0.473219  0.421660  0.067508 0.102726 0.095671 0.069468
1413394910.355760 -0.458599  0.262873 -0.009210 0.101835 0.095073 0.069256
1413394910.555760 -0.503202 -0.223335 -0.045314 0.099849 0.094268 0.068862
1413394910.655760 -0.484197 -0.332003 -0.025508 0.099578 0.094003 0.068815
1413394910.755760 -0.440784 -0.262758 -0.054496 0.099337 0.094319 0.068789
1413394910.855760 -0.411780 -0.072912 -0.073184 0.099150 0.094542 0.068780
1413394911.005760 -0.395464  0.308362 -0.136336 0.099103 0.094235 0.068808
1413394911.105761 -0.434439  0.557075 -0.201795 0.099254 0.094068 0.068827
1413394911.205760 -0.454129  0.657744 -0.225039 0.098820 0.093513 0.068726
1413394911.305761 -0.458962  0.612943 -0.277338 0.098019 0.091272 0.068494
1413394911.405761 -0.444682  0.437131 -0.302317 0.096793 0.090725 0.068373
1413394911.505760 -0.423189  0.214391 -0.354659 0.095601 0.089985 0.068305
1413394911.655760 -0.389569 -0.097786 -0.304650 0.094269 0.088984 0.068329
1413394911.755760 -0.313672 -0.131993 -0.249420 0.093684 0.088115 0.068347
1413394911.805761 -0.291671 -0.062285 -0.161086 0.093719 0.088149 0.068391
1413394911.905761 -0.183716  0.129001 -0.085744 0.093844 0.088450 0.068371
1413394912.055760 -0.061914  0.356212 -0.019152 0.093537 0.088603 0.068418
1413394912.155760 -0.010952  0.401824  0.036299 0.092811 0.088656 0.068388
1413394912.255760 0.010403 0.310789 0.091729 0.091763 0.088859 0.068309
1413394912.405761 0.012007 0.003162 0.130319 0.089980 0.088878 0.068140
1413394912.555760 -0.009603 -0.250658  0.226856 0.089022 0.088729 0.068025
1413394912.655760 -0.056861 -0.350259  0.257614 0.088643 0.088480 0.067982
1413394912.755760 -0.112764 -0.392940  0.246674 0.088378 0.088235 0.067966
1413394912.905761 -0.162341 -0.402385  0.255549 0.088168 0.088005 0.067966
1413394913.105761 -0.162235 -0.411074  0.264221 0.087962 0.087901 0.067980
1413394913.305761 -0.049143 -0.464021  0.298865 0.087797 0.088050 0.068027
1413394913.455760  0.060201 -0.472533  0.208445 0.087139 0.087894 0.068093
1413394913.605761  0.198588 -0.448188  0.055234 0.086111 0.087617 0.068113
1413394913.755760  0.384574 -0.424804 -0.161577 0.084395 0.086647 0.068010
1413394913.855760  0.485271 -0.430792 -0.291942 0.083119 0.085893 0.067914
1413394913.955760  0.568938 -0.460466 -0.358598 0.082187 0.085483 0.067867
1413394914.055760  0.608378 -0.476957 -0.405217 0.081439 0.084849 0.067818
1413394914.205760  0.664501 -0.492464 -0.215522 0.081201 0.084872 0.067845
1413394914.355760  0.790124 -0.481192 -0.001206 0.081048 0.084994 0.067840
1413394914.455760  0.860514 -0.449018  0.159499 0.081192 0.085218 0.067824
1413394914.555760  0.956269 -0.402971  0.250342 0.081351 0.085435 0.067803
1413394914.655760  1.005458 -0.364081  0.136206 0.081379 0.085371 0.067810
1413394914.755760  1.048431 -0.329508  0.040324 0.081562 0.085256 0.067815
1413394914.905761  1.059287 -0.294402 -0.097839 0.081883 0.084755 0.067792
1413394915.055760  1.090137 -0.190550 -0.234172 0.082326 0.084561 0.067796
1413394915.205760  1.169992 -0.040841 -0.172646 0.084522 0.085605 0.067850
1413394915.305761  1.209699  0.121285 -0.146659 0.086169 0.086175 0.067907
1413394915.405761  1.280487  0.299894 -0.106871 0.087704 0.086586 0.067965
1413394915.505760  1.328306  0.505863 -0.073349 0.089721 0.087093 0.068053
1413394915.605761  1.350949  0.703651 -0.062480 0.091879 0.087447 0.068104
1413394915.655760  1.338644  0.801900 -0.061271 0.093101 0.087585 0.068118
1413394915.755760  1.257989  0.918626 -0.032166 0.095272 0.087919 0.068148
1413394915.855760 1.120689 0.996274 0.015167 0.097345 0.088661 0.068164
1413394915.955760 0.959943 1.027293 0.027223 0.098956 0.089613 0.068157
1413394916.055760 0.771241 1.041714 0.047051 0.099888 0.090936 0.068116
1413394916.155760 0.572395 1.058929 0.052483 0.100565 0.092339 0.068123
1413394916.255760 0.438885 1.051753 0.067262 0.101212 0.094110 0.068148
1413394916.355760 0.343438 1.041844 0.070713 0.101312 0.096199 0.068139
1413394916.455760  0.295959  1.014616 -0.028744 0.101018 0.098229 0.068115
1413394916.555760  0.308181  0.920329 -0.111402 0.100627 0.100078 0.068004
1413394916.655760  0.335788  0.766962 -0.221291 0.100027 0.101297 0.067857
1413394916.755760  0.369903  0.562412 -0.324910 0.099466 0.102018 0.067747
1413394916.955760  0.494876  0.189430 -0.497921 0.099873 0.101894 0.067777
1413394917.055760  0.561291  0.112389 -0.509106 0.101005 0.102360 0.067903
1413394917.255760  0.636101  0.167975 -0.434474 0.104163 0.102652 0.068178
1413394917.455760  0.677745  0.362646 -0.386271 0.107364 0.103492 0.068383
1413394917.655760  0.667806  0.655504 -0.288013 0.110856 0.105384 0.068599
1413394917.855760  0.443611  0.907194 -0.047677 0.114482 0.108092 0.068574
1413394917.955760  0.269460  1.030426 -0.022671 0.115685 0.109364 0.068505
1413394918.155760 -0.067055  1.221601 -0.183288 0.114441 0.111957 0.068593
1413394918.255760 -0.142049  1.287533 -0.160040 0.114154 0.114330 0.068655
1413394918.455760 -0.080795  1.337256 -0.115848 0.112704 0.118228 0.068502
1413394918.555760  0.048788  1.352984 -0.060581 0.113180 0.121827 0.068363
1413394918.755760  0.221598  1.359572 -0.008209 0.112518 0.126228 0.068166
1413394918.855760 0.238204 1.362938 0.061857 0.112377 0.129039 0.068084
1413394919.055760 0.094721 1.217189 0.346758 0.112063 0.134088 0.067716
1413394919.155760 0.039218 1.058870 0.519354 0.111884 0.136626 0.067495
1413394919.355760 -0.002540  0.741071  0.699127 0.110804 0.136701 0.067330
1413394919.455760 -0.046353  0.552543  0.716589 0.109714 0.135348 0.067455
1413394919.655760 -0.195246  0.196327  0.548106 0.107000 0.128701 0.067916
1413394919.755760 -0.278788  0.145869  0.438005 0.105899 0.125002 0.068097
1413394919.955760 -0.398027  0.202283  0.293040 0.103994 0.119647 0.068116
1413394920.055760 -0.446538  0.272160  0.160720 0.103267 0.117915 0.068047
1413394920.255760 -0.551250  0.428743 -0.072531 0.102524 0.115252 0.067777
1413394920.455760 -0.715071  0.501499 -0.088263 0.102772 0.115144 0.067498
1413394920.655760 -0.879118  0.383113 -0.013070 0.103309 0.115276 0.067370
1413394920.855760 -1.040533  0.116340 -0.055333 0.104320 0.114231 0.067334
1413394921.055760 -1.240536 -0.067147 -0.186753 0.105869 0.112603 0.067299
1413394921.255760 -1.333666 -0.089086 -0.363930 0.108649 0.110787 0.067251
1413394921.355760 -1.337373 -0.040670 -0.489924 0.110714 0.109969 0.067252
1413394921.555760 -1.266076  0.358702 -0.593482 0.114079 0.108062 0.067305
1413394921.755760 -1.256074  0.579765 -0.544040 0.117048 0.108243 0.067649
1413394921.855760 -1.288726  0.546462 -0.465664 0.118511 0.108293 0.067844
1413394922.055760 -1.166753  0.407892 -0.238840 0.121519 0.108797 0.067967
1413394922.155760 -1.018532  0.363120 -0.077123 0.121918 0.107930 0.067849
1413394922.355760 -0.810878  0.306752  0.252483 0.121304 0.107264 0.067558
1413394922.455760 -0.830147  0.216941  0.504819 0.120850 0.107732 0.067343
1413394922.655760 -0.861786  0.086893  0.621323 0.118798 0.106762 0.066923
1413394922.755760 -0.893470  0.081627  0.628754 0.117968 0.105963 0.066808
1413394922.955760 -0.989527  0.120061  0.609335 0.116545 0.104884 0.066798
1413394923.055760 -1.063432  0.144686  0.490748 0.115972 0.103978 0.066854
1413394923.255760 -1.215352  0.139630  0.473086 0.116380 0.103820 0.067022
1413394923.355760 -1.245192  0.077779  0.441831 0.116665 0.103185 0.067081
1413394923.555760 -1.332615 -0.034818  0.429723 0.118126 0.102486 0.067282
1413394923.655760 -1.415915 -0.056201  0.392655 0.118852 0.102369 0.067356
1413394923.855760 -1.473112 -0.165350  0.164326 0.120544 0.100533 0.067391
1413394923.955760 -1.458368 -0.222538  0.057188 0.121615 0.099449 0.067331
1413394924.155760 -1.383990 -0.367831 -0.033293 0.124023 0.097916 0.067249
1413394924.255760 -1.346409 -0.411020  0.006647 0.124976 0.097521 0.067207
1413394924.455760 -1.326160 -0.395381  0.061544 0.127194 0.097414 0.067136
1413394924.555760 -1.308645 -0.378487  0.073181 0.128764 0.097426 0.067101
1413394924.755760 -1.252957 -0.383909  0.142132 0.131674 0.097794 0.067088
1413394924.855760 -1.167657 -0.389864  0.169898 0.132964 0.098206 0.067038
1413394925.005760 -0.991721 -0.415489  0.217049 0.133441 0.097835 0.067086
1413394925.155760 -0.699365 -0.463230  0.191006 0.132109 0.096985 0.067162
1413394925.305761 -0.427359 -0.566747  0.186527 0.128863 0.096783 0.067203
1413394925.505760 -0.118461 -0.759261 -0.006660 0.122737 0.096880 0.067251
1413394925.605761  0.022498 -0.824544 -0.104293 0.118991 0.097087 0.067202
1413394925.755760  0.195101 -0.912365 -0.151889 0.114108 0.098324 0.067105
1413394925.905761  0.245914 -0.941299 -0.110936 0.111133 0.100218 0.067004
1413394926.055760  0.258740 -0.981950 -0.089285 0.108540 0.101588 0.066871
1413394926.205760  0.298762 -1.010473 -0.065832 0.108122 0.103707 0.066818
1413394926.355760  0.360405 -1.079048 -0.082473 0.107200 0.105360 0.066805
1413394926.505760  0.381314 -1.186959 -0.036836 0.107305 0.107391 0.066799
1413394926.605761  0.393147 -1.260485 -0.016500 0.107556 0.108970 0.066807
1413394926.705760  0.383473 -1.289701 -0.015791 0.107360 0.110459 0.066800
1413394926.805761  0.307716 -1.286555  0.010408 0.107218 0.111410 0.066768
1413394926.905761  0.178944 -1.264904 -0.010736 0.108185 0.113043 0.066696
1413394927.005760 -0.006995 -1.244161 -0.087272 0.107359 0.113303 0.066608
1413394927.105761 -0.186723 -1.227869 -0.182346 0.106353 0.113339 0.066553
1413394927.205760 -0.289943 -1.196053 -0.176156 0.105738 0.113977 0.066519
1413394927.355760 -0.324325 -1.174593  0.013714 0.106007 0.115517 0.066509
1413394927.505760 -0.278272 -1.165077  0.215182 0.105911 0.116661 0.066480
1413394927.605761 -0.260126 -1.156531  0.338326 0.105680 0.117228 0.066462
1413394927.705760 -0.242296 -1.166917  0.364141 0.105212 0.117462 0.066472
1413394927.805761 -0.224407 -1.184779  0.325402 0.104625 0.117614 0.066501
1413394927.905761 -0.204004 -1.189356  0.211460 0.103754 0.117820 0.066552
1413394928.005760 -0.190479 -1.198817  0.115090 0.103151 0.118042 0.066590
1413394928.155760 -0.143130 -1.187591  0.006325 0.101963 0.118378 0.066580
1413394928.305761 -0.032364 -1.119497  0.010165 0.100706 0.119042 0.066555
1413394928.455760  0.105385 -0.974641  0.022547 0.098955 0.119114 0.066548
1413394928.605761  0.171186 -0.850916  0.058738 0.097811 0.118321 0.066516
1413394928.805761  0.177878 -0.750387  0.048538 0.096822 0.116363 0.066487
1413394929.005760  0.215797 -0.668794 -0.137833 0.095067 0.113246 0.066417
1413394929.205760  0.288275 -0.549489 -0.149864 0.093642 0.110504 0.066336
1413394929.405761  0.288890 -0.359244 -0.074912 0.093101 0.107864 0.066313
1413394929.605761  0.213017 -0.221045 -0.048736 0.092383 0.104312 0.066288
1413394929.855760  0.155769 -0.235477 -0.111855 0.091154 0.100179 0.066238
1413394930.055760  0.162552 -0.174196 -0.295436 0.089697 0.097418 0.066233
1413394930.255760  0.205906 -0.015879 -0.215404 0.089064 0.095447 0.066264
1413394930.405761  0.200013  0.158758 -0.244764 0.088584 0.093575 0.066281
1413394930.505760  0.155621  0.209312 -0.290300 0.088100 0.092029 0.066309
1413394930.605761  0.091823  0.201123 -0.401995 0.087220 0.090408 0.066323
1413394930.705760 -0.004801  0.016661 -0.414302 0.086368 0.089438 0.066345
1413394930.855760 -0.072474 -0.307596 -0.352808 0.085732 0.088505 0.066402
1413394930.955760 -0.057099 -0.417175 -0.283823 0.085458 0.088035 0.066427
1413394931.005760 -0.045465 -0.414762 -0.240143 0.085345 0.088109 0.066410
1413394931.155760  0.030770 -0.293667 -0.047731 0.085045 0.088169 0.066365
1413394931.355760  0.139061 -0.074668  0.359114 0.085305 0.088339 0.066244
1413394931.505760 0.200890 0.133640 0.256713 0.084587 0.087020 0.066117
1413394931.655760 0.250760 0.210711 0.133180 0.083943 0.085674 0.066080
1413394931.855760 0.429346 0.152847 0.016549 0.083275 0.084882 0.066063
1413394932.005760 0.600846 0.089417 0.046076 0.083313 0.085096 0.066069
1413394932.105761 0.680742 0.081662 0.195815 0.083836 0.085401 0.066097
1413394932.205760 0.710151 0.098142 0.343974 0.084113 0.085282 0.066061
1413394932.305761 0.677460 0.138673 0.434242 0.084642 0.084230 0.066069
1413394932.405761 0.601142 0.182751 0.424057 0.085006 0.083665 0.066095
1413394932.505760 0.500765 0.261710 0.314123 0.085177 0.083176 0.066143
1413394932.655760 0.357616 0.414529 0.138471 0.085148 0.082971 0.066180
1413394932.805761 0.227580 0.558418 0.121879 0.085697 0.083872 0.066213
1413394932.955760 0.164125 0.619236 0.105027 0.085773 0.084362 0.066204
1413394933.105761 0.187983 0.608526 0.013541 0.085377 0.085230 0.066189
1413394933.255760  0.209397  0.578806 -0.137629 0.084813 0.085449 0.066137
1413394933.405761  0.206780  0.554827 -0.308541 0.084273 0.085436 0.066067
1413394933.555760  0.208366  0.554701 -0.443611 0.083985 0.085823 0.066025
1413394933.705760  0.184175  0.546309 -0.359373 0.084350 0.087149 0.066038
1413394933.855760  0.088804  0.560450 -0.327172 0.084519 0.089601 0.066122
1413394934.005760  0.008489  0.580085 -0.307081 0.084508 0.090589 0.066176
1413394934.155760  0.023205  0.585597 -0.210279 0.084775 0.091769 0.066216
1413394934.255760 -0.009109  0.591748 -0.313137 0.084559 0.092099 0.066252
1413394934.355760 -0.049987  0.590356 -0.442587 0.084300 0.092464 0.066317
1413394934.455760 -0.100258  0.575249 -0.550543 0.084072 0.093138 0.066431
1413394934.555760 -0.087094  0.539111 -0.631963 0.083864 0.093292 0.066560
1413394934.655760 -0.092402  0.496261 -0.549716 0.084133 0.093936 0.066727
1413394934.805761 -0.138111  0.450859 -0.342645 0.084868 0.095145 0.066875
1413394935.055760 -0.139875  0.386856  0.033913 0.086450 0.096455 0.066730
1413394935.305761 -0.236618  0.271879 -0.088527 0.086635 0.096033 0.066472
1413394935.505760 -0.337382  0.228490 -0.326119 0.086393 0.095113 0.066489
1413394935.655760 -0.416267  0.225884 -0.309773 0.086610 0.094773 0.066580
1413394935.905761 -0.463069  0.234577 -0.014585 0.087728 0.094616 0.066477
1413394936.105761 -0.497610  0.276862 -0.271655 0.087373 0.093193 0.066434
1413394936.255760 -0.427140  0.333608 -0.333710 0.087773 0.092327 0.066457
1413394936.405761 -0.386722  0.389370 -0.301284 0.088524 0.092186 0.066531
1413394936.605761 -0.438491  0.454040 -0.212500 0.089779 0.092670 0.066599
1413394936.705760 -0.463311  0.482341 -0.173079 0.090352 0.092999 0.066610
1413394936.905761 -0.508508  0.543975 -0.121037 0.091769 0.093805 0.066605
1413394937.005760 -0.536734  0.607121 -0.120572 0.092856 0.094427 0.066616
1413394937.205760 -0.533856  0.713023 -0.109297 0.094659 0.095819 0.066609
1413394937.305761 -0.515251  0.780722 -0.092146 0.096155 0.096672 0.066607
1413394937.455760 -0.442267  0.840502 -0.095876 0.097556 0.098023 0.066499
1413394937.555760 -0.384492  0.888090 -0.101188 0.098196 0.099171 0.066442
1413394937.755760 -0.317827  0.944529 -0.081892 0.098672 0.102141 0.066332
1413394937.955760 -0.174875  0.972546 -0.006746 0.099069 0.106174 0.066207
1413394938.055760 -0.115585  0.967765  0.056870 0.099093 0.108506 0.066132
1413394938.255760 0.193166 1.003645 0.406255 0.099222 0.113950 0.066031
1413394938.355760 0.329748 0.994183 0.584607 0.099465 0.117865 0.066065
1413394938.555760 0.472233 0.967420 0.586781 0.097482 0.121434 0.066333
1413394938.655760 0.508032 0.972662 0.452554 0.096134 0.121801 0.066444
1413394938.855760 0.547178 0.966493 0.215262 0.094747 0.122940 0.066574
1413394938.955760 0.593428 0.939914 0.147228 0.094209 0.123572 0.066580
1413394939.155760  0.731576  0.746324 -0.040869 0.093461 0.123688 0.066506
1413394939.255760  0.790024  0.622172 -0.114038 0.094725 0.122259 0.066385
1413394939.455760 0.872345 0.402195 0.008776 0.097332 0.121827 0.066204
1413394939.555760 0.877470 0.391084 0.137206 0.098981 0.120910 0.066139
1413394939.755760 0.869614 0.333925 0.335075 0.102047 0.119109 0.066204
1413394939.855760 0.885342 0.226852 0.325791 0.103563 0.117613 0.066328
1413394940.055760 0.929305 0.050582 0.090800 0.104917 0.112453 0.066388
1413394940.255760  1.029212 -0.021266 -0.136691 0.106724 0.108156 0.066234
1413394940.455760  1.039934 -0.109774 -0.280283 0.108808 0.103999 0.066051
1413394940.655760  1.027495 -0.163581 -0.189051 0.111684 0.101884 0.065940
1413394940.855760  1.081215 -0.017652  0.070219 0.114416 0.101632 0.065868
1413394940.955760 1.098084 0.020092 0.183791 0.115770 0.101676 0.065890
1413394941.055760 1.105451 0.004994 0.214062 0.116995 0.100928 0.065922
1413394941.205760  1.093138 -0.148088  0.255472 0.119506 0.100364 0.065986
1413394941.405761  1.119895 -0.462080  0.337964 0.123281 0.099605 0.066150
1413394941.505760  1.175652 -0.597229  0.409988 0.125602 0.100241 0.066271
1413394941.705760  1.320331 -0.640185  0.395422 0.128311 0.101018 0.066419
1413394941.805761  1.396756 -0.611685  0.368268 0.129617 0.101557 0.066531
1413394941.855760  1.401991 -0.590433  0.336311 0.130204 0.101655 0.066574
1413394941.955760  1.413081 -0.596567  0.342162 0.132299 0.101883 0.066763
1413394942.055760  1.359705 -0.702519  0.376497 0.134630 0.101647 0.066839
1413394942.155760  1.233476 -0.893937  0.416324 0.137347 0.101094 0.066969
1413394942.255760  1.037503 -1.151050  0.481088 0.139995 0.100833 0.067120
1413394942.355760  0.810722 -1.430078  0.522461 0.141852 0.101551 0.067344
1413394942.455760  0.612894 -1.710886  0.530858 0.144035 0.103499 0.067597
1413394942.555760  0.424933 -1.894058  0.359130 0.141847 0.105758 0.067674
1413394942.655760  0.250710 -2.032127  0.184666 0.139593 0.109646 0.067614
1413394942.755760  0.094412 -2.106433  0.033924 0.137342 0.113907 0.067565
1413394942.805761  0.012519 -2.121053 -0.025689 0.134938 0.115884 0.067509
1413394942.905761 -0.065115 -2.052465 -0.246389 0.129668 0.119407 0.067329
1413394942.955760 -0.092054 -1.996282 -0.348355 0.126601 0.121069 0.067215
1413394943.055760 -0.072462 -1.809461 -0.497436 0.120631 0.123548 0.066874
1413394943.155760 -0.026382 -1.559999 -0.578205 0.114722 0.125599 0.066539
1413394943.255760  0.037371 -1.265736 -0.662465 0.109649 0.126502 0.066328
1413394943.355760  0.146460 -0.939362 -0.621725 0.106145 0.126688 0.066203
1413394943.505760  0.336756 -0.448794 -0.435019 0.103726 0.124970 0.066165
1413394943.655760  0.577530 -0.107887 -0.323845 0.103453 0.120896 0.066153
1413394943.805761  0.728907  0.027122 -0.354692 0.103414 0.115459 0.066104
1413394943.955760  0.776018  0.115113 -0.429124 0.103123 0.110450 0.066072
1413394944.105761  0.714889  0.176990 -0.336704 0.103876 0.106595 0.066094
1413394944.305761  0.635543  0.193799 -0.158608 0.104807 0.103189 0.066085
1413394944.455760 0.543489 0.147266 0.079841 0.105567 0.101736 0.065970
1413394944.605761  0.451684  0.043547 -0.048921 0.104016 0.099356 0.065869
1413394944.705760  0.355877 -0.055025 -0.162239 0.102994 0.097923 0.065824
1413394944.855760  0.167070 -0.247266 -0.260671 0.101529 0.096661 0.065808
1413394945.005760 -0.081300 -0.452628 -0.312859 0.100219 0.096459 0.065860
1413394945.105761 -0.235164 -0.562975 -0.336003 0.099669 0.097044 0.065948
1413394945.205760 -0.343220 -0.668379 -0.311716 0.099046 0.097625 0.066032
1413394945.305761 -0.416162 -0.762155 -0.250576 0.098923 0.098390 0.066099
1413394945.405761 -0.440063 -0.825912 -0.226051 0.098744 0.098784 0.066138
1413394945.505760 -0.420275 -0.847256 -0.230724 0.098400 0.098900 0.066147
1413394945.605761 -0.382277 -0.795549 -0.224254 0.097807 0.098981 0.066132
1413394945.705760 -0.355971 -0.681125 -0.171888 0.097316 0.099179 0.066096
1413394945.805761 -0.346714 -0.522971 -0.166739 0.096694 0.098991 0.066081
1413394945.905761 -0.289904 -0.346252 -0.164607 0.096392 0.098366 0.066061
1413394946.005760 -0.239816 -0.152920 -0.112035 0.096510 0.097767 0.066035
1413394946.055760 -0.212515 -0.042294 -0.083173 0.096748 0.097330 0.066031
1413394946.205760 -0.110590  0.126074 -0.028671 0.097242 0.096145 0.066011
1413394946.355760 -0.009549  0.239864 -0.056458 0.097366 0.094824 0.065969
1413394946.455760  0.069020  0.333815 -0.026895 0.097725 0.094178 0.065944
1413394946.655760 0.267114 0.489345 0.028672 0.098351 0.093704 0.065937
1413394946.755760 0.335290 0.516602 0.017443 0.098679 0.093820 0.065936
1413394946.955760 0.434497 0.472845 0.058805 0.098234 0.094870 0.065980
1413394947.055760 0.457119 0.409632 0.110804 0.098286 0.096439 0.065908
1413394947.255760 0.439024 0.245784 0.392344 0.098923 0.098403 0.065789
1413394947.355760 0.392973 0.234216 0.588536 0.100011 0.099393 0.065804
1413394947.555760 0.274453 0.129558 0.670436 0.100459 0.099693 0.066166
1413394947.655760 0.237651 0.119520 0.531967 0.100429 0.099366 0.066553
1413394947.855760 0.178907 0.277099 0.416805 0.100760 0.099375 0.066876
1413394947.955760 0.172422 0.452929 0.546422 0.102869 0.101283 0.067135
1413394948.155760 0.169539 0.770414 0.508010 0.105266 0.103605 0.067891
1413394948.255760 0.160742 0.972831 0.494580 0.107205 0.105310 0.068133
1413394948.455760 0.098084 1.037293 0.353936 0.107562 0.109807 0.068596
1413394948.555760 0.053834 0.903013 0.347376 0.106035 0.112348 0.068846
1413394948.755760 -0.020304  0.339295  0.393780 0.103123 0.115579 0.069446
1413394948.955760 -0.122030 -0.110849  0.349996 0.101553 0.112228 0.069791
1413394949.055760 -0.167791 -0.222550  0.186420 0.100727 0.109827 0.069460
1413394949.255760 -0.275769 -0.053351 -0.000008 0.099673 0.105875 0.068377
1413394949.555760 -0.480592  0.684565  0.062910 0.102618 0.106372 0.067123
1413394949.655760 -0.541897  0.757658  0.132570 0.103402 0.107315 0.067025
1413394949.855760 -0.642854  0.509118  0.058553 0.103134 0.109669 0.066971
1413394950.055760 -0.642523  0.149515  0.055847 0.104388 0.109019 0.066917
1413394950.155760 -0.568140  0.000102  0.022157 0.105373 0.108163 0.066951
1413394950.355760 -0.292543 -0.055269  0.047531 0.106381 0.106245 0.066691
1413394950.555760 -0.270943  0.249785  0.130512 0.105173 0.104093 0.066296
1413394950.755760 -0.433982  0.621523  0.281911 0.107096 0.105226 0.066445
1413394950.855760 -0.502829  0.643879  0.302673 0.107021 0.105548 0.066559
1413394951.055760 -0.552725  0.250815  0.299412 0.106916 0.107415 0.067186
1413394951.155760 -0.521996 -0.068552  0.282398 0.107772 0.109041 0.067546
1413394951.355760 -0.314261 -0.565729  0.231934 0.110146 0.106774 0.067949
1413394951.455760 -0.245031 -0.600618  0.238194 0.110096 0.106209 0.067822
1413394951.655760 -0.338649 -0.218123  0.369160 0.108801 0.106602 0.067458
1413394951.855760 -0.611411  0.555436  0.609112 0.111796 0.108650 0.067803
1413394951.955760 -0.719581  0.728707  0.661362 0.113435 0.109109 0.068212
1413394952.155760 -0.711840  0.665456  0.441389 0.113428 0.109046 0.068977
1413394952.355760 -0.648984  0.434740  0.060768 0.110641 0.107200 0.068819
1413394952.455760 -0.608188  0.408525  0.039410 0.108874 0.104661 0.068305
1413394952.655760 -0.512963  0.509267  0.286692 0.112414 0.108786 0.068013
1413394952.855760 -0.537888  0.568258  0.324005 0.113510 0.110462 0.067985
1413394953.055760 -0.423892  0.316971  0.089232 0.111283 0.110051 0.068102
1413394953.355760  0.064003 -0.482835  0.490039 0.112906 0.108544 0.068409
1413394953.555760  0.310385 -0.902269  0.002248 0.109842 0.105813 0.068869
1413394953.655760  0.331550 -0.973326 -0.370411 0.106946 0.104703 0.068287
1413394953.855760  0.157554 -0.806392 -0.957489 0.099641 0.101991 0.066684
1413394954.055760 -0.141604 -0.522607 -0.906867 0.096309 0.102166 0.065944
1413394954.155760 -0.212049 -0.490522 -0.865826 0.094645 0.101161 0.065755
1413394954.355760 -0.178056 -0.722306 -0.752464 0.096382 0.102687 0.066453
1413394954.555760  0.002097 -1.069259 -0.522823 0.100541 0.107608 0.067419
1413394954.655760  0.034282 -1.109715 -0.521313 0.100071 0.108658 0.067566
1413394954.855760 -0.076572 -0.749384 -0.525467 0.096056 0.111322 0.067529
1413394954.955760 -0.173112 -0.512774 -0.551995 0.094501 0.112483 0.067543
1413394955.155760 -0.303521 -0.421053 -0.565429 0.093603 0.111426 0.068021
1413394955.255760 -0.293740 -0.518024 -0.498412 0.094902 0.111790 0.068371
1413394955.455760 -0.164284 -0.670205 -0.315995 0.097194 0.115214 0.068763
1413394955.555760 -0.057544 -0.542970 -0.159089 0.096117 0.116650 0.068477
1413394955.755760 -0.173904  0.047351  0.128366 0.098890 0.120623 0.067533
1413394955.855760 -0.329133  0.225923  0.192740 0.099793 0.119126 0.067120
1413394955.955760 -0.474695  0.324200  0.243005 0.100692 0.117147 0.066705
1413394956.105761 -0.560209  0.294599  0.284302 0.101421 0.115078 0.066251
1413394956.205760 -0.508038  0.163333  0.265141 0.101342 0.113685 0.066015
1413394956.405761 -0.274555 -0.096690  0.147866 0.100676 0.111080 0.065731
1413394956.505760 -0.137052 -0.167483  0.018370 0.099513 0.108880 0.065649
1413394956.655760 -0.050690 -0.145754 -0.083665 0.098235 0.107475 0.065623
1413394956.755760 -0.135622 -0.092078 -0.044805 0.097942 0.107712 0.065591
1413394957.005760 -0.581339  0.072465  0.140706 0.098815 0.108329 0.065524
1413394957.105761 -0.662939  0.083122  0.187175 0.099391 0.107833 0.065506
1413394957.205760 -0.647837  0.067382  0.214841 0.099769 0.106348 0.065464
1413394957.305761 -0.531438  0.031144  0.244759 0.100305 0.105345 0.065447
1413394957.405761 -0.321374 -0.020824  0.244117 0.101057 0.104691 0.065480
1413394957.605761  0.137947 -0.126218  0.183600 0.100264 0.103307 0.065647
1413394957.705760  0.227736 -0.115790  0.107525 0.098532 0.101387 0.065572
1413394957.805761  0.186095 -0.084873  0.046929 0.097312 0.100273 0.065524
1413394958.055760 -0.112607  0.062298  0.005840 0.096355 0.098958 0.065391
1413394958.155760 -0.112854  0.104700  0.015202 0.096544 0.098458 0.065411
1413394958.255760 0.013877 0.132636 0.032803 0.096910 0.098340 0.065506
1413394958.355760 0.202134 0.173503 0.034221 0.096544 0.098344 0.065556
1413394958.505760  0.493388  0.226124 -0.031168 0.095700 0.098492 0.065699
1413394958.605761  0.534232  0.249545 -0.021615 0.094653 0.097620 0.065625
1413394958.705760 0.389001 0.257124 0.046056 0.094529 0.096633 0.065515
1413394958.905761 -0.162085  0.180960  0.175322 0.094604 0.095385 0.065341
1413394959.005760 -0.358246  0.103696  0.210873 0.094641 0.095532 0.065354
1413394959.105761 -0.441727 -0.002177  0.215853 0.094469 0.095520 0.065456
1413394959.205760 -0.391903 -0.057272  0.238484 0.095119 0.095476 0.065569
1413394959.305761 -0.248754 -0.047243  0.236008 0.095925 0.095176 0.065731
1413394959.455760 0.010936 0.016087 0.129830 0.096354 0.094350 0.066006
1413394959.555760 0.064581 0.008579 0.123107 0.096691 0.094301 0.065964
1413394959.655760 -0.031930 -0.038869  0.184174 0.097576 0.094939 0.065827
1413394959.755760 -0.213526 -0.170881  0.190487 0.098393 0.095324 0.065785
1413394959.905761 -0.449789 -0.422751  0.145679 0.100748 0.095980 0.065886
1413394960.005760 -0.473784 -0.553792  0.073696 0.101607 0.095435 0.065994
1413394960.055760 -0.453341 -0.568971  0.023925 0.101686 0.095132 0.065989
1413394960.155760 -0.346944 -0.541919 -0.020243 0.101851 0.094781 0.066035
1413394960.255760 -0.209240 -0.451327 -0.030985 0.102184 0.095003 0.066008
1413394960.405761 -0.040611 -0.298754 -0.123479 0.101359 0.095087 0.065924
1413394960.505760  0.007034 -0.256384 -0.250590 0.101528 0.095343 0.065787
1413394960.605761 -0.022290 -0.325090 -0.322368 0.101299 0.095277 0.065573
1413394960.705760 -0.088697 -0.492636 -0.281440 0.102100 0.095669 0.065438
1413394960.855760 -0.170458 -0.783901 -0.123146 0.104879 0.097672 0.065472
1413394960.955760 -0.168613 -0.818013 -0.079810 0.105142 0.099241 0.065452
1413394961.055760 -0.125744 -0.743111 -0.067290 0.104577 0.100981 0.065430
1413394961.255760 -0.039581 -0.505186 -0.180239 0.102186 0.102606 0.065423
1413394961.355760 -0.015696 -0.507517 -0.185747 0.101673 0.102914 0.065433
1413394961.455760 -0.014907 -0.620803 -0.100955 0.102217 0.103702 0.065456
1413394961.605761  0.070213 -0.827005 -0.024435 0.103339 0.106057 0.065535
1413394961.705760  0.163589 -0.854451 -0.014921 0.103167 0.108625 0.065533
1413394961.805761  0.248144 -0.766862 -0.026971 0.101832 0.110861 0.065516
1413394961.905761  0.312426 -0.615684 -0.031776 0.100839 0.113509 0.065518
1413394962.055760  0.371112 -0.337871 -0.075745 0.098887 0.113172 0.065509
1413394962.155760  0.364685 -0.242686 -0.044564 0.098107 0.111907 0.065467
1413394962.305761  0.363857 -0.251247  0.038573 0.097944 0.109899 0.065427
1413394962.455760  0.399308 -0.292152  0.216019 0.098462 0.109633 0.065409
1413394962.555760  0.462751 -0.170683  0.209492 0.098137 0.108639 0.065389
1413394962.655760 0.538259 0.022638 0.130759 0.097954 0.106889 0.065460
1413394962.755760 0.581237 0.204096 0.076454 0.098375 0.104985 0.065558
1413394962.855760 0.584844 0.265181 0.005584 0.098614 0.102133 0.065544
1413394962.955760  0.576231  0.260161 -0.002728 0.098559 0.099955 0.065439
1413394963.105761  0.573970  0.205453 -0.013515 0.098739 0.097534 0.065387
1413394963.205760  0.604770  0.318564 -0.155092 0.099022 0.096326 0.065412
1413394963.355760  0.655267  0.506772 -0.407271 0.099923 0.095018 0.065502
1413394963.455760  0.673745  0.533592 -0.476799 0.100088 0.093774 0.065501
1413394963.555760  0.684604  0.487962 -0.487403 0.100129 0.092416 0.065595
1413394963.655760  0.677995  0.312943 -0.329573 0.100255 0.092238 0.065757
1413394963.755760  0.698543  0.219401 -0.274985 0.100634 0.091936 0.065876
1413394963.855760  0.726944  0.260232 -0.318627 0.101269 0.091655 0.065953
1413394963.955760  0.760530  0.364871 -0.407519 0.102082 0.091343 0.066120
1413394964.055760  0.773394  0.421963 -0.408434 0.103117 0.091209 0.066468
1413394964.105761  0.765935  0.410022 -0.390828 0.103522 0.091170 0.066616
1413394964.205760  0.731933  0.282302 -0.263757 0.104172 0.091249 0.066721
1413394964.305761  0.717683  0.094232 -0.102770 0.104820 0.091375 0.066766
1413394964.405761  0.727045  0.023029 -0.012176 0.105459 0.091157 0.066693
1413394964.505760  0.743155  0.103420 -0.046677 0.105950 0.090772 0.066435
1413394964.605761  0.749361  0.221265 -0.110640 0.106846 0.090494 0.066344
1413394964.705760  0.712045  0.281642 -0.095418 0.107718 0.090148 0.066332
1413394964.805761  0.605461  0.237920 -0.050045 0.107875 0.089457 0.066246
1413394964.905761 0.456526 0.075777 0.024477 0.107150 0.088677 0.066074
1413394965.105761  0.091951 -0.344973  0.278007 0.104356 0.087113 0.065598
1413394965.155760  0.062556 -0.365983  0.307219 0.103031 0.086676 0.065504
1413394965.255760  0.035624 -0.326170  0.291360 0.100790 0.086394 0.065352
1413394965.355760  0.054796 -0.209173  0.207706 0.098185 0.085744 0.065275
1413394965.505760  0.098787 -0.097819  0.233653 0.096013 0.085781 0.065238
1413394965.655760  0.136861 -0.003916  0.333894 0.094739 0.086299 0.065255
1413394965.755760 0.119428 0.121178 0.237151 0.093390 0.085891 0.065306
1413394965.905761 0.073160 0.270671 0.063507 0.091801 0.085326 0.065326
1413394966.055760 0.052916 0.415472 0.031828 0.091290 0.085742 0.065347
1413394966.205760 -0.012691  0.624649 -0.188997 0.091274 0.085470 0.065353
1413394966.305761 -0.033112  0.704917 -0.289521 0.090971 0.085541 0.065292
1413394966.355760 -0.020146  0.694714 -0.310182 0.090614 0.086030 0.065266
1413394966.455760  0.059587  0.561159 -0.248552 0.088987 0.087383 0.065234
1413394966.555760  0.193215  0.323386 -0.092915 0.087774 0.088352 0.065203
1413394966.655760  0.270761  0.182643 -0.004571 0.087357 0.088794 0.065204
1413394966.755760  0.273996  0.186879 -0.020998 0.087561 0.088556 0.065193
1413394966.805761  0.234671  0.208265 -0.044580 0.087660 0.088417 0.065192
1413394967.005760  0.094737  0.341171 -0.105427 0.088044 0.088262 0.065229
1413394967.105761  0.100169  0.355060 -0.066321 0.088014 0.088691 0.065260
1413394967.255760 0.263139 0.271088 0.152155 0.088249 0.089823 0.065239
1413394967.355760 0.291428 0.267443 0.231022 0.088662 0.090250 0.065232
1413394967.455760 0.200239 0.335471 0.229243 0.089560 0.090457 0.065278
1413394967.605761 -0.010072  0.432504  0.128225 0.090240 0.090260 0.065392
1413394967.705760 -0.055155  0.440027  0.183532 0.090830 0.090999 0.065393
1413394967.855760 0.018293 0.404966 0.327668 0.091562 0.092029 0.065415
1413394967.955760 0.019644 0.406459 0.380154 0.092313 0.092651 0.065481
1413394968.055760 -0.055569  0.425589  0.265214 0.092786 0.092669 0.065594
1413394968.155760 -0.111367  0.418479  0.092412 0.092670 0.092732 0.065658
1413394968.305761 -0.052734  0.410247 -0.000877 0.093133 0.092904 0.065598
1413394968.505760  0.051656  0.410205 -0.094062 0.094231 0.093063 0.065486
1413394968.755760  0.222679  0.393005 -0.029729 0.096545 0.094162 0.065361
1413394968.905761 0.316065 0.470018 0.000842 0.098359 0.094787 0.065321
1413394969.055760 0.343432 0.521193 0.009963 0.099897 0.095513 0.065340
1413394969.255760  0.302572  0.477450 -0.285195 0.099118 0.095058 0.065299
1413394969.455760  0.161958  0.395350 -0.441476 0.098956 0.094198 0.065324
1413394969.655760 -0.019367  0.384537 -0.417626 0.100371 0.094254 0.065572
1413394969.855760 -0.082019  0.598867 -0.304130 0.102173 0.094878 0.065820
1413394970.055760 -0.011869  0.811643 -0.038115 0.105619 0.097377 0.065876
1413394970.255760 0.120505 0.865715 0.146656 0.107231 0.100581 0.065667
1413394970.355760 0.154808 0.853529 0.088552 0.106545 0.101695 0.065548
1413394970.555760  0.036678  0.669328 -0.162600 0.103778 0.102907 0.065483
1413394970.755760 -0.097332  0.291385 -0.190531 0.101278 0.102555 0.065464
1413394970.955760 -0.234397  0.050491 -0.039015 0.100127 0.099633 0.065521
1413394971.255760 -0.158006  0.189830  0.117438 0.099672 0.096370 0.065290
1413394971.455760 0.172940 0.307323 0.000704 0.101728 0.094157 0.065174
1413394971.655760 0.628817 0.354871 0.133628 0.103250 0.095704 0.065172
1413394971.755760 0.776966 0.294415 0.159745 0.102633 0.096043 0.065199
1413394971.955760 0.809291 0.053947 0.122361 0.102371 0.094508 0.065253
1413394972.055760  0.730349 -0.079969  0.039429 0.101520 0.092292 0.065248
1413394972.255760  0.447479 -0.308363 -0.164889 0.101177 0.087909 0.065213
1413394972.355760  0.279863 -0.425944 -0.211862 0.101195 0.086631 0.065233
1413394972.555760 -0.021283 -0.599379 -0.286532 0.101514 0.085276 0.065380
1413394972.655760 -0.124414 -0.678879 -0.242629 0.100655 0.085047 0.065408
1413394972.855760 -0.154147 -0.730602 -0.087651 0.100361 0.085726 0.065458
1413394972.955760 -0.113151 -0.679423 -0.078971 0.100157 0.085681 0.065438
1413394973.055760 -0.085601 -0.640916 -0.093355 0.096867 0.085937 0.065386
1413394973.155760 -0.029256 -0.588810 -0.101047 0.102173 0.088053 0.065405
1413394973.255760 -0.007701 -0.569567 -0.092734 0.103254 0.089120 0.065404
1413394973.355760 -0.008780 -0.565785 -0.070032 0.106215 0.091507 0.065424
1413394973.405761 -0.004389 -0.575953 -0.058961 0.106882 0.092111 0.065425
1413394973.505760 -0.023762 -0.586202 -0.045764 0.107459 0.093680 0.065423
1413394973.605761 -0.038885 -0.609468 -0.019173 0.108356 0.095464 0.065404
1413394973.705760 -0.061725 -0.608763  0.026741 0.108933 0.097237 0.065366
1413394973.805761 -0.073405 -0.615104  0.028934 0.109231 0.098872 0.065348
1413394973.905761 -0.082008 -0.588963  0.029191 0.109320 0.100282 0.065343
1413394974.005760 -0.098516 -0.570675  0.064412 0.109503 0.101817 0.065325
1413394974.105761 -0.103736 -0.538165  0.080688 0.109631 0.103604 0.065299
1413394974.205760 -0.129427 -0.505329  0.084269 0.109324 0.104869 0.065268
1413394974.305761 -0.161399 -0.452802  0.093831 0.109026 0.105942 0.065241
1413394974.405761 -0.213059 -0.400072  0.139085 0.109031 0.106920 0.065226
1413394974.505760 -0.291968 -0.337509  0.162381 0.108907 0.107613 0.065232
1413394974.605761 -0.347737 -0.247906  0.179875 0.108874 0.107936 0.065243
1413394974.705760 -0.381511 -0.175610  0.178412 0.108871 0.107729 0.065259
1413394974.855760 -0.385363 -0.082987  0.111766 0.108506 0.106208 0.065265
1413394975.005760 -0.380433 -0.053634 -0.085172 0.107386 0.103575 0.065228
1413394975.105761 -0.343184 -0.041728 -0.189621 0.106814 0.101811 0.065182
1413394975.255760 -0.273106 -0.049031 -0.344172 0.105688 0.099396 0.065153
1413394975.405761 -0.171870 -0.051832 -0.345919 0.104906 0.097706 0.065217
1413394975.605761 -0.085671 -0.111406 -0.272109 0.103811 0.096523 0.065413
1413394975.855760 -0.140283 -0.211270 -0.111352 0.103087 0.096727 0.065607
1413394976.055760 -0.143470 -0.280048 -0.052635 0.102311 0.096727 0.065577
1413394976.355760  0.009158 -0.375834 -0.051070 0.100251 0.096162 0.065519
1413394976.605761  0.249729 -0.473463 -0.020379 0.098229 0.096547 0.065467
1413394976.705760  0.405148 -0.484972 -0.030202 0.097167 0.097099 0.065427
1413394976.855760  0.576980 -0.447906 -0.044713 0.095505 0.098277 0.065438
1413394976.955760  0.588316 -0.349413 -0.015217 0.094691 0.098328 0.065377
1413394977.105761  0.393066 -0.157783  0.072983 0.094249 0.096857 0.065246
1413394977.205760 0.133467 0.022014 0.169732 0.094442 0.095622 0.065152
1413394977.405761 -0.464258  0.288117  0.350747 0.094571 0.095067 0.065073
1413394977.605761 -1.048096  0.282541  0.460943 0.093466 0.098609 0.065213
1413394977.705760 -1.359541  0.261877  0.505604 0.093699 0.102602 0.065374
1413394977.905761 -1.784447  0.165712  0.564551 0.097307 0.110099 0.065774
1413394978.005760 -1.871457  0.096510  0.541224 0.099959 0.111490 0.065955
1413394978.155760 -1.900871 -0.012234  0.452102 0.104852 0.111339 0.066191
1413394978.255760 -1.880344 -0.098962  0.326515 0.108034 0.110030 0.066253
1413394978.355760 -1.850493 -0.188823  0.209117 0.112371 0.108672 0.066272
1413394978.455760 -1.802051 -0.279669  0.070419 0.117232 0.107697 0.066250
1413394978.555760 -1.786170 -0.372895  0.039822 0.121380 0.107252 0.066173
1413394978.655760 -1.746041 -0.436824  0.046072 0.125645 0.106520 0.066130
1413394978.755760 -1.703401 -0.468970  0.086070 0.129784 0.105750 0.066111
1413394978.855760 -1.672829 -0.469396  0.130347 0.133421 0.105252 0.066088
1413394978.955760 -1.631694 -0.452291  0.104032 0.136496 0.104305 0.066051
1413394979.055760 -1.580794 -0.425322  0.012727 0.138972 0.103127 0.066022
1413394979.155760 -1.485207 -0.397645 -0.089930 0.141605 0.100992 0.065982
1413394979.255760 -1.346739 -0.363000 -0.165725 0.143659 0.098441 0.065910
1413394979.355760 -1.165840 -0.297550 -0.159185 0.144444 0.095846 0.065897
1413394979.455760 -0.882516 -0.192721 -0.087710 0.143969 0.092508 0.065941
1413394979.605761 -0.375114 -0.027518  0.097619 0.139768 0.089249 0.066204
1413394979.805761 0.410969 0.129871 0.284241 0.127291 0.090132 0.066806
1413394979.905761 0.638922 0.118708 0.354478 0.119941 0.091594 0.066827
1413394980.005760 0.730786 0.038245 0.359135 0.113318 0.091612 0.066648
1413394980.255760  0.816432 -0.214773  0.148052 0.101383 0.090878 0.066219
1413394980.455760  0.940018 -0.388039 -0.012376 0.096513 0.091125 0.066009
1413394980.605761  1.008068 -0.465626  0.032080 0.094552 0.091871 0.065803
1413394980.805761  0.993259 -0.444799  0.122439 0.093499 0.091696 0.065633
1413394981.055760  0.906591 -0.375495 -0.024186 0.091477 0.089863 0.065432
1413394981.305761  0.826012 -0.232200 -0.250317 0.090697 0.087954 0.065282
1413394981.505760  0.746240 -0.129666 -0.168965 0.091082 0.086734 0.065200
1413394981.755760  0.620305 -0.085826 -0.179565 0.091564 0.084976 0.065170
1413394982.005760  0.447199  0.035404 -0.112930 0.090921 0.083223 0.065109
1413394982.205760  0.332834  0.238522 -0.063111 0.089820 0.082007 0.065076
1413394982.355760  0.321098  0.457457 -0.012926 0.089935 0.081560 0.065085
1413394982.505760 0.370761 0.693395 0.080187 0.090782 0.081709 0.065103
1413394982.605761 0.435207 0.837730 0.111348 0.092130 0.082029 0.065126
1413394982.705760 0.490754 0.973971 0.164997 0.093393 0.082446 0.065147
1413394982.805761 0.550973 1.098035 0.161569 0.094344 0.083011 0.065169
1413394982.905761 0.598886 1.214013 0.186953 0.095932 0.084008 0.065193
1413394983.005760 0.651247 1.286783 0.190761 0.097189 0.085064 0.065223
1413394983.205760 0.666681 1.374763 0.212613 0.098776 0.087162 0.065330
1413394983.305761 0.677069 1.373375 0.210254 0.099052 0.088004 0.065348
1413394983.505760 0.658002 1.343333 0.187533 0.098745 0.090515 0.065408
1413394983.605761 0.604269 1.294629 0.098123 0.097840 0.091177 0.065361
1413394983.805761  0.473795  1.155524 -0.139606 0.095627 0.092256 0.065314
1413394984.005760  0.309316  0.994918 -0.344473 0.093354 0.093286 0.065186
1413394984.205760  0.148685  0.814209 -0.333638 0.090590 0.093018 0.065101
1413394984.405761  0.000792  0.669334 -0.292939 0.088473 0.093009 0.065100
1413394984.605761 -0.192254  0.538970 -0.235712 0.086560 0.092795 0.065120
1413394984.805761 -0.416036  0.450284 -0.161382 0.084998 0.093747 0.065141
1413394985.005760 -0.593332  0.382526 -0.081550 0.083945 0.094042 0.065150
1413394985.205760 -0.716549  0.293143  0.016261 0.083346 0.094332 0.065135
1413394985.405761 -0.813151  0.214819  0.266209 0.083421 0.094717 0.065118
1413394985.505760 -0.880834  0.298282  0.463996 0.083914 0.094616 0.065069
1413394985.705760 -0.900702  0.428850  0.525503 0.084603 0.094527 0.065120
1413394985.805761 -0.927493  0.416292  0.379213 0.084381 0.093473 0.065148
1413394986.005760 -1.014994  0.327239  0.128762 0.083954 0.092908 0.065194
1413394986.205760 -1.118826  0.210121  0.149925 0.084459 0.093530 0.065225
1413394986.305761 -1.147945  0.200676  0.205328 0.085058 0.093453 0.065229
1413394986.505760 -1.150465  0.282139  0.301505 0.086761 0.093334 0.065301
1413394986.605761 -1.172997  0.306204  0.337364 0.088880 0.094377 0.065365
1413394986.805761 -1.243793  0.255907  0.323432 0.090403 0.095097 0.065506
1413394986.905761 -1.284020  0.187433  0.307288 0.091126 0.095380 0.065551
1413394987.105761 -1.244687  0.121157  0.046364 0.092284 0.093420 0.065608
1413394987.305761 -1.161301  0.167845 -0.080888 0.094147 0.091493 0.065539
1413394987.505760 -1.088501  0.055020 -0.033970 0.096353 0.090287 0.065470
1413394987.705760 -1.021138 -0.199926  0.029541 0.098810 0.089046 0.065471
1413394987.905761 -0.895436 -0.527947  0.124691 0.102148 0.087434 0.065513
1413394988.005760 -0.811693 -0.691926  0.173783 0.103984 0.086519 0.065545
1413394988.205760 -0.598560 -0.969195  0.200634 0.108314 0.085144 0.065746
1413394988.305761 -0.465837 -1.032264  0.177099 0.109351 0.084763 0.065844
1413394988.505760 -0.132961 -0.982700  0.021393 0.106646 0.083976 0.065887
1413394988.605761  0.053371 -0.907863 -0.018189 0.105829 0.084963 0.065896
1413394988.805761  0.288754 -0.825517 -0.143585 0.102503 0.086381 0.065836
1413394988.905761  0.363261 -0.843697 -0.204602 0.102295 0.087377 0.065848
1413394989.105761  0.464168 -0.928012 -0.192158 0.102731 0.089294 0.065864
1413394989.305761  0.468028 -1.005292 -0.126208 0.103790 0.090833 0.065819
1413394989.505760  0.488376 -1.041352 -0.162767 0.103546 0.092216 0.065792
1413394989.705760  0.524996 -1.019168 -0.347134 0.102694 0.093715 0.065822
1413394989.905761  0.533256 -0.915617 -0.496858 0.100777 0.094986 0.065816
1413394990.105761  0.555074 -0.741041 -0.605745 0.098963 0.096131 0.065906
1413394990.205760  0.502066 -0.701053 -0.663959 0.098385 0.095915 0.065943
1413394990.355760  0.434215 -0.675106 -0.659506 0.097969 0.095386 0.066039
1413394990.455760  0.372673 -0.662858 -0.633617 0.100038 0.096129 0.066218
1413394990.555760  0.289508 -0.664086 -0.586665 0.102723 0.097683 0.066347
1413394990.705760  0.147016 -0.655353 -0.536353 0.105928 0.100983 0.066449
1413394990.855760 -0.003002 -0.638290 -0.480746 0.106861 0.102662 0.066455
1413394991.055760 -0.172992 -0.618923 -0.376477 0.107049 0.104623 0.066396
1413394991.255760 -0.317901 -0.572606 -0.314927 0.106033 0.105732 0.066251
1413394991.405761 -0.408365 -0.502440 -0.253491 0.105296 0.107238 0.066165
1413394991.555760 -0.437243 -0.401390 -0.239798 0.104083 0.107922 0.066053
1413394991.705760 -0.502950 -0.313442 -0.158672 0.103391 0.108174 0.065941
1413394991.855760 -0.512148 -0.287162 -0.138844 0.102666 0.107191 0.065825
1413394992.055760 -0.423081 -0.264552 -0.153987 0.101218 0.104693 0.065657
1413394992.255760 -0.264420 -0.145180 -0.082318 0.099879 0.103105 0.065504
1413394992.455760 -0.168366  0.008367  0.008250 0.098551 0.101803 0.065388
1413394992.605761 -0.174580  0.021602  0.034734 0.095705 0.100761 0.065289
1413394992.955760 -0.138877 -0.002922 -0.003178 0.093821 0.097974 0.065173
1413394993.305761 -0.078310  0.039057 -0.328729 0.090829 0.094490 0.065217
1413394993.605761 -0.162394 -0.050104 -0.298143 0.089254 0.092081 0.065341
1413394993.855760 -0.171500 -0.075628 -0.448968 0.088290 0.090536 0.065443
1413394994.005760 -0.118341 -0.051178 -0.479665 0.087754 0.090014 0.065561
1413394994.155760 -0.016315 -0.023725 -0.339832 0.088077 0.091013 0.065695
