1413394889.855760 2.305272 0.491617
1413394890.005760 2.315573 0.443903
1413394890.305761 2.288636 0.414873
1413394890.405761 2.301210 0.371422
1413394890.505760 2.300542 0.338034
1413394890.655760 2.295009 0.319074
1413394890.905761 2.296470 0.288466
1413394891.005760 2.296051 0.265636
1413394891.105761 2.295789 0.252570
1413394891.255760 2.294407 0.248923
1413394891.455760 2.294773 0.233910
1413394891.555760 2.289566 0.213195
1413394891.655760 2.279436 0.194574
1413394891.805761 2.270858 0.174949
1413394891.955760 2.261673 0.159315
1413394892.105761 2.258569 0.149641
1413394892.255760 2.251371 0.148981
1413394892.405761 2.248636 0.142723
1413394892.555760 2.240726 0.134304
1413394892.705760 2.244731 0.125152
1413394892.755760 2.254489 0.123578
1413394892.905761 2.254640 0.118176
1413394893.005760 2.247166 0.116623
1413394893.105761 2.244723 0.116312
1413394893.255760 2.249554 0.115875
1413394893.355760 2.251052 0.115235
1413394893.505760 2.243353 0.113608
1413394893.655760 2.236404 0.112817
1413394893.805761 2.234924 0.112255
1413394893.955760 2.234613 0.112078
1413394894.105761 2.234091 0.111749
1413394894.205760 2.236437 0.111498
1413394894.305761 2.234642 0.110919
1413394894.405761 2.233788 0.110036
1413394894.505760 2.230362 0.108688
1413394894.605761 2.235365 0.104990
1413394894.705760 2.235390 0.102507
1413394894.805761 2.236624 0.099473
1413394894.905761 2.237104 0.096167
1413394895.005760 2.238180 0.093158
1413394895.105761 2.241214 0.089529
1413394895.205760 2.243205 0.086168
1413394895.355760 2.246096 0.081014
1413394895.455760 2.247989 0.077651
1413394895.555760 2.248884 0.075227
1413394895.655760 2.250912 0.072945
1413394895.755760 2.251661 0.070537
1413394895.855760 2.251390 0.068243
1413394895.955760 2.249209 0.066550
1413394896.055760 2.247186 0.065276
1413394896.205760 2.247288 0.063687
1413394896.305761 2.248492 0.062719
1413394896.455760 2.251385 0.061011
1413394896.605761 2.258748 0.058811
1413394896.755760 2.269231 0.055383
1413394896.955760 2.284568 0.048482
1413394897.105761 2.294990 0.042236
1413394897.205760 2.300887 0.038130
1413394897.305761 2.306999 0.034519
1413394897.355760 2.309860 0.031746
1413394897.455760 2.315781 0.029449
1413394897.505760 2.319557 0.028546
1413394897.605761 2.321609 0.027209
1413394897.655760 2.323010 0.026699
1413394897.755760 2.324430 0.025950
1413394897.805761 2.326768 0.025657
1413394897.905761 2.328259 0.025223
1413394898.005760 2.328732 0.024882
1413394898.105761 2.327609 0.024615
1413394898.205760 2.328084 0.024440
1413394898.305761 2.324247 0.024343
1413394898.405761 2.319405 0.024283
1413394898.505760 2.314280 0.024219
1413394898.605761 2.312617 0.024121
1413394898.755760 2.312987 0.023893
1413394898.955760 2.312372 0.023351
1413394899.205760 2.311229 0.022254
1413394899.455760 2.318805 0.020884
1413394899.605761 2.322647 0.020094
1413394899.755760 2.324862 0.019382
1413394899.855760 2.327101 0.018978
1413394899.955760 2.327789 0.018631
1413394900.055760 2.330515 0.018354
1413394900.155760 2.331317 0.018094
1413394900.255760 2.334196 0.017908
1413394900.355760 2.335762 0.017772
1413394900.455760 2.336399 0.017679
1413394900.605761 2.336850 0.017578
1413394900.755760 2.336672 0.017501
1413394900.855760 2.334980 0.017446
1413394900.955760 2.335503 0.017373
1413394901.055760 2.338996 0.017290
1413394901.155760 2.341739 0.017207
1413394901.205760 2.341276 0.017158
1413394901.305761 2.339448 0.017067
1413394901.355760 2.339002 0.017034
1413394901.455760 2.337625 0.016969
1413394901.555760 2.336892 0.016927
1413394901.655760 2.335964 0.016904
1413394901.755760 2.334622 0.016876
1413394901.855760 2.333941 0.016847
1413394901.955760 2.333020 0.016825
1413394902.055760 2.332073 0.016796
1413394902.155760 2.332034 0.016766
1413394902.255760 2.330450 0.016719
1413394902.355760 2.328871 0.016670
1413394902.455760 2.328193 0.016621
1413394902.555760 2.327995 0.016568
1413394902.655760 2.328010 0.016513
1413394902.755760 2.328938 0.016473
1413394902.855760 2.328902 0.016426
1413394902.955760 2.328867 0.016374
1413394903.155760 2.330595 0.016277
1413394903.355760 2.331185 0.016151
1413394903.555760 2.334022 0.016057
1413394903.705760 2.334219 0.015977
1413394903.955760 2.333779 0.015885
1413394904.155760 2.333312 0.015847
1413394904.305761 2.332955 0.015822
1413394904.455760 2.332657 0.015787
1413394904.555760 2.332253 0.015756
1413394904.655760 2.332085 0.015730
1413394904.755760 2.331383 0.015701
1413394904.855760 2.331078 0.015679
1413394904.955760 2.331485 0.015662
1413394905.055760 2.332022 0.015651
1413394905.205760 2.331407 0.015643
1413394905.305761 2.331747 0.015643
1413394905.355760 2.332119 0.015642
1413394905.455760 2.332806 0.015642
1413394905.555760 2.332961 0.015640
1413394905.705760 2.334465 0.015620
1413394905.805761 2.336049 0.015586
1413394905.855760 2.334012 0.015550
1413394905.955760 2.333555 0.015527
1413394906.055760 2.332306 0.015512
1413394906.105761 2.331317 0.015509
1413394906.255760 2.331495 0.015501
1413394906.355760 2.332625 0.015481
1413394906.455760 2.333286 0.015459
1413394906.555760 2.333027 0.015431
1413394906.655760 2.333079 0.015418
1413394906.755760 2.332470 0.015407
1413394906.855760 2.332874 0.015400
1413394906.955760 2.334491 0.015401
1413394907.055760 2.333450 0.015399
1413394907.305761 2.334054 0.015358
1413394907.405761 2.333894 0.015329
1413394907.455760 2.332892 0.015311
1413394907.555760 2.332773 0.015292
1413394907.655760 2.332639 0.015279
1413394907.755760 2.332218 0.015263
1413394907.855760 2.331982 0.015243
1413394907.905761 2.332771 0.015232
1413394908.005760 2.333653 0.015221
1413394908.105761 2.334972 0.015214
1413394908.205760 2.335973 0.015210
1413394908.305761 2.335776 0.015205
1413394908.355760 2.333271 0.015202
1413394908.455760 2.333360 0.015199
1413394908.605761 2.332918 0.015184
1413394908.705760 2.332564 0.015156
1413394908.805761 2.332262 0.015121
1413394908.905761 2.330785 0.015098
1413394908.955760 2.330738 0.015088
1413394909.105761 2.330391 0.015074
1413394909.205760 2.330415 0.015066
1413394909.305761 2.330877 0.015061
1413394909.405761 2.331115 0.015057
1413394909.555760 2.331028 0.015056
1413394909.655760 2.331249 0.015053
1413394909.755760 2.331275 0.015051
1413394909.855760 2.331260 0.015046
1413394910.055760 2.331079 0.015041
1413394910.155760 2.331508 0.015038
1413394910.255760 2.331283 0.015034
1413394910.355760 2.331372 0.015032
1413394910.555760 2.330997 0.015028
1413394910.655760 2.331219 0.015021
1413394910.755760 2.331374 0.015015
1413394910.855760 2.331129 0.015012
1413394911.005760 2.331031 0.015011
1413394911.105761 2.330892 0.015005
1413394911.205760 2.330997 0.014992
1413394911.305761 2.331200 0.014986
1413394911.405761 2.330938 0.014981
1413394911.505760 2.330566 0.014978
1413394911.655760 2.330874 0.014968
1413394911.755760 2.331020 0.014963
1413394911.805761 2.330955 0.014959
1413394911.905761 2.331061 0.014959
1413394912.055760 2.331063 0.014959
1413394912.155760 2.331097 0.014956
1413394912.255760 2.330972 0.014956
1413394912.405761 2.331177 0.014952
1413394912.555760 2.331520 0.014943
1413394912.655760 2.331836 0.014936
1413394912.755760 2.332003 0.014926
1413394912.905761 2.332342 0.014917
1413394913.105761 2.332666 0.014907
1413394913.305761 2.332928 0.014900
1413394913.455760 2.333202 0.014896
1413394913.605761 2.333328 0.014892
1413394913.755760 2.333289 0.014887
1413394913.855760 2.333115 0.014883
1413394913.955760 2.332888 0.014874
1413394914.055760 2.332768 0.014866
1413394914.205760 2.332512 0.014854
1413394914.355760 2.332561 0.014846
1413394914.455760 2.333027 0.014843
1413394914.555760 2.333749 0.014835
1413394914.655760 2.334051 0.014829
1413394914.755760 2.334498 0.014823
1413394914.905761 2.335083 0.014816
1413394915.055760 2.335546 0.014807
1413394915.205760 2.336207 0.014800
1413394915.305761 2.336578 0.014791
1413394915.405761 2.336728 0.014779
1413394915.505760 2.337274 0.014765
1413394915.605761 2.337735 0.014746
1413394915.655760 2.337755 0.014733
1413394915.755760 2.338163 0.014717
1413394915.855760 2.338260 0.014701
1413394915.955760 2.338767 0.014686
1413394916.055760 2.339019 0.014677
1413394916.155760 2.339282 0.014664
1413394916.255760 2.339938 0.014659
1413394916.355760 2.339922 0.014651
1413394916.455760 2.340200 0.014643
1413394916.555760 2.340350 0.014638
1413394916.655760 2.340588 0.014637
1413394916.755760 2.340348 0.014635
1413394916.955760 2.339961 0.014630
1413394917.055760 2.339859 0.014627
1413394917.255760 2.339907 0.014621
1413394917.455760 2.340149 0.014616
1413394917.655760 2.341095 0.014610
1413394917.855760 2.340940 0.014601
1413394917.955760 2.340897 0.014591
1413394918.155760 2.341826 0.014575
1413394918.255760 2.342609 0.014562
1413394918.455760 2.343743 0.014545
1413394918.555760 2.343624 0.014534
1413394918.755760 2.344594 0.014520
1413394918.855760 2.344500 0.014513
1413394919.055760 2.344108 0.014501
1413394919.155760 2.344166 0.014501
1413394919.355760 2.344261 0.014484
1413394919.455760 2.344015 0.014483
1413394919.655760 2.344031 0.014480
1413394919.755760 2.344618 0.014479
1413394919.955760 2.345460 0.014475
1413394920.055760 2.345046 0.014474
1413394920.255760 2.345585 0.014473
1413394920.455760 2.347370 0.014471
1413394920.655760 2.348801 0.014463
1413394920.855760 2.348847 0.014457
1413394921.055760 2.349037 0.014442
1413394921.255760 2.348515 0.014425
1413394921.355760 2.348022 0.014424
1413394921.555760 2.346943 0.014421
1413394921.755760 2.345175 0.014409
1413394921.855760 2.344860 0.014407
1413394922.055760 2.344654 0.014404
1413394922.155760 2.344368 0.014403
1413394922.355760 2.343527 0.014402
1413394922.455760 2.342609 0.014401
1413394922.655760 2.344432 0.014397
1413394922.755760 2.345554 0.014394
1413394922.955760 2.346817 0.014390
1413394923.055760 2.347324 0.014391
1413394923.255760 2.347876 0.014390
1413394923.355760 2.347951 0.014390
1413394923.555760 2.348128 0.014387
1413394923.655760 2.348294 0.014386
1413394923.855760 2.348818 0.014385
1413394923.955760 2.349135 0.014384
1413394924.155760 2.349360 0.014380
1413394924.255760 2.348870 0.014379
1413394924.455760 2.348545 0.014376
1413394924.555760 2.348780 0.014378
1413394924.755760 2.349072 0.014376
1413394924.855760 2.349071 0.014376
1413394925.005760 2.348957 0.014377
1413394925.155760 2.348774 0.014374
1413394925.305761 2.348719 0.014372
1413394925.505760 2.348783 0.014368
1413394925.605761 2.349096 0.014365
1413394925.755760 2.348118 0.014356
1413394925.905761 2.348101 0.014350
1413394926.055760 2.346800 0.014346
1413394926.205760 2.347225 0.014343
1413394926.355760 2.347201 0.014338
1413394926.505760 2.347205 0.014335
1413394926.605761 2.347601 0.014331
1413394926.705760 2.348127 0.014330
1413394926.805761 2.348427 0.014330
1413394926.905761 2.347981 0.014330
1413394927.005760 2.347505 0.014328
1413394927.105761 2.347651 0.014326
1413394927.205760 2.347896 0.014325
1413394927.355760 2.348369 0.014323
1413394927.505760 2.348483 0.014321
1413394927.605761 2.348406 0.014320
1413394927.705760 2.348331 0.014319
1413394927.805761 2.348160 0.014318
1413394927.905761 2.348041 0.014317
1413394928.005760 2.347925 0.014317
1413394928.155760 2.348004 0.014316
1413394928.305761 2.348103 0.014316
1413394928.455760 2.348316 0.014316
1413394928.605761 2.348590 0.014314
1413394928.805761 2.348638 0.014313
1413394929.005760 2.348555 0.014315
1413394929.205760 2.348779 0.014315
1413394929.405761 2.348258 0.014314
1413394929.605761 2.348080 0.014312
1413394929.855760 2.347934 0.014313
1413394930.055760 2.347795 0.014311
1413394930.255760 2.347843 0.014312
1413394930.405761 2.347793 0.014310
1413394930.505760 2.347781 0.014308
1413394930.605761 2.347904 0.014309
1413394930.705760 2.347762 0.014309
1413394930.855760 2.347604 0.014309
1413394930.955760 2.347269 0.014305
1413394931.005760 2.347231 0.014308
1413394931.155760 2.347351 0.014308
1413394931.355760 2.347131 0.014307
1413394931.505760 2.346670 0.014308
1413394931.655760 2.346184 0.014305
1413394931.855760 2.345749 0.014306
1413394932.005760 2.345774 0.014304
1413394932.105761 2.345769 0.014303
1413394932.205760 2.346480 0.014305
1413394932.305761 2.346354 0.014301
1413394932.405761 2.346362 0.014301
1413394932.505760 2.346237 0.014302
1413394932.655760 2.346592 0.014303
1413394932.805761 2.346715 0.014304
1413394932.955760 2.346545 0.014302
1413394933.105761 2.346162 0.014303
1413394933.255760 2.345748 0.014304
1413394933.405761 2.345884 0.014304
1413394933.555760 2.346429 0.014301
1413394933.705760 2.346830 0.014302
1413394933.855760 2.346833 0.014301
1413394934.005760 2.347158 0.014301
1413394934.155760 2.347190 0.014300
1413394934.255760 2.347200 0.014300
1413394934.355760 2.347498 0.014300
1413394934.455760 2.347616 0.014299
1413394934.555760 2.347358 0.014299
1413394934.655760 2.347362 0.014298
1413394934.805761 2.347519 0.014297
1413394935.055760 2.347818 0.014297
1413394935.305761 2.347382 0.014295
1413394935.505760 2.347257 0.014294
1413394935.655760 2.347339 0.014293
1413394935.905761 2.347259 0.014292
1413394936.105761 2.347098 0.014292
1413394936.255760 2.347296 0.014291
1413394936.405761 2.347300 0.014290
1413394936.605761 2.347075 0.014290
1413394936.705760 2.346651 0.014288
1413394936.905761 2.346728 0.014288
1413394937.005760 2.347072 0.014287
1413394937.205760 2.346660 0.014287
1413394937.305761 2.346129 0.014284
1413394937.455760 2.345268 0.014282
1413394937.555760 2.344928 0.014280
1413394937.755760 2.343254 0.014277
1413394937.955760 2.341480 0.014272
1413394938.055760 2.341477 0.014267
1413394938.255760 2.340656 0.014265
1413394938.355760 2.341036 0.014261
1413394938.555760 2.340220 0.014256
1413394938.655760 2.340078 0.014253
1413394938.855760 2.340130 0.014250
1413394938.955760 2.340505 0.014248
1413394939.155760 2.340600 0.014246
1413394939.255760 2.341349 0.014245
1413394939.455760 2.341809 0.014243
1413394939.555760 2.341380 0.014242
1413394939.755760 2.340993 0.014239
1413394939.855760 2.340881 0.014240
1413394940.055760 2.340522 0.014239
1413394940.255760 2.339987 0.014239
1413394940.455760 2.340669 0.014238
1413394940.655760 2.341571 0.014237
1413394940.855760 2.341848 0.014236
1413394940.955760 2.342021 0.014236
1413394941.055760 2.342032 0.014235
1413394941.205760 2.341875 0.014236
1413394941.405761 2.341756 0.014237
1413394941.505760 2.341926 0.014235
1413394941.705760 2.342363 0.014235
1413394941.805761 2.341843 0.014233
1413394941.855760 2.341938 0.014234
1413394941.955760 2.341144 0.014233
1413394942.055760 2.341027 0.014233
1413394942.155760 2.341026 0.014232
1413394942.255760 2.341221 0.014231
1413394942.355760 2.341078 0.014230
1413394942.455760 2.342088 0.014231
1413394942.555760 2.340380 0.014228
1413394942.655760 2.340926 0.014226
1413394942.755760 2.343045 0.014226
1413394942.805761 2.340789 0.014222
1413394942.905761 2.341860 0.014223
1413394942.955760 2.340900 0.014221
1413394943.055760 2.341202 0.014221
1413394943.155760 2.340950 0.014220
1413394943.255760 2.341570 0.014219
1413394943.355760 2.342106 0.014218
1413394943.505760 2.342471 0.014217
1413394943.655760 2.342597 0.014216
1413394943.805761 2.342883 0.014216
1413394943.955760 2.343307 0.014215
1413394944.105761 2.343286 0.014216
1413394944.305761 2.343281 0.014216
1413394944.455760 2.342670 0.014215
1413394944.605761 2.342317 0.014215
1413394944.705760 2.342140 0.014213
1413394944.855760 2.342343 0.014213
1413394945.005760 2.342720 0.014213
1413394945.105761 2.342607 0.014213
1413394945.205760 2.342831 0.014212
1413394945.305761 2.342545 0.014211
1413394945.405761 2.342180 0.014210
1413394945.505760 2.341839 0.014210
1413394945.605761 2.341887 0.014210
1413394945.705760 2.341908 0.014209
1413394945.805761 2.341994 0.014208
1413394945.905761 2.342113 0.014208
1413394946.005760 2.342165 0.014208
1413394946.055760 2.342067 0.014207
1413394946.205760 2.342268 0.014206
1413394946.355760 2.341919 0.014206
1413394946.455760 2.341667 0.014204
1413394946.655760 2.341351 0.014203
1413394946.755760 2.341094 0.014202
1413394946.955760 2.340708 0.014200
1413394947.055760 2.340554 0.014202
1413394947.255760 2.340610 0.014202
1413394947.355760 2.341024 0.014201
1413394947.555760 2.340851 0.014202
1413394947.655760 2.340739 0.014203
1413394947.855760 2.340884 0.014202
1413394947.955760 2.340957 0.014201
1413394948.155760 2.340420 0.014200
1413394948.255760 2.340485 0.014199
1413394948.455760 2.339911 0.014198
1413394948.555760 2.339616 0.014197
1413394948.755760 2.339624 0.014197
1413394948.955760 2.338957 0.014196
1413394949.055760 2.338779 0.014196
1413394949.255760 2.338555 0.014196
1413394949.555760 2.337946 0.014195
1413394949.655760 2.338028 0.014195
1413394949.855760 2.338311 0.014195
1413394950.055760 2.337766 0.014194
1413394950.155760 2.338559 0.014194
1413394950.355760 2.338862 0.014194
1413394950.555760 2.339309 0.014193
1413394950.755760 2.339827 0.014193
1413394950.855760 2.340346 0.014191
1413394951.055760 2.340271 0.014191
1413394951.155760 2.340099 0.014193
1413394951.355760 2.339396 0.014193
1413394951.455760 2.338654 0.014194
1413394951.655760 2.337593 0.014193
1413394951.855760 2.338616 0.014191
1413394951.955760 2.338806 0.014190
1413394952.155760 2.338448 0.014192
1413394952.355760 2.338686 0.014195
1413394952.455760 2.338591 0.014190
1413394952.655760 2.337287 0.014191
1413394952.855760 2.338498 0.014195
1413394953.055760 2.340291 0.014193
1413394953.355760 2.340997 0.014192
1413394953.555760 2.340247 0.014193
1413394953.655760 2.340331 0.014193
1413394953.855760 2.340276 0.014194
1413394954.055760 2.340311 0.014194
1413394954.155760 2.340370 0.014193
1413394954.355760 2.339955 0.014194
1413394954.555760 2.339616 0.014194
1413394954.655760 2.339635 0.014194
1413394954.855760 2.339865 0.014194
1413394954.955760 2.340468 0.014193
1413394955.155760 2.340954 0.014194
1413394955.255760 2.340682 0.014195
1413394955.455760 2.340541 0.014195
1413394955.555760 2.340543 0.014194
1413394955.755760 2.340488 0.014194
1413394955.855760 2.340444 0.014194
1413394955.955760 2.340271 0.014194
1413394956.105761 2.340051 0.014194
1413394956.205760 2.340149 0.014193
1413394956.405761 2.340349 0.014194
1413394956.505760 2.340408 0.014194
1413394956.655760 2.340302 0.014193
1413394956.755760 2.340356 0.014193
1413394957.005760 2.340102 0.014193
1413394957.105761 2.339969 0.014193
1413394957.205760 2.340109 0.014193
1413394957.305761 2.340344 0.014193
1413394957.405761 2.340301 0.014193
1413394957.605761 2.340260 0.014193
1413394957.705760 2.340584 0.014192
1413394957.805761 2.340497 0.014192
1413394958.055760 2.340632 0.014192
1413394958.155760 2.340237 0.014192
1413394958.255760 2.340254 0.014192
1413394958.355760 2.340249 0.014192
1413394958.505760 2.340141 0.014192
1413394958.605761 2.340313 0.014192
1413394958.705760 2.340180 0.014192
1413394958.905761 2.340099 0.014192
1413394959.005760 2.340126 0.014192
1413394959.105761 2.340102 0.014192
1413394959.205760 2.340273 0.014192
1413394959.305761 2.340056 0.014191
1413394959.455760 2.339869 0.014191
1413394959.555760 2.339789 0.014191
1413394959.655760 2.340024 0.014191
1413394959.755760 2.339944 0.014191
1413394959.905761 2.340165 0.014190
1413394960.005760 2.340100 0.014190
1413394960.055760 2.340014 0.014190
1413394960.155760 2.340225 0.014190
1413394960.255760 2.340849 0.014190
1413394960.405761 2.340193 0.014188
1413394960.505760 2.339874 0.014189
1413394960.605761 2.339664 0.014189
1413394960.705760 2.339476 0.014189
1413394960.855760 2.339441 0.014188
1413394960.955760 2.339471 0.014188
1413394961.055760 2.339735 0.014188
1413394961.255760 2.339614 0.014188
1413394961.355760 2.339484 0.014187
1413394961.455760 2.339034 0.014187
1413394961.605761 2.339003 0.014187
1413394961.705760 2.339293 0.014186
1413394961.805761 2.339413 0.014187
1413394961.905761 2.340055 0.014186
1413394962.055760 2.340013 0.014185
1413394962.155760 2.339918 0.014185
1413394962.305761 2.340013 0.014185
1413394962.455760 2.340293 0.014184
1413394962.555760 2.340203 0.014185
1413394962.655760 2.340090 0.014185
1413394962.755760 2.340222 0.014184
1413394962.855760 2.339939 0.014185
1413394962.955760 2.339998 0.014183
1413394963.105761 2.340192 0.014182
1413394963.205760 2.340204 0.014184
1413394963.355760 2.340199 0.014183
1413394963.455760 2.340023 0.014183
1413394963.555760 2.339951 0.014182
1413394963.655760 2.339769 0.014183
1413394963.755760 2.339808 0.014183
1413394963.855760 2.339288 0.014181
1413394963.955760 2.339506 0.014181
1413394964.055760 2.339937 0.014180
1413394964.105761 2.340214 0.014182
1413394964.205760 2.340292 0.014182
1413394964.305761 2.340319 0.014180
1413394964.405761 2.340463 0.014181
1413394964.505760 2.340626 0.014181
1413394964.605761 2.340494 0.014179
1413394964.705760 2.340438 0.014179
1413394964.805761 2.340403 0.014185
1413394964.905761 2.340677 0.014181
1413394965.105761 2.341156 0.014178
1413394965.155760 2.341000 0.014180
1413394965.255760 2.341050 0.014181
1413394965.355760 2.341173 0.014182
1413394965.505760 2.341062 0.014182
1413394965.655760 2.340971 0.014181
1413394965.755760 2.340988 0.014182
1413394965.905761 2.340832 0.014180
1413394966.055760 2.341007 0.014181
1413394966.205760 2.340999 0.014180
1413394966.305761 2.340950 0.014181
1413394966.355760 2.340957 0.014181
1413394966.455760 2.341123 0.014182
1413394966.555760 2.341379 0.014180
1413394966.655760 2.341941 0.014181
1413394966.755760 2.341546 0.014180
1413394966.805761 2.341365 0.014181
1413394967.005760 2.341077 0.014180
1413394967.105761 2.340942 0.014180
1413394967.255760 2.340963 0.014180
1413394967.355760 2.341236 0.014179
1413394967.455760 2.341058 0.014180
1413394967.605761 2.340943 0.014178
1413394967.705760 2.340834 0.014179
1413394967.855760 2.339802 0.014179
1413394967.955760 2.340061 0.014177
1413394968.055760 2.340094 0.014179
1413394968.155760 2.340511 0.014180
1413394968.305761 2.340361 0.014178
1413394968.505760 2.340022 0.014178
1413394968.755760 2.339869 0.014177
1413394968.905761 2.339969 0.014178
1413394969.055760 2.339987 0.014177
1413394969.255760 2.339813 0.014176
1413394969.455760 2.339102 0.014175
1413394969.655760 2.339681 0.014175
1413394969.855760 2.340017 0.014175
1413394970.055760 2.339958 0.014173
1413394970.255760 2.340084 0.014175
1413394970.355760 2.339667 0.014173
1413394970.555760 2.339264 0.014174
1413394970.755760 2.339227 0.014173
1413394970.955760 2.339396 0.014172
1413394971.255760 2.339982 0.014173
1413394971.455760 2.339834 0.014176
1413394971.655760 2.340304 0.014177
1413394971.755760 2.340162 0.014175
1413394971.955760 2.339835 0.014174
1413394972.055760 2.339448 0.014175
1413394972.255760 2.339093 0.014174
1413394972.355760 2.338777 0.014174
1413394972.555760 2.338609 0.014174
1413394972.655760 2.338353 0.014173
1413394972.855760 2.338472 0.014173
1413394972.955760 2.338942 0.014174
1413394973.055760 2.338576 0.014172
1413394973.155760 2.338483 0.014172
1413394973.255760 2.338618 0.014173
1413394973.355760 2.338662 0.014173
1413394973.405761 2.338874 0.014172
1413394973.505760 2.338613 0.014172
1413394973.605761 2.338704 0.014172
1413394973.705760 2.338686 0.014172
1413394973.805761 2.338745 0.014172
1413394973.905761 2.338919 0.014172
1413394974.005760 2.338787 0.014173
1413394974.105761 2.338851 0.014172
1413394974.205760 2.338918 0.014173
1413394974.305761 2.338946 0.014173
1413394974.405761 2.338939 0.014172
1413394974.505760 2.338818 0.014172
1413394974.605761 2.338842 0.014173
1413394974.705760 2.338788 0.014173
1413394974.855760 2.338706 0.014172
1413394975.005760 2.338708 0.014172
1413394975.105761 2.338747 0.014172
1413394975.255760 2.338739 0.014172
1413394975.405761 2.338933 0.014172
1413394975.605761 2.338856 0.014172
1413394975.855760 2.338837 0.014171
1413394976.055760 2.338858 0.014171
1413394976.355760 2.338689 0.014170
1413394976.605761 2.338730 0.014169
1413394976.705760 2.338694 0.014169
1413394976.855760 2.338673 0.014170
1413394976.955760 2.338640 0.014169
1413394977.105761 2.338536 0.014169
1413394977.205760 2.338469 0.014169
1413394977.405761 2.338444 0.014169
1413394977.605761 2.338388 0.014169
1413394977.705760 2.338330 0.014168
1413394977.905761 2.338511 0.014169
1413394978.005760 2.338436 0.014169
1413394978.155760 2.338269 0.014168
1413394978.255760 2.338185 0.014168
1413394978.355760 2.338164 0.014169
1413394978.455760 2.338309 0.014169
1413394978.555760 2.338374 0.014169
1413394978.655760 2.338411 0.014168
1413394978.755760 2.338308 0.014167
1413394978.855760 2.338215 0.014168
1413394978.955760 2.338228 0.014166
1413394979.055760 2.338225 0.014168
1413394979.155760 2.338265 0.014167
1413394979.255760 2.338251 0.014168
1413394979.355760 2.338228 0.014168
1413394979.455760 2.338194 0.014167
1413394979.605761 2.338215 0.014164
1413394979.805761 2.338251 0.014167
1413394979.905761 2.338299 0.014164
1413394980.005760 2.338312 0.014164
1413394980.255760 2.338263 0.014164
1413394980.455760 2.338600 0.014164
1413394980.605761 2.338202 0.014163
1413394980.805761 2.338239 0.014163
1413394981.055760 2.338203 0.014165
1413394981.305761 2.338115 0.014167
1413394981.505760 2.338108 0.014166
1413394981.755760 2.338154 0.014167
1413394982.005760 2.338224 0.014166
1413394982.205760 2.338252 0.014167
1413394982.355760 2.338206 0.014166
1413394982.505760 2.338422 0.014164
1413394982.605761 2.338200 0.014167
1413394982.705760 2.338220 0.014166
1413394982.805761 2.338145 0.014166
1413394982.905761 2.338157 0.014166
1413394983.005760 2.337933 0.014166
1413394983.205760 2.337863 0.014166
1413394983.305761 2.338045 0.014166
1413394983.505760 2.338325 0.014167
1413394983.605761 2.338711 0.014165
1413394983.805761 2.337829 0.014164
1413394984.005760 2.337930 0.014166
1413394984.205760 2.338420 0.014165
1413394984.405761 2.338037 0.014165
1413394984.605761 2.338098 0.014165
1413394984.805761 2.338274 0.014165
1413394985.005760 2.338745 0.014165
1413394985.205760 2.339020 0.014166
1413394985.405761 2.339779 0.014164
1413394985.505760 2.339535 0.014165
1413394985.705760 2.339610 0.014164
1413394985.805761 2.339475 0.014165
1413394986.005760 2.339448 0.014165
1413394986.205760 2.339057 0.014164
1413394986.305761 2.338818 0.014166
1413394986.505760 2.338720 0.014164
1413394986.605761 2.338699 0.014166
1413394986.805761 2.338958 0.014166
1413394986.905761 2.338818 0.014164
1413394987.105761 2.339045 0.014164
1413394987.305761 2.338719 0.014164
1413394987.505760 2.338700 0.014166
1413394987.705760 2.338396 0.014164
1413394987.905761 2.338662 0.014164
1413394988.005760 2.338856 0.014163
1413394988.205760 2.339287 0.014156
1413394988.305761 2.339117 0.014166
1413394988.505760 2.339491 0.014164
1413394988.605761 2.339675 0.014164
1413394988.805761 2.340703 0.014166
1413394988.905761 2.339745 0.014168
1413394989.105761 2.340538 0.014170
1413394989.305761 2.341506 0.014167
1413394989.505760 2.340065 0.014172
1413394989.705760 2.339708 0.014171
1413394989.905761 2.339904 0.014170
1413394990.105761 2.339111 0.014171
1413394990.205760 2.339364 0.014161
1413394990.355760 2.338885 0.014170
1413394990.455760 2.338746 0.014169
1413394990.555760 2.338489 0.014170
1413394990.705760 2.338491 0.014169
1413394990.855760 2.337884 0.014170
1413394991.055760 2.337935 0.014170
1413394991.255760 2.337716 0.014169
1413394991.405761 2.338223 0.014169
1413394991.555760 2.337862 0.014170
1413394991.705760 2.338922 0.014170
1413394991.855760 2.338889 0.014169
1413394992.055760 2.338744 0.014171
1413394992.255760 2.338579 0.014169
1413394992.455760 2.338505 0.014168
1413394992.605761 2.338138 0.014169
1413394992.955760 2.338259 0.014170
1413394993.305761 2.338130 0.014170
1413394993.605761 2.338059 0.014168
1413394993.855760 2.338028 0.014169
1413394994.005760 2.338298 0.014171
1413394994.155760 2.338363 0.014171
