1520530315.599645 1.349813 0.351329
1520530315.699637 1.333191 0.245898
1520530315.799640 1.339305 0.194069
1520530315.899643 1.243537 0.169928
1520530316.100221 1.228252 0.193406
1520530316.300227 1.221463 0.175475
1520530316.450231 1.218201 0.160943
1520530316.600278 1.214469 0.167743
1520530316.800284 1.213343 0.164145
1520530316.949773 1.227178 0.158539
1520530317.049776 1.244118 0.153113
1520530317.249782 1.256755 0.127635
1520530317.399745 1.240064 0.113164
1520530317.599752 1.232805 0.102647
1520530317.750237 1.234430 0.098837
1520530317.900242 1.231632 0.096557
1520530318.050246 1.230613 0.095937
1520530318.150816 1.234197 0.095523
1520530318.300772 1.236042 0.094078
1520530318.450777 1.244985 0.091649
1520530318.600567 1.254313 0.088853
1520530318.750571 1.255660 0.086296
1520530318.900576 1.254986 0.083483
1520530318.999955 1.265616 0.082012
1520530319.049958 1.265266 0.080244
1520530319.199962 1.268235 0.074811
1520530319.349967 1.263073 0.069333
1520530319.449833 1.268052 0.066817
1520530319.549837 1.272208 0.065095
1520530319.699841 1.264565 0.061236
1520530319.800341 1.261411 0.060849
1520530319.900344 1.260875 0.060394
1520530320.000347 1.261594 0.059235
1520530320.100350 1.262921 0.057655
1520530320.200401 1.262824 0.056322
1520530320.350405 1.263057 0.055065
1520530320.500410 1.262319 0.054167
1520530320.599869 1.261092 0.053194
1520530320.699873 1.263586 0.052109
1520530320.849877 1.269256 0.049884
1520530320.999882 1.267968 0.047853
1520530321.099742 1.267630 0.046783
1520530321.249747 1.271836 0.045458
1520530321.399751 1.269870 0.044100
1520530321.549859 1.267820 0.042897
1520530321.649862 1.268188 0.042326
1520530321.799867 1.268402 0.041505
1520530321.950155 1.281989 0.041149
1520530322.050158 1.271338 0.040466
1520530322.150162 1.272727 0.040043
1520530322.300208 1.272362 0.039854
1520530322.550216 1.275297 0.039662
1520530322.700026 1.279557 0.039248
1520530322.850030 1.278690 0.038517
1520530323.050036 1.280124 0.037802
1520530323.200077 1.281115 0.037376
1520530323.350082 1.282641 0.036851
1520530323.450085 1.283241 0.035913
1520530323.550346 1.282303 0.034762
1520530323.650349 1.282846 0.033908
1520530323.800354 1.284249 0.033212
1520530323.950154 1.286386 0.032871
1520530324.150160 1.287417 0.032543
1520530324.299908 1.289549 0.032171
1520530324.399911 1.291850 0.031905
1520530324.499994 1.290206 0.031538
1520530324.599917 1.289575 0.031244
1520530324.700018 1.289344 0.030971
1520530324.850023 1.288043 0.030784
1520530325.000028 1.288784 0.030701
1520530325.100816 1.288832 0.030588
1520530325.300822 1.287643 0.030118
1520530325.500828 1.293960 0.029438
1520530325.700918 1.291689 0.028362
1520530325.900924 1.289270 0.027710
1520530326.000543 1.289564 0.027483
1520530326.150548 1.288087 0.027112
1520530326.300552 1.289322 0.026785
1520530326.400206 1.289227 0.026648
1520530326.600213 1.290889 0.026491
1520530326.800428 1.292080 0.026452
1520530327.000434 1.290559 0.025821
1520530327.150431 1.289124 0.025269
1520530327.300436 1.287800 0.024878
1520530327.450441 1.286972 0.024610
1520530327.550090 1.287913 0.024418
1520530327.600091 1.286420 0.024261
1520530327.700094 1.284361 0.023983
1520530327.800097 1.284072 0.023779
1520530327.850099 1.284381 0.023703
1520530327.950102 1.283526 0.023558
1520530328.050282 1.283312 0.023369
1520530328.150285 1.283480 0.023215
1520530328.300290 1.282552 0.023038
1520530328.400337 1.282185 0.022963
1520530328.500340 1.281994 0.022930
1520530328.600344 1.281865 0.022910
1520530328.650346 1.280849 0.022897
1520530328.750348 1.280906 0.022868
1520530328.850087 1.281562 0.022823
1520530329.000092 1.283220 0.022672
1520530329.100095 1.283602 0.022529
1520530329.200044 1.283047 0.022355
1520530329.300047 1.284195 0.022167
1520530329.400050 1.283309 0.021930
1520530329.600097 1.282238 0.021628
1520530329.700100 1.282153 0.021535
1520530329.800104 1.281830 0.021478
1520530329.900107 1.281768 0.021436
1520530330.000110 1.282286 0.021363
1520530330.050161 1.282647 0.021305
1520530330.150164 1.282921 0.021135
1520530330.250167 1.284400 0.020886
1520530330.300169 1.285258 0.020740
1520530330.400172 1.286836 0.020449
1520530330.450787 1.286490 0.020355
1520530330.550790 1.286443 0.020251
1520530330.650793 1.286647 0.020215
1520530330.700795 1.286526 0.020205
1520530330.800798 1.286380 0.020157
1520530330.850367 1.285910 0.020119
1520530330.950279 1.285613 0.019988
1520530331.000280 1.285842 0.019927
1520530331.100283 1.286207 0.019815
1520530331.200286 1.287542 0.019738
1520530331.300736 1.287725 0.019694
1520530331.400740 1.288242 0.019665
1520530331.450741 1.288768 0.019650
1520530331.550744 1.288839 0.019638
1520530331.600746 1.288919 0.019623
1520530331.700481 1.288516 0.019532
1520530331.750483 1.288364 0.019436
1520530331.850486 1.288082 0.019165
1520530331.900488 1.288389 0.018998
1520530332.000491 1.288210 0.018706
1520530332.100388 1.287721 0.018456
1520530332.200392 1.287992 0.018278
1520530332.300399 1.287340 0.018150
1520530332.400401 1.287813 0.018096
1520530332.500483 1.288518 0.018072
1520530332.600486 1.288667 0.018073
1520530332.700489 1.288488 0.018053
1520530332.800492 1.288980 0.018000
1520530332.900164 1.290389 0.017938
1520530332.950166 1.290759 0.017902
1520530333.050169 1.291875 0.017850
1520530333.150173 1.292750 0.017823
1520530333.250175 1.293553 0.017789
1520530333.300608 1.293479 0.017750
1520530333.400612 1.293857 0.017676
1520530333.500615 1.294027 0.017617
1520530333.650619 1.294772 0.017599
1520530333.750542 1.295095 0.017587
1520530333.800544 1.294954 0.017582
1520530333.900547 1.295557 0.017574
1520530333.950549 1.295951 0.017562
1520530334.050551 1.296056 0.017513
1520530334.150218 1.297675 0.017383
1520530334.300222 1.298441 0.017212
1520530334.350224 1.298666 0.017166
1520530334.450227 1.299054 0.017088
1520530334.550086 1.299172 0.017028
1520530334.650089 1.300139 0.016990
1520530334.750092 1.300632 0.016954
1520530334.850095 1.300772 0.016920
1520530334.900097 1.300698 0.016891
1520530335.000929 1.300190 0.016857
1520530335.100933 1.300386 0.016850
1520530335.200936 1.300509 0.016837
1520530335.300938 1.301069 0.016818
1520530335.401458 1.301436 0.016813
1520530335.501461 1.301089 0.016807
1520530335.601512 1.301097 0.016800
1520530335.750223 1.301170 0.016792
1520530335.800224 1.301445 0.016791
1520530335.900227 1.301361 0.016775
1520530335.950229 1.301144 0.016762
1520530336.050232 1.300946 0.016733
1520530336.150177 1.301226 0.016711
1520530336.250180 1.301952 0.016665
1520530336.350183 1.302295 0.016592
1520530336.450186 1.302693 0.016517
1520530336.500188 1.302936 0.016469
1520530336.600584 1.302839 0.016386
1520530336.700586 1.302677 0.016332
1520530336.800590 1.302631 0.016291
1520530336.900594 1.301888 0.016271
1520530337.000258 1.301886 0.016249
1520530337.050259 1.301482 0.016224
1520530337.150262 1.301482 0.016179
1520530337.250265 1.301726 0.016148
1520530337.350269 1.302427 0.016131
1520530337.450303 1.302730 0.016110
1520530337.550306 1.303267 0.016087
1520530337.650309 1.304036 0.016049
1520530337.750312 1.303989 0.015969
1520530337.850855 1.304457 0.015870
1520530337.950858 1.304515 0.015779
1520530338.050862 1.304184 0.015705
1520530338.150864 1.303912 0.015655
1520530338.250473 1.303015 0.015616
1520530338.350476 1.302229 0.015599
1520530338.450479 1.301824 0.015587
1520530338.550482 1.301653 0.015575
1520530338.650261 1.301732 0.015553
1520530338.750266 1.301600 0.015531
1520530338.850267 1.301574 0.015500
1520530338.950270 1.301400 0.015473
1520530339.050959 1.301168 0.015441
1520530339.150962 1.301772 0.015423
1520530339.250965 1.301945 0.015396
1520530339.350968 1.301390 0.015387
1520530339.451687 1.301365 0.015384
1520530339.551690 1.301375 0.015384
1520530339.651693 1.301310 0.015378
1520530339.751697 1.301193 0.015361
1520530339.851056 1.301439 0.015345
1520530339.901057 1.301695 0.015337
1520530340.001061 1.301898 0.015317
1520530340.101063 1.302083 0.015303
1520530340.201067 1.302533 0.015281
1520530340.250395 1.302557 0.015268
1520530340.350399 1.302845 0.015239
1520530340.450401 1.302840 0.015200
1520530340.550404 1.302981 0.015169
1520530340.650347 1.303127 0.015142
1520530340.750350 1.303070 0.015127
1520530340.900354 1.303269 0.015117
1520530341.050774 1.303601 0.015109
1520530341.300782 1.304099 0.015090
1520530341.500713 1.303708 0.015076
1520530341.700719 1.303858 0.015075
1520530341.900542 1.303599 0.015053
1520530342.050546 1.303616 0.015036
1520530342.200551 1.303432 0.015019
1520530342.300673 1.304130 0.015000
1520530342.450678 1.304295 0.014972
1520530342.600683 1.303808 0.014939
1520530342.700643 1.303985 0.014914
1520530342.800646 1.304215 0.014878
1520530342.900649 1.304295 0.014834
1520530343.000653 1.304130 0.014769
1520530343.101131 1.303970 0.014691
1520530343.201134 1.303960 0.014612
1520530343.301138 1.303896 0.014511
1520530343.351140 1.303890 0.014461
1520530343.451144 1.303843 0.014354
1520530343.551476 1.303580 0.014249
1520530343.651407 1.303796 0.014124
1520530343.751410 1.304163 0.013988
1520530343.801413 1.304328 0.013920
1520530343.901416 1.304273 0.013776
1520530344.001403 1.303850 0.013633
1520530344.101406 1.303490 0.013483
1520530344.201410 1.302748 0.013349
1520530344.301413 1.302603 0.013225
1520530344.401411 1.302355 0.013106
1520530344.501414 1.302000 0.012991
1520530344.601418 1.301961 0.012887
1520530344.701421 1.301862 0.012792
1520530344.801638 1.301557 0.012703
1520530344.901641 1.301593 0.012636
1520530345.001644 1.301503 0.012564
1520530345.101647 1.301638 0.012502
1520530345.201744 1.301723 0.012444
1520530345.301746 1.301839 0.012391
1520530345.401749 1.301658 0.012338
1520530345.501752 1.301736 0.012300
1520530345.551195 1.301549 0.012278
1520530345.651198 1.301641 0.012248
1520530345.751201 1.301124 0.012211
1520530345.851204 1.300761 0.012187
1520530345.901206 1.300695 0.012171
1520530346.001475 1.300664 0.012150
1520530346.101479 1.300619 0.012129
1520530346.201481 1.300999 0.012109
1520530346.251483 1.301266 0.012105
1520530346.351486 1.301325 0.012086
1520530346.451378 1.301205 0.012072
1520530346.551380 1.301111 0.012062
1520530346.651383 1.300886 0.012053
1520530346.701385 1.300760 0.012047
1520530346.801545 1.300948 0.012039
1520530346.901548 1.301259 0.012030
1520530346.951549 1.301251 0.012024
1520530347.051553 1.300975 0.012018
1520530347.151556 1.300914 0.012011
1520530347.251402 1.300919 0.012009
1520530347.351405 1.301008 0.012004
1520530347.401407 1.300946 0.012001
1520530347.501410 1.300767 0.011997
1520530347.601218 1.300614 0.011993
1520530347.701222 1.300320 0.011988
1520530347.801224 1.300334 0.011988
1520530347.901227 1.300328 0.011985
1520530348.001163 1.300434 0.011978
1520530348.101166 1.300480 0.011979
1520530348.201169 1.300353 0.011977
1520530348.301184 1.300302 0.011977
1520530348.401175 1.300271 0.011975
1520530348.501419 1.300279 0.011974
1520530348.601422 1.300186 0.011973
1520530348.651423 1.300009 0.011972
1520530348.751426 1.300163 0.011972
1520530348.801428 1.300222 0.011971
1520530348.901315 1.300159 0.011971
1520530348.951318 1.300282 0.011971
1520530349.051321 1.300347 0.011971
1520530349.101323 1.300290 0.011970
1520530349.201326 1.300255 0.011969
1520530349.301107 1.300337 0.011970
1520530349.401110 1.300481 0.011970
1520530349.501114 1.300307 0.011967
1520530349.601117 1.300278 0.011968
1520530349.700937 1.300324 0.011967
1520530349.800940 1.300313 0.011968
1520530349.900986 1.300236 0.011966
1520530349.950944 1.300297 0.011966
1520530350.051376 1.300327 0.011965
1520530350.101378 1.300388 0.011965
1520530350.201381 1.300357 0.011965
1520530350.251384 1.300357 0.011964
1520530350.351387 1.300431 0.011964
1520530350.451515 1.300459 0.011963
1520530350.551518 1.300513 0.011962
1520530350.601520 1.300537 0.011961
1520530350.701523 1.300635 0.011961
1520530350.801526 1.300633 0.011960
1520530350.901571 1.300621 0.011959
1520530351.001574 1.300593 0.011957
1520530351.101578 1.300632 0.011957
1520530351.201581 1.300742 0.011955
1520530351.301683 1.300805 0.011954
1520530351.401685 1.300850 0.011954
1520530351.501759 1.300750 0.011953
1520530351.601688 1.300778 0.011952
1520530351.701695 1.300737 0.011951
1520530351.801698 1.300773 0.011949
1520530351.901701 1.300762 0.011949
1520530352.001704 1.300712 0.011949
1520530352.101805 1.300726 0.011947
1520530352.201808 1.300719 0.011946
1520530352.301811 1.300770 0.011945
1520530352.401814 1.300728 0.011945
1520530352.501469 1.300750 0.011943
1520530352.601472 1.300647 0.011944
1520530352.701475 1.300674 0.011943
1520530352.801478 1.300815 0.011942
1520530352.901098 1.300830 0.011940
1520530353.001101 1.300665 0.011940
1520530353.101208 1.300635 0.011939
1520530353.201107 1.300628 0.011939
1520530353.301110 1.300662 0.011939
1520530353.351398 1.300564 0.011939
1520530353.451401 1.300518 0.011938
1520530353.501402 1.300447 0.011937
1520530353.601405 1.300625 0.011938
1520530353.701408 1.300818 0.011936
1520530353.801738 1.300632 0.011937
1520530353.901741 1.300417 0.011935
1520530354.001744 1.300621 0.011936
1520530354.101747 1.300618 0.011936
1520530354.201897 1.300500 0.011935
1520530354.301900 1.300357 0.011934
1520530354.351902 1.300289 0.011934
1520530354.451905 1.300285 0.011934
1520530354.551594 1.300521 0.011933
1520530354.651595 1.300555 0.011934
1520530354.751597 1.300618 0.011933
1520530354.901602 1.300621 0.011932
1520530355.001360 1.300597 0.011930
1520530355.101363 1.300496 0.011931
1520530355.201366 1.300421 0.011929
1520530355.301370 1.300420 0.011930
1520530355.401407 1.300394 0.011930
1520530355.501410 1.300395 0.011930
1520530355.601414 1.300270 0.011930
1520530355.701417 1.300257 0.011928
1520530355.801531 1.300236 0.011928
1520530355.901534 1.300331 0.011929
1520530355.951536 1.300315 0.011928
1520530356.051539 1.300437 0.011928
1520530356.151542 1.300447 0.011928
1520530356.201376 1.300384 0.011928
1520530356.301379 1.300325 0.011928
1520530356.351380 1.300354 0.011927
1520530356.451383 1.300493 0.011927
1520530356.551386 1.300427 0.011928
1520530356.651234 1.300322 0.011927
1520530356.701236 1.300359 0.011927
1520530356.801239 1.300340 0.011927
1520530356.851240 1.300347 0.011926
1520530356.951243 1.300343 0.011926
1520530357.051154 1.300388 0.011926
1520530357.151157 1.300353 0.011926
1520530357.251160 1.300344 0.011926
1520530357.351164 1.300320 0.011925
1520530357.401658 1.300353 0.011925
1520530357.501662 1.300387 0.011925
1520530357.551663 1.300308 0.011925
1520530357.651666 1.300303 0.011925
1520530357.751669 1.300334 0.011925
1520530357.851585 1.300351 0.011924
1520530357.951560 1.300322 0.011925
1520530358.001562 1.300312 0.011924
1520530358.101565 1.300289 0.011924
1520530358.201568 1.300257 0.011924
1520530358.301626 1.300246 0.011924
1520530358.401629 1.300282 0.011923
1520530358.501632 1.300300 0.011923
1520530358.601636 1.300284 0.011923
1520530358.701800 1.300238 0.011923
1520530358.801803 1.300196 0.011922
1520530358.901806 1.300268 0.011922
1520530359.001810 1.300299 0.011921
1520530359.101811 1.300234 0.011922
1520530359.201810 1.300174 0.011922
1520530359.301813 1.300134 0.011922
1520530359.401817 1.300143 0.011922
1520530359.501870 1.300154 0.011921
1520530359.601873 1.300262 0.011921
1520530359.701876 1.300148 0.011921
1520530359.801879 1.300158 0.011921
1520530359.901826 1.300208 0.011921
1520530360.001829 1.300348 0.011921
1520530360.101832 1.300576 0.011920
1520530360.201836 1.300667 0.011917
1520530360.301316 1.300749 0.011918
1520530360.351317 1.300544 0.011919
1520530360.451321 1.300631 0.011920
1520530360.551324 1.300680 0.011919
1520530360.651327 1.300713 0.011919
1520530360.700978 1.300693 0.011919
1520530360.800981 1.300644 0.011919
1520530360.900984 1.300859 0.011918
1520530360.950988 1.300893 0.011918
1520530361.051064 1.301294 0.011917
1520530361.151045 1.301161 0.011918
1520530361.251048 1.301029 0.011918
1520530361.351051 1.300945 0.011918
1520530361.451055 1.301072 0.011918
1520530361.501690 1.300947 0.011918
1520530361.601693 1.300913 0.011916
1520530361.651695 1.300846 0.011918
1520530361.751698 1.300962 0.011913
1520530361.801700 1.300987 0.011917
1520530361.901939 1.301024 0.011918
1520530361.951941 1.300962 0.011918
1520530362.051944 1.301165 0.011918
1520530362.151947 1.301053 0.011916
1520530362.251950 1.301146 0.011917
1520530362.351623 1.301288 0.011917
1520530362.451626 1.301512 0.011916
1520530362.551629 1.301685 0.011916
1520530362.651727 1.301673 0.011914
1520530362.751364 1.301852 0.011914
1520530362.801366 1.301736 0.011913
1520530362.901369 1.301709 0.011913
1520530363.001372 1.301698 0.011914
1520530363.101375 1.301677 0.011913
1520530363.201651 1.301715 0.011911
1520530363.301654 1.301730 0.011912
1520530363.401658 1.301888 0.011912
1520530363.501661 1.301901 0.011913
1520530363.601746 1.301973 0.011912
1520530363.701749 1.301760 0.011913
1520530363.751751 1.301864 0.011913
1520530363.851754 1.302036 0.011912
1520530363.901756 1.302102 0.011913
1520530364.001782 1.302237 0.011912
1520530364.051784 1.302163 0.011912
1520530364.151786 1.302269 0.011911
1520530364.201788 1.302084 0.011910
1520530364.301791 1.302059 0.011911
1520530364.351792 1.302048 0.011911
1520530364.451854 1.302138 0.011910
1520530364.501856 1.302053 0.011910
1520530364.601859 1.301981 0.011911
1520530364.651861 1.301919 0.011912
1520530364.751864 1.301934 0.011912
1520530364.852377 1.301976 0.011912
1520530364.952380 1.302019 0.011911
1520530365.052383 1.301991 0.011911
1520530365.201844 1.302100 0.011912
1520530365.301847 1.302083 0.011912
1520530365.401850 1.302149 0.011912
1520530365.501853 1.302193 0.011912
1520530365.601535 1.302258 0.011911
1520530365.701539 1.302232 0.011910
1520530365.801546 1.302238 0.011910
1520530365.901545 1.302246 0.011910
1520530366.001907 1.302299 0.011910
1520530366.051908 1.302297 0.011905
1520530366.151911 1.302281 0.011910
1520530366.201913 1.302252 0.011910
1520530366.301916 1.302259 0.011910
1520530366.351918 1.302260 0.011909
1520530366.452121 1.302274 0.011909
1520530366.552125 1.302330 0.011909
1520530366.652128 1.302379 0.011909
1520530366.702130 1.302378 0.011908
1520530366.802133 1.302401 0.011909
1520530366.852166 1.302377 0.011909
1520530366.952169 1.302363 0.011909
1520530367.052172 1.302317 0.011909
1520530367.102178 1.302319 0.011909
1520530367.202177 1.302352 0.011909
1520530367.302541 1.302332 0.011908
1520530367.402544 1.302316 0.011908
1520530367.502548 1.302283 0.011908
1520530367.652264 1.302290 0.011909
1520530367.752267 1.302421 0.011908
1520530367.852271 1.302425 0.011908
1520530367.952274 1.302420 0.011908
1520530368.052124 1.302401 0.011907
1520530368.152127 1.302422 0.011907
1520530368.252130 1.302421 0.011907
1520530368.352134 1.302454 0.011908
1520530368.402135 1.302423 0.011907
1520530368.502050 1.302521 0.011908
1520530368.552051 1.302547 0.011907
1520530368.652054 1.302468 0.011908
1520530368.752057 1.302511 0.011907
1520530368.802058 1.302555 0.011906
1520530368.901391 1.302546 0.011907
1520530368.951392 1.302584 0.011907
1520530369.051395 1.302432 0.011907
1520530369.101397 1.302334 0.011907
1520530369.201400 1.302387 0.011907
1520530369.251401 1.302431 0.011907
1520530369.351538 1.302618 0.011907
1520530369.451542 1.302678 0.011907
1520530369.551545 1.302653 0.011907
1520530369.651548 1.302644 0.011907
1520530369.701896 1.302596 0.011906
1520530369.801900 1.302610 0.011907
1520530369.901903 1.302702 0.011907
1520530370.001906 1.302616 0.011907
1520530370.101930 1.302625 0.011907
1520530370.251934 1.302669 0.011907
1520530370.401938 1.302713 0.011907
1520530370.601899 1.302838 0.011907
1520530370.851892 1.302767 0.011906
1520530371.001944 1.302864 0.011906
1520530371.101947 1.302938 0.011906
1520530371.251952 1.303047 0.011906
1520530371.401953 1.303050 0.011906
1520530371.501956 1.303002 0.011906
1520530371.701962 1.303034 0.011906
1520530371.801961 1.303013 0.011906
1520530371.901964 1.302997 0.011906
1520530372.001968 1.302935 0.011906
1520530372.101971 1.302902 0.011903
1520530372.201977 1.302909 0.011904
1520530372.351961 1.303087 0.011906
1520530372.501966 1.303149 0.011905
1520530372.601958 1.303082 0.011906
1520530372.701961 1.303064 0.011906
1520530372.801964 1.303090 0.011904
1520530372.901967 1.302988 0.011905
1520530373.001619 1.302913 0.011905
1520530373.201626 1.303069 0.011906
1520530373.301629 1.302828 0.011905
1520530373.401458 1.302886 0.011906
1520530373.501461 1.302850 0.011905
1520530373.551463 1.302825 0.011905
1520530373.651466 1.302848 0.011905
1520530373.701467 1.302898 0.011905
1520530373.801615 1.302997 0.011905
1520530373.901585 1.302896 0.011905
1520530373.951586 1.302898 0.011905
1520530374.051589 1.302901 0.011905
1520530374.151592 1.302931 0.011905
1520530374.201953 1.303000 0.011905
1520530374.301956 1.302890 0.011905
1520530374.401959 1.302933 0.011904
1520530374.501962 1.302989 0.011905
1520530374.652408 1.302993 0.011904
1520530374.802413 1.302987 0.011905
1520530374.902417 1.302963 0.011905
1520530375.002442 1.303029 0.011905
1520530375.102445 1.303138 0.011904
1520530375.202449 1.303062 0.011904
1520530375.302452 1.302945 0.011904
1520530375.402252 1.302861 0.011903
1520530375.502216 1.303082 0.011904
1520530375.602219 1.303066 0.011904
1520530375.652220 1.303011 0.011903
1520530375.752223 1.302928 0.011904
1520530375.852258 1.302886 0.011904
1520530375.952261 1.302887 0.011904
1520530376.052264 1.302918 0.011904
1520530376.102265 1.302929 0.011904
1520530376.202270 1.302900 0.011904
1520530376.251950 1.303037 0.011902
1520530376.351954 1.303075 0.011903
1520530376.401954 1.303042 0.011902
1520530376.501958 1.303042 0.011904
1520530376.601961 1.303038 0.011904
1520530376.702664 1.303060 0.011903
1520530376.752666 1.303065 0.011904
1520530376.852669 1.303103 0.011904
1520530376.902671 1.303065 0.011904
1520530377.002721 1.303058 0.011904
1520530377.102900 1.303062 0.011903
1520530377.202903 1.303102 0.011901
1520530377.302906 1.303025 0.011904
1520530377.402909 1.303036 0.011904
1520530377.451719 1.303008 0.011902
1520530377.551722 1.303078 0.011902
1520530377.651725 1.303099 0.011904
1520530377.751728 1.303146 0.011904
1520530377.851407 1.303177 0.011904
1520530377.901409 1.303214 0.011904
1520530378.001412 1.303223 0.011903
1520530378.101416 1.303130 0.011904
1520530378.201419 1.303168 0.011904
1520530378.251420 1.303158 0.011904
1520530378.351513 1.303050 0.011904
1520530378.401515 1.302996 0.011902
1520530378.501517 1.303085 0.011903
1520530378.601571 1.303091 0.011904
1520530378.651522 1.303145 0.011904
1520530378.752210 1.303248 0.011904
1520530378.852213 1.303160 0.011904
1520530378.952216 1.303082 0.011904
1520530379.052220 1.303056 0.011904
1520530379.152151 1.303049 0.011904
1520530379.252154 1.303027 0.011904
1520530379.352157 1.303035 0.011904
1520530379.452160 1.303041 0.011904
1520530379.501850 1.303058 0.011904
1520530379.601853 1.303074 0.011904
1520530379.701856 1.303033 0.011904
1520530379.801860 1.303058 0.011904
1520530379.901824 1.303052 0.011903
1520530380.001827 1.303060 0.011904
1520530380.101830 1.303048 0.011904
1520530380.201888 1.303046 0.011904
1520530380.301736 1.303093 0.011904
1520530380.402163 1.303080 0.011903
1520530380.502165 1.303098 0.011903
1520530380.602168 1.303171 0.011903
1520530380.652170 1.303174 0.011903
1520530380.752135 1.303187 0.011903
1520530380.852138 1.303115 0.011902
1520530380.952141 1.303125 0.011902
1520530381.002143 1.303094 0.011902
1520530381.102146 1.303261 0.011902
1520530381.152048 1.303123 0.011903
1520530381.252051 1.303123 0.011903
1520530381.352054 1.303049 0.011903
1520530381.452057 1.303003 0.011903
1520530381.552262 1.302926 0.011904
1520530381.652265 1.302999 0.011904
1520530381.752268 1.303004 0.011904
1520530381.852271 1.303041 0.011903
1520530381.952332 1.303077 0.011903
1520530382.052335 1.303085 0.011903
1520530382.152338 1.302997 0.011903
1520530382.252342 1.302991 0.011903
1520530382.352159 1.303015 0.011903
1520530382.452162 1.303060 0.011903
1520530382.552165 1.303083 0.011903
1520530382.652168 1.303117 0.011903
1520530382.752171 1.303190 0.011903
1520530382.902248 1.303067 0.011903
1520530383.002250 1.303072 0.011903
1520530383.152255 1.303099 0.011903
1520530383.252208 1.303092 0.011903
1520530383.352211 1.303080 0.011904
1520530383.452214 1.303096 0.011904
1520530383.602472 1.303052 0.011903
1520530383.702475 1.303003 0.011904
1520530383.802478 1.303003 0.011903
1520530383.902481 1.303050 0.011904
1520530384.002530 1.303254 0.011903
1520530384.102533 1.303624 0.011903
1520530384.202536 1.303727 0.011904
1520530384.252537 1.303595 0.011902
1520530384.352541 1.303763 0.011903
1520530384.452434 1.303389 0.011902
1520530384.552437 1.303287 0.011903
1520530384.652440 1.303310 0.011903
1520530384.752443 1.303378 0.011903
1520530384.852858 1.303238 0.011903
1520530384.902860 1.303209 0.011903
1520530385.002916 1.303203 0.011903
1520530385.052864 1.303306 0.011903
1520530385.152867 1.303265 0.011903
1520530385.202869 1.303195 0.011903
1520530385.302707 1.303213 0.011903
1520530385.352709 1.303252 0.011903
1520530385.452712 1.303260 0.011903
1520530385.552715 1.303271 0.011903
1520530385.652486 1.303189 0.011903
1520530385.702487 1.303132 0.011903
1520530385.802491 1.303198 0.011903
1520530385.902494 1.303224 0.011904
1520530385.952497 1.303201 0.011903
1520530386.052544 1.303179 0.011903
1520530386.152547 1.303183 0.011903
1520530386.252550 1.303216 0.011903
1520530386.352553 1.303173 0.011903
1520530386.452758 1.303218 0.011903
1520530386.602814 1.303268 0.011904
1520530386.702766 1.303219 0.011903
1520530386.802769 1.303192 0.011904
1520530386.902676 1.303168 0.011904
1520530387.002679 1.303162 0.011904
1520530387.102682 1.303190 0.011904
1520530387.202685 1.303312 0.011904
1520530387.302607 1.303312 0.011903
1520530387.402611 1.303186 0.011904
1520530387.452612 1.303089 0.011903
1520530387.552615 1.303181 0.011903
1520530387.602617 1.303229 0.011903
1520530387.702457 1.303243 0.011903
1520530387.752459 1.303282 0.011902
1520530387.852464 1.303186 0.011904
1520530387.902463 1.303173 0.011903
1520530388.002466 1.303158 0.011903
1520530388.052468 1.303173 0.011902
1520530388.152496 1.303286 0.011903
1520530388.202544 1.303229 0.011899
1520530388.302501 1.303154 0.011903
1520530388.352502 1.303131 0.011903
1520530388.452505 1.303109 0.011903
1520530388.552854 1.303103 0.011903
1520530388.652857 1.303143 0.011903
1520530388.752860 1.303189 0.011903
1520530388.852863 1.303191 0.011904
1520530388.952235 1.303157 0.011903
1520530389.052238 1.303112 0.011903
1520530389.152242 1.303133 0.011903
1520530389.252245 1.303110 0.011903
1520530389.352936 1.303271 0.011903
1520530389.452939 1.303393 0.011901
1520530389.502940 1.303301 0.011901
1520530389.602943 1.303146 0.011903
1520530389.702846 1.303106 0.011903
1520530389.753403 1.302954 0.011902
1520530389.853406 1.303215 0.011903
1520530389.903408 1.303157 0.011903
1520530390.003411 1.303225 0.011904
1520530390.053412 1.303109 0.011902
1520530390.152569 1.303302 0.011903
1520530390.202569 1.303195 0.011903
1520530390.302572 1.303151 0.011903
1520530390.352575 1.303144 0.011903
1520530390.452578 1.303111 0.011903
1520530390.502578 1.303126 0.011903
1520530390.603326 1.303157 0.011903
1520530390.653327 1.303105 0.011904
1520530390.753331 1.303177 0.011903
1520530390.853334 1.303161 0.011904
1520530390.953379 1.303153 0.011903
1520530391.003381 1.303120 0.011903
1520530391.103384 1.303171 0.011903
1520530391.203387 1.303203 0.011904
1520530391.303389 1.303279 0.011904
1520530391.352333 1.303214 0.011902
1520530391.452336 1.303214 0.011903
1520530391.502338 1.303108 0.011903
1520530391.602341 1.303106 0.011903
1520530391.702344 1.303215 0.011903
1520530391.802426 1.303206 0.011903
1520530391.952430 1.303217 0.011903
1520530392.052433 1.303167 0.011903
1520530392.102435 1.303193 0.011903
1520530392.203142 1.303329 0.011903
1520530392.253143 1.303217 0.011903
1520530392.353147 1.303172 0.011903
1520530392.403148 1.303184 0.011903
1520530392.503151 1.303190 0.011903
1520530392.602235 1.303026 0.011902
1520530392.652236 1.302967 0.011903
1520530392.752239 1.303066 0.011903
1520530392.852242 1.303033 0.011903
1520530392.902243 1.303096 0.011902
1520530393.002174 1.303077 0.011903
1520530393.102156 1.303165 0.011902
1520530393.202159 1.303156 0.011903
1520530393.302161 1.303266 0.011902
1520530393.402921 1.303442 0.011903
1520530393.502924 1.303392 0.011904
1520530393.552926 1.303366 0.011904
1520530393.652929 1.303352 0.011903
1520530393.702931 1.303218 0.011902
1520530393.802958 1.303164 0.011903
1520530393.902961 1.303341 0.011903
1520530394.052965 1.303528 0.011895
1520530394.152969 1.303289 0.011903
1520530394.202165 1.303241 0.011903
1520530394.302169 1.303139 0.011903
1520530394.352170 1.303121 0.011903
1520530394.452173 1.303122 0.011903
1520530394.552176 1.303091 0.011903
1520530394.652876 1.303167 0.011903
1520530394.702878 1.303243 0.011901
1520530394.802881 1.303080 0.011902
1520530394.902884 1.303163 0.011901
1520530395.002887 1.303139 0.011903
1520530395.103732 1.303180 0.011903
1520530395.203735 1.303194 0.011903
1520530395.303738 1.303161 0.011903
1520530395.403742 1.303097 0.011903
1520530395.452705 1.303177 0.011903
1520530395.552709 1.303105 0.011902
1520530395.652712 1.303079 0.011903
1520530395.752715 1.303134 0.011903
1520530395.853078 1.303257 0.011903
1520530395.953081 1.303260 0.011904
1520530396.053084 1.303218 0.011904
1520530396.153087 1.303126 0.011903
1520530396.203089 1.303032 0.011902
1520530396.303237 1.303047 0.011902
1520530396.353238 1.303065 0.011902
1520530396.453241 1.303075 0.011903
1520530396.553244 1.303053 0.011903
1520530396.653248 1.303098 0.011903
1520530396.753147 1.303124 0.011903
1520530396.853150 1.303088 0.011903
1520530396.953153 1.303074 0.011903
1520530397.053156 1.303110 0.011903
1520530397.152784 1.303099 0.011903
1520530397.252787 1.303063 0.011902
1520530397.352790 1.303021 0.011899
1520530397.452793 1.303104 0.011902
1520530397.502304 1.303042 0.011900
1520530397.602308 1.303162 0.011902
1520530397.652309 1.303161 0.011902
1520530397.752312 1.303116 0.011902
1520530397.852315 1.303000 0.011902
1520530397.952586 1.303095 0.011902
1520530398.052589 1.303103 0.011903
1520530398.102591 1.303035 0.011903
1520530398.202594 1.303020 0.011902
1520530398.303365 1.303143 0.011904
1520530398.403368 1.303219 0.011904
1520530398.453370 1.303216 0.011904
1520530398.553373 1.303263 0.011904
1520530398.603375 1.303234 0.011904
1520530398.703221 1.303212 0.011904
1520530398.753223 1.303060 0.011903
1520530398.853226 1.302979 0.011903
1520530398.903227 1.302993 0.011903
1520530399.003230 1.302952 0.011903
1520530399.053232 1.302966 0.011902
1520530399.152330 1.303107 0.011901
1520530399.202332 1.303080 0.011903
1520530399.302335 1.303092 0.011903
1520530399.352336 1.303075 0.011902
1520530399.452339 1.303053 0.011903
1520530399.502341 1.303063 0.011902
1520530399.603008 1.303199 0.011903
1520530399.703011 1.303232 0.011903
1520530399.803014 1.303188 0.011903
1520530399.903017 1.303126 0.011903
1520530399.953275 1.303074 0.011903
1520530400.053278 1.303076 0.011903
1520530400.103279 1.303027 0.011903
1520530400.203283 1.303051 0.011903
1520530400.253284 1.303068 0.011903
1520530400.352494 1.303102 0.011903
1520530400.402496 1.303101 0.011902
1520530400.502500 1.303096 0.011902
1520530400.552501 1.303039 0.011902
1520530400.652504 1.303067 0.011902
1520530400.752291 1.303119 0.011902
1520530400.802292 1.303082 0.011902
1520530400.902295 1.303055 0.011902
1520530401.002299 1.303090 0.011903
1520530401.102302 1.303161 0.011902
1520530401.152303 1.303097 0.011902
1520530401.252756 1.303081 0.011902
1520530401.302758 1.303137 0.011903
1520530401.402761 1.303218 0.011903
1520530401.452763 1.303131 0.011903
1520530401.552766 1.303155 0.011903
1520530401.603037 1.303170 0.011903
1520530401.703041 1.303087 0.011903
1520530401.803044 1.303092 0.011903
1520530401.853045 1.303073 0.011903
1520530401.953048 1.303019 0.011903
1520530402.002281 1.303034 0.011903
1520530402.102285 1.303042 0.011903
1520530402.152286 1.303046 0.011903
1520530402.252289 1.303058 0.011903
1520530402.302290 1.303074 0.011903
1520530402.402567 1.303051 0.011903
1520530402.452569 1.303052 0.011902
1520530402.552572 1.303042 0.011903
1520530402.652672 1.303049 0.011903
1520530402.752578 1.303019 0.011903
1520530402.803416 1.302993 0.011902
1520530402.903419 1.303047 0.011903
1520530402.953420 1.302949 0.011902
1520530403.053424 1.303081 0.011903
1520530403.103425 1.303102 0.011903
1520530403.202933 1.303159 0.011903
1520530403.302936 1.303136 0.011903
1520530403.402940 1.302917 0.011903
1520530403.452941 1.302745 0.011902
1520530403.552945 1.302665 0.011903
1520530403.602946 1.302805 0.011902
1520530403.702256 1.303060 0.011903
1520530403.752257 1.303101 0.011902
1520530403.852261 1.303039 0.011903
1520530403.902261 1.302978 0.011903
1520530404.002264 1.303193 0.011901
1520530404.052745 1.303083 0.011903
1520530404.152748 1.303073 0.011903
1520530404.202749 1.303051 0.011903
1520530404.302752 1.303089 0.011903
1520530404.402755 1.303035 0.011902
1520530404.503114 1.303046 0.011903
1520530404.603117 1.303077 0.011903
1520530404.703120 1.303044 0.011903
1520530404.753122 1.303022 0.011903
1520530404.852642 1.303022 0.011903
1520530404.902643 1.303022 0.011903
1520530405.002647 1.303051 0.011903
1520530405.052648 1.303047 0.011903
1520530405.152651 1.303058 0.011902
1520530405.202653 1.303041 0.011902
1520530405.302330 1.303046 0.011902
1520530405.352331 1.303024 0.011903
1520530405.452334 1.303086 0.011903
1520530405.502335 1.303081 0.011903
1520530405.602339 1.303091 0.011902
1520530405.652792 1.303104 0.011902
1520530405.752795 1.303053 0.011903
1520530405.802797 1.303029 0.011903
1520530405.902800 1.303049 0.011903
1520530406.002803 1.303026 0.011903
1520530406.103570 1.303034 0.011903
1520530406.153570 1.303140 0.011903
1520530406.253574 1.303217 0.011903
1520530406.303576 1.303151 0.011903
1520530406.403579 1.303185 0.011903
1520530406.453580 1.303133 0.011903
1520530406.553487 1.303236 0.011902
1520530406.653490 1.303131 0.011903
1520530406.753493 1.303117 0.011903
1520530406.853497 1.303199 0.011902
1520530406.902692 1.303165 0.011903
1520530407.002694 1.303093 0.011897
1520530407.052696 1.303047 0.011901
1520530407.152699 1.303056 0.011902
1520530407.202701 1.303202 0.011902
1520530407.303185 1.303187 0.011902
1520530407.353185 1.303061 0.011902
1520530407.453221 1.303048 0.011903
1520530407.503190 1.303099 0.011902
1520530407.603193 1.303031 0.011903
1520530407.653194 1.303087 0.011903
1520530407.753511 1.303061 0.011903
1520530407.803513 1.303080 0.011902
1520530407.903516 1.303081 0.011902
1520530407.953518 1.303079 0.011902
1520530408.053521 1.303079 0.011902
1520530408.103522 1.303070 0.011903
1520530408.203605 1.303028 0.011903
1520530408.303608 1.303007 0.011902
1520530408.403612 1.303010 0.011903
1520530408.503614 1.303024 0.011902
1520530408.553374 1.303028 0.011902
1520530408.653377 1.302952 0.011902
1520530408.753380 1.302875 0.011901
1520530408.853383 1.302921 0.011902
1520530408.952878 1.303002 0.011903
1520530409.052890 1.302981 0.011902
1520530409.152884 1.302870 0.011901
1520530409.202886 1.302887 0.011902
1520530409.302889 1.302778 0.011901
1520530409.402904 1.302840 0.011903
1520530409.502907 1.302993 0.011902
1520530409.602910 1.303417 0.011901
1520530409.702913 1.303506 0.011903
1520530409.802656 1.303260 0.011902
1520530409.902659 1.303045 0.011903
1520530410.002662 1.303029 0.011899
1520530410.102666 1.303061 0.011897
1520530410.153223 1.303089 0.011901
1520530410.253226 1.303043 0.011901
1520530410.353231 1.303075 0.011902
1520530410.453232 1.303058 0.011902
1520530410.553235 1.303046 0.011902
1520530410.653876 1.303031 0.011903
1520530410.753879 1.302976 0.011903
1520530410.853882 1.302990 0.011903
1520530410.953885 1.303058 0.011903
1520530411.053420 1.303013 0.011903
1520530411.153423 1.303081 0.011902
1520530411.303427 1.303115 0.011903
1520530411.403009 1.303128 0.011902
1520530411.453010 1.303082 0.011901
1520530411.553013 1.303075 0.011903
1520530411.653017 1.303068 0.011903
1520530411.753020 1.303043 0.011902
1520530411.852907 1.303048 0.011903
1520530411.902909 1.303046 0.011903
1520530412.002912 1.303035 0.011903
1520530412.052913 1.303025 0.011902
1520530412.152916 1.303040 0.011902
1520530412.203416 1.303050 0.011902
1520530412.303419 1.303076 0.011903
1520530412.403422 1.303134 0.011902
1520530412.453423 1.303108 0.011902
1520530412.553426 1.303074 0.011902
1520530412.653630 1.303011 0.011902
1520530412.753633 1.303031 0.011902
1520530412.853636 1.303016 0.011903
1520530412.903637 1.302996 0.011902
1520530413.003641 1.303029 0.011903
1520530413.053009 1.302975 0.011900
1520530413.153012 1.303080 0.011901
1520530413.253016 1.303089 0.011903
1520530413.353019 1.303048 0.011902
1520530413.452940 1.303024 0.011903
1520530413.552943 1.302982 0.011902
1520530413.652946 1.302995 0.011902
1520530413.853107 1.303087 0.011902
1520530413.953110 1.303136 0.011903
1520530414.053113 1.303037 0.011902
1520530414.153116 1.303011 0.011902
1520530414.252894 1.303056 0.011902
1520530414.352897 1.303100 0.011902
1520530414.452900 1.303061 0.011903
1520530414.552903 1.303067 0.011903
1520530414.652705 1.303125 0.011902
1520530414.752708 1.303010 0.011902
1520530414.852712 1.303161 0.011902
1520530414.952715 1.302979 0.011903
1520530415.052718 1.303045 0.011902
1520530415.103195 1.303026 0.011900
1520530415.203199 1.303043 0.011903
1520530415.303202 1.303010 0.011902
1520530415.403205 1.302966 0.011903
1520530415.503115 1.303041 0.011902
1520530415.603071 1.303034 0.011902
1520530415.703074 1.303032 0.011902
1520530415.853079 1.303130 0.011902
1520530415.953363 1.303065 0.011903
1520530416.103368 1.303019 0.011903
1520530416.503381 1.303143 0.011902
1520530416.603384 1.303071 0.011903
1520530416.703272 1.303053 0.011903
1520530416.753274 1.303010 0.011902
1520530416.853277 1.303081 0.011902
1520530416.953280 1.303019 0.011903
1520530417.053283 1.303009 0.011903
1520530417.153371 1.303020 0.011902
1520530417.253374 1.303010 0.011903
1520530417.603465 1.303084 0.011903
1520530417.703468 1.303064 0.011902
1520530417.803472 1.303083 0.011902
1520530417.903475 1.303067 0.011903
1520530418.003458 1.303039 0.011903
1520530418.103461 1.303017 0.011902
1520530418.203465 1.303019 0.011903
1520530418.303468 1.303025 0.011903
1520530418.453434 1.303009 0.011903
1520530418.603439 1.303039 0.011903
1520530418.753343 1.302990 0.011900
1520530418.853346 1.302986 0.011901
1520530418.953350 1.302999 0.011902
1520530419.053353 1.302999 0.011901
1520530419.153533 1.302973 0.011902
1520530419.253536 1.303003 0.011902
1520530419.353539 1.302993 0.011902
1520530419.453542 1.302969 0.011903
1520530419.603729 1.303024 0.011903
1520530419.753734 1.303076 0.011903
1520530419.853738 1.303043 0.011903
1520530419.953740 1.303024 0.011903
1520530420.053599 1.303012 0.011901
1520530420.153602 1.303025 0.011902
1520530420.253605 1.303023 0.011902
1520530420.353608 1.303012 0.011902
1520530420.453700 1.303001 0.011902
1520530420.603705 1.302973 0.011903
1520530420.803356 1.303064 0.011900
1520530420.903359 1.303002 0.011902
1520530421.003363 1.302999 0.011902
1520530421.103366 1.303005 0.011902
1520530421.203429 1.303002 0.011902
1520530421.303432 1.303031 0.011902
1520530421.403435 1.302996 0.011902
1520530421.503439 1.302963 0.011901
1520530421.603611 1.302942 0.011902
1520530421.703614 1.302935 0.011902
1520530421.803617 1.302951 0.011901
1520530421.953693 1.303002 0.011902
1520530422.053472 1.302999 0.011902
1520530422.153476 1.302980 0.011902
1520530422.253479 1.302878 0.011902
1520530422.353482 1.302907 0.011902
1520530422.453395 1.302919 0.011902
1520530422.553398 1.302976 0.011902
1520530422.653400 1.302989 0.011902
1520530422.753403 1.303001 0.011902
1520530422.853580 1.303015 0.011903
1520530423.053588 1.303119 0.011903
1520530423.153591 1.303075 0.011903
1520530423.253316 1.303026 0.011902
1520530423.303317 1.303016 0.011902
1520530423.403322 1.302986 0.011902
1520530423.503324 1.302987 0.011903
1520530423.603327 1.303037 0.011903
1520530423.702985 1.303050 0.011901
1520530423.752986 1.303016 0.011902
1520530423.852990 1.302951 0.011902
1520530423.952993 1.302991 0.011902
1520530424.002994 1.303004 0.011902
1520530424.103253 1.303016 0.011902
1520530424.153255 1.303028 0.011902
1520530424.253258 1.303010 0.011903
1520530424.353261 1.303190 0.011890
1520530424.453264 1.303000 0.011901
1520530424.504722 1.302461 0.011903
1520530424.604726 1.303186 0.011903
1520530424.704729 1.303068 0.011903
1520530424.854733 1.304352 0.011585
1520530424.903374 1.303072 0.011562
1520530425.003378 1.303008 0.011888
1520530425.053379 1.302807 0.011893
1520530425.153383 1.302605 0.011898
1520530425.253385 1.302799 0.011866
1520530425.353734 1.302992 0.011840
1520530425.453737 1.303056 0.011902
1520530425.603741 1.303194 0.011903
1520530425.703675 1.303158 0.011903
1520530425.753677 1.303118 0.011896
1520530425.853680 1.303107 0.011903
1520530425.903682 1.303057 0.011902
1520530426.003685 1.303101 0.011903
1520530426.103474 1.303188 0.011903
1520530426.203477 1.303133 0.011902
1520530426.303480 1.303077 0.011902
1520530426.353481 1.303109 0.011901
1520530426.453484 1.303104 0.011901
1520530426.553551 1.303102 0.011902
1520530426.703556 1.303193 0.011902
1520530426.753558 1.303167 0.011901
1520530426.853560 1.303115 0.011902
1520530426.903562 1.303110 0.011901
1520530427.003600 1.303168 0.011903
1520530427.103603 1.303251 0.011902
1520530427.203606 1.303105 0.011902
1520530427.303609 1.303089 0.011902
1520530427.403594 1.303107 0.011903
1520530427.503597 1.303115 0.011902
1520530427.803679 1.303240 0.011902
1520530427.903683 1.303227 0.011903
1520530427.953684 1.303220 0.011900
1520530428.053687 1.303200 0.011902
1520530428.103692 1.303132 0.011902
1520530428.203537 1.303091 0.011902
1520530428.253538 1.303077 0.011902
1520530428.353542 1.303108 0.011902
1520530428.403618 1.303101 0.011902
1520530428.503546 1.303000 0.011902
1520530428.553451 1.303007 0.011902
1520530428.653454 1.302983 0.011902
1520530428.753457 1.303008 0.011902
1520530428.803458 1.303016 0.011902
1520530428.903461 1.303095 0.011902
1520530428.953463 1.303156 0.011902
1520530429.053445 1.303267 0.011902
1520530429.103447 1.303338 0.011902
1520530429.203450 1.303267 0.011902
1520530429.253451 1.303084 0.011901
1520530429.353455 1.303142 0.011902
1520530429.403551 1.303123 0.011902
1520530429.503555 1.303174 0.011902
1520530429.553556 1.303174 0.011902
1520530429.653559 1.303152 0.011903
1520530429.703560 1.303088 0.011902
1520530429.803622 1.303112 0.011902
1520530429.853626 1.303135 0.011902
1520530429.953626 1.303116 0.011902
1520530430.003663 1.303096 0.011902
1520530430.103631 1.303104 0.011902
1520530430.153632 1.303121 0.011902
1520530430.253346 1.303067 0.011902
1520530430.303347 1.303097 0.011902
1520530430.403350 1.303098 0.011902
1520530430.453352 1.303120 0.011902
1520530430.553355 1.303060 0.011902
1520530430.653528 1.303074 0.011902
1520530430.753532 1.303076 0.011902
1520530430.853534 1.303088 0.011902
1520530430.953538 1.303108 0.011902
1520530431.053698 1.303137 0.011902
1520530431.103700 1.303143 0.011902
1520530431.203703 1.303167 0.011902
1520530431.253704 1.303140 0.011902
1520530431.353708 1.303239 0.011902
1520530431.403709 1.303252 0.011902
1520530431.503564 1.303269 0.011902
1520530431.553565 1.303209 0.011902
1520530431.653568 1.303235 0.011902
1520530431.703570 1.303386 0.011902
1520530431.803573 1.303381 0.011902
1520530431.853524 1.303311 0.011902
1520530431.953527 1.303381 0.011902
1520530432.003529 1.303198 0.011902
1520530432.103532 1.303130 0.011902
1520530432.153533 1.303099 0.011901
1520530432.253696 1.303177 0.011902
1520530432.303698 1.303137 0.011902
1520530432.403701 1.303107 0.011902
1520530432.503704 1.303117 0.011902
1520530432.553705 1.303102 0.011902
1520530432.653548 1.303107 0.011902
1520530432.703550 1.303168 0.011901
1520530432.803553 1.303116 0.011902
1520530432.853554 1.303159 0.011902
1520530432.953557 1.303345 0.011901
1520530433.003559 1.303357 0.011902
1520530433.103691 1.303319 0.011902
1520530433.153693 1.303386 0.011902
1520530433.253695 1.303336 0.011902
1520530433.353699 1.303195 0.011902
1520530433.453702 1.303155 0.011902
1520530433.553795 1.303166 0.011902
1520530433.603796 1.303085 0.011902
1520530433.703799 1.303062 0.011902
1520530433.803803 1.303045 0.011902
1520530433.903631 1.303091 0.011902
1520530433.953632 1.303108 0.011902
1520530434.053635 1.303084 0.011902
1520530434.103637 1.303155 0.011902
1520530434.203641 1.303091 0.011902
1520530434.253642 1.302985 0.011902
1520530434.353481 1.302975 0.011902
1520530434.403481 1.303018 0.011902
1520530434.503485 1.303058 0.011902
1520530434.553486 1.303061 0.011902
1520530434.653489 1.303071 0.011902
1520530434.703655 1.303037 0.011902
1520530434.803658 1.303048 0.011902
1520530434.853723 1.303050 0.011901
1520530434.953663 1.303046 0.011902
1520530435.053667 1.303029 0.011902
1520530435.103796 1.303014 0.011902
1520530435.203799 1.303011 0.011902
1520530435.253801 1.303010 0.011902
1520530435.353804 1.303048 0.011902
1520530435.403806 1.303042 0.011902
1520530435.504086 1.303070 0.011902
1520530435.554088 1.303065 0.011902
1520530435.654091 1.303061 0.011902
1520530435.704092 1.303073 0.011901
1520530435.804096 1.303062 0.011902
1520530435.854097 1.303053 0.011902
1520530435.953835 1.303060 0.011902
1520530436.003837 1.303051 0.011901
1520530436.103839 1.303059 0.011902
1520530436.153841 1.303055 0.011902
1520530436.253844 1.303009 0.011902
1520530436.353956 1.302954 0.011901
1520530436.453978 1.303030 0.011902
1520530436.653965 1.303274 0.011902
1520530436.754031 1.303139 0.011901
1520530436.804032 1.303125 0.011901
1520530436.904035 1.303127 0.011902
1520530436.954037 1.303122 0.011902
1520530437.054040 1.303134 0.011902
1520530437.104042 1.303087 0.011901
1520530437.203536 1.303081 0.011898
1520530437.253536 1.303054 0.011894
1520530437.353539 1.303135 0.011901
1520530437.453545 1.303243 0.011901
1520530437.503545 1.303147 0.011901
1520530437.603872 1.303067 0.011900
1520530437.653873 1.303048 0.011900
1520530437.753876 1.303024 0.011902
1520530437.803878 1.303015 0.011902
1520530437.903881 1.303018 0.011901
1520530438.004481 1.303028 0.011901
1520530438.104484 1.303016 0.011902
1520530438.204487 1.303045 0.011902
1520530438.304490 1.303015 0.011901
1520530438.354492 1.303033 0.011901
1520530438.453623 1.303011 0.011901
1520530438.503624 1.302965 0.011902
1520530438.603628 1.302995 0.011902
1520530438.703631 1.302975 0.011901
1520530438.753632 1.302999 0.011899
1520530438.854392 1.303034 0.011901
1520530438.954395 1.303061 0.011901
1520530439.104398 1.303115 0.011902
1520530439.254655 1.303162 0.011902
1520530439.404660 1.303038 0.011901
1520530439.604177 1.302814 0.011902
1520530439.704263 1.303020 0.011901
1520530439.804183 1.303045 0.011901
1520530439.904186 1.303072 0.011902
1520530440.004099 1.303110 0.011901
1520530440.154104 1.303144 0.011901
1520530440.254107 1.303226 0.011901
1520530440.354110 1.303403 0.011901
1520530440.453977 1.303559 0.011900
1520530440.553980 1.303527 0.011901
1520530440.653984 1.303479 0.011901
1520530440.753987 1.303405 0.011901
1520530440.903872 1.303242 0.011901
1520530441.003875 1.303242 0.011901
1520530441.103878 1.303190 0.011902
1520530441.203881 1.303092 0.011902
1520530441.303927 1.303160 0.011902
1520530441.403893 1.303165 0.011902
1520530441.503896 1.303191 0.011901
1520530441.654083 1.303186 0.011902
1520530441.804088 1.303144 0.011902
1520530441.954092 1.303383 0.011901
1520530442.054030 1.303039 0.011901
1520530442.154034 1.303065 0.011901
1520530442.254038 1.303009 0.011901
1520530442.354040 1.302958 0.011898
1520530442.453714 1.302914 0.011899
1520530442.503716 1.302971 0.011898
1520530442.603719 1.302969 0.011900
1520530442.653721 1.303047 0.011897
1520530442.753723 1.303017 0.011900
1520530442.803725 1.302965 0.011900
1520530442.904376 1.302949 0.011901
1520530443.004379 1.302965 0.011899
1520530443.104382 1.302966 0.011900
1520530443.204385 1.302947 0.011901
1520530443.354468 1.303061 0.011902
1520530443.504473 1.303200 0.011901
1520530443.604476 1.303150 0.011901
1520530443.704013 1.303083 0.011898
1520530443.754014 1.303028 0.011900
1520530443.854018 1.303132 0.011901
1520530443.954022 1.303221 0.011900
1520530444.054024 1.303179 0.011899
1520530444.154403 1.303047 0.011901
1520530444.254406 1.303045 0.011900
1520530444.354410 1.303021 0.011899
1520530444.454413 1.303021 0.011900
1520530444.505161 1.302692 0.011899
1520530444.605164 1.302880 0.011901
1520530444.705167 1.302885 0.011901
1520530444.805170 1.303029 0.011902
1520530444.905173 1.303101 0.011902
1520530444.954962 1.302998 0.011902
1520530445.054965 1.302980 0.011901
1520530445.104967 1.302986 0.011901
1520530445.204970 1.302990 0.011901
1520530445.304973 1.302984 0.011901
1520530445.353892 1.302976 0.011901
1520530445.453896 1.302984 0.011899
1520530445.503898 1.302994 0.011901
1520530445.603900 1.302978 0.011900
1520530445.653902 1.302985 0.011894
1520530445.753751 1.302960 0.011899
1520530445.803752 1.302966 0.011900
1520530445.903755 1.302976 0.011901
1520530445.953757 1.302981 0.011901
1520530446.053761 1.302967 0.011901
1520530446.154954 1.303057 0.011900
1520530446.204900 1.303045 0.011901
1520530446.304903 1.303021 0.011901
1520530446.404906 1.302923 0.011901
1520530446.504909 1.302994 0.011901
1520530446.604785 1.303066 0.011900
1520530446.704788 1.303105 0.011900
1520530446.804791 1.303123 0.011900
1520530446.904794 1.303081 0.011900
1520530446.954330 1.303026 0.011900
1520530447.054334 1.302996 0.011900
1520530447.154337 1.303010 0.011901
1520530447.254340 1.302975 0.011900
1520530447.354343 1.303053 0.011900
1520530447.454125 1.303030 0.011900
1520530447.604130 1.303001 0.011897
1520530447.754142 1.303037 0.011901
1520530448.203885 1.303080 0.011901
1520530448.353889 1.303027 0.011900
