DelayedMarginalization 0.000968865 2.78122e-08 0.00153365 1387
DelayedMarginalizationOnly 0.000463961 1.81162e-08 0.000774437 1387
EF-marginalizeFrame 0.001364 4.06278e-08 0.00257874 1387
FullSystem::trackNewCoarse 0.00251325 6.66616e-07 0.00871869 2672
FullSystem::trackNewCoarseNoIMU 0.0019283 2.76307e-05 0.0566487 111
FullSystemOptimize 0.0392241 4.73044e-05 0.0658581 1393
GraphUnrolling 0.00488353 2.5016e-05 0.0142484 6
IMUInitAddPose 2.37282e-05 1.11024e-11 6.3289e-05 1393
IMUInitOptimize 0.00355823 2.17715e-06 0.00548354 4
IMUIntegration::finishKeyframeOperations 5.95424e-05 2.48495e-10 0.000394425 1384
InitializerFirstFrame 0.0336717 -nan 0.0336717 1
InitializerOtherFrames 0.0580482 9.22304e-05 0.0787745 35
MainMarginalization 0.00120445 3.51963e-08 0.00206494 1387
MarginalizationReplacementBuildGraph 0.000819267 7.23112e-07 0.00229316 5
MarginalizationReplacementReplaceGraph 0.00681532 2.83314e-05 0.014373 4
MarginalizeMainGraph 0.000504192 6.76744e-09 0.000852661 1387
PGBA 0.0152705 0.00011417 0.022826 2
PGBAFull 0.00510445 8.49396e-05 0.0246593 7
PrepareGraphForMainOptimization 0.0049333 2.52107e-05 0.0143344 6
VisualMarginalization 4.11333e-05 7.10502e-11 8.7014e-05 1387
activatePointsMT 0.00338764 6.70667e-07 0.00676242 1393
addActiveFrame 0.039969 0.000914619 0.112707 2819
addIMUData 0.000676526 2.25179e-08 0.00134001 2672
addIMUDataToBA 3.61614e-05 1.51646e-10 0.000139223 2818
addKeyframeToBA 3.32447e-05 2.0958e-11 8.2645e-05 1393
afterCoarseTracking 2.75167e-07 5.76807e-15 2.356e-06 2783
baIteration 0.00603471 1.25548e-06 0.011509 7990
baMatrixInversion 0.000227302 1.93647e-09 0.000601836 7990
baUpdateBuildHessians 0.00050792 6.33143e-09 0.00390293 7990
coarseTrackingIteration 0.000196778 4.54018e-09 0.000566239 28564
computeBAUpdate 0.000819898 1.51294e-08 0.00420187 7990
computeCoarseUpdate 9.60031e-05 4.54472e-10 0.000456738 26171
computeFactorForCoarseGraphAndMarginalCovariances 0.00307973 4.58733e-07 0.00909215 1384
convertHAndBFromDSO 0.000149629 3.44305e-09 0.000488107 13541
debugPlot 7.47882e-08 1.35818e-15 4.39e-07 1393
debugPlotIDepthMap 3.46745e-07 5.23997e-15 8.01e-07 1393
debugPlotIDepthMapFloat 7.58205e-08 5.9244e-16 3.1e-07 1393
deliverTrackedFrame 0.0343554 0.000907552 0.108595 2784
flagFramesForMarginalization 1.58336e-06 1.92933e-13 5.475e-06 1393
fullCoarseTracking 0.00325578 1.90085e-06 0.056712 2783
initObjectsAndMakeImage 0.00208969 3.92001e-08 0.00398839 2819
makeKeyframe 0.0638051 7.42329e-05 0.108593 1393
makeKeyframeChangeTrackingRef 0.00229681 2.1027e-07 0.0047854 1393
makeNewTraces 0.00540567 8.30798e-07 0.0116556 1393
makeNonKeyframe 0.00485943 2.85413e-06 0.00789049 1391
marginalizeAndRemovePoints 0.00308497 9.61483e-07 0.00750752 1393
marginalizeFrame 0.00241904 1.28406e-07 0.00469981 1387
marginalizeFrameOverhead 0.00105267 6.00508e-08 0.00228171 1387
marginalizeFrames 0.00241624 2.76226e-07 0.0064266 1393
newFrameAndNewResidualsForOldPoints 0.00102379 4.8042e-08 0.001695 1393
printBiases 3.60897e-05 1.03e-10 8.4909e-05 1393
printEigenValLine 1.11777e-07 4.06649e-16 2.72e-07 1393
printLogLine 1.95772e-07 3.50493e-15 4.89e-07 1393
publishInMakeKeyframe 1.87673e-07 8.13212e-14 1.0531e-05 1393
removeOutliers 0.000174595 2.03633e-09 0.000527012 1393
swapTrackingRef 2.26567e-05 1.1871e-11 5.4317e-05 1393
timeMeasurement 8.18761e-07 4.59828e-13 1.2713e-05 2819
traceNewCoarse 0.00402825 2.81975e-06 0.00788094 2784
updateBAValues 5.85712e-06 3.74759e-12 4.7901e-05 13131
zero 9.08216e-08 3.57895e-16 4.84e-07 2819
