1413394889.855760  0.392628 -0.135021  0.202381 0.185582 0.199592 0.182472
1413394890.005760  0.143239 -0.134835  0.095513 0.166477 0.182966 0.172113
1413394890.305761 -0.600196 -0.065226 -0.059128 0.153515 0.162576 0.154669
1413394890.405761 -0.676639 -0.006901 -0.090992 0.156826 0.155769 0.152171
1413394890.505760 -0.611885  0.080569 -0.134239 0.162740 0.150243 0.149329
1413394890.655760 -0.328038  0.173656 -0.102622 0.165504 0.140687 0.146074
1413394890.905761  0.245319  0.226263 -0.155257 0.145840 0.133904 0.135857
1413394891.005760  0.297713  0.225243 -0.116223 0.134775 0.129946 0.132741
1413394891.105761  0.204407  0.220137 -0.091361 0.127838 0.127419 0.130700
1413394891.255760 -0.119125  0.207538 -0.064362 0.122462 0.124870 0.128819
1413394891.455760 -0.642941  0.160479  0.066375 0.123819 0.123172 0.127461
1413394891.555760 -0.791755  0.129641  0.056249 0.125985 0.121259 0.127608
1413394891.655760 -0.856183  0.096684  0.040796 0.130026 0.119133 0.128612
1413394891.805761 -0.877121  0.032496  0.117546 0.140733 0.118172 0.130496
1413394891.955760 -0.832399 -0.052700  0.303466 0.158369 0.126899 0.132011
1413394892.105761 -0.675366 -0.158260  0.320202 0.165971 0.126164 0.131886
1413394892.255760 -0.479828 -0.263833  0.295439 0.166837 0.123235 0.132054
1413394892.405761 -0.289274 -0.317777  0.052463 0.161124 0.115161 0.130698
1413394892.555760 -0.069986 -0.363908 -0.043601 0.177443 0.134357 0.122456
1413394892.705760  0.097237 -0.397292  0.030927 0.219087 0.181624 0.113300
1413394892.755760  0.129296 -0.400744  0.060833 0.241373 0.203912 0.110760
1413394892.855760  0.195991 -0.404501  0.093969 0.289989 0.254294 0.105958
1413394892.955760  0.236910 -0.404975  0.109510 0.340295 0.304040 0.101968
1413394893.055760  0.224096 -0.424736  0.122206 0.386189 0.346780 0.099578
1413394893.205760  0.208398 -0.499834  0.130010 0.425225 0.388684 0.097408
1413394893.355760  0.171968 -0.576370  0.183007 0.429421 0.405585 0.096323
1413394893.505760  0.214603 -0.624721  0.133938 0.404628 0.402311 0.095056
1413394893.655760  0.326942 -0.661564 -0.009300 0.374806 0.384161 0.093369
1413394893.805761  0.519365 -0.723709 -0.074582 0.355997 0.366812 0.092118
1413394893.955760  0.773759 -0.787206 -0.099045 0.349308 0.351259 0.091640
1413394894.105761  1.013983 -0.805133 -0.150341 0.360665 0.340050 0.091670
1413394894.205760  1.146193 -0.775946 -0.206907 0.376627 0.331581 0.091885
1413394894.305761  1.226531 -0.716153 -0.228138 0.400384 0.323288 0.091703
1413394894.405761  1.254705 -0.632170 -0.246256 0.424729 0.309523 0.091176
1413394894.505760  1.240427 -0.563280 -0.290426 0.449569 0.298151 0.091008
1413394894.605761  1.219782 -0.497231 -0.320991 0.469236 0.282583 0.090895
1413394894.705760  1.186388 -0.447330 -0.332265 0.489309 0.269277 0.090782
1413394894.805761  1.162021 -0.400805 -0.332649 0.492119 0.250886 0.090352
1413394894.905761  1.148357 -0.346403 -0.325288 0.489433 0.235121 0.090277
1413394895.005760  1.128652 -0.329062 -0.307526 0.479185 0.221241 0.089943
1413394895.105761  1.084309 -0.291988 -0.279797 0.463625 0.209549 0.089531
1413394895.205760  1.019524 -0.251065 -0.199023 0.446506 0.199413 0.089039
1413394895.305761  0.951775 -0.233203 -0.120658 0.422279 0.190940 0.088191
1413394895.405761  0.901228 -0.245599 -0.092913 0.394900 0.182936 0.087315
1413394895.505760  0.922454 -0.238756  0.077462 0.372908 0.176768 0.086587
1413394895.605761  0.961728 -0.224004  0.170950 0.355780 0.170733 0.085752
1413394895.705760  1.014197 -0.239273  0.333626 0.342175 0.165905 0.084783
1413394895.805761  1.018225 -0.260879  0.372102 0.329759 0.161278 0.083670
1413394895.905761  1.009235 -0.273619  0.254660 0.315391 0.155966 0.082902
1413394896.005760  0.980108 -0.277599  0.143976 0.302106 0.151311 0.082352
1413394896.105761  0.956377 -0.294839  0.017292 0.289669 0.146943 0.081942
1413394896.255760  0.920281 -0.311919 -0.160730 0.272916 0.141241 0.081477
1413394896.355760  0.859305 -0.318667 -0.180828 0.262866 0.138234 0.081166
1413394896.505760  0.658213 -0.306354 -0.203611 0.244176 0.133892 0.080651
1413394896.655760  0.378144 -0.276965 -0.329004 0.220206 0.129455 0.080194
1413394896.855760 -0.197686 -0.161119 -0.434272 0.180534 0.123732 0.079712
1413394897.055760 -0.923435  0.036768 -0.325337 0.141673 0.119348 0.079393
1413394897.155760 -1.293349  0.142809 -0.259763 0.127143 0.117446 0.079299
1413394897.255760 -1.640300  0.200975 -0.166285 0.117257 0.115972 0.079266
1413394897.305761 -1.784705  0.243875 -0.121593 0.113945 0.115233 0.079212
1413394897.405761 -1.930800  0.275155 -0.074100 0.110362 0.113788 0.079078
1413394897.455760 -1.960892  0.284561 -0.068162 0.109733 0.113060 0.078956
1413394897.555760 -1.963208  0.301656 -0.035819 0.110114 0.111526 0.078674
1413394897.605761 -1.960461  0.303422 -0.018291 0.110839 0.110730 0.078527
1413394897.705760 -1.919602  0.322797  0.046184 0.113173 0.109369 0.078186
1413394897.805761 -1.861865  0.336980  0.095022 0.116055 0.108064 0.077842
1413394897.855760 -1.832508  0.357125  0.119792 0.117512 0.107259 0.077662
1413394897.955760 -1.769414  0.394060  0.154360 0.120806 0.106114 0.077345
1413394898.055760 -1.705292  0.438919  0.178024 0.124025 0.105094 0.077063
1413394898.155760 -1.612177  0.465704  0.205620 0.126934 0.104180 0.076779
1413394898.255760 -1.511566  0.482311  0.247574 0.129342 0.103422 0.076522
1413394898.355760 -1.367032  0.487866  0.255536 0.131021 0.102726 0.076267
1413394898.455760 -1.168690  0.478854  0.253689 0.131957 0.102147 0.076019
1413394898.555760 -0.952562  0.467058  0.268200 0.132089 0.101787 0.075803
1413394898.655760 -0.745825  0.449093  0.276490 0.131299 0.101618 0.075642
1413394898.805761 -0.439217  0.386711  0.300900 0.128516 0.101504 0.075495
1413394899.055760 0.078421 0.210419 0.252504 0.119925 0.100732 0.075431
1413394899.355760  0.675419 -0.103815 -0.028816 0.106377 0.098231 0.075210
1413394899.505760  0.895421 -0.246191 -0.195213 0.100667 0.096547 0.074959
1413394899.655760  1.025544 -0.395078 -0.212049 0.097035 0.095413 0.074637
1413394899.755760  1.099306 -0.475358 -0.177166 0.095617 0.094971 0.074461
1413394899.855760  1.145672 -0.536739 -0.129476 0.094854 0.094747 0.074307
1413394899.955760  1.211270 -0.599102 -0.050018 0.094772 0.094893 0.074191
1413394900.055760  1.250114 -0.633384  0.113036 0.095379 0.095530 0.074110
1413394900.155760  1.253602 -0.626482  0.199483 0.096107 0.096228 0.074035
1413394900.255760  1.210572 -0.609083  0.140689 0.096901 0.096648 0.073936
1413394900.355760  1.171193 -0.557352  0.062208 0.097850 0.097222 0.073836
1413394900.455760  1.137719 -0.503547 -0.022757 0.098807 0.097777 0.073707
1413394900.605761  1.133213 -0.380332 -0.110258 0.100558 0.099008 0.073516
1413394900.755760  1.240271 -0.163450 -0.042647 0.102803 0.100990 0.073419
1413394900.855760 1.336478 0.005539 0.109768 0.104825 0.102728 0.073382
1413394900.955760 1.456663 0.186820 0.301796 0.107391 0.105032 0.073398
1413394901.055760 1.535756 0.363349 0.357471 0.110223 0.107491 0.073471
1413394901.155760 1.560519 0.537337 0.310941 0.112451 0.108958 0.073510
1413394901.205760 1.552118 0.606089 0.262433 0.113555 0.109502 0.073492
1413394901.305761 1.512636 0.739540 0.169315 0.115916 0.110844 0.073511
1413394901.355760 1.478907 0.764631 0.140175 0.117148 0.111642 0.073456
1413394901.455760 1.360970 0.817108 0.072944 0.119202 0.113203 0.073333
1413394901.555760  1.200348  0.828737 -0.047512 0.120419 0.114274 0.073098
1413394901.655760  1.044109  0.825279 -0.161871 0.121233 0.115506 0.072906
1413394901.755760  0.912223  0.830384 -0.172167 0.121963 0.117418 0.072760
1413394901.855760  0.789969  0.860338 -0.090979 0.122600 0.119650 0.072672
1413394901.955760  0.671973  0.914590 -0.017720 0.123145 0.121867 0.072623
1413394902.055760 0.568343 0.990953 0.047968 0.123567 0.124504 0.072597
1413394902.155760 0.453488 1.045997 0.046643 0.123450 0.126646 0.072585
1413394902.255760  0.351757  1.099772 -0.007441 0.122895 0.128505 0.072595
1413394902.355760  0.217562  1.138271 -0.073898 0.121797 0.130307 0.072579
1413394902.455760  0.042013  1.167429 -0.115197 0.120716 0.131611 0.072592
1413394902.555760 -0.139255  1.136267 -0.101324 0.119942 0.133252 0.072575
1413394902.655760 -0.266413  1.038703 -0.063133 0.119632 0.134670 0.072489
1413394902.755760 -0.340133  0.873794 -0.051459 0.119471 0.135256 0.072356
1413394902.855760 -0.370765  0.667370 -0.032096 0.119423 0.135079 0.072176
1413394902.955760 -0.385618  0.498560 -0.093705 0.118909 0.133358 0.072020
1413394903.155760 -0.397146  0.217109 -0.365387 0.118093 0.128597 0.071855
1413394903.255760 -0.334716  0.100789 -0.467107 0.117807 0.125878 0.071759
1413394903.455760 -0.128994 -0.099468 -0.322923 0.119180 0.121676 0.071572
1413394903.605761 -0.042820 -0.174955 -0.127686 0.120312 0.119016 0.071449
1413394903.755760 -0.054046 -0.214624  0.096673 0.120949 0.116511 0.071304
1413394903.955760 -0.121424 -0.185515  0.099794 0.119094 0.112489 0.071119
1413394904.155760 -0.113391 -0.152505 -0.116660 0.115987 0.108448 0.070997
1413394904.305761 -0.030071 -0.192961 -0.226413 0.114134 0.105867 0.070886
1413394904.455760  0.107397 -0.263655 -0.314518 0.112357 0.103446 0.070804
1413394904.555760  0.193346 -0.301591 -0.246502 0.111772 0.102262 0.070746
1413394904.655760  0.268013 -0.325014 -0.208772 0.111314 0.100935 0.070703
1413394904.755760  0.302916 -0.326709 -0.161457 0.110797 0.099616 0.070687
1413394904.855760  0.300804 -0.336749 -0.103357 0.110440 0.098357 0.070663
1413394904.955760  0.270159 -0.295183 -0.056773 0.110090 0.096960 0.070629
1413394905.055760  0.201370 -0.221566 -0.006900 0.109949 0.095535 0.070598
1413394905.205760  0.020110 -0.072713 -0.049485 0.109109 0.093487 0.070579
1413394905.305761 -0.072894 -0.008705 -0.091995 0.108923 0.092227 0.070588
1413394905.355760 -0.104413 -0.006889 -0.092087 0.110428 0.093072 0.070591
1413394905.455760 -0.094486 -0.123149 -0.051512 0.110558 0.092364 0.070480
1413394905.555760 -0.014180 -0.365140  0.001499 0.110945 0.091981 0.070328
1413394905.705760  0.219436 -0.804899  0.212667 0.112750 0.092401 0.070195
1413394905.755760  0.272760 -0.874601  0.240620 0.112869 0.092515 0.070143
1413394905.855760  0.318678 -0.877287  0.261071 0.112930 0.093016 0.070116
1413394905.955760  0.268817 -0.743586  0.252106 0.112648 0.093389 0.070086
1413394906.055760  0.150574 -0.506877  0.258339 0.112949 0.094289 0.070143
1413394906.105761  0.057984 -0.383793  0.269848 0.113076 0.094676 0.070156
1413394906.255760 -0.269518 -0.046625  0.290255 0.113681 0.095831 0.070514
1413394906.355760 -0.478875  0.069191  0.238694 0.113257 0.096239 0.070695
1413394906.455760 -0.617417  0.076888  0.139807 0.111587 0.095405 0.070616
1413394906.555760 -0.640503  0.000234  0.047247 0.110028 0.094789 0.070384
1413394906.655760 -0.566443 -0.175267  0.036364 0.109006 0.094387 0.070123
1413394906.755760 -0.446813 -0.352593  0.044965 0.108551 0.094278 0.069891
1413394906.855760 -0.357073 -0.400630  0.000473 0.108403 0.094654 0.069775
1413394906.955760 -0.311520 -0.292959  0.013514 0.108466 0.094785 0.069717
1413394907.055760 -0.292547 -0.040947  0.032090 0.109208 0.095373 0.069705
1413394907.305761 -0.392379  0.729790 -0.067537 0.111144 0.094318 0.069915
1413394907.405761 -0.434343  0.839174 -0.127017 0.112985 0.094894 0.069876
1413394907.455760 -0.474683  0.805449 -0.151758 0.112099 0.094592 0.069771
1413394907.555760 -0.606030  0.636847 -0.194934 0.111596 0.095412 0.069691
1413394907.655760 -0.798441  0.322796 -0.192184 0.111080 0.096267 0.069617
1413394907.755760 -0.931956 -0.020291 -0.120900 0.111582 0.097238 0.069588
1413394907.855760 -0.941419 -0.157317 -0.179464 0.112333 0.097137 0.069596
1413394907.905761 -0.904142 -0.168824 -0.240881 0.112611 0.096606 0.069582
1413394908.005760 -0.837754 -0.068158 -0.308478 0.114051 0.096071 0.069581
1413394908.105761 -0.758498  0.078586 -0.428535 0.114722 0.095282 0.069622
1413394908.205760 -0.672080  0.198976 -0.479043 0.115184 0.094764 0.069697
1413394908.305761 -0.583952  0.212152 -0.434745 0.115605 0.094999 0.069838
1413394908.355760 -0.535940  0.162638 -0.394517 0.115771 0.095641 0.069867
1413394908.455760 -0.441710 -0.054681 -0.235025 0.115886 0.096812 0.069745
1413394908.605761 -0.354379 -0.504370  0.164606 0.115870 0.098214 0.069469
1413394908.705760 -0.288614 -0.580246  0.337630 0.115051 0.098326 0.069210
1413394908.805761 -0.213736 -0.499742  0.421530 0.113055 0.097880 0.069007
1413394908.905761 -0.156359 -0.281225  0.529241 0.111495 0.097753 0.068886
1413394908.955760 -0.126248 -0.184848  0.556429 0.110741 0.097585 0.068885
1413394909.105761 -0.145147  0.175403  0.538988 0.108795 0.096849 0.069046
1413394909.205760 -0.211605  0.326190  0.438046 0.107671 0.096037 0.069170
1413394909.305761 -0.271300  0.351919  0.357325 0.106207 0.095261 0.069169
1413394909.405761 -0.312618  0.238348  0.311962 0.104673 0.094878 0.069141
1413394909.555760 -0.397770  0.010327  0.303209 0.103103 0.095194 0.069166
1413394909.655760 -0.484813 -0.061900  0.338272 0.102011 0.094700 0.069244
1413394909.755760 -0.561463 -0.032050  0.386121 0.102437 0.095344 0.069388
1413394909.855760 -0.605805  0.099033  0.416849 0.103076 0.095960 0.069608
1413394910.055760 -0.553453  0.451727  0.242470 0.104470 0.095961 0.069983
1413394910.155760 -0.512248  0.488888  0.142256 0.104003 0.095500 0.069832
1413394910.255760 -0.479589  0.421172  0.069075 0.103404 0.095170 0.069562
1413394910.355760 -0.468322  0.264100 -0.009139 0.102323 0.094695 0.069317
1413394910.605761 -0.506221 -0.298377 -0.028413 0.100191 0.093995 0.068851
1413394910.705760 -0.470356 -0.320235 -0.036452 0.099763 0.093650 0.068815
1413394910.755760 -0.448163 -0.260939 -0.054330 0.099691 0.094457 0.068807
1413394910.855760 -0.416800 -0.071069 -0.071488 0.099742 0.094610 0.068783
1413394910.955760 -0.386381  0.169077 -0.090399 0.099899 0.095041 0.068805
1413394911.105761 -0.431846  0.552964 -0.198366 0.099971 0.094734 0.068863
1413394911.205760 -0.453625  0.655166 -0.223002 0.099214 0.093498 0.068682
1413394911.305761 -0.458443  0.609974 -0.274124 0.098261 0.091448 0.068476
1413394911.405761 -0.446010  0.428410 -0.297636 0.096860 0.091197 0.068381
1413394911.505760 -0.426277  0.207037 -0.351250 0.095546 0.090390 0.068305
1413394911.655760 -0.396431 -0.105391 -0.301443 0.094186 0.089505 0.068305
1413394911.755760 -0.321074 -0.136690 -0.246732 0.093704 0.088635 0.068313
1413394911.855760 -0.240890  0.043939 -0.145675 0.093804 0.088416 0.068349
1413394912.105761 -0.041035  0.385010  0.025987 0.093608 0.088356 0.068345
1413394912.205760 -0.008582  0.355309  0.062030 0.092515 0.088173 0.068297
1413394912.305761 0.015208 0.210055 0.122128 0.091318 0.088417 0.068209
1413394912.505760 -0.014437 -0.199385  0.200160 0.089265 0.088130 0.068057
1413394912.605761 -0.049840 -0.321646  0.233775 0.088774 0.088418 0.068007
1413394912.705760 -0.091459 -0.386834  0.271785 0.088443 0.088358 0.067980
1413394912.855760 -0.142486 -0.414783  0.257537 0.088073 0.088168 0.067967
1413394913.005760 -0.183101 -0.406215  0.258527 0.087933 0.088077 0.067965
1413394913.205760 -0.120049 -0.448664  0.273939 0.087734 0.087982 0.067988
1413394913.355760 -0.026275 -0.487284  0.307841 0.087304 0.087867 0.068027
1413394913.505760  0.095452 -0.481202  0.154851 0.086625 0.087456 0.068067
1413394913.655760  0.247014 -0.448573 -0.030197 0.085275 0.086764 0.068035
1413394913.805761  0.429065 -0.436934 -0.234587 0.083737 0.085969 0.067943
1413394913.905761  0.526343 -0.460718 -0.322693 0.082745 0.085518 0.067871
1413394914.005760  0.574001 -0.469688 -0.386351 0.081990 0.085006 0.067818
1413394914.105761  0.621353 -0.489598 -0.367454 0.081489 0.084600 0.067799
1413394914.255760  0.696961 -0.497117 -0.151112 0.081233 0.084623 0.067822
1413394914.405761  0.822919 -0.470704  0.091356 0.081292 0.084876 0.067820
1413394914.505760  0.926281 -0.462095  0.233583 0.081486 0.085099 0.067800
1413394914.605761  0.983667 -0.399781  0.194955 0.081546 0.084872 0.067784
1413394914.705760  1.031930 -0.366566  0.100943 0.081604 0.084548 0.067782
1413394914.805761  1.055889 -0.338803 -0.002428 0.081721 0.084031 0.067766
1413394914.955760  1.060484 -0.294683 -0.163509 0.082029 0.083357 0.067752
1413394915.105761  1.112261 -0.159813 -0.223004 0.083199 0.083771 0.067788
1413394915.205760  1.167166 -0.052117 -0.172714 0.084432 0.084130 0.067830
1413394915.305761  1.210013  0.107765 -0.145674 0.085576 0.084255 0.067862
1413394915.405761  1.283089  0.283590 -0.104914 0.087090 0.084545 0.067918
1413394915.505760  1.331510  0.490491 -0.071055 0.088959 0.084922 0.067984
1413394915.605761  1.354220  0.687994 -0.061597 0.091076 0.085199 0.068044
1413394915.705760  1.306996  0.860601 -0.056848 0.093243 0.085350 0.068079
1413394915.805761 1.184753 0.943975 0.007931 0.095199 0.085722 0.068056
1413394915.855760 1.116555 0.978358 0.018457 0.096104 0.086019 0.068043
1413394915.955760 0.955388 1.012472 0.030680 0.097548 0.087302 0.068077
1413394916.055760 0.769368 1.024987 0.049758 0.098753 0.088527 0.068062
1413394916.155760 0.569757 1.039286 0.056009 0.099540 0.090013 0.068082
1413394916.255760 0.432928 1.034204 0.071432 0.100095 0.091756 0.068095
1413394916.355760 0.337264 1.026139 0.073862 0.100339 0.093659 0.068073
1413394916.455760  0.292314  0.998721 -0.025990 0.100157 0.095624 0.068060
1413394916.555760  0.305081  0.903881 -0.109007 0.099969 0.097441 0.067973
1413394916.655760  0.334230  0.751208 -0.218056 0.099437 0.098691 0.067833
1413394916.755760  0.370522  0.547119 -0.322925 0.099079 0.099598 0.067730
1413394916.955760  0.498488  0.167540 -0.496719 0.099798 0.099694 0.067768
1413394917.055760  0.567565  0.087524 -0.508424 0.101017 0.100245 0.067880
1413394917.255760  0.642446  0.144642 -0.434390 0.104079 0.100657 0.068127
1413394917.455760  0.688722  0.342227 -0.384771 0.107337 0.101821 0.068312
1413394917.655760  0.675643  0.639932 -0.285472 0.111138 0.103810 0.068483
1413394917.855760  0.455304  0.886963 -0.043584 0.114734 0.106694 0.068452
1413394917.955760  0.282013  1.002143 -0.017842 0.115879 0.108308 0.068448
1413394918.155760 -0.055475  1.193676 -0.177160 0.114681 0.110994 0.068542
1413394918.255760 -0.131582  1.257579 -0.153946 0.114100 0.113319 0.068594
1413394918.455760 -0.068948  1.305734 -0.110999 0.112846 0.117188 0.068429
1413394918.555760  0.064825  1.330913 -0.057265 0.113240 0.120280 0.068295
1413394918.755760  0.232306  1.339680 -0.004320 0.113606 0.126409 0.068151
1413394918.855760 0.254073 1.343023 0.066181 0.113518 0.129115 0.068044
1413394919.055760 0.111588 1.197340 0.350885 0.113274 0.134821 0.067692
1413394919.155760 0.058913 1.045051 0.525355 0.112906 0.137096 0.067493
1413394919.355760 0.015928 0.721077 0.702913 0.111305 0.136902 0.067342
1413394919.455760 -0.029497  0.529791  0.719489 0.110478 0.135449 0.067452
1413394919.655760 -0.178218  0.178795  0.550336 0.107757 0.128717 0.067916
1413394919.755760 -0.263769  0.122864  0.439837 0.106476 0.125054 0.068104
1413394919.955760 -0.383200  0.181420  0.293865 0.104582 0.119778 0.068141
1413394920.055760 -0.427880  0.248579  0.160616 0.103943 0.117960 0.068081
1413394920.255760 -0.535644  0.409862 -0.071139 0.102936 0.115389 0.067777
1413394920.455760 -0.704470  0.489017 -0.085924 0.103175 0.115595 0.067509
1413394920.655760 -0.872541  0.379553 -0.011398 0.103720 0.115635 0.067372
1413394920.855760 -1.033734  0.114760 -0.052633 0.104545 0.114236 0.067345
1413394921.055760 -1.234013 -0.074092 -0.185250 0.106186 0.112256 0.067311
1413394921.155760 -1.294180 -0.108930 -0.250585 0.107804 0.111530 0.067272
1413394921.355760 -1.328606 -0.048122 -0.488213 0.110577 0.109067 0.067247
1413394921.555760 -1.254255  0.353845 -0.592414 0.113861 0.107858 0.067293
1413394921.655760 -1.250279  0.539408 -0.553380 0.115264 0.107865 0.067455
1413394921.855760 -1.281615  0.544019 -0.464025 0.117837 0.108296 0.067833
1413394921.955760 -1.264777  0.471162 -0.396881 0.119326 0.108680 0.067969
1413394922.155760 -1.009002  0.368319 -0.074149 0.121644 0.108285 0.067899
1413394922.255760 -0.865843  0.317716  0.064541 0.121473 0.107913 0.067761
1413394922.455760 -0.817820  0.215791  0.507147 0.120732 0.108227 0.067397
1413394922.555760 -0.832452  0.126977  0.637425 0.119717 0.107864 0.067156
1413394922.755760 -0.873357  0.082458  0.630305 0.117473 0.106381 0.066840
1413394922.855760 -0.905981  0.098657  0.626249 0.116460 0.105561 0.066788
1413394923.055760 -1.036406  0.142278  0.490143 0.115086 0.104080 0.066857
1413394923.155760 -1.125625  0.157583  0.446259 0.115283 0.103717 0.066944
1413394923.355760 -1.221698  0.080399  0.441516 0.116314 0.103240 0.067126
1413394923.455760 -1.250620  0.011229  0.433661 0.117196 0.102523 0.067229
1413394923.655760 -1.387213 -0.047947  0.392790 0.118838 0.102052 0.067392
1413394923.755760 -1.425578 -0.091979  0.279275 0.119819 0.101386 0.067434
1413394923.955760 -1.433548 -0.214830  0.056985 0.121685 0.099441 0.067379
1413394924.055760 -1.405505 -0.294931 -0.027098 0.123428 0.098710 0.067294
1413394924.255760 -1.320378 -0.396283  0.009182 0.126960 0.098540 0.067266
1413394924.355760 -1.302741 -0.410116  0.041487 0.128392 0.098566 0.067239
1413394924.555760 -1.285660 -0.374597  0.076093 0.130254 0.097980 0.067143
1413394924.655760 -1.274051 -0.368226  0.106066 0.131793 0.097947 0.067080
1413394924.855760 -1.155850 -0.393247  0.175334 0.134334 0.098040 0.067133
1413394925.005760 -0.969127 -0.417422  0.221365 0.135656 0.098736 0.067151
1413394925.155760 -0.675909 -0.464681  0.193330 0.134426 0.098005 0.067222
1413394925.305761 -0.404122 -0.563696  0.189726 0.130855 0.097804 0.067254
1413394925.505760 -0.100903 -0.750416 -0.003705 0.123702 0.097733 0.067277
1413394925.605761  0.034729 -0.817897 -0.100838 0.118989 0.097737 0.067169
1413394925.755760  0.205912 -0.904870 -0.150166 0.114200 0.098885 0.067086
1413394925.905761  0.251581 -0.933682 -0.108740 0.111710 0.100842 0.066988
1413394926.055760  0.264176 -0.971669 -0.086434 0.109065 0.102296 0.066859
1413394926.205760  0.300237 -1.001439 -0.061384 0.108022 0.104148 0.066801
1413394926.355760  0.360275 -1.069381 -0.077356 0.108446 0.106361 0.066817
1413394926.455760  0.374584 -1.147925 -0.048494 0.108394 0.107649 0.066794
1413394926.555760  0.386247 -1.223652 -0.025388 0.108638 0.109228 0.066797
1413394926.655760  0.377511 -1.267576 -0.014887 0.108953 0.110676 0.066801
1413394926.755760  0.344941 -1.284943  0.005019 0.108927 0.111905 0.066782
1413394926.805761  0.295133 -1.275278  0.015424 0.109594 0.112939 0.066759
1413394926.905761  0.172616 -1.257593 -0.006528 0.109163 0.113630 0.066677
1413394927.005760 -0.012687 -1.232470 -0.084534 0.108404 0.114211 0.066606
1413394927.105761 -0.194152 -1.218026 -0.179482 0.107452 0.114315 0.066549
1413394927.205760 -0.295320 -1.188043 -0.172968 0.106835 0.115125 0.066520
1413394927.355760 -0.328765 -1.164534  0.015462 0.107268 0.117107 0.066505
1413394927.505760 -0.281946 -1.151617  0.216522 0.107498 0.118692 0.066478
1413394927.605761 -0.263182 -1.143578  0.339423 0.107422 0.119215 0.066455
1413394927.705760 -0.243098 -1.155204  0.364872 0.106934 0.119463 0.066462
1413394927.805761 -0.222678 -1.171076  0.325134 0.106415 0.119777 0.066507
1413394927.905761 -0.203170 -1.176959  0.211215 0.105551 0.120054 0.066562
1413394928.005760 -0.191523 -1.187120  0.114613 0.104918 0.120190 0.066599
1413394928.155760 -0.143227 -1.176552  0.006309 0.103705 0.120744 0.066585
1413394928.305761 -0.032840 -1.109181  0.010380 0.102651 0.121640 0.066553
1413394928.455760  0.110238 -0.958942  0.022071 0.100918 0.121826 0.066546
1413394928.605761  0.180902 -0.832425  0.057150 0.100192 0.121363 0.066530
1413394928.805761  0.189181 -0.731228  0.046655 0.098816 0.118980 0.066497
1413394929.005760  0.227551 -0.652804 -0.138852 0.096771 0.115500 0.066415
1413394929.205760  0.301755 -0.533334 -0.150339 0.095308 0.112390 0.066339
1413394929.405761  0.297019 -0.343770 -0.074842 0.094545 0.109306 0.066309
1413394929.605761  0.218421 -0.208704 -0.048678 0.093705 0.105197 0.066275
1413394929.955760  0.165074 -0.217798 -0.188268 0.091539 0.098947 0.066245
1413394930.155760  0.179326 -0.101312 -0.279312 0.090190 0.096219 0.066253
1413394930.405761  0.203433  0.167635 -0.244567 0.089490 0.093353 0.066296
1413394930.505760  0.159104  0.217317 -0.290121 0.088984 0.091855 0.066323
1413394930.605761  0.095609  0.203079 -0.400906 0.088020 0.090265 0.066338
1413394930.705760 -0.002993  0.014333 -0.412004 0.087241 0.089507 0.066381
1413394930.855760 -0.072092 -0.310994 -0.350369 0.086572 0.088492 0.066425
1413394930.955760 -0.053413 -0.421149 -0.280901 0.086245 0.088102 0.066445
1413394931.055760 -0.009302 -0.408626 -0.151333 0.086138 0.088272 0.066433
1413394931.255760  0.096540 -0.170996  0.126479 0.085794 0.088333 0.066346
1413394931.455760 0.176604 0.077213 0.315729 0.085741 0.087847 0.066174
1413394931.605761 0.226028 0.195633 0.176398 0.085037 0.086576 0.066112
1413394931.805761 0.371983 0.173595 0.050877 0.084077 0.085079 0.066077
1413394931.955760  0.551406  0.095701 -0.013895 0.083819 0.085055 0.066069
1413394932.055760 0.650529 0.081411 0.118679 0.084139 0.085422 0.066088
1413394932.155760 0.708438 0.084992 0.259774 0.084489 0.085429 0.066072
1413394932.205760 0.712946 0.099256 0.342729 0.084736 0.085574 0.066079
1413394932.305761 0.677213 0.143069 0.431473 0.085397 0.085767 0.066130
1413394932.405761 0.598475 0.182136 0.423677 0.085743 0.085354 0.066175
1413394932.505760 0.495325 0.261875 0.311723 0.085441 0.084074 0.066165
1413394932.655760 0.352562 0.418390 0.134563 0.085742 0.084342 0.066197
1413394932.805761 0.224614 0.562775 0.118415 0.086230 0.084971 0.066220
1413394932.955760 0.160713 0.625187 0.101781 0.086428 0.085916 0.066229
1413394933.105761 0.183184 0.613642 0.010088 0.086067 0.086641 0.066200
1413394933.255760  0.206191  0.587208 -0.144009 0.085494 0.087019 0.066140
1413394933.405761  0.201623  0.562220 -0.315306 0.085020 0.087044 0.066071
1413394933.555760  0.201257  0.556605 -0.449421 0.084886 0.087187 0.066040
1413394933.705760  0.174463  0.541648 -0.362769 0.085250 0.088030 0.066049
1413394933.855760  0.077819  0.556706 -0.330005 0.085866 0.090761 0.066155
1413394934.005760 -0.002242  0.576111 -0.309527 0.085938 0.092031 0.066229
1413394934.155760  0.013464  0.583732 -0.211600 0.086230 0.093461 0.066269
1413394934.305761 -0.029825  0.600373 -0.376987 0.086194 0.094222 0.066363
1413394934.405761 -0.075054  0.596954 -0.493382 0.085997 0.094701 0.066472
1413394934.505760 -0.086748  0.552405 -0.594905 0.085678 0.095030 0.066611
1413394934.605761 -0.094089  0.521208 -0.625953 0.085921 0.095274 0.066789
1413394934.755760 -0.151173  0.470925 -0.438624 0.086675 0.096437 0.067022
1413394934.955760 -0.141871  0.416655 -0.095871 0.088126 0.097841 0.067001
1413394935.205760 -0.181474  0.326301  0.000877 0.088966 0.098101 0.066647
1413394935.405761 -0.278310  0.252199 -0.202246 0.088606 0.097242 0.066538
1413394935.605761 -0.391612  0.233698 -0.340611 0.088547 0.096437 0.066655
1413394935.805761 -0.413704  0.239614 -0.054828 0.089702 0.096360 0.066655
1413394936.055760 -0.501631  0.267190 -0.217770 0.089673 0.094984 0.066518
1413394936.205760 -0.443153  0.311955 -0.302338 0.089869 0.093964 0.066538
1413394936.305761 -0.411693  0.364485 -0.324716 0.090539 0.093811 0.066616
1413394936.505760 -0.404859  0.419417 -0.240499 0.091501 0.093740 0.066684
1413394936.605761 -0.436307  0.453442 -0.211744 0.092230 0.094223 0.066728
1413394936.805761 -0.483992  0.509616 -0.121249 0.093665 0.094873 0.066737
1413394936.905761 -0.510828  0.547386 -0.120478 0.094369 0.095145 0.066726
1413394937.105761 -0.544826  0.659376 -0.108264 0.096022 0.096078 0.066739
1413394937.205760 -0.535442  0.715036 -0.105881 0.097029 0.096642 0.066712
1413394937.305761 -0.521403  0.786904 -0.087213 0.098373 0.097472 0.066715
1413394937.455760 -0.455528  0.861602 -0.092927 0.100202 0.099163 0.066634
1413394937.655760 -0.366583  0.955309 -0.083966 0.101085 0.102057 0.066467
1413394937.755760 -0.328168  0.978290 -0.079300 0.101044 0.103666 0.066391
1413394937.955760 -0.183259  1.012771 -0.004537 0.101085 0.107927 0.066274
1413394938.055760 -0.121051  1.007794  0.059366 0.100951 0.110239 0.066209
1413394938.255760 0.186366 1.040838 0.407832 0.101090 0.115712 0.066077
1413394938.355760 0.325458 1.024919 0.586375 0.100866 0.119651 0.066101
1413394938.555760 0.473037 1.003224 0.591591 0.099423 0.124201 0.066401
1413394938.655760 0.511596 1.011236 0.457915 0.098398 0.124716 0.066545
1413394938.855760 0.557120 1.002779 0.221638 0.096988 0.125970 0.066711
1413394938.955760 0.609919 0.978791 0.154541 0.097311 0.127185 0.066729
1413394939.155760  0.757344  0.783624 -0.032794 0.096798 0.127971 0.066643
1413394939.255760  0.813265  0.657710 -0.106437 0.097013 0.126606 0.066513
1413394939.455760 0.899072 0.436219 0.014710 0.098912 0.124066 0.066265
1413394939.555760 0.906194 0.422941 0.142030 0.100706 0.122774 0.066185
1413394939.755760 0.895276 0.364658 0.340426 0.104148 0.120509 0.066268
1413394939.855760 0.914403 0.261844 0.331059 0.105337 0.118565 0.066379
1413394940.055760 0.960138 0.083943 0.094785 0.106903 0.113207 0.066415
1413394940.255760  1.068591  0.012293 -0.132659 0.109749 0.109086 0.066242
1413394940.455760  1.082687 -0.080003 -0.277904 0.112407 0.105002 0.066053
1413394940.655760  1.073457 -0.140421 -0.187705 0.115312 0.102312 0.065931
1413394940.855760 1.127618 0.003438 0.071252 0.118329 0.102159 0.065878
1413394940.955760 1.142981 0.038965 0.185564 0.119868 0.102393 0.065895
1413394941.055760 1.145704 0.018536 0.216329 0.121255 0.101749 0.065933
1413394941.205760  1.130372 -0.134862  0.257792 0.123533 0.100748 0.066008
1413394941.405761  1.155222 -0.450517  0.339320 0.127481 0.099988 0.066191
1413394941.505760  1.208183 -0.587132  0.412944 0.130043 0.100628 0.066299
1413394941.705760  1.352876 -0.631998  0.399606 0.132571 0.101425 0.066452
1413394941.805761  1.431194 -0.608059  0.372422 0.133898 0.102077 0.066565
1413394941.855760  1.439216 -0.589461  0.340950 0.134550 0.102340 0.066617
1413394941.955760  1.451756 -0.598857  0.347461 0.136780 0.102793 0.066805
1413394942.055760  1.400339 -0.705768  0.382531 0.139683 0.102875 0.066910
1413394942.155760  1.277709 -0.899520  0.423036 0.142570 0.102471 0.067085
1413394942.255760  1.084215 -1.162472  0.487722 0.145166 0.102342 0.067231
1413394942.355760  0.861346 -1.445392  0.530647 0.147166 0.103117 0.067441
1413394942.455760  0.663515 -1.731272  0.539127 0.148804 0.104947 0.067674
1413394942.555760  0.467506 -1.918081  0.366219 0.146383 0.107459 0.067829
1413394942.655760  0.291682 -2.057698  0.190178 0.143456 0.111080 0.067705
1413394942.755760  0.132587 -2.139051  0.037938 0.140276 0.115275 0.067597
1413394942.805761  0.046550 -2.155272 -0.020355 0.137589 0.117226 0.067563
1413394942.905761 -0.027562 -2.085896 -0.240208 0.132642 0.121732 0.067369
1413394942.955760 -0.055010 -2.031485 -0.341875 0.129836 0.124102 0.067311
1413394943.055760 -0.041536 -1.841033 -0.492079 0.123337 0.127034 0.066930
1413394943.155760 -0.000783 -1.593681 -0.573677 0.117110 0.129032 0.066642
1413394943.255760  0.059595 -1.299850 -0.659295 0.111647 0.129898 0.066392
1413394943.355760  0.168155 -0.974177 -0.617726 0.107887 0.129869 0.066263
1413394943.505760  0.357438 -0.481641 -0.433021 0.105480 0.128196 0.066246
1413394943.655760  0.595033 -0.136542 -0.322154 0.105035 0.123816 0.066226
1413394943.805761  0.745138  0.003898 -0.353293 0.104510 0.117893 0.066144
1413394943.955760  0.786849  0.095030 -0.429244 0.104413 0.112485 0.066152
1413394944.105761  0.724529  0.157575 -0.338605 0.105130 0.108471 0.066183
1413394944.305761  0.637827  0.177848 -0.160778 0.105930 0.104817 0.066162
1413394944.455760 0.547827 0.134767 0.077778 0.106676 0.103436 0.066051
1413394944.605761  0.454728  0.032150 -0.050824 0.105217 0.100844 0.065931
1413394944.705760  0.360658 -0.067333 -0.164201 0.103972 0.099301 0.065880
1413394944.805761  0.251284 -0.192988 -0.239538 0.102922 0.098205 0.065849
1413394944.905761  0.089796 -0.325460 -0.276269 0.101978 0.097688 0.065857
1413394945.055760 -0.159080 -0.529185 -0.314419 0.100708 0.097861 0.065940
1413394945.155760 -0.285956 -0.641909 -0.326505 0.100185 0.098379 0.066027
1413394945.255760 -0.384462 -0.738876 -0.295472 0.099631 0.098965 0.066107
1413394945.355760 -0.432485 -0.814884 -0.226551 0.099567 0.099696 0.066162
1413394945.455760 -0.422507 -0.865265 -0.228363 0.099243 0.099764 0.066174
1413394945.555760 -0.388870 -0.837220 -0.236324 0.098773 0.099851 0.066158
1413394945.655760 -0.368044 -0.760468 -0.219170 0.098191 0.099964 0.066142
1413394945.755760 -0.333780 -0.632017 -0.186058 0.097531 0.099954 0.066120
1413394945.855760 -0.332194 -0.459384 -0.171685 0.097054 0.099737 0.066116
1413394945.955760 -0.266026 -0.256864 -0.131553 0.096930 0.099065 0.066079
1413394946.055760 -0.217785 -0.048366 -0.085512 0.097206 0.098270 0.066077
1413394946.155760 -0.141400  0.060182 -0.038491 0.097697 0.097529 0.066063
1413394946.255760 -0.092226  0.157847 -0.052498 0.097957 0.096710 0.066038
1413394946.455760  0.062438  0.329897 -0.026925 0.098563 0.095316 0.065992
1413394946.555760  0.169002  0.397066 -0.007200 0.098994 0.094978 0.065982
1413394946.755760 0.328375 0.509476 0.017062 0.099455 0.094986 0.065978
1413394946.855760 0.392759 0.502708 0.032433 0.099295 0.095438 0.065965
1413394947.055760 0.453117 0.399335 0.108628 0.098760 0.096762 0.065914
1413394947.155760 0.447270 0.327861 0.225381 0.099009 0.098012 0.065823
1413394947.355760 0.378641 0.226252 0.581813 0.100324 0.099596 0.065764
1413394947.455760 0.322472 0.173922 0.666602 0.100872 0.100040 0.065855
1413394947.655760 0.218518 0.116037 0.515335 0.100465 0.099419 0.066244
1413394947.755760 0.177851 0.157959 0.398192 0.100369 0.098724 0.066400
1413394947.955760 0.143656 0.451603 0.526883 0.102905 0.100847 0.066660
1413394948.155760 0.138273 0.768280 0.484892 0.105396 0.103247 0.067215
1413394948.255760 0.126126 0.964652 0.471200 0.107555 0.105032 0.067472
1413394948.455760 0.060788 1.016353 0.330041 0.108141 0.109150 0.067873
1413394948.555760 0.028649 0.880849 0.321334 0.106376 0.111357 0.068007
1413394948.755760 -0.040224  0.317214  0.367704 0.103618 0.114663 0.068676
1413394948.955760 -0.128383 -0.127625  0.328887 0.102174 0.112020 0.069110
1413394949.055760 -0.176689 -0.234185  0.165432 0.101868 0.110038 0.068961
1413394949.255760 -0.280493 -0.060143 -0.020883 0.100611 0.106259 0.067901
1413394949.555760 -0.487568  0.677778  0.047497 0.103028 0.106598 0.066788
1413394949.655760 -0.540017  0.750679  0.119036 0.103762 0.107803 0.066763
1413394949.855760 -0.634992  0.495234  0.047993 0.102709 0.109739 0.066746
1413394950.055760 -0.623759  0.142067  0.048347 0.103328 0.109866 0.066788
1413394950.155760 -0.544536 -0.011834  0.015466 0.103505 0.108446 0.066840
1413394950.355760 -0.269359 -0.060671  0.039697 0.104127 0.106056 0.066584
1413394950.555760 -0.252667  0.234778  0.119392 0.105368 0.104672 0.066179
1413394950.755760 -0.430994  0.594740  0.270447 0.107425 0.107101 0.066256
1413394950.855760 -0.506610  0.607330  0.289932 0.107898 0.108909 0.066368
1413394951.055760 -0.552460  0.206551  0.291412 0.107345 0.111701 0.066981
1413394951.155760 -0.515070 -0.123722  0.274244 0.107558 0.112035 0.067295
1413394951.355760 -0.296456 -0.612485  0.221842 0.109447 0.108291 0.067608
1413394951.455760 -0.227287 -0.650279  0.223763 0.109382 0.106990 0.067569
1413394951.655760 -0.328677 -0.259225  0.357496 0.108885 0.108984 0.067321
1413394951.855760 -0.612384  0.505916  0.598037 0.111714 0.112744 0.067647
1413394951.955760 -0.728352  0.677960  0.649240 0.112643 0.112877 0.067966
1413394952.155760 -0.712007  0.620743  0.429310 0.111723 0.110601 0.068611
1413394952.355760 -0.638927  0.397131  0.047932 0.109599 0.108055 0.068502
1413394952.455760 -0.590820  0.362596  0.025212 0.108208 0.104880 0.068055
1413394952.655760 -0.495999  0.461051  0.275198 0.111987 0.109941 0.067752
1413394952.855760 -0.528069  0.524710  0.310724 0.114644 0.112288 0.067755
1413394953.055760 -0.410797  0.285964  0.075158 0.113273 0.111176 0.067987
1413394953.355760  0.089145 -0.518864  0.470388 0.114979 0.111378 0.068335
1413394953.555760  0.332345 -0.906217 -0.005423 0.110279 0.106518 0.068586
1413394953.655760  0.346954 -0.955902 -0.372121 0.106768 0.104068 0.068289
1413394953.855760  0.166742 -0.792148 -0.963368 0.099397 0.101055 0.066628
1413394954.055760 -0.136596 -0.514515 -0.909982 0.094869 0.100356 0.065832
1413394954.155760 -0.208786 -0.491537 -0.871079 0.094801 0.101101 0.065788
1413394954.355760 -0.175158 -0.720305 -0.754777 0.096503 0.102575 0.066481
1413394954.555760  0.001353 -1.068467 -0.521973 0.100886 0.107564 0.067450
1413394954.655760  0.031517 -1.105509 -0.519129 0.100695 0.108480 0.067495
1413394954.855760 -0.082402 -0.742197 -0.524357 0.096238 0.110370 0.067421
1413394954.955760 -0.181219 -0.505453 -0.550190 0.094844 0.111701 0.067445
1413394955.155760 -0.310579 -0.421417 -0.564564 0.095502 0.115669 0.068067
1413394955.255760 -0.298567 -0.520916 -0.496706 0.096093 0.115922 0.068407
1413394955.455760 -0.169642 -0.670455 -0.313635 0.099050 0.119548 0.068800
1413394955.555760 -0.061099 -0.539713 -0.157796 0.098297 0.121709 0.068540
1413394955.755760 -0.184937  0.055635  0.132019 0.099048 0.123671 0.067504
1413394955.855760 -0.347800  0.235779  0.196640 0.100726 0.122243 0.067076
1413394955.955760 -0.495583  0.328571  0.246957 0.101277 0.119564 0.066649
1413394956.105761 -0.582383  0.292271  0.287615 0.101842 0.117657 0.066207
1413394956.205760 -0.519897  0.165501  0.267525 0.101294 0.115529 0.065978
1413394956.405761 -0.281664 -0.098999  0.148405 0.100420 0.112350 0.065757
1413394956.505760 -0.148999 -0.168328  0.018259 0.099515 0.110084 0.065704
1413394956.655760 -0.062610 -0.145783 -0.083002 0.097920 0.108478 0.065610
1413394956.755760 -0.148762 -0.089898 -0.043683 0.097535 0.108682 0.065579
1413394957.005760 -0.596831  0.065263  0.140424 0.098820 0.109353 0.065528
1413394957.105761 -0.675854  0.075107  0.186475 0.099482 0.109470 0.065524
1413394957.205760 -0.664243  0.059252  0.214825 0.098345 0.106774 0.065456
1413394957.305761 -0.548649  0.021681  0.244621 0.098719 0.105745 0.065439
1413394957.405761 -0.340810 -0.035151  0.243143 0.099175 0.104850 0.065464
1413394957.605761  0.119549 -0.135109  0.181405 0.098824 0.102023 0.065622
1413394957.705760  0.208511 -0.127429  0.105523 0.097554 0.100988 0.065595
1413394957.805761  0.168720 -0.090805  0.044420 0.096201 0.100042 0.065517
1413394958.055760 -0.135222  0.048808  0.004448 0.095325 0.098906 0.065383
1413394958.155760 -0.134580  0.090929  0.011240 0.094463 0.098432 0.065382
1413394958.255760 -0.007217  0.118889  0.027753 0.094892 0.098382 0.065448
1413394958.405761 0.297289 0.175223 0.003040 0.095042 0.098355 0.065642
1413394958.505760  0.472265  0.217473 -0.035313 0.095131 0.098297 0.065714
1413394958.605761  0.509586  0.248188 -0.023822 0.094426 0.097160 0.065662
1413394958.705760 0.360077 0.253616 0.045370 0.094401 0.096044 0.065558
1413394958.905761 -0.189289  0.170647  0.173393 0.094701 0.095044 0.065353
1413394959.005760 -0.388710  0.091607  0.206712 0.094249 0.095284 0.065356
1413394959.105761 -0.473370 -0.017723  0.213171 0.094284 0.095261 0.065436
1413394959.205760 -0.416676 -0.073966  0.235586 0.095502 0.095292 0.065564
1413394959.305761 -0.270295 -0.056139  0.233563 0.096527 0.094982 0.065731
1413394959.455760 -0.013230  0.015610  0.127047 0.097511 0.094260 0.066017
1413394959.555760 0.040908 0.008784 0.120308 0.097635 0.093810 0.065892
1413394959.655760 -0.056116 -0.040861  0.181496 0.098408 0.093836 0.065782
1413394959.755760 -0.235745 -0.173063  0.187326 0.099637 0.094984 0.065750
1413394959.905761 -0.461690 -0.428941  0.142412 0.102356 0.096049 0.065870
1413394960.005760 -0.484136 -0.560083  0.068834 0.103328 0.095492 0.065966
1413394960.055760 -0.460779 -0.575194  0.019030 0.103475 0.095170 0.065974
1413394960.155760 -0.355494 -0.544373 -0.026407 0.103905 0.094848 0.066015
1413394960.255760 -0.216675 -0.448766 -0.035933 0.104232 0.095266 0.066000
1413394960.405761 -0.047960 -0.293008 -0.126740 0.103238 0.095159 0.065917
1413394960.505760  0.000085 -0.250045 -0.254045 0.103257 0.095365 0.065748
1413394960.605761 -0.026503 -0.319164 -0.325620 0.103118 0.095371 0.065562
1413394960.705760 -0.090651 -0.488221 -0.284039 0.103917 0.095782 0.065438
1413394960.805761 -0.155844 -0.707902 -0.162107 0.105901 0.097054 0.065436
1413394960.905761 -0.164445 -0.810146 -0.116202 0.106891 0.098500 0.065467
1413394960.955760 -0.158172 -0.813460 -0.082277 0.107105 0.099494 0.065453
1413394961.055760 -0.116198 -0.739023 -0.070143 0.106498 0.101113 0.065444
1413394961.255760 -0.036788 -0.500974 -0.182542 0.104009 0.102736 0.065445
1413394961.355760 -0.009036 -0.501946 -0.188596 0.103462 0.103075 0.065451
1413394961.455760 -0.009387 -0.619450 -0.102287 0.103974 0.103777 0.065470
1413394961.605761  0.078991 -0.824484 -0.025444 0.105091 0.106134 0.065536
1413394961.705760  0.172057 -0.851267 -0.015855 0.104827 0.108427 0.065546
1413394961.805761  0.255646 -0.761788 -0.027226 0.103462 0.110518 0.065523
1413394961.905761  0.322094 -0.608721 -0.032520 0.102449 0.113153 0.065522
1413394962.055760  0.374603 -0.331212 -0.075285 0.100235 0.112793 0.065520
1413394962.155760  0.368491 -0.238720 -0.044037 0.099557 0.111491 0.065468
1413394962.305761  0.368382 -0.246998  0.038643 0.099384 0.109505 0.065420
1413394962.455760  0.405654 -0.284469  0.215670 0.099894 0.109446 0.065418
1413394962.555760  0.465594 -0.160150  0.208210 0.099571 0.108405 0.065403
1413394962.655760 0.538297 0.030977 0.130985 0.099254 0.106742 0.065478
1413394962.755760 0.578979 0.215712 0.076067 0.099800 0.104768 0.065578
1413394962.855760 0.581641 0.274845 0.005434 0.099733 0.101997 0.065533
1413394962.955760  0.573285  0.266372 -0.002492 0.099713 0.099927 0.065444
1413394963.105761  0.572895  0.212629 -0.013852 0.099879 0.098188 0.065406
1413394963.205760  0.602014  0.325833 -0.155457 0.100107 0.097023 0.065446
1413394963.355760  0.648161  0.514295 -0.407837 0.100937 0.095358 0.065513
1413394963.455760  0.665304  0.539985 -0.476476 0.101041 0.094238 0.065523
1413394963.555760  0.675840  0.495959 -0.487836 0.100854 0.092955 0.065600
1413394963.655760  0.671748  0.320635 -0.329467 0.100830 0.092748 0.065757
1413394963.755760  0.693738  0.225179 -0.275037 0.101163 0.092460 0.065869
1413394963.855760  0.721470  0.263706 -0.318499 0.101800 0.092194 0.065947
1413394963.955760  0.752435  0.370033 -0.407379 0.102629 0.091909 0.066103
1413394964.055760  0.765657  0.430029 -0.409097 0.103573 0.091786 0.066445
1413394964.105761  0.757643  0.417798 -0.391176 0.104002 0.091781 0.066617
1413394964.205760  0.725519  0.288015 -0.264140 0.104602 0.091896 0.066711
1413394964.305761  0.713002  0.099968 -0.103172 0.105229 0.092059 0.066753
1413394964.405761  0.723137  0.029301 -0.012721 0.105808 0.091794 0.066673
1413394964.505760  0.738123  0.112537 -0.047546 0.106290 0.091369 0.066411
1413394964.605761  0.741627  0.232145 -0.111089 0.107061 0.091018 0.066337
1413394964.705760  0.702270  0.292220 -0.094996 0.107769 0.090583 0.066326
1413394964.805761  0.599072  0.246789 -0.049224 0.107716 0.089817 0.066220
1413394964.905761 0.452343 0.080609 0.025213 0.107098 0.089068 0.066042
1413394965.105761  0.094061 -0.349459  0.278761 0.104482 0.087447 0.065588
1413394965.155760  0.066147 -0.369884  0.307521 0.103176 0.087015 0.065496
1413394965.255760  0.040495 -0.328686  0.290559 0.100946 0.086644 0.065348
1413394965.355760  0.058001 -0.211057  0.206548 0.098391 0.086003 0.065272
1413394965.505760  0.099045 -0.097819  0.232738 0.095962 0.085961 0.065234
1413394965.655760  0.135635 -0.004323  0.332835 0.094479 0.086336 0.065245
1413394965.755760 0.117381 0.120342 0.236103 0.093221 0.085888 0.065295
1413394965.905761 0.070503 0.269689 0.062286 0.091831 0.085556 0.065324
1413394966.055760 0.048956 0.414355 0.031230 0.091411 0.085897 0.065336
1413394966.205760 -0.019672  0.622899 -0.189820 0.091401 0.085899 0.065356
1413394966.305761 -0.039318  0.701642 -0.290097 0.091136 0.085916 0.065298
1413394966.355760 -0.026408  0.690447 -0.310822 0.090604 0.085923 0.065247
1413394966.455760  0.055386  0.556264 -0.247671 0.089146 0.086625 0.065224
1413394966.555760  0.190743  0.316054 -0.091641 0.087963 0.087954 0.065202
1413394966.655760  0.273420  0.178881 -0.003776 0.087563 0.088782 0.065205
1413394966.755760  0.274822  0.183642 -0.020141 0.087698 0.088576 0.065196
1413394966.805761  0.237173  0.206803 -0.044656 0.087822 0.088343 0.065207
1413394967.005760  0.097708  0.336882 -0.105519 0.088285 0.088170 0.065234
1413394967.105761  0.102041  0.351206 -0.066688 0.088293 0.088571 0.065263
1413394967.255760 0.269049 0.271399 0.151655 0.088651 0.089715 0.065243
1413394967.355760 0.293259 0.266125 0.230900 0.089054 0.090131 0.065245
1413394967.455760 0.202642 0.333983 0.229217 0.089928 0.090353 0.065311
1413394967.605761 -0.011338  0.425031  0.128012 0.090726 0.090203 0.065414
1413394967.705760 -0.058175  0.432307  0.182757 0.091158 0.090812 0.065415
1413394967.855760 0.020593 0.401513 0.327656 0.092147 0.092087 0.065445
1413394967.955760 0.018814 0.403395 0.379688 0.092917 0.092735 0.065506
1413394968.055760 -0.055628  0.418516  0.264766 0.093423 0.092708 0.065632
1413394968.155760 -0.109698  0.408875  0.093196 0.093182 0.092654 0.065685
1413394968.305761 -0.053018  0.403031 -0.002307 0.093642 0.092785 0.065618
1413394968.505760  0.054362  0.405685 -0.094318 0.094825 0.093023 0.065495
1413394968.705760  0.189252  0.377068 -0.051626 0.096406 0.094097 0.065387
1413394968.955760 0.338015 0.495868 0.020378 0.099866 0.095545 0.065348
1413394969.055760 0.345484 0.522792 0.009671 0.100360 0.095915 0.065350
1413394969.255760  0.304264  0.473923 -0.284655 0.099277 0.095168 0.065305
1413394969.455760  0.167608  0.392023 -0.441499 0.099461 0.094540 0.065325
1413394969.655760 -0.015768  0.379377 -0.416289 0.100441 0.094267 0.065569
1413394969.855760 -0.080278  0.593128 -0.303739 0.103391 0.095140 0.065847
1413394970.055760 -0.013537  0.811716 -0.038224 0.108011 0.097919 0.065911
1413394970.255760 0.122589 0.867668 0.145247 0.109948 0.101088 0.065687
1413394970.355760 0.152666 0.854236 0.086013 0.109191 0.102173 0.065578
1413394970.555760  0.039174  0.672375 -0.163628 0.105557 0.103183 0.065491
1413394970.755760 -0.090361  0.296452 -0.189763 0.102630 0.102677 0.065451
1413394970.955760 -0.223587  0.054535 -0.037153 0.101724 0.100148 0.065521
1413394971.255760 -0.148700  0.193457  0.118631 0.104760 0.097302 0.065306
1413394971.455760 0.181105 0.316311 0.000767 0.104438 0.095177 0.065175
1413394971.655760 0.627655 0.375181 0.132696 0.104740 0.096880 0.065176
1413394971.755760 0.771318 0.317245 0.158074 0.103868 0.097507 0.065199
1413394971.955760 0.811665 0.079161 0.121034 0.103807 0.095783 0.065241
1413394972.055760  0.733308 -0.056797  0.038100 0.104341 0.093613 0.065250
1413394972.255760  0.456329 -0.293760 -0.164578 0.104245 0.088995 0.065268
1413394972.355760  0.292991 -0.412063 -0.210900 0.104027 0.087638 0.065252
1413394972.555760 -0.008229 -0.588524 -0.283275 0.104101 0.086458 0.065409
1413394972.655760 -0.105557 -0.671528 -0.237136 0.104459 0.086657 0.065460
1413394972.855760 -0.130254 -0.724379 -0.081023 0.106047 0.087930 0.065513
1413394972.955760 -0.100842 -0.665808 -0.073877 0.104403 0.088186 0.065433
1413394973.055760 -0.073436 -0.623197 -0.088022 0.104590 0.088623 0.065431
1413394973.155760 -0.023175 -0.574117 -0.096867 0.105268 0.089461 0.065430
1413394973.255760 -0.002547 -0.560750 -0.089432 0.107084 0.090517 0.065445
1413394973.355760 -0.002096 -0.557779 -0.067196 0.107721 0.091988 0.065447
1413394973.405761  0.002791 -0.563255 -0.055727 0.108785 0.094239 0.065457
1413394973.505760 -0.017577 -0.572006 -0.043685 0.109128 0.096020 0.065432
1413394973.605761 -0.032272 -0.596432 -0.017802 0.110040 0.097894 0.065422
1413394973.705760 -0.050501 -0.596579  0.028706 0.110741 0.100174 0.065411
1413394973.805761 -0.063218 -0.599018  0.030671 0.110858 0.102065 0.065369
1413394973.905761 -0.072760 -0.573094  0.030994 0.110801 0.103647 0.065359
1413394974.005760 -0.086422 -0.552581  0.065889 0.110974 0.105606 0.065319
1413394974.105761 -0.092026 -0.519845  0.083016 0.111047 0.107593 0.065291
1413394974.205760 -0.117776 -0.487390  0.086964 0.110686 0.109023 0.065265
1413394974.305761 -0.150885 -0.435823  0.096046 0.110352 0.110220 0.065238
1413394974.405761 -0.204069 -0.384211  0.141075 0.110422 0.111384 0.065236
1413394974.505760 -0.282632 -0.322058  0.163473 0.110370 0.112226 0.065246
1413394974.605761 -0.337773 -0.233815  0.180776 0.110361 0.112439 0.065253
1413394974.705760 -0.374758 -0.159559  0.178024 0.110374 0.112015 0.065270
1413394974.855760 -0.377604 -0.066633  0.110896 0.110304 0.110131 0.065288
1413394975.005760 -0.372506 -0.037214 -0.086137 0.109290 0.106913 0.065240
1413394975.105761 -0.334146 -0.027690 -0.189552 0.108777 0.104771 0.065187
1413394975.255760 -0.266522 -0.034019 -0.343904 0.107661 0.101953 0.065156
1413394975.405761 -0.163063 -0.038132 -0.346051 0.106859 0.099954 0.065241
1413394975.605761 -0.076261 -0.096504 -0.271863 0.105430 0.098405 0.065466
1413394975.855760 -0.129109 -0.197896 -0.110908 0.104577 0.098494 0.065696
1413394976.055760 -0.127964 -0.266692 -0.052299 0.103711 0.098558 0.065666
1413394976.355760  0.026098 -0.359932 -0.050798 0.101351 0.097929 0.065599
1413394976.605761  0.269138 -0.451101 -0.019855 0.098981 0.098421 0.065533
1413394976.705760  0.425150 -0.460366 -0.029761 0.097747 0.099005 0.065481
1413394976.855760  0.597593 -0.421455 -0.045287 0.095950 0.100299 0.065473
1413394976.955760  0.607557 -0.322237 -0.016217 0.095160 0.100306 0.065417
1413394977.105761  0.409107 -0.134174  0.071604 0.094858 0.098628 0.065276
1413394977.205760 0.144657 0.042529 0.168414 0.095125 0.097231 0.065176
1413394977.405761 -0.457278  0.296441  0.350165 0.095400 0.096389 0.065076
1413394977.605761 -1.042805  0.279333  0.460899 0.094107 0.099991 0.065221
1413394977.705760 -1.353440  0.252576  0.506742 0.094367 0.104186 0.065393
1413394977.905761 -1.776379  0.147913  0.565312 0.098478 0.112033 0.065836
1413394978.005760 -1.863074  0.078500  0.543077 0.101612 0.113499 0.066037
1413394978.155760 -1.895053 -0.030188  0.457568 0.107046 0.113245 0.066300
1413394978.255760 -1.873839 -0.114820  0.331220 0.110649 0.112023 0.066426
1413394978.355760 -1.841273 -0.203763  0.214524 0.114683 0.110562 0.066435
1413394978.455760 -1.797661 -0.300966  0.074657 0.119618 0.109088 0.066420
1413394978.555760 -1.776430 -0.392530  0.043570 0.125318 0.109153 0.066349
1413394978.655760 -1.735980 -0.455964  0.048755 0.129804 0.108228 0.066225
1413394978.755760 -1.694654 -0.486127  0.088636 0.134379 0.107534 0.066211
1413394978.855760 -1.665528 -0.484077  0.132168 0.138310 0.107003 0.066175
1413394978.955760 -1.626108 -0.465661  0.105599 0.141549 0.106116 0.066118
1413394979.055760 -1.575240 -0.436743  0.013743 0.144890 0.104961 0.066067
1413394979.155760 -1.476037 -0.409488 -0.088918 0.147295 0.102690 0.066046
1413394979.255760 -1.339117 -0.373849 -0.164781 0.148821 0.099964 0.065976
1413394979.405761 -1.037044 -0.253453 -0.126582 0.149673 0.095505 0.065940
1413394979.505760 -0.722353 -0.138877 -0.009211 0.148115 0.092302 0.066042
1413394979.705760 0.019201 0.078821 0.193821 0.137791 0.089246 0.066506
1413394979.805761 0.401659 0.152852 0.287516 0.129818 0.090497 0.066803
1413394979.905761 0.629287 0.145389 0.357279 0.121839 0.091790 0.066826
1413394980.005760 0.724795 0.068120 0.360884 0.114375 0.092058 0.066644
1413394980.255760  0.820480 -0.181235  0.148739 0.101864 0.091628 0.066256
1413394980.505760  0.982823 -0.389807 -0.010751 0.095919 0.092256 0.066006
1413394980.655760  1.026887 -0.430042  0.054566 0.094056 0.092810 0.065775
1413394980.855760  0.992836 -0.407923  0.120863 0.093368 0.092287 0.065619
1413394981.105761  0.903144 -0.326924 -0.073435 0.091829 0.090246 0.065418
1413394981.305761  0.822864 -0.204670 -0.250283 0.090983 0.088442 0.065262
1413394981.505760  0.737204 -0.102971 -0.167812 0.091382 0.087120 0.065182
1413394981.755760  0.609045 -0.064363 -0.179105 0.091765 0.085239 0.065137
1413394982.005760  0.434195  0.051725 -0.111391 0.091401 0.083307 0.065114
1413394982.205760  0.310146  0.253779 -0.061755 0.090725 0.082085 0.065076
1413394982.355760  0.294357  0.473509 -0.012542 0.090998 0.081662 0.065086
1413394982.505760 0.334420 0.711857 0.080965 0.091733 0.081656 0.065109
1413394982.605761 0.396326 0.856273 0.112048 0.092493 0.081935 0.065129
1413394982.705760 0.453236 0.993051 0.165330 0.093927 0.082349 0.065151
1413394982.805761 0.510053 1.117016 0.161884 0.095329 0.082966 0.065181
1413394982.905761 0.556953 1.231669 0.188739 0.096669 0.083990 0.065215
1413394983.005760 0.608440 1.304346 0.193955 0.097877 0.085393 0.065250
1413394983.205760 0.626820 1.393201 0.219422 0.099416 0.087486 0.065377
1413394983.305761 0.635150 1.394329 0.214853 0.100196 0.088429 0.065369
1413394983.505760 0.610864 1.361070 0.191864 0.100158 0.091077 0.065432
1413394983.605761 0.559795 1.314819 0.102251 0.099268 0.091604 0.065475
1413394983.805761  0.433281  1.176596 -0.137415 0.096941 0.094119 0.065383
1413394984.005760  0.276168  1.011818 -0.341954 0.093909 0.095058 0.065241
1413394984.205760  0.117995  0.827578 -0.331921 0.091113 0.095588 0.065159
1413394984.405761 -0.024667  0.681635 -0.290674 0.088933 0.095966 0.065145
1413394984.605761 -0.212762  0.550026 -0.233483 0.086878 0.095934 0.065138
1413394984.805761 -0.435797  0.455262 -0.159714 0.085287 0.096069 0.065142
1413394985.005760 -0.610470  0.381675 -0.079685 0.084176 0.096406 0.065147
1413394985.205760 -0.731577  0.289939  0.017269 0.083325 0.096469 0.065127
1413394985.405761 -0.826319  0.208172  0.265731 0.083522 0.097131 0.065103
1413394985.505760 -0.893591  0.290180  0.464007 0.084311 0.097633 0.065073
1413394985.705760 -0.917417  0.420452  0.524854 0.085162 0.097032 0.065111
1413394985.805761 -0.947354  0.405513  0.378045 0.084846 0.096181 0.065148
1413394986.005760 -1.033491  0.312212  0.127666 0.084368 0.095722 0.065195
1413394986.105761 -1.083252  0.246298  0.129793 0.084574 0.095161 0.065180
1413394986.305761 -1.165711  0.179221  0.203851 0.085752 0.095566 0.065231
1413394986.405761 -1.176560  0.209742  0.261567 0.086675 0.095006 0.065247
1413394986.605761 -1.195053  0.274034  0.333457 0.088536 0.095612 0.065379
1413394986.705760 -1.213284  0.268965  0.308594 0.089623 0.096287 0.065408
1413394986.905761 -1.302017  0.148055  0.303440 0.091457 0.097329 0.065546
1413394987.005760 -1.275249  0.102732  0.194214 0.093248 0.096852 0.065568
1413394987.205760 -1.223465  0.108721 -0.040615 0.094888 0.094523 0.065564
1413394987.405761 -1.135430  0.097451 -0.086649 0.097705 0.092684 0.065516
1413394987.605761 -1.085824 -0.104020 -0.006656 0.100702 0.091779 0.065486
1413394987.805761 -0.983500 -0.399911  0.080301 0.104525 0.090089 0.065513
1413394987.905761 -0.908001 -0.563285  0.124544 0.106261 0.089173 0.065524
1413394988.105761 -0.714507 -0.869375  0.173096 0.110642 0.087354 0.065688
1413394988.205760 -0.595597 -0.991753  0.201238 0.112694 0.086918 0.065780
1413394988.405761 -0.282392 -1.054238  0.096281 0.112058 0.085714 0.065932
1413394988.505760 -0.115138 -0.990313  0.019796 0.110431 0.085643 0.065883
1413394988.705760  0.201370 -0.863541 -0.086612 0.107053 0.087174 0.065980
1413394988.805761  0.295491 -0.827460 -0.145571 0.106327 0.088413 0.065939
1413394989.005760  0.434336 -0.881101 -0.209168 0.106320 0.090821 0.065977
1413394989.205760  0.464335 -0.957897 -0.164161 0.107284 0.092845 0.065960
1413394989.405761  0.477992 -1.024436 -0.120445 0.106764 0.094390 0.065881
1413394989.605761  0.505027 -1.022339 -0.245106 0.105140 0.095717 0.065869
1413394989.805761  0.523881 -0.960321 -0.442004 0.103920 0.097344 0.065971
1413394989.905761  0.524393 -0.899227 -0.495799 0.102508 0.098194 0.065929
1413394990.105761  0.543531 -0.729518 -0.605810 0.101479 0.100647 0.065989
1413394990.205760  0.496404 -0.691072 -0.666065 0.097929 0.099242 0.065894
1413394990.355760  0.422998 -0.659736 -0.660000 0.099802 0.100762 0.066110
1413394990.455760  0.364975 -0.649629 -0.632986 0.101481 0.101116 0.066218
1413394990.555760  0.283734 -0.645837 -0.584271 0.104299 0.096339 0.066226
1413394990.705760  0.144484 -0.628153 -0.532157 0.107117 0.101669 0.066341
1413394990.855760 -0.005489 -0.604232 -0.473597 0.107118 0.101903 0.066313
1413394991.055760 -0.171412 -0.577131 -0.367473 0.107749 0.104826 0.066265
1413394991.255760 -0.309081 -0.535224 -0.306001 0.106525 0.105898 0.066165
1413394991.405761 -0.402222 -0.467012 -0.244942 0.105790 0.106979 0.066091
1413394991.555760 -0.430881 -0.378207 -0.232793 0.104372 0.107134 0.065991
1413394991.705760 -0.490992 -0.295132 -0.151499 0.103636 0.107220 0.065886
1413394991.855760 -0.492989 -0.268539 -0.132823 0.102850 0.106306 0.065788
1413394992.055760 -0.394672 -0.243548 -0.148880 0.101275 0.104136 0.065646
1413394992.255760 -0.237067 -0.125452 -0.078626 0.099388 0.102445 0.065517
1413394992.455760 -0.142049  0.024403  0.010378 0.098340 0.101187 0.065401
1413394992.655760 -0.162253  0.021369  0.036777 0.096540 0.099657 0.065275
1413394993.005760 -0.098498  0.019263 -0.063257 0.091856 0.096398 0.065165
1413394993.305761 -0.055956  0.051489 -0.326995 0.089536 0.092880 0.065210
1413394993.605761 -0.136820 -0.040986 -0.294468 0.087532 0.090979 0.065329
1413394993.855760 -0.153125 -0.069784 -0.445046 0.087752 0.089455 0.065423
1413394994.005760 -0.099777 -0.042426 -0.474890 0.087237 0.088999 0.065532
1413394994.155760  0.000744 -0.010277 -0.334191 0.087495 0.089766 0.065637
