1413394889.855760 2.372185 0.494275
1413394890.005760 2.388897 0.444530
1413394890.305761 2.364724 0.414444
1413394890.405761 2.376667 0.372851
1413394890.505760 2.377449 0.340552
1413394890.655760 2.373011 0.321882
1413394890.905761 2.370840 0.290703
1413394891.005760 2.370857 0.267504
1413394891.105761 2.369914 0.254201
1413394891.255760 2.365773 0.250627
1413394891.455760 2.370817 0.236082
1413394891.555760 2.366928 0.215118
1413394891.655760 2.357729 0.196170
1413394891.805761 2.344888 0.176484
1413394891.955760 2.335943 0.160729
1413394892.105761 2.332531 0.150601
1413394892.255760 2.326705 0.143870
1413394892.405761 2.320938 0.143569
1413394892.555760 2.311097 0.134816
1413394892.705760 2.315520 0.125814
1413394892.755760 2.325567 0.124325
1413394892.855760 2.308888 0.119310
1413394892.955760 2.313385 0.117439
1413394893.055760 2.318236 0.117035
1413394893.205760 2.314406 0.116781
1413394893.355760 2.317071 0.115571
1413394893.505760 2.307162 0.114055
1413394893.655760 2.298364 0.113318
1413394893.805761 2.289343 0.113046
1413394893.955760 2.283429 0.112794
1413394894.105761 2.277925 0.112452
1413394894.205760 2.281272 0.116810
1413394894.305761 2.283119 0.116212
1413394894.405761 2.283625 0.115103
1413394894.505760 2.284062 0.113817
1413394894.605761 2.282596 0.111648
1413394894.705760 2.281465 0.109731
1413394894.805761 2.286640 0.106100
1413394894.905761 2.289924 0.102220
1413394895.005760 2.294422 0.098373
1413394895.105761 2.299865 0.094687
1413394895.205760 2.303288 0.091107
1413394895.305761 2.309544 0.087201
1413394895.405761 2.313187 0.083401
1413394895.505760 2.317183 0.080167
1413394895.605761 2.320559 0.077736
1413394895.705760 2.323975 0.075409
1413394895.805761 2.323213 0.070149
1413394895.905761 2.323074 0.068194
1413394896.005760 2.321242 0.066621
1413394896.105761 2.320444 0.065414
1413394896.255760 2.322327 0.063872
1413394896.355760 2.324388 0.062865
1413394896.505760 2.328260 0.060967
1413394896.655760 2.335620 0.058284
1413394896.855760 2.350139 0.052549
1413394897.055760 2.363391 0.044528
1413394897.155760 2.369672 0.040298
1413394897.255760 2.375373 0.036401
1413394897.305761 2.379639 0.033196
1413394897.405761 2.384676 0.030382
1413394897.455760 2.387777 0.029256
1413394897.555760 2.392601 0.027665
1413394897.605761 2.394873 0.027040
1413394897.705760 2.396259 0.026149
1413394897.805761 2.396809 0.025510
1413394897.855760 2.398493 0.025262
1413394897.955760 2.397594 0.024841
1413394898.055760 2.399309 0.024544
1413394898.155760 2.399560 0.024331
1413394898.255760 2.397873 0.024191
1413394898.355760 2.390972 0.024101
1413394898.455760 2.385338 0.024037
1413394898.555760 2.382029 0.023958
1413394898.655760 2.382422 0.023850
1413394898.805761 2.381330 0.023585
1413394899.055760 2.380643 0.022774
1413394899.355760 2.383282 0.021264
1413394899.505760 2.385514 0.020403
1413394899.655760 2.389043 0.019618
1413394899.755760 2.390435 0.019176
1413394899.855760 2.392850 0.018775
1413394899.955760 2.394049 0.018405
1413394900.055760 2.395766 0.018109
1413394900.155760 2.396844 0.017866
1413394900.255760 2.398867 0.017685
1413394900.355760 2.401253 0.017573
1413394900.455760 2.401493 0.017476
1413394900.605761 2.401716 0.017383
1413394900.755760 2.402094 0.017311
1413394900.855760 2.401576 0.017257
1413394900.955760 2.403200 0.017192
1413394901.055760 2.405947 0.017113
1413394901.155760 2.406549 0.017023
1413394901.205760 2.406408 0.016977
1413394901.305761 2.405618 0.016892
1413394901.355760 2.405570 0.016860
1413394901.455760 2.404138 0.016800
1413394901.555760 2.402460 0.016758
1413394901.655760 2.401649 0.016734
1413394901.755760 2.401026 0.016703
1413394901.855760 2.401055 0.016675
1413394901.955760 2.400626 0.016652
1413394902.055760 2.399560 0.016622
1413394902.155760 2.399363 0.016587
1413394902.255760 2.397776 0.016545
1413394902.355760 2.396828 0.016492
1413394902.455760 2.396746 0.016442
1413394902.555760 2.396819 0.016388
1413394902.655760 2.396674 0.016330
1413394902.755760 2.397157 0.016284
1413394902.855760 2.396958 0.016235
1413394902.955760 2.396213 0.016180
1413394903.155760 2.396825 0.016072
1413394903.255760 2.397257 0.016012
1413394903.455760 2.398594 0.015889
1413394903.605761 2.398628 0.015814
1413394903.755760 2.398573 0.015742
1413394903.955760 2.397932 0.015671
1413394904.155760 2.397097 0.015632
1413394904.305761 2.396436 0.015608
1413394904.455760 2.395868 0.015576
1413394904.555760 2.395744 0.015552
1413394904.655760 2.395311 0.015520
1413394904.755760 2.394438 0.015490
1413394904.855760 2.394211 0.015468
1413394904.955760 2.394168 0.015450
1413394905.055760 2.394131 0.015438
1413394905.205760 2.393742 0.015431
1413394905.305761 2.394361 0.015431
1413394905.355760 2.394709 0.015430
1413394905.455760 2.395213 0.015431
1413394905.555760 2.395445 0.015430
1413394905.705760 2.396783 0.015409
1413394905.755760 2.396939 0.015389
1413394905.855760 2.396622 0.015344
1413394905.955760 2.396260 0.015316
1413394906.055760 2.394875 0.015302
1413394906.105761 2.394909 0.015300
1413394906.255760 2.394654 0.015293
1413394906.355760 2.396012 0.015273
1413394906.455760 2.396875 0.015252
1413394906.555760 2.397057 0.015225
1413394906.655760 2.397088 0.015210
1413394906.755760 2.396929 0.015201
1413394906.855760 2.396833 0.015196
1413394906.955760 2.397497 0.015194
1413394907.055760 2.396491 0.015193
1413394907.305761 2.396813 0.015153
1413394907.405761 2.397052 0.015118
1413394907.455760 2.396363 0.015101
1413394907.555760 2.396592 0.015080
1413394907.655760 2.395682 0.015070
1413394907.755760 2.395593 0.015052
1413394907.855760 2.395788 0.015035
1413394907.905761 2.396510 0.015022
1413394908.005760 2.397600 0.015009
1413394908.105761 2.398730 0.015003
1413394908.205760 2.399614 0.014999
1413394908.305761 2.399385 0.014994
1413394908.355760 2.399231 0.014990
1413394908.455760 2.398949 0.014989
1413394908.605761 2.399416 0.014971
1413394908.705760 2.399223 0.014942
1413394908.805761 2.397569 0.014903
1413394908.905761 2.395029 0.014879
1413394908.955760 2.394656 0.014868
1413394909.105761 2.392949 0.014850
1413394909.205760 2.393253 0.014843
1413394909.305761 2.393657 0.014837
1413394909.405761 2.393944 0.014834
1413394909.555760 2.394276 0.014832
1413394909.655760 2.393795 0.014829
1413394909.755760 2.394054 0.014828
1413394909.855760 2.393624 0.014822
1413394910.055760 2.393851 0.014819
1413394910.155760 2.393914 0.014813
1413394910.255760 2.393948 0.014809
1413394910.355760 2.393857 0.014808
1413394910.605761 2.393381 0.014800
1413394910.705760 2.393746 0.014794
1413394910.755760 2.393609 0.014790
1413394910.855760 2.393630 0.014787
1413394910.955760 2.393581 0.014785
1413394911.105761 2.393663 0.014781
1413394911.205760 2.393370 0.014766
1413394911.305761 2.393457 0.014761
1413394911.405761 2.393418 0.014755
1413394911.505760 2.393138 0.014750
1413394911.655760 2.393131 0.014742
1413394911.755760 2.393102 0.014736
1413394911.855760 2.393099 0.014733
1413394912.105761 2.393076 0.014730
1413394912.205760 2.393263 0.014730
1413394912.305761 2.393403 0.014727
1413394912.505760 2.393833 0.014719
1413394912.605761 2.394318 0.014711
1413394912.705760 2.394547 0.014702
1413394912.855760 2.394828 0.014687
1413394913.005760 2.395151 0.014679
1413394913.205760 2.395398 0.014670
1413394913.355760 2.395812 0.014665
1413394913.505760 2.396027 0.014660
1413394913.655760 2.396157 0.014657
1413394913.805761 2.396204 0.014651
1413394913.905761 2.396130 0.014645
1413394914.005760 2.396013 0.014635
1413394914.105761 2.395757 0.014623
1413394914.255760 2.395515 0.014613
1413394914.405761 2.395847 0.014605
1413394914.505760 2.396429 0.014600
1413394914.605761 2.396859 0.014591
1413394914.705760 2.397552 0.014584
1413394914.805761 2.397787 0.014578
1413394914.955760 2.398296 0.014570
1413394915.105761 2.398981 0.014560
1413394915.205760 2.399432 0.014554
1413394915.305761 2.399756 0.014544
1413394915.405761 2.400079 0.014533
1413394915.505760 2.400461 0.014517
1413394915.605761 2.400694 0.014497
1413394915.705760 2.400625 0.014475
1413394915.805761 2.400890 0.014459
1413394915.855760 2.400519 0.014448
1413394915.955760 2.401121 0.014434
1413394916.055760 2.401413 0.014424
1413394916.155760 2.401789 0.014411
1413394916.255760 2.401618 0.014401
1413394916.355760 2.401825 0.014394
1413394916.455760 2.402051 0.014384
1413394916.555760 2.402205 0.014381
1413394916.655760 2.402302 0.014379
1413394916.755760 2.402088 0.014375
1413394916.955760 2.401697 0.014370
1413394917.055760 2.401701 0.014365
1413394917.255760 2.401883 0.014361
1413394917.455760 2.402231 0.014356
1413394917.655760 2.402056 0.014350
1413394917.855760 2.402742 0.014337
1413394917.955760 2.402915 0.014332
1413394918.155760 2.403057 0.014311
1413394918.255760 2.403730 0.014302
1413394918.455760 2.404856 0.014284
1413394918.555760 2.405028 0.014271
1413394918.755760 2.404036 0.014257
1413394918.855760 2.404313 0.014251
1413394919.055760 2.404115 0.014243
1413394919.155760 2.404198 0.014237
1413394919.355760 2.403905 0.014226
1413394919.455760 2.403821 0.014224
1413394919.655760 2.404557 0.014216
1413394919.755760 2.404912 0.014215
1413394919.955760 2.405992 0.014212
1413394920.055760 2.405754 0.014212
1413394920.255760 2.406230 0.014210
1413394920.455760 2.408062 0.014207
1413394920.655760 2.409348 0.014200
1413394920.855760 2.409372 0.014192
1413394921.055760 2.409536 0.014178
1413394921.155760 2.409180 0.014173
1413394921.355760 2.409404 0.014164
1413394921.555760 2.407997 0.014160
1413394921.655760 2.406707 0.014153
1413394921.855760 2.405568 0.014144
1413394921.955760 2.405488 0.014142
1413394922.155760 2.404968 0.014142
1413394922.255760 2.404200 0.014140
1413394922.455760 2.403741 0.014140
1413394922.555760 2.404709 0.014138
1413394922.755760 2.406990 0.014132
1413394922.855760 2.407766 0.014132
1413394923.055760 2.408054 0.014129
1413394923.155760 2.408256 0.014128
1413394923.355760 2.408646 0.014127
1413394923.455760 2.408710 0.014126
1413394923.655760 2.409221 0.014126
1413394923.755760 2.409688 0.014125
1413394923.955760 2.409631 0.014124
1413394924.055760 2.409151 0.014121
1413394924.255760 2.409354 0.014120
1413394924.355760 2.409221 0.014118
1413394924.555760 2.408716 0.014116
1413394924.655760 2.408835 0.014117
1413394924.855760 2.409168 0.014118
1413394925.005760 2.408617 0.014117
1413394925.155760 2.408525 0.014113
1413394925.305761 2.408775 0.014111
1413394925.505760 2.408650 0.014104
1413394925.605761 2.409289 0.014104
1413394925.755760 2.408779 0.014096
1413394925.905761 2.409127 0.014091
1413394926.055760 2.407881 0.014086
1413394926.205760 2.407611 0.014083
1413394926.355760 2.407669 0.014080
1413394926.455760 2.407778 0.014079
1413394926.555760 2.408121 0.014076
1413394926.655760 2.408926 0.014076
1413394926.755760 2.408581 0.014074
1413394926.805761 2.409210 0.014074
1413394926.905761 2.408446 0.014071
1413394927.005760 2.408633 0.014071
1413394927.105761 2.408386 0.014069
1413394927.205760 2.408514 0.014068
1413394927.355760 2.409098 0.014066
1413394927.505760 2.409562 0.014064
1413394927.605761 2.409452 0.014062
1413394927.705760 2.409167 0.014061
1413394927.805761 2.409127 0.014061
1413394927.905761 2.408988 0.014061
1413394928.005760 2.409021 0.014059
1413394928.155760 2.409012 0.014057
1413394928.305761 2.409034 0.014056
1413394928.455760 2.409060 0.014057
1413394928.605761 2.409067 0.014058
1413394928.805761 2.409138 0.014057
1413394929.005760 2.409169 0.014057
1413394929.205760 2.409326 0.014057
1413394929.405761 2.409494 0.014056
1413394929.605761 2.409357 0.014054
1413394929.955760 2.408973 0.014055
1413394930.155760 2.409026 0.014054
1413394930.405761 2.409113 0.014053
1413394930.505760 2.409246 0.014053
1413394930.605761 2.408995 0.014049
1413394930.705760 2.408729 0.014053
1413394930.855760 2.408699 0.014051
1413394930.955760 2.408231 0.014049
1413394931.055760 2.408235 0.014047
1413394931.255760 2.408452 0.014049
1413394931.455760 2.407635 0.014048
1413394931.605761 2.407351 0.014048
1413394931.805761 2.406729 0.014048
1413394931.955760 2.406755 0.014047
1413394932.055760 2.406739 0.014046
1413394932.155760 2.407074 0.014046
1413394932.205760 2.407753 0.014045
1413394932.305761 2.407769 0.014047
1413394932.405761 2.408003 0.014044
1413394932.505760 2.408405 0.014046
1413394932.655760 2.408061 0.014045
1413394932.805761 2.407579 0.014046
1413394932.955760 2.407232 0.014045
1413394933.105761 2.406923 0.014046
1413394933.255760 2.407186 0.014044
1413394933.405761 2.407579 0.014045
1413394933.555760 2.408066 0.014044
1413394933.705760 2.408085 0.014044
1413394933.855760 2.408255 0.014043
1413394934.005760 2.408481 0.014043
1413394934.155760 2.408468 0.014042
1413394934.305761 2.408252 0.014043
1413394934.405761 2.408109 0.014041
1413394934.505760 2.408230 0.014041
1413394934.605761 2.408379 0.014041
1413394934.755760 2.408482 0.014040
1413394934.955760 2.408836 0.014039
1413394935.205760 2.408539 0.014038
1413394935.405761 2.408394 0.014037
1413394935.605761 2.408353 0.014036
1413394935.805761 2.408483 0.014035
1413394936.055760 2.408018 0.014034
1413394936.205760 2.407785 0.014034
1413394936.305761 2.408270 0.014034
1413394936.505760 2.408197 0.014032
1413394936.605761 2.407936 0.014034
1413394936.805761 2.407840 0.014034
1413394936.905761 2.408148 0.014032
1413394937.105761 2.407882 0.014030
1413394937.205760 2.407618 0.014031
1413394937.305761 2.407320 0.014029
1413394937.455760 2.406803 0.014026
1413394937.655760 2.405550 0.014023
1413394937.755760 2.404313 0.014021
1413394937.955760 2.402269 0.014016
1413394938.055760 2.402156 0.014014
1413394938.255760 2.400495 0.014010
1413394938.355760 2.400317 0.014008
1413394938.555760 2.399060 0.013998
1413394938.655760 2.398904 0.013999
1413394938.855760 2.399321 0.013995
1413394938.955760 2.399934 0.013994
1413394939.155760 2.399732 0.013992
1413394939.255760 2.400232 0.013992
1413394939.455760 2.399377 0.013991
1413394939.555760 2.398670 0.013988
1413394939.755760 2.398683 0.013986
1413394939.855760 2.398889 0.013985
1413394940.055760 2.398799 0.013984
1413394940.255760 2.398148 0.013986
1413394940.455760 2.398668 0.013984
1413394940.655760 2.398807 0.013984
1413394940.855760 2.399273 0.013984
1413394940.955760 2.400263 0.013983
1413394941.055760 2.400848 0.013982
1413394941.205760 2.400632 0.013982
1413394941.405761 2.400763 0.013982
1413394941.505760 2.401045 0.013981
1413394941.705760 2.401383 0.013981
1413394941.805761 2.401084 0.013981
1413394941.855760 2.401469 0.013980
1413394941.955760 2.400853 0.013979
1413394942.055760 2.400792 0.013979
1413394942.155760 2.400580 0.013978
1413394942.255760 2.400699 0.013978
1413394942.355760 2.400549 0.013977
1413394942.455760 2.401370 0.013976
1413394942.555760 2.399426 0.013971
1413394942.655760 2.400202 0.013972
1413394942.755760 2.402181 0.013972
1413394942.805761 2.399560 0.013968
1413394942.905761 2.400500 0.013970
1413394942.955760 2.399635 0.013966
1413394943.055760 2.400176 0.013968
1413394943.155760 2.399457 0.013967
1413394943.255760 2.399956 0.013965
1413394943.355760 2.400269 0.013965
1413394943.505760 2.400567 0.013965
1413394943.655760 2.401068 0.013964
1413394943.805761 2.401868 0.013962
1413394943.955760 2.401988 0.013963
1413394944.105761 2.401909 0.013964
1413394944.305761 2.401515 0.013964
1413394944.455760 2.401024 0.013963
1413394944.605761 2.400629 0.013962
1413394944.705760 2.400373 0.013962
1413394944.805761 2.400800 0.013963
1413394944.905761 2.400650 0.013961
1413394945.055760 2.400648 0.013961
1413394945.155760 2.400544 0.013959
1413394945.255760 2.400600 0.013958
1413394945.355760 2.400699 0.013959
1413394945.455760 2.400668 0.013959
1413394945.555760 2.400392 0.013957
1413394945.655760 2.400323 0.013957
1413394945.755760 2.400561 0.013956
1413394945.855760 2.400648 0.013957
1413394945.955760 2.400695 0.013955
1413394946.055760 2.400271 0.013954
1413394946.155760 2.400314 0.013954
1413394946.255760 2.400144 0.013955
1413394946.455760 2.400068 0.013954
1413394946.555760 2.399944 0.013952
1413394946.755760 2.399989 0.013952
1413394946.855760 2.399853 0.013951
1413394947.055760 2.399874 0.013950
1413394947.155760 2.399667 0.013949
1413394947.355760 2.400258 0.013948
1413394947.455760 2.400389 0.013950
1413394947.655760 2.400514 0.013951
1413394947.755760 2.400448 0.013950
1413394947.955760 2.400508 0.013949
1413394948.155760 2.400305 0.013949
1413394948.255760 2.400380 0.013948
1413394948.455760 2.399965 0.013946
1413394948.555760 2.400106 0.013946
1413394948.755760 2.400058 0.013945
1413394948.955760 2.399522 0.013945
1413394949.055760 2.399493 0.013944
1413394949.255760 2.399440 0.013945
1413394949.555760 2.399500 0.013944
1413394949.655760 2.399412 0.013944
1413394949.855760 2.399584 0.013943
1413394950.055760 2.399488 0.013943
1413394950.155760 2.399323 0.013943
1413394950.355760 2.400017 0.013943
1413394950.555760 2.399907 0.013942
1413394950.755760 2.399841 0.013942
1413394950.855760 2.399916 0.013940
1413394951.055760 2.399765 0.013940
1413394951.155760 2.400012 0.013941
1413394951.355760 2.400079 0.013941
1413394951.455760 2.399971 0.013941
1413394951.655760 2.399855 0.013941
1413394951.855760 2.399583 0.013941
1413394951.955760 2.399403 0.013940
1413394952.155760 2.399085 0.013940
1413394952.355760 2.398783 0.013938
1413394952.455760 2.398340 0.013940
1413394952.655760 2.396793 0.013937
1413394952.855760 2.398180 0.013942
1413394953.055760 2.400382 0.013939
1413394953.355760 2.401179 0.013939
1413394953.555760 2.401331 0.013935
1413394953.655760 2.400827 0.013939
1413394953.855760 2.400297 0.013940
1413394954.055760 2.399995 0.013939
1413394954.155760 2.399827 0.013939
1413394954.355760 2.400042 0.013939
1413394954.555760 2.399962 0.013939
1413394954.655760 2.399957 0.013939
1413394954.855760 2.400146 0.013939
1413394954.955760 2.400288 0.013939
1413394955.155760 2.399336 0.013939
1413394955.255760 2.399612 0.013940
1413394955.455760 2.399620 0.013940
1413394955.555760 2.399588 0.013938
1413394955.755760 2.399826 0.013939
1413394955.855760 2.400004 0.013939
1413394955.955760 2.399779 0.013939
1413394956.105761 2.399587 0.013939
1413394956.205760 2.399619 0.013939
1413394956.405761 2.399875 0.013939
1413394956.505760 2.400010 0.013939
1413394956.655760 2.399975 0.013939
1413394956.755760 2.400061 0.013939
1413394957.005760 2.399962 0.013939
1413394957.105761 2.399790 0.013938
1413394957.205760 2.399638 0.013938
1413394957.305761 2.399844 0.013939
1413394957.405761 2.399847 0.013938
1413394957.605761 2.399972 0.013938
1413394957.705760 2.400024 0.013938
1413394957.805761 2.400168 0.013938
1413394958.055760 2.400308 0.013938
1413394958.155760 2.400132 0.013938
1413394958.255760 2.400058 0.013938
1413394958.405761 2.400022 0.013938
1413394958.505760 2.400275 0.013937
1413394958.605761 2.400219 0.013936
1413394958.705760 2.400166 0.013937
1413394958.905761 2.400070 0.013938
1413394959.005760 2.400189 0.013937
1413394959.105761 2.400177 0.013937
1413394959.205760 2.400131 0.013937
1413394959.305761 2.400063 0.013937
1413394959.455760 2.400001 0.013937
1413394959.555760 2.399962 0.013937
1413394959.655760 2.400162 0.013936
1413394959.755760 2.399920 0.013936
1413394959.905761 2.399739 0.013935
1413394960.005760 2.399718 0.013936
1413394960.055760 2.399931 0.013935
1413394960.155760 2.400093 0.013936
1413394960.255760 2.400464 0.013935
1413394960.405761 2.400230 0.013935
1413394960.505760 2.400076 0.013935
1413394960.605761 2.399788 0.013935
1413394960.705760 2.399712 0.013934
1413394960.805761 2.399710 0.013934
1413394960.905761 2.399324 0.013934
1413394960.955760 2.399528 0.013934
1413394961.055760 2.399828 0.013934
1413394961.255760 2.399858 0.013933
1413394961.355760 2.399576 0.013933
1413394961.455760 2.399028 0.013933
1413394961.605761 2.399115 0.013932
1413394961.705760 2.399435 0.013932
1413394961.805761 2.399502 0.013932
1413394961.905761 2.400000 0.013932
1413394962.055760 2.400024 0.013931
1413394962.155760 2.399950 0.013931
1413394962.305761 2.399948 0.013931
1413394962.455760 2.400057 0.013930
1413394962.555760 2.399955 0.013930
1413394962.655760 2.400099 0.013931
1413394962.755760 2.400084 0.013930
1413394962.855760 2.399903 0.013930
1413394962.955760 2.400027 0.013929
1413394963.105761 2.400178 0.013928
1413394963.205760 2.400195 0.013931
1413394963.355760 2.400160 0.013929
1413394963.455760 2.400068 0.013929
1413394963.555760 2.399929 0.013929
1413394963.655760 2.399917 0.013929
1413394963.755760 2.399999 0.013928
1413394963.855760 2.399580 0.013927
1413394963.955760 2.399597 0.013925
1413394964.055760 2.400090 0.013926
1413394964.105761 2.400316 0.013926
1413394964.205760 2.400398 0.013929
1413394964.305761 2.400225 0.013927
1413394964.405761 2.400492 0.013930
1413394964.505760 2.400492 0.013928
1413394964.605761 2.400474 0.013925
1413394964.705760 2.400440 0.013927
1413394964.805761 2.400669 0.013928
1413394964.905761 2.400986 0.013927
1413394965.105761 2.401570 0.013925
1413394965.155760 2.401969 0.013927
1413394965.255760 2.401624 0.013925
1413394965.355760 2.402221 0.013923
1413394965.505760 2.401566 0.013928
1413394965.655760 2.401420 0.013922
1413394965.755760 2.401428 0.013924
1413394965.905761 2.401305 0.013928
1413394966.055760 2.401347 0.013925
1413394966.205760 2.401270 0.013924
1413394966.305761 2.401271 0.013923
1413394966.355760 2.401271 0.013925
1413394966.455760 2.401562 0.013924
1413394966.555760 2.401865 0.013924
1413394966.655760 2.401901 0.013924
1413394966.755760 2.401631 0.013924
1413394966.805761 2.401384 0.013923
1413394967.005760 2.401195 0.013922
1413394967.105761 2.401449 0.013924
1413394967.255760 2.401628 0.013923
1413394967.355760 2.401369 0.013923
1413394967.455760 2.401214 0.013922
1413394967.605761 2.400824 0.013922
1413394967.705760 2.400792 0.013923
1413394967.855760 2.400556 0.013921
1413394967.955760 2.400454 0.013921
1413394968.055760 2.400638 0.013922
1413394968.155760 2.400879 0.013921
1413394968.305761 2.400588 0.013922
1413394968.505760 2.400455 0.013922
1413394968.705760 2.400282 0.013923
1413394968.955760 2.399988 0.013920
1413394969.055760 2.399754 0.013920
1413394969.255760 2.399856 0.013919
1413394969.455760 2.399711 0.013919
1413394969.655760 2.399782 0.013919
1413394969.855760 2.399967 0.013919
1413394970.055760 2.400313 0.013918
1413394970.255760 2.400435 0.013919
1413394970.355760 2.400096 0.013917
1413394970.555760 2.399926 0.013917
1413394970.755760 2.400011 0.013917
1413394970.955760 2.399915 0.013916
1413394971.255760 2.399926 0.013917
1413394971.455760 2.399860 0.013915
1413394971.655760 2.400407 0.013914
1413394971.755760 2.400235 0.013914
1413394971.955760 2.400449 0.013916
1413394972.055760 2.400277 0.013917
1413394972.255760 2.400243 0.013915
1413394972.355760 2.400125 0.013915
1413394972.555760 2.400247 0.013915
1413394972.655760 2.399765 0.013915
1413394972.855760 2.399559 0.013915
1413394972.955760 2.399716 0.013915
1413394973.055760 2.399080 0.013915
1413394973.155760 2.398595 0.013915
1413394973.255760 2.398879 0.013915
1413394973.355760 2.398554 0.013915
1413394973.405761 2.398950 0.013915
1413394973.505760 2.398928 0.013915
1413394973.605761 2.399011 0.013915
1413394973.705760 2.399053 0.013915
1413394973.805761 2.399157 0.013915
1413394973.905761 2.399165 0.013915
1413394974.005760 2.399365 0.013915
1413394974.105761 2.399479 0.013915
1413394974.205760 2.399453 0.013915
1413394974.305761 2.399389 0.013915
1413394974.405761 2.399371 0.013915
1413394974.505760 2.399357 0.013915
1413394974.605761 2.399385 0.013915
1413394974.705760 2.399400 0.013914
1413394974.855760 2.399534 0.013915
1413394975.005760 2.399453 0.013914
1413394975.105761 2.399506 0.013914
1413394975.255760 2.399442 0.013914
1413394975.405761 2.399362 0.013914
1413394975.605761 2.399308 0.013914
1413394975.855760 2.399333 0.013913
1413394976.055760 2.399458 0.013913
1413394976.355760 2.399064 0.013913
1413394976.605761 2.399047 0.013912
1413394976.705760 2.399107 0.013912
1413394976.855760 2.399126 0.013911
1413394976.955760 2.399116 0.013912
1413394977.105761 2.398914 0.013912
1413394977.205760 2.398821 0.013911
1413394977.405761 2.398788 0.013911
1413394977.605761 2.398698 0.013911
1413394977.705760 2.398731 0.013912
1413394977.905761 2.398836 0.013912
1413394978.005760 2.398737 0.013911
1413394978.155760 2.398641 0.013909
1413394978.255760 2.398623 0.013910
1413394978.355760 2.398629 0.013910
1413394978.455760 2.398636 0.013910
1413394978.555760 2.398808 0.013910
1413394978.655760 2.398920 0.013910
1413394978.755760 2.398894 0.013911
1413394978.855760 2.398856 0.013909
1413394978.955760 2.398841 0.013911
1413394979.055760 2.398876 0.013910
1413394979.155760 2.398872 0.013912
1413394979.255760 2.398905 0.013909
1413394979.405761 2.398905 0.013912
1413394979.505760 2.398895 0.013913
1413394979.705760 2.398940 0.013909
1413394979.805761 2.399267 0.013909
1413394979.905761 2.399046 0.013913
1413394980.005760 2.399070 0.013910
1413394980.255760 2.398961 0.013910
1413394980.505760 2.399378 0.013910
1413394980.655760 2.398956 0.013908
1413394980.855760 2.399019 0.013908
1413394981.105761 2.398910 0.013910
1413394981.305761 2.398962 0.013910
1413394981.505760 2.399030 0.013910
1413394981.755760 2.398941 0.013911
1413394982.005760 2.398910 0.013912
1413394982.205760 2.398950 0.013912
1413394982.355760 2.399204 0.013911
1413394982.505760 2.399496 0.013910
1413394982.605761 2.399249 0.013910
1413394982.705760 2.399076 0.013911
1413394982.805761 2.398990 0.013910
1413394982.905761 2.398961 0.013910
1413394983.005760 2.398892 0.013910
1413394983.205760 2.399258 0.013910
1413394983.305761 2.398945 0.013909
1413394983.505760 2.398935 0.013908
1413394983.605761 2.399205 0.013907
1413394983.805761 2.398862 0.013910
1413394984.005760 2.398235 0.013910
1413394984.205760 2.397173 0.013908
1413394984.405761 2.397856 0.013907
1413394984.605761 2.398331 0.013909
1413394984.805761 2.398025 0.013910
1413394985.005760 2.398875 0.013911
1413394985.205760 2.399897 0.013908
1413394985.405761 2.400180 0.013910
1413394985.505760 2.399758 0.013907
1413394985.705760 2.400129 0.013908
1413394985.805761 2.400139 0.013909
1413394986.005760 2.399915 0.013908
1413394986.105761 2.399191 0.013907
1413394986.305761 2.398449 0.013909
1413394986.405761 2.398048 0.013906
1413394986.605761 2.398338 0.013907
1413394986.705760 2.399034 0.013907
1413394986.905761 2.399301 0.013908
1413394987.005760 2.399790 0.013907
1413394987.205760 2.399532 0.013907
1413394987.405761 2.399272 0.013906
1413394987.605761 2.399251 0.013906
1413394987.805761 2.399299 0.013907
1413394987.905761 2.399711 0.013897
1413394988.105761 2.400238 0.013901
1413394988.205760 2.399889 0.013898
1413394988.405761 2.400392 0.013909
1413394988.505760 2.401173 0.013903
1413394988.705760 2.402000 0.013900
1413394988.805761 2.401718 0.013899
1413394989.005760 2.402649 0.013901
1413394989.205760 2.403002 0.013900
1413394989.405761 2.401022 0.013900
1413394989.605761 2.400465 0.013898
1413394989.805761 2.401471 0.013900
1413394989.905761 2.401079 0.013901
1413394990.105761 2.399690 0.013900
1413394990.205760 2.400064 0.013895
1413394990.355760 2.399858 0.013899
1413394990.455760 2.399650 0.013900
1413394990.555760 2.399721 0.013899
1413394990.705760 2.399619 0.013898
1413394990.855760 2.399357 0.013899
1413394991.055760 2.398994 0.013899
1413394991.255760 2.399153 0.013898
1413394991.405761 2.399347 0.013900
1413394991.555760 2.399123 0.013900
1413394991.705760 2.399434 0.013900
1413394991.855760 2.399566 0.013899
1413394992.055760 2.399497 0.013899
1413394992.255760 2.399445 0.013899
1413394992.455760 2.399361 0.013898
1413394992.655760 2.399356 0.013898
1413394993.005760 2.399278 0.013899
1413394993.305761 2.399289 0.013898
1413394993.605761 2.399483 0.013899
1413394993.855760 2.399604 0.013899
1413394994.005760 2.399715 0.013897
1413394994.155760 2.399703 0.013898
