DelayedMarginalization 0.000960682 4.15392e-08 0.00173084 775
DelayedMarginalizationOnly 0.000443248 2.91065e-08 0.0010207 775
EF-marginalizeFrame 0.00144579 5.87424e-08 0.00257909 775
FullSystem::trackNewCoarse 0.00385517 7.144e-07 0.0127468 1713
FullSystem::trackNewCoarseNoIMU 0.00437114 0.000134717 0.0786697 43
FullSystemOptimize 0.0410009 7.71499e-05 0.0802285 781
GraphUnrolling 0.0140545 0.000125413 0.0303233 6
IMUInitAddPose 2.68279e-05 1.74135e-11 6.1236e-05 781
IMUInitOptimize 0.00249893 2.02941e-07 0.00315886 7
IMUIntegration::finishKeyframeOperations 6.32147e-05 2.47405e-10 0.000337237 769
InitializerFirstFrame 0.0625539 -nan 0.0625539 1
InitializerOtherFrames 0.144493 0.000386425 0.168172 8
MainMarginalization 0.00121104 4.86468e-08 0.00219649 775
MarginalizationReplacementBuildGraph 0.00107252 2.29479e-07 0.00171128 4
MarginalizationReplacementReplaceGraph 0.0199104 7.83078e-05 0.0304792 4
MarginalizeMainGraph 0.000516747 6.1484e-09 0.000872607 775
PGBA 0.0123303 0.000144012 0.0208159 2
PGBAFull 0.00503194 7.80739e-05 0.022554 6
PrepareGraphForMainOptimization 0.0141329 0.000126214 0.0304494 6
VisualMarginalization 4.30496e-05 1.63866e-10 0.000297311 775
activatePointsMT 0.00388394 1.51058e-06 0.017932 781
addActiveFrame 0.0448363 0.0012781 0.194912 1765
addIMUData 0.00070292 3.71833e-08 0.00126173 1713
addIMUDataToBA 3.90608e-05 3.21827e-10 0.00017339 1764
addKeyframeToBA 3.70846e-05 4.81057e-11 0.000113077 781
afterCoarseTracking 6.15953e-05 7.43345e-08 0.00317348 1756
baIteration 0.0067809 1.51466e-06 0.0131794 4103
baMatrixInversion 0.000236239 2.46231e-09 0.000718084 4103
baUpdateBuildHessians 0.000525186 5.83435e-09 0.00135183 4103
coarseTrackingIteration 0.000270457 6.90162e-09 0.0051671 15505
computeBAUpdate 0.000849464 1.69256e-08 0.00174996 4103
computeCoarseUpdate 0.000102574 5.40951e-10 0.000461838 14635
computeFactorForCoarseGraphAndMarginalCovariances 0.00330799 4.70077e-07 0.00708074 769
convertHAndBFromDSO 0.000156822 4.10165e-09 0.000497017 7203
debugPlot 9.70691e-08 3.12362e-14 4.902e-06 781
debugPlotIDepthMap 0.00362687 6.21491e-07 0.00744371 781
debugPlotIDepthMapFloat 1.58492e-07 1.11903e-15 4.35e-07 781
deliverTrackedFrame 0.037056 0.00121136 0.132302 1757
flagFramesForMarginalization 1.78509e-06 2.26403e-13 4.481e-06 781
fullCoarseTracking 0.00474949 4.05057e-06 0.0787344 1756
initObjectsAndMakeImage 0.00252866 7.3617e-08 0.00618459 1765
makeKeyframe 0.073909 0.000127777 0.131211 781
makeKeyframeChangeTrackingRef 0.00652794 1.76267e-06 0.0134259 781
makeNewTraces 0.00654319 1.12482e-06 0.0119154 781
makeNonKeyframe 0.00561414 3.89347e-06 0.0123528 976
marginalizeAndRemovePoints 0.00374776 1.26509e-06 0.00929938 781
marginalizeFrame 0.00283105 3.57157e-07 0.00686091 775
marginalizeFrameOverhead 0.0013828 2.57135e-07 0.00528588 775
marginalizeFrames 0.00281737 5.08372e-07 0.00687133 781
newFrameAndNewResidualsForOldPoints 0.00105074 6.14849e-08 0.00252417 781
printBiases 3.54052e-05 8.6177e-11 9.6421e-05 781
printEigenValLine 1.3285e-07 1.26507e-15 4.64e-07 781
printLogLine 1.89552e-05 6.38714e-12 3.1744e-05 781
publishInMakeKeyframe 0.000373841 2.50989e-08 0.00182445 781
removeOutliers 0.000199847 3.44458e-09 0.000599731 781
swapTrackingRef 3.5658e-05 4.04931e-11 6.5621e-05 780
timeMeasurement 1.04698e-06 1.12257e-12 2.1592e-05 1765
traceNewCoarse 0.00479099 3.9408e-06 0.012342 1757
updateBAValues 6.63986e-06 9.89847e-12 0.000142414 6939
zero 9.63909e-08 6.36057e-16 4.77e-07 1765
