1520530315.549643 1.252375 0.357505
1520530315.699637 1.233222 0.243779
1520530315.799640 1.197998 0.195942
1520530315.899643 1.197896 0.186088
1520530316.100221 1.161154 0.184006
1520530316.300227 1.160092 0.181932
1520530316.450231 1.153871 0.170264
1520530316.600278 1.153870 0.165932
1520530316.850286 1.157460 0.162903
1520530316.999775 1.174412 0.155735
1520530317.149779 1.185895 0.145152
1520530317.349743 1.185068 0.120738
1520530317.549752 1.177043 0.106895
1520530317.699755 1.173074 0.100912
1520530317.800239 1.170457 0.096382
1520530317.950243 1.170733 0.094047
1520530318.100248 1.169032 0.093983
1520530318.200769 1.162104 0.094459
1520530318.350774 1.166579 0.095798
1520530318.500778 1.176412 0.092087
1520530318.650568 1.185467 0.089326
1520530318.850574 1.190585 0.083645
1520530318.999955 1.206624 0.081930
1520530319.049958 1.207580 0.081236
1520530319.149961 1.215698 0.078090
1520530319.299965 1.215508 0.068723
1520530319.449833 1.206094 0.064303
1520530319.549837 1.205229 0.062383
1520530319.699841 1.200458 0.061003
1520530319.800341 1.198358 0.060667
1520530319.900344 1.201150 0.060533
1520530320.000347 1.204369 0.059428
1520530320.100350 1.211236 0.058151
1520530320.200401 1.213717 0.057083
1520530320.300404 1.213771 0.056086
1520530320.450408 1.213287 0.055189
1520530320.599869 1.213869 0.053834
1520530320.699873 1.219600 0.052807
1520530320.849877 1.226748 0.050479
1520530320.999882 1.228139 0.048221
1520530321.099742 1.230381 0.047290
1520530321.199745 1.233953 0.046555
1520530321.299749 1.235128 0.045644
1520530321.449856 1.233482 0.044558
1520530321.599860 1.234649 0.043692
1520530321.699863 1.234746 0.043148
1520530321.850152 1.240550 0.042644
1520530322.000157 1.245581 0.040167
1520530322.150162 1.250108 0.039550
1520530322.350210 1.246813 0.039314
1520530322.550216 1.248087 0.039078
1520530322.700026 1.254447 0.038691
1520530322.850030 1.255922 0.038031
1520530323.050036 1.255570 0.037337
1520530323.200077 1.255928 0.036962
1520530323.350082 1.257768 0.036629
1520530323.450085 1.262401 0.035996
1520530323.550346 1.261966 0.034949
1520530323.700351 1.264995 0.033893
1520530323.850356 1.267556 0.033405
1520530323.950154 1.267378 0.031917
1520530324.100159 1.268702 0.031738
1520530324.250163 1.272397 0.031469
1520530324.349910 1.278797 0.031245
1520530324.449913 1.278568 0.031002
1520530324.549915 1.278184 0.030751
1520530324.700018 1.275209 0.030425
1520530324.850023 1.275241 0.030270
1520530325.000028 1.276192 0.030214
1520530325.100816 1.274884 0.030164
1520530325.250820 1.275544 0.029880
1520530325.400825 1.279175 0.029515
1520530325.600915 1.283555 0.028694
1520530325.800921 1.285484 0.027974
1520530325.950541 1.284058 0.027585
1520530326.100546 1.289667 0.027383
1520530326.250551 1.290052 0.027087
1520530326.400206 1.289298 0.026929
1520530326.600213 1.289020 0.026831
1520530326.800428 1.288283 0.026787
1520530327.000434 1.292816 0.026283
1520530327.150431 1.292685 0.025784
1520530327.300436 1.292612 0.025397
1520530327.450441 1.293476 0.025168
1520530327.550090 1.293467 0.024160
1520530327.600091 1.292734 0.024039
1520530327.700094 1.295015 0.023841
1520530327.800097 1.296309 0.023697
1520530327.850099 1.295573 0.023649
1520530327.950102 1.296150 0.023533
1520530328.050282 1.298485 0.023403
1520530328.150285 1.299127 0.023278
1520530328.300290 1.298107 0.023093
1520530328.400337 1.299054 0.023026
1520530328.450338 1.299237 0.023000
1520530328.550342 1.299080 0.022980
1520530328.650346 1.299556 0.022960
1520530328.750348 1.299451 0.022927
1520530328.850087 1.299407 0.022880
1520530329.000092 1.300996 0.022727
1520530329.100095 1.301816 0.022589
1520530329.200044 1.302053 0.022431
1520530329.300047 1.302839 0.022277
1520530329.400050 1.303474 0.022097
1520530329.600097 1.304645 0.021816
1520530329.700100 1.305004 0.021733
1520530329.800104 1.304771 0.021681
1520530329.900107 1.304689 0.021629
1520530330.000110 1.305136 0.021560
1520530330.050161 1.305555 0.021506
1520530330.150164 1.306575 0.021350
1520530330.250167 1.307816 0.021140
1520530330.300169 1.308679 0.021022
1520530330.400172 1.309125 0.020790
1520530330.450787 1.309348 0.020696
1520530330.550790 1.308933 0.020594
1520530330.650793 1.308778 0.020554
1520530330.700795 1.309438 0.020552
1520530330.800798 1.310039 0.020520
1520530330.850367 1.310946 0.020487
1520530330.950279 1.311037 0.020386
1520530331.050282 1.311154 0.020293
1520530331.150285 1.312545 0.020226
1520530331.250735 1.312749 0.020174
1520530331.350738 1.313164 0.020151
1520530331.450741 1.312897 0.020145
1520530331.500743 1.313098 0.020132
1520530331.600746 1.312783 0.020103
1520530331.650479 1.313065 0.020061
1520530331.750483 1.313216 0.019906
1520530331.800484 1.313199 0.019793
1520530331.900488 1.313119 0.019507
1520530332.000491 1.313995 0.019249
1520530332.100388 1.314130 0.019032
1520530332.200392 1.314210 0.018871
1520530332.300399 1.313839 0.018753
1520530332.400401 1.314354 0.018700
1520530332.450399 1.314559 0.018678
1520530332.550483 1.313831 0.018666
1520530332.600486 1.313243 0.018666
1520530332.700489 1.313689 0.018645
1520530332.800492 1.314325 0.018593
1520530332.900164 1.315339 0.018532
1520530333.000168 1.315927 0.018470
1520530333.100171 1.316017 0.018437
1520530333.200174 1.317397 0.018409
1520530333.250175 1.317500 0.018385
1520530333.350610 1.317773 0.018319
1520530333.400612 1.317828 0.018286
1520530333.500615 1.317629 0.018234
1520530333.650619 1.317501 0.018222
1520530333.750542 1.318778 0.018185
1520530333.800544 1.319003 0.018187
1520530333.900547 1.319035 0.018176
1520530333.950549 1.319351 0.018168
1520530334.050551 1.319120 0.018129
1520530334.150218 1.321067 0.018006
1520530334.300222 1.321592 0.017832
1520530334.400225 1.322218 0.017756
1520530334.500228 1.322760 0.017695
1520530334.600088 1.323565 0.017636
1520530334.700091 1.324558 0.017604
1520530334.800094 1.324895 0.017567
1520530334.900097 1.325211 0.017524
1520530334.950928 1.325149 0.017506
1520530335.050931 1.325103 0.017488
1520530335.150934 1.324942 0.017479
1520530335.250937 1.324675 0.017463
1520530335.351457 1.324387 0.017450
1520530335.451459 1.324544 0.017443
1520530335.551462 1.324157 0.017431
1520530335.651465 1.324380 0.017423
1520530335.750223 1.324520 0.017418
1520530335.800224 1.324607 0.017416
1520530335.900227 1.325024 0.017399
1520530335.950229 1.324861 0.017382
1520530336.050232 1.325192 0.017350
1520530336.150177 1.325605 0.017323
1520530336.250180 1.326311 0.017281
1520530336.350183 1.327106 0.017202
1520530336.450186 1.327908 0.017105
1520530336.550582 1.328179 0.016997
1520530336.600584 1.328650 0.016953
1520530336.700586 1.329267 0.016889
1520530336.800590 1.329477 0.016837
1520530336.900594 1.328748 0.016824
1520530337.000258 1.328812 0.016792
1520530337.100266 1.328926 0.016717
1520530337.200351 1.329542 0.016649
1520530337.300267 1.330448 0.016597
1520530337.400301 1.331573 0.016564
1520530337.500304 1.331835 0.016531
1520530337.600307 1.332502 0.016490
1520530337.700310 1.333783 0.016418
1520530337.800854 1.334584 0.016302
1520530337.900857 1.335852 0.016184
1520530338.000860 1.335667 0.016086
1520530338.100863 1.335943 0.016001
1520530338.200470 1.335392 0.015946
1520530338.250473 1.335028 0.015942
1520530338.350476 1.334739 0.015924
1520530338.450479 1.334824 0.015908
1520530338.550482 1.334955 0.015891
1520530338.650261 1.335162 0.015859
1520530338.750266 1.335594 0.015830
1520530338.850267 1.335572 0.015790
1520530338.950270 1.336373 0.015755
1520530339.050959 1.336055 0.015708
1520530339.150962 1.336789 0.015675
1520530339.250965 1.336597 0.015659
1520530339.350968 1.336601 0.015647
1520530339.451687 1.336727 0.015642
1520530339.551690 1.336853 0.015642
1520530339.651693 1.336520 0.015634
1520530339.751697 1.336642 0.015623
1520530339.801698 1.336620 0.015614
1520530339.901057 1.336402 0.015601
1520530340.001061 1.337122 0.015588
1520530340.101063 1.337249 0.015575
1520530340.201067 1.338063 0.015561
1520530340.250395 1.338211 0.015549
1520530340.350399 1.338518 0.015512
1520530340.450401 1.338652 0.015470
1520530340.550404 1.339053 0.015435
1520530340.650347 1.339387 0.015400
1520530340.750350 1.339314 0.015384
1520530340.900354 1.339653 0.015371
1520530341.050774 1.339971 0.015363
1520530341.250780 1.340716 0.015345
1520530341.400785 1.340522 0.015330
1520530341.650717 1.340579 0.015322
1520530341.800722 1.340528 0.015305
1520530341.950578 1.340549 0.015296
1520530342.100548 1.340339 0.015273
1520530342.200551 1.340054 0.015255
1520530342.350675 1.340295 0.015218
1520530342.500679 1.340057 0.015188
1520530342.650684 1.340220 0.015151
1520530342.750644 1.340306 0.015119
1520530342.900649 1.340106 0.015046
1520530343.000653 1.339844 0.014980
1520530343.101131 1.339973 0.014898
1520530343.201134 1.340259 0.014809
1520530343.301138 1.340226 0.014696
1520530343.401141 1.340402 0.014590
1520530343.501404 1.340025 0.014460
1520530343.601407 1.339816 0.014338
1520530343.701410 1.340403 0.014200
1520530343.801413 1.340426 0.014048
1520530343.901416 1.340436 0.013898
1520530344.001403 1.340156 0.013748
1520530344.101406 1.340471 0.013606
1520530344.201410 1.340401 0.013456
1520530344.301413 1.340607 0.013325
1520530344.401411 1.340708 0.013207
1520530344.451412 1.340949 0.013147
1520530344.551415 1.341287 0.013037
1520530344.651418 1.341184 0.012930
1520530344.751636 1.340883 0.012835
1520530344.851639 1.340896 0.012756
1520530344.951642 1.341372 0.012696
1520530345.051645 1.341501 0.012625
1520530345.151845 1.341611 0.012564
1520530345.251745 1.341679 0.012504
1520530345.351748 1.341822 0.012460
1520530345.451751 1.342061 0.012415
1520530345.551195 1.341834 0.012377
1520530345.651198 1.342044 0.012347
1520530345.751201 1.341638 0.012303
1520530345.851204 1.341378 0.012281
1520530345.901206 1.341502 0.012268
1520530346.001475 1.341566 0.012247
1520530346.101479 1.341322 0.012223
1520530346.201481 1.341706 0.012210
1520530346.301485 1.342150 0.012196
1520530346.401376 1.342178 0.012180
1520530346.501379 1.342060 0.012169
1520530346.601382 1.341760 0.012160
1520530346.701385 1.341567 0.012149
1520530346.801545 1.341694 0.012141
1520530346.851546 1.341871 0.012137
1520530346.951549 1.342167 0.012131
1520530347.051553 1.341933 0.012124
1520530347.151556 1.341919 0.012120
1520530347.251402 1.341956 0.012117
1520530347.351405 1.342105 0.012113
1520530347.401407 1.342092 0.012108
1520530347.501410 1.341914 0.012104
1520530347.601218 1.341627 0.012100
1520530347.701222 1.341275 0.012097
1520530347.801224 1.341291 0.012096
1520530347.901227 1.341353 0.012093
1520530347.951229 1.341406 0.012091
1520530348.051164 1.341468 0.012090
1520530348.151168 1.341428 0.012089
1520530348.251170 1.341380 0.012088
1520530348.351173 1.341330 0.012085
1520530348.451416 1.341396 0.012085
1520530348.551419 1.341337 0.012085
1520530348.651423 1.341213 0.012084
1520530348.751426 1.341258 0.012084
1520530348.801428 1.341193 0.012083
1520530348.901315 1.341024 0.012083
1520530348.951318 1.341278 0.012083
1520530349.051321 1.341397 0.012082
1520530349.101323 1.341355 0.012083
1520530349.201326 1.341377 0.012081
1520530349.301107 1.341546 0.012082
1520530349.401110 1.341691 0.012078
1520530349.501114 1.341535 0.012079
1520530349.551115 1.341378 0.012079
1520530349.650935 1.341481 0.012079
1520530349.750943 1.341495 0.012079
1520530349.850941 1.341529 0.012078
1520530349.950944 1.341516 0.012078
1520530350.000946 1.341531 0.012077
1520530350.101378 1.341608 0.012076
1520530350.151379 1.341552 0.012076
1520530350.251384 1.341589 0.012075
1520530350.351387 1.341665 0.012074
1520530350.451515 1.341726 0.012073
1520530350.551518 1.341888 0.012072
1520530350.601520 1.341896 0.012071
1520530350.701523 1.342025 0.012070
1520530350.801526 1.342063 0.012069
1520530350.901571 1.342066 0.012069
1520530351.001574 1.342111 0.012067
1520530351.101578 1.342195 0.012065
1520530351.201581 1.342269 0.012064
1520530351.301683 1.342323 0.012062
1520530351.401685 1.342306 0.012062
1520530351.501759 1.342264 0.012061
1520530351.601688 1.342318 0.012060
1520530351.701695 1.342252 0.012059
1520530351.801698 1.342307 0.012057
1520530351.901701 1.342303 0.012057
1520530352.001704 1.342231 0.012056
1520530352.101805 1.342262 0.012055
1520530352.201808 1.342255 0.012054
1520530352.301811 1.342362 0.012053
1520530352.401814 1.342315 0.012054
1520530352.501469 1.342377 0.012051
1520530352.601472 1.342278 0.012052
1520530352.701475 1.342288 0.012051
1520530352.801478 1.342453 0.012051
1520530352.901098 1.342468 0.012046
1520530353.001101 1.342229 0.012049
1520530353.101208 1.342252 0.012047
1520530353.201107 1.342245 0.012048
1520530353.301110 1.342284 0.012047
1520530353.351398 1.342208 0.012047
1520530353.451401 1.342226 0.012046
1520530353.501402 1.342189 0.012045
1520530353.601405 1.342362 0.012046
1520530353.701408 1.342494 0.012044
1520530353.801738 1.342294 0.012044
1520530353.901741 1.342106 0.012042
1520530354.001744 1.342292 0.012044
1520530354.101747 1.342275 0.012043
1520530354.201897 1.342115 0.012042
1520530354.301900 1.341930 0.012041
1520530354.351902 1.341882 0.012041
1520530354.451905 1.341895 0.012041
1520530354.551594 1.342172 0.012040
1520530354.601593 1.342146 0.012041
1520530354.701596 1.342226 0.012040
1520530354.801599 1.342240 0.012040
1520530354.951359 1.342203 0.012038
1520530355.051362 1.342072 0.012038
1520530355.151365 1.342012 0.012037
1520530355.251368 1.341965 0.012035
1520530355.351371 1.341977 0.012035
1520530355.451408 1.341967 0.012036
1520530355.551411 1.341835 0.012036
1520530355.651416 1.341701 0.012035
1520530355.751418 1.341764 0.012034
1520530355.851533 1.341863 0.012035
1520530355.901534 1.341910 0.012034
1520530356.001537 1.341850 0.012034
1520530356.051539 1.341897 0.012034
1520530356.151542 1.341963 0.012033
1520530356.201376 1.341876 0.012033
1520530356.301379 1.341897 0.012033
1520530356.351380 1.341975 0.012033
1520530356.451383 1.342106 0.012034
1520530356.551386 1.342078 0.012034
1520530356.651234 1.341969 0.012033
1520530356.701236 1.342027 0.012033
1520530356.801239 1.341933 0.012034
1520530356.851240 1.341897 0.012032
1520530356.951243 1.341854 0.012031
1520530357.051154 1.341918 0.012032
1520530357.151157 1.341897 0.012032
1520530357.251160 1.341876 0.012032
1520530357.301162 1.341873 0.012031
1520530357.401658 1.341896 0.012032
1520530357.451660 1.341920 0.012031
1520530357.551663 1.341940 0.012032
1520530357.651666 1.341920 0.012031
1520530357.751669 1.341937 0.012031
1520530357.851585 1.341968 0.012030
1520530357.901559 1.341973 0.012031
1520530358.001562 1.341994 0.012031
1520530358.101565 1.341940 0.012030
1520530358.201568 1.341925 0.012030
1520530358.301626 1.341887 0.012030
1520530358.401629 1.341929 0.012029
1520530358.501632 1.341971 0.012029
1520530358.601636 1.341974 0.012029
1520530358.701800 1.341987 0.012029
1520530358.801803 1.341952 0.012028
1520530358.901806 1.341986 0.012027
1520530359.001810 1.341935 0.012028
1520530359.101811 1.341915 0.012028
1520530359.201810 1.341968 0.012027
1520530359.301813 1.341920 0.012027
1520530359.401817 1.341955 0.012027
1520530359.501870 1.341958 0.012027
1520530359.601873 1.342022 0.012027
1520530359.701876 1.341952 0.012027
1520530359.801879 1.342016 0.012027
1520530359.901826 1.342068 0.012026
1520530360.001829 1.342208 0.012026
1520530360.101832 1.342286 0.012025
1520530360.201836 1.342310 0.012024
1520530360.251837 1.342366 0.012024
1520530360.351317 1.342357 0.012024
1520530360.401319 1.342396 0.012025
1520530360.501323 1.342386 0.012024
1520530360.601326 1.342351 0.012024
1520530360.700978 1.342535 0.012024
1520530360.800981 1.342573 0.012024
1520530360.900984 1.342668 0.012023
1520530360.950988 1.342988 0.012021
1520530361.051064 1.343214 0.012020
1520530361.151045 1.343071 0.012021
1520530361.251048 1.342983 0.012021
1520530361.351051 1.343069 0.012020
1520530361.451055 1.343105 0.012021
1520530361.551692 1.342956 0.012020
1520530361.651695 1.342817 0.012020
1520530361.701696 1.342759 0.012010
1520530361.801700 1.342776 0.012020
1520530361.851701 1.342893 0.012020
1520530361.951941 1.342943 0.012020
1520530362.001942 1.343047 0.012020
1520530362.101945 1.343317 0.012019
1520530362.201949 1.343157 0.012017
1520530362.301951 1.343251 0.012017
1520530362.401625 1.343408 0.012017
1520530362.501628 1.343604 0.012016
1520530362.601631 1.343789 0.012015
1520530362.701634 1.343837 0.012013
1520530362.801366 1.343762 0.012012
1520530362.901369 1.343740 0.012011
1520530363.001372 1.343712 0.012012
1520530363.101375 1.343673 0.012012
1520530363.201651 1.343643 0.012011
1520530363.301654 1.343557 0.012011
1520530363.401658 1.343682 0.012011
1520530363.501661 1.343817 0.012011
1520530363.601746 1.343945 0.012010
1520530363.651748 1.343936 0.012010
1520530363.751751 1.344100 0.012010
1520530363.851754 1.344025 0.012010
1520530363.901756 1.343961 0.012010
1520530364.001782 1.344167 0.012010
1520530364.051784 1.344620 0.012008
1520530364.151786 1.345095 0.012008
1520530364.201788 1.344463 0.012006
1520530364.301791 1.344503 0.012008
1520530364.351792 1.344500 0.012008
1520530364.451854 1.344422 0.012007
1520530364.501856 1.344250 0.012007
1520530364.601859 1.344169 0.012008
1520530364.651861 1.344129 0.012009
1520530364.751864 1.344170 0.012009
1520530364.852377 1.344164 0.012009
1520530364.952380 1.344204 0.012009
1520530365.052383 1.344180 0.012009
1520530365.201844 1.344328 0.012009
1520530365.301847 1.344328 0.012008
1520530365.401850 1.344408 0.012009
1520530365.501853 1.344493 0.012008
1520530365.601535 1.344606 0.012007
1520530365.701539 1.344584 0.012007
1520530365.801546 1.344521 0.012003
1520530365.901545 1.344522 0.012005
1520530366.001907 1.344526 0.012006
1520530366.051908 1.344504 0.012005
1520530366.151911 1.344512 0.012005
1520530366.201913 1.344500 0.012005
1520530366.301916 1.344525 0.012005
1520530366.351918 1.344540 0.012004
1520530366.452121 1.344550 0.012005
1520530366.552125 1.344594 0.012004
1520530366.652128 1.344659 0.012004
1520530366.702130 1.344645 0.012004
1520530366.802133 1.344673 0.012004
1520530366.852166 1.344660 0.012004
1520530366.952169 1.344668 0.012004
1520530367.052172 1.344648 0.012004
1520530367.152175 1.344633 0.012004
1520530367.202177 1.344676 0.012004
1520530367.302541 1.344667 0.012002
1520530367.402544 1.344646 0.012003
1520530367.502548 1.344622 0.012003
1520530367.602551 1.344638 0.012003
1520530367.702266 1.344746 0.012003
1520530367.802269 1.344779 0.012003
1520530367.902272 1.344821 0.012002
1520530368.002275 1.344807 0.012002
1520530368.102125 1.344748 0.012002
1520530368.202129 1.344808 0.012001
1520530368.302132 1.344793 0.012002
1520530368.402135 1.344774 0.012001
1520530368.452048 1.344743 0.012002
1520530368.552051 1.344732 0.012002
1520530368.602053 1.344730 0.012001
1520530368.702056 1.344813 0.012001
1520530368.752057 1.344940 0.011999
1520530368.851389 1.345163 0.011998
1520530368.901391 1.344586 0.011998
1520530369.001394 1.344644 0.011998
1520530369.051395 1.344686 0.012001
1520530369.151398 1.344661 0.012002
1520530369.201400 1.344783 0.012002
1520530369.301537 1.344804 0.012002
1520530369.351538 1.344753 0.012001
1520530369.451542 1.344823 0.012001
1520530369.551545 1.344827 0.012001
1520530369.601546 1.344736 0.012001
1520530369.701896 1.344714 0.012001
1520530369.801900 1.344727 0.012001
1520530369.901903 1.344758 0.012001
1520530370.001906 1.344778 0.012001
1520530370.151931 1.344780 0.012001
1520530370.301935 1.344873 0.012001
1520530370.501883 1.344892 0.012001
1520530370.701889 1.344959 0.012000
1520530370.901941 1.344871 0.012000
1520530371.051946 1.344899 0.012000
1520530371.151949 1.344948 0.012000
1520530371.301953 1.344951 0.012000
1520530371.401953 1.344977 0.011999
1520530371.501956 1.345017 0.012000
1520530371.651961 1.345022 0.012000
1520530371.801961 1.344978 0.011999
1520530371.901964 1.344895 0.012000
1520530372.001968 1.344943 0.011999
1520530372.101971 1.344850 0.011998
1520530372.251958 1.344878 0.011998
1520530372.351961 1.345020 0.012000
1520530372.501966 1.345075 0.011999
1520530372.601958 1.345048 0.011999
1520530372.701961 1.344945 0.011998
1520530372.801964 1.344932 0.011997
1520530372.901967 1.345019 0.011998
1520530373.001619 1.344924 0.011998
1520530373.201626 1.345036 0.011999
1520530373.301629 1.344855 0.011998
1520530373.401458 1.344879 0.011998
1520530373.451460 1.345001 0.011998
1520530373.551463 1.344884 0.011999
1520530373.651466 1.344847 0.011998
1520530373.751469 1.344887 0.011998
1520530373.851583 1.344931 0.011998
1520530373.951586 1.344891 0.011998
1520530374.051589 1.344939 0.011998
1520530374.101591 1.344886 0.011998
1520530374.201953 1.344874 0.011998
1520530374.251955 1.344932 0.011998
1520530374.351958 1.344938 0.011998
1520530374.451961 1.344954 0.011998
1520530374.602407 1.344963 0.011998
1520530374.752412 1.344941 0.011998
1520530374.852415 1.345055 0.011997
1520530374.952418 1.345116 0.011997
1520530375.052444 1.345167 0.011998
1520530375.152447 1.345015 0.011996
1520530375.252454 1.345020 0.011998
1520530375.352453 1.344953 0.011997
1520530375.452214 1.344971 0.011997
1520530375.552217 1.345045 0.011998
1520530375.652220 1.345076 0.011996
1520530375.702222 1.344998 0.011997
1520530375.802225 1.344966 0.011998
1520530375.852258 1.345005 0.011997
1520530375.952261 1.345056 0.011997
1520530376.052264 1.345107 0.011998
1520530376.152267 1.345072 0.011997
1520530376.202270 1.345025 0.011996
1520530376.301951 1.345132 0.011997
1520530376.401954 1.345179 0.011997
1520530376.501958 1.345154 0.011997
1520530376.601961 1.345118 0.011997
1520530376.652663 1.344917 0.011997
1520530376.752666 1.345122 0.011997
1520530376.802668 1.345098 0.011997
1520530376.902671 1.345111 0.011997
1520530376.952672 1.345086 0.011997
1520530377.052898 1.345090 0.011997
1520530377.152900 1.345063 0.011997
1520530377.252903 1.345120 0.011997
1520530377.352906 1.345069 0.011997
1520530377.451719 1.345064 0.011997
1520530377.501720 1.345163 0.011996
1520530377.601723 1.345182 0.011997
1520530377.701726 1.345450 0.011996
1520530377.801730 1.345296 0.011994
1520530377.901409 1.345463 0.011997
1520530378.001412 1.345096 0.011997
1520530378.051414 1.345098 0.011994
1520530378.151417 1.345167 0.011997
1520530378.201419 1.345254 0.011996
1520530378.301511 1.345200 0.011997
1520530378.351513 1.345188 0.011996
1520530378.451516 1.345211 0.011996
1520530378.501517 1.345211 0.011996
1520530378.601571 1.345241 0.011997
1520530378.651522 1.345211 0.011997
1520530378.752210 1.345236 0.011995
1520530378.852213 1.345211 0.011996
1520530378.952216 1.345182 0.011996
1520530379.052220 1.345145 0.011997
1520530379.152151 1.345140 0.011997
1520530379.252154 1.345180 0.011997
1520530379.352157 1.345198 0.011997
1520530379.452160 1.345248 0.011997
1520530379.501850 1.345214 0.011996
1520530379.601853 1.345245 0.011997
1520530379.701856 1.345167 0.011996
1520530379.801860 1.345193 0.011996
1520530379.901824 1.345200 0.011996
1520530380.001827 1.345210 0.011996
1520530380.101830 1.345263 0.011996
1520530380.201888 1.345314 0.011996
1520530380.251835 1.345235 0.011996
1520530380.352160 1.345284 0.011996
1520530380.452163 1.345278 0.011996
1520530380.552166 1.345364 0.011995
1520530380.602168 1.345332 0.011996
1520530380.702171 1.345373 0.011996
1520530380.802136 1.345468 0.011996
1520530380.852138 1.345331 0.011996
1520530380.952141 1.345383 0.011996
1520530381.002143 1.345325 0.011996
1520530381.102146 1.345300 0.011996
1520530381.152048 1.345346 0.011996
1520530381.252051 1.345393 0.011996
1520530381.352054 1.345268 0.011996
1520530381.452057 1.345263 0.011996
1520530381.552262 1.345238 0.011997
1520530381.652265 1.345234 0.011996
1520530381.752268 1.345176 0.011997
1520530381.852271 1.345184 0.011996
1520530381.952332 1.345245 0.011997
1520530382.052335 1.345248 0.011997
1520530382.102337 1.345219 0.011995
1520530382.202340 1.345177 0.011997
1520530382.302343 1.345227 0.011997
1520530382.402160 1.345238 0.011996
1520530382.502164 1.345267 0.011996
1520530382.602167 1.345293 0.011997
1520530382.702170 1.345296 0.011996
1520530382.802244 1.345314 0.011997
1520530382.952249 1.345306 0.011996
1520530383.052252 1.345307 0.011996
1520530383.202206 1.345302 0.011996
1520530383.302209 1.345285 0.011997
1520530383.402267 1.345290 0.011996
1520530383.502216 1.345276 0.011996
1520530383.602472 1.345272 0.011996
1520530383.702475 1.345306 0.011997
1520530383.802478 1.345372 0.011996
1520530383.902481 1.345433 0.011996
1520530384.002530 1.345495 0.011996
1520530384.102533 1.345990 0.011996
1520530384.202536 1.346179 0.011996
1520530384.302539 1.346168 0.011995
1520530384.402432 1.345702 0.011994
1520530384.502435 1.345666 0.011996
1520530384.602439 1.345532 0.011996
1520530384.702442 1.345839 0.011993
1520530384.752443 1.345683 0.011994
1520530384.852858 1.345619 0.011996
1520530384.902860 1.345749 0.011995
1520530385.002916 1.345730 0.011996
1520530385.102866 1.345738 0.011996
1520530385.152867 1.345573 0.011996
1520530385.252705 1.345561 0.011996
1520530385.302707 1.345559 0.011996
1520530385.402710 1.345670 0.011996
1520530385.452712 1.345611 0.011996
1520530385.552715 1.345610 0.011996
1520530385.652486 1.345601 0.011996
1520530385.702487 1.345513 0.011996
1520530385.802491 1.345576 0.011996
1520530385.852492 1.345577 0.011996
1520530385.952497 1.345567 0.011996
1520530386.052544 1.345546 0.011996
1520530386.102546 1.345535 0.011996
1520530386.202549 1.345534 0.011996
1520530386.302552 1.345524 0.011996
1520530386.402554 1.345529 0.011996
1520530386.502760 1.345570 0.011996
1520530386.602814 1.345603 0.011996
1520530386.702766 1.345599 0.011996
1520530386.802769 1.345544 0.011996
1520530386.902676 1.345496 0.011996
1520530387.002679 1.345560 0.011996
1520530387.102682 1.345582 0.011996
1520530387.202685 1.345499 0.011996
1520530387.302607 1.345593 0.011996
1520530387.352609 1.345582 0.011996
1520530387.452612 1.345657 0.011996
1520530387.552615 1.345622 0.011996
1520530387.602617 1.345539 0.011996
1520530387.702457 1.345596 0.011995
1520530387.752459 1.345881 0.011996
1520530387.852464 1.345832 0.011995
1520530387.902463 1.345709 0.011995
1520530388.002466 1.345670 0.011996
1520530388.052468 1.345727 0.011994
1520530388.152496 1.345762 0.011993
1520530388.202544 1.345716 0.011994
1520530388.302501 1.345624 0.011995
1520530388.402504 1.345592 0.011995
1520530388.502852 1.345496 0.011996
1520530388.602855 1.345596 0.011996
1520530388.702858 1.345567 0.011993
1520530388.752860 1.345674 0.011994
1520530388.852863 1.345699 0.011996
1520530388.952235 1.345605 0.011995
1520530389.052238 1.345581 0.011996
1520530389.152242 1.345591 0.011995
1520530389.252245 1.345567 0.011995
1520530389.302934 1.345651 0.011993
1520530389.402938 1.345633 0.011995
1520530389.452939 1.345624 0.011996
1520530389.552942 1.345632 0.011996
1520530389.652948 1.345887 0.011994
1520530389.753403 1.345796 0.011996
1520530389.853406 1.345619 0.011995
1520530389.903408 1.345510 0.011996
1520530390.003411 1.346168 0.011993
1520530390.053412 1.345979 0.011995
1520530390.152569 1.346093 0.011994
1520530390.202569 1.345743 0.011995
1520530390.302572 1.345776 0.011996
1520530390.352575 1.345723 0.011996
1520530390.452578 1.345713 0.011996
1520530390.502578 1.345676 0.011995
1520530390.603326 1.345724 0.011996
1520530390.653327 1.345706 0.011994
1520530390.753331 1.345675 0.011996
1520530390.853334 1.345705 0.011996
1520530390.903336 1.345644 0.011995
1520530391.003381 1.345646 0.011996
1520530391.053383 1.345635 0.011996
1520530391.153385 1.345644 0.011996
1520530391.253388 1.345656 0.011996
1520530391.352333 1.345749 0.011994
1520530391.452336 1.345710 0.011996
1520530391.552339 1.345633 0.011996
1520530391.652342 1.345593 0.011995
1520530391.752424 1.345587 0.011995
1520530391.852427 1.345521 0.011996
1520530391.952430 1.345665 0.011995
1520530392.052433 1.345698 0.011996
1520530392.102435 1.345644 0.011995
1520530392.203142 1.346089 0.011995
1520530392.253143 1.345715 0.011996
1520530392.353147 1.345632 0.011996
1520530392.403148 1.345603 0.011996
1520530392.503151 1.345538 0.011996
1520530392.602235 1.345628 0.011996
1520530392.652236 1.345580 0.011996
1520530392.752239 1.345611 0.011996
1520530392.852242 1.345653 0.011996
1520530392.902243 1.345583 0.011996
1520530393.002174 1.345619 0.011996
1520530393.102156 1.345664 0.011994
1520530393.202159 1.345680 0.011995
1520530393.302161 1.345673 0.011995
1520530393.402921 1.346011 0.011996
1520530393.502924 1.345950 0.011995
1520530393.552926 1.345788 0.011996
1520530393.652929 1.345707 0.011996
1520530393.702931 1.345653 0.011995
1520530393.802958 1.345769 0.011995
1520530393.902961 1.345771 0.011995
1520530394.052965 1.346214 0.011976
1520530394.152969 1.345689 0.011994
1520530394.202165 1.345658 0.011996
1520530394.302169 1.345679 0.011996
1520530394.402172 1.345654 0.011995
1520530394.502175 1.345655 0.011995
1520530394.602189 1.345648 0.011995
1520530394.652876 1.345715 0.011995
1520530394.752879 1.345675 0.011990
1520530394.852882 1.345737 0.011995
1520530394.952885 1.345746 0.011996
1520530395.053731 1.345796 0.011996
1520530395.103732 1.345725 0.011996
1520530395.203735 1.345746 0.011996
1520530395.303738 1.345768 0.011996
1520530395.403742 1.345747 0.011996
1520530395.502707 1.345647 0.011996
1520530395.602710 1.345632 0.011996
1520530395.702713 1.345641 0.011995
1520530395.853078 1.345869 0.011994
1520530395.953081 1.345837 0.011996
1520530396.053084 1.345826 0.011996
1520530396.153087 1.345731 0.011996
1520530396.203089 1.345617 0.011995
1520530396.303237 1.345568 0.011994
1520530396.403240 1.345519 0.011995
1520530396.453241 1.345516 0.011995
1520530396.553244 1.345479 0.011995
1520530396.603246 1.345489 0.011995
1520530396.703145 1.345600 0.011995
1520530396.803148 1.345339 0.011995
1520530396.903152 1.345429 0.011996
1520530397.003155 1.345598 0.011996
1520530397.102782 1.345959 0.011994
1520530397.202785 1.345601 0.011995
1520530397.302788 1.345687 0.011996
1520530397.402791 1.345744 0.011995
1520530397.502304 1.345574 0.011995
1520530397.552306 1.345878 0.011994
1520530397.652309 1.345723 0.011995
1520530397.752312 1.346124 0.011995
1520530397.852315 1.345267 0.011995
1520530397.902585 1.345594 0.011995
1520530398.002588 1.345612 0.011994
1520530398.052589 1.345587 0.011996
1520530398.152592 1.345580 0.011996
1520530398.252596 1.345580 0.011996
1520530398.303365 1.345691 0.011996
1520530398.403368 1.345654 0.011996
1520530398.453370 1.345687 0.011996
1520530398.553373 1.345765 0.011997
1520530398.603375 1.345713 0.011996
1520530398.703221 1.345641 0.011996
1520530398.753223 1.345577 0.011996
1520530398.853226 1.345623 0.011996
1520530398.903227 1.345621 0.011996
1520530399.003230 1.345639 0.011996
1520530399.053232 1.345606 0.011995
1520530399.152330 1.345667 0.011994
1520530399.202332 1.345513 0.011992
1520530399.302335 1.345539 0.011996
1520530399.352336 1.345564 0.011996
1520530399.452339 1.345572 0.011996
1520530399.502341 1.345587 0.011996
1520530399.603008 1.345642 0.011995
1520530399.703011 1.345676 0.011996
1520530399.803014 1.345674 0.011995
1520530399.903017 1.345688 0.011996
1520530399.953275 1.345634 0.011996
1520530400.053278 1.345625 0.011996
1520530400.103279 1.345490 0.011995
1520530400.203283 1.345568 0.011996
1520530400.253284 1.345585 0.011996
1520530400.352494 1.345623 0.011995
1520530400.402496 1.345664 0.011993
1520530400.502500 1.345577 0.011994
1520530400.552501 1.345582 0.011994
1520530400.652504 1.345581 0.011994
1520530400.752291 1.345605 0.011996
1520530400.852294 1.345598 0.011995
1520530400.902295 1.345596 0.011991
1520530401.002299 1.345607 0.011996
1520530401.102302 1.345669 0.011995
1520530401.202755 1.345663 0.011995
1520530401.252756 1.345563 0.011996
1520530401.352759 1.345625 0.011996
1520530401.402761 1.345671 0.011996
1520530401.502764 1.345627 0.011996
1520530401.603037 1.345574 0.011996
1520530401.703041 1.345582 0.011996
1520530401.753042 1.345629 0.011995
1520530401.853045 1.345615 0.011996
1520530401.953048 1.345594 0.011996
1520530402.002281 1.345571 0.011996
1520530402.102285 1.345581 0.011996
1520530402.152286 1.345566 0.011996
1520530402.252289 1.345566 0.011996
1520530402.302290 1.345579 0.011996
1520530402.402567 1.345551 0.011996
1520530402.452569 1.345568 0.011995
1520530402.552572 1.345573 0.011996
1520530402.652672 1.345566 0.011996
1520530402.752578 1.345543 0.011995
1520530402.803416 1.345399 0.011994
1520530402.903419 1.345471 0.011995
1520530402.953420 1.345515 0.011996
1520530403.053424 1.345706 0.011996
1520530403.103425 1.345674 0.011996
1520530403.202933 1.345659 0.011996
1520530403.252935 1.345648 0.011995
1520530403.352938 1.345745 0.011995
1520530403.402940 1.345632 0.011995
1520530403.502943 1.345373 0.011996
1520530403.552945 1.345310 0.011995
1520530403.652254 1.345528 0.011995
1520530403.702256 1.345573 0.011993
1520530403.802258 1.345550 0.011995
1520530403.852261 1.345464 0.011995
1520530403.952263 1.345543 0.011996
1520530404.002264 1.345588 0.011995
1520530404.102746 1.345880 0.011995
1520530404.152748 1.345569 0.011995
1520530404.252829 1.345582 0.011996
1520530404.352754 1.345584 0.011996
1520530404.453112 1.345541 0.011995
1520530404.553115 1.345520 0.011996
1520530404.653119 1.345518 0.011996
1520530404.703120 1.345542 0.011996
1520530404.803123 1.345561 0.011996
1520530404.852642 1.345508 0.011996
1520530404.952645 1.345536 0.011996
1520530405.002647 1.345591 0.011996
1520530405.102650 1.345596 0.011996
1520530405.202653 1.345583 0.011996
1520530405.252327 1.345558 0.011995
1520530405.352331 1.345553 0.011996
1520530405.402333 1.345561 0.011995
1520530405.502335 1.345539 0.011996
1520530405.552337 1.345561 0.011996
1520530405.652792 1.345751 0.011995
1520530405.702792 1.345607 0.011994
1520530405.802797 1.345545 0.011996
1520530405.852855 1.345533 0.011996
1520530405.952801 1.345446 0.011995
1520530406.052804 1.345504 0.011996
1520530406.153570 1.345582 0.011996
1520530406.203573 1.345590 0.011995
1520530406.303576 1.345550 0.011996
1520530406.353577 1.345572 0.011996
1520530406.453580 1.345724 0.011996
1520530406.503485 1.345731 0.011996
1520530406.603489 1.345676 0.011996
1520530406.703492 1.345437 0.011995
1520530406.753493 1.345554 0.011996
1520530406.853497 1.345563 0.011996
1520530406.952693 1.345575 0.011996
1520530407.002694 1.345444 0.011996
1520530407.102698 1.345375 0.011996
1520530407.152699 1.345403 0.011996
1520530407.252702 1.345616 0.011996
1520530407.303185 1.345625 0.011996
1520530407.403187 1.345383 0.011996
1520530407.453221 1.345528 0.011996
1520530407.553191 1.345529 0.011996
1520530407.603193 1.345484 0.011996
1520530407.703510 1.345439 0.011996
1520530407.753511 1.345531 0.011996
1520530407.853515 1.345516 0.011996
1520530407.903516 1.345523 0.011996
1520530408.003519 1.345543 0.011996
1520530408.053521 1.345555 0.011996
1520530408.153603 1.345542 0.011996
1520530408.253606 1.345516 0.011996
1520530408.353609 1.345497 0.011996
1520530408.453613 1.345487 0.011996
1520530408.553374 1.345460 0.011996
1520530408.653377 1.345401 0.011995
1520530408.753380 1.345406 0.011996
1520530408.853383 1.345456 0.011996
1520530408.952878 1.345453 0.011995
1520530409.002880 1.345450 0.011995
1520530409.102883 1.345432 0.011995
1520530409.202886 1.345438 0.011996
1520530409.302889 1.345331 0.011994
1520530409.402904 1.345494 0.011996
1520530409.502907 1.345371 0.011996
1520530409.602910 1.345488 0.011996
1520530409.702913 1.345427 0.011996
1520530409.802656 1.345372 0.011996
1520530409.902659 1.345438 0.011996
1520530410.002662 1.345491 0.011995
1520530410.102666 1.345486 0.011995
1520530410.153223 1.345505 0.011995
1520530410.253226 1.345511 0.011995
1520530410.353231 1.345538 0.011996
1520530410.453232 1.345531 0.011996
1520530410.553235 1.345518 0.011995
1520530410.653876 1.345495 0.011997
1520530410.753879 1.345413 0.011996
1520530410.853882 1.345387 0.011996
1520530410.953885 1.345502 0.011996
1520530411.053420 1.345460 0.011996
1520530411.203424 1.345588 0.011996
1520530411.353429 1.345578 0.011996
1520530411.453010 1.345537 0.011996
1520530411.553013 1.345494 0.011996
1520530411.653017 1.345483 0.011996
1520530411.753020 1.345484 0.011996
1520530411.802907 1.345454 0.011996
1520530411.902909 1.345425 0.011996
1520530411.952910 1.345473 0.011994
1520530412.052913 1.345450 0.011996
1520530412.102915 1.345444 0.011996
1520530412.203416 1.345456 0.011996
1520530412.253417 1.345454 0.011995
1520530412.353420 1.345468 0.011996
1520530412.403422 1.345509 0.011996
1520530412.503425 1.345478 0.011996
1520530412.553426 1.345493 0.011996
1520530412.653630 1.345553 0.011996
1520530412.753633 1.345482 0.011996
1520530412.853636 1.345484 0.011996
1520530412.903637 1.345415 0.011996
1520530413.003641 1.345436 0.011996
1520530413.053009 1.345459 0.011995
1520530413.153012 1.345487 0.011996
1520530413.253016 1.345454 0.011996
1520530413.353019 1.345322 0.011996
1520530413.452940 1.345349 0.011996
1520530413.552943 1.345390 0.011995
1520530413.652946 1.345439 0.011996
1520530413.853107 1.345562 0.011995
1520530413.953110 1.345575 0.011995
1520530414.053113 1.345580 0.011996
1520530414.153116 1.345564 0.011996
1520530414.252894 1.345522 0.011996
1520530414.352897 1.345479 0.011995
1520530414.452900 1.345471 0.011996
1520530414.552903 1.345524 0.011996
1520530414.652705 1.345765 0.011995
1520530414.752708 1.345610 0.011996
1520530414.852712 1.345465 0.011996
1520530414.952715 1.345447 0.011995
1520530415.052718 1.345467 0.011996
1520530415.103195 1.345556 0.011992
1520530415.203199 1.345530 0.011996
1520530415.303202 1.345516 0.011996
1520530415.453206 1.345623 0.011996
1520530415.553069 1.345581 0.011996
1520530415.653072 1.345434 0.011996
1520530415.753075 1.345438 0.011996
1520530415.853079 1.345488 0.011996
1520530415.953363 1.345574 0.011996
1520530416.103368 1.345500 0.011996
1520530416.503381 1.345698 0.011996
1520530416.653386 1.345624 0.011996
1520530416.753274 1.345635 0.011996
1520530416.853277 1.345662 0.011996
1520530416.953280 1.345560 0.011996
1520530417.053283 1.345526 0.011996
1520530417.153371 1.345450 0.011996
1520530417.253374 1.345467 0.011996
1520530417.553464 1.345555 0.011996
1520530417.653467 1.345506 0.011996
1520530417.753470 1.345462 0.011994
1520530417.853473 1.345490 0.011996
1520530417.953455 1.345500 0.011996
1520530418.053458 1.345392 0.011995
1520530418.153462 1.345391 0.011995
1520530418.253465 1.345444 0.011995
1520530418.403432 1.345514 0.011996
1520530418.553437 1.345594 0.011995
1520530418.703442 1.345541 0.011995
1520530418.803345 1.345449 0.011996
1520530418.903348 1.345419 0.011995
1520530419.003351 1.345357 0.011994
1520530419.103354 1.345342 0.011994
1520530419.203534 1.345297 0.011995
1520530419.303537 1.345419 0.011995
1520530419.403541 1.345453 0.011995
1520530419.553545 1.345496 0.011995
1520530419.703733 1.345541 0.011994
1520530419.803736 1.345514 0.011995
1520530419.903739 1.345485 0.011996
1520530420.003597 1.345488 0.011993
1520530420.103600 1.345468 0.011994
1520530420.153602 1.345428 0.011992
1520530420.253605 1.345501 0.011995
1520530420.353608 1.345462 0.011995
1520530420.453700 1.345484 0.011994
1520530420.603705 1.345454 0.011996
1520530420.803356 1.345533 0.011994
1520530420.903359 1.345527 0.011994
1520530421.003363 1.345513 0.011994
1520530421.103366 1.345490 0.011992
1520530421.153367 1.345480 0.011990
1520530421.253431 1.345502 0.011994
1520530421.303432 1.345563 0.011994
1520530421.403435 1.345439 0.011995
1520530421.503439 1.345440 0.011994
1520530421.603611 1.345467 0.011995
1520530421.703614 1.345394 0.011994
1520530421.803617 1.345262 0.011995
1520530421.903620 1.345500 0.011996
1520530422.053472 1.345467 0.011995
1520530422.153476 1.345443 0.011994
1520530422.253479 1.345434 0.011995
1520530422.353482 1.345409 0.011995
1520530422.453395 1.345424 0.011995
1520530422.503396 1.345454 0.011994
1520530422.603400 1.345448 0.011994
1520530422.703403 1.345453 0.011994
1520530422.803406 1.345549 0.011992
1520530422.903583 1.345465 0.011995
1520530423.053588 1.345620 0.011995
1520530423.103590 1.345428 0.011995
1520530423.203592 1.345407 0.011993
1520530423.253316 1.345297 0.011992
1520530423.353319 1.345378 0.011993
1520530423.453322 1.345356 0.011994
1520530423.603327 1.345407 0.011992
1520530423.652983 1.345291 0.011994
1520530423.752986 1.345365 0.011993
1520530423.802988 1.345286 0.011994
1520530423.902991 1.345395 0.011993
1520530424.002994 1.345496 0.011994
1520530424.103253 1.345514 0.011995
1520530424.153255 1.345373 0.011994
1520530424.253258 1.345440 0.011994
1520530424.353261 1.345888 0.011988
1520530424.453264 1.345527 0.011989
1520530424.504722 1.344621 0.011996
1520530424.604726 1.345651 0.011995
1520530424.704729 1.345544 0.011996
1520530424.854733 1.346595 0.011794
1520530424.903374 1.346295 0.011567
1520530425.003378 1.345606 0.011960
1520530425.103381 1.345018 0.011968
1520530425.203384 1.345169 0.011976
1520530425.303732 1.344647 0.011982
1520530425.403735 1.345478 0.011971
1520530425.603741 1.345657 0.011995
1520530425.703675 1.345626 0.011996
1520530425.753677 1.345620 0.011996
1520530425.853680 1.345612 0.011996
1520530425.903682 1.345544 0.011996
1520530426.003685 1.345611 0.011994
1520530426.103474 1.345678 0.011996
1520530426.203477 1.345608 0.011996
1520530426.303480 1.345552 0.011996
1520530426.353481 1.345439 0.011994
1520530426.453484 1.345411 0.011993
1520530426.553551 1.345532 0.011995
1520530426.703556 1.345755 0.011995
1520530426.753558 1.345600 0.011993
1520530426.853560 1.345551 0.011995
1520530426.903562 1.345539 0.011992
1520530427.003600 1.345661 0.011995
1520530427.103603 1.345708 0.011994
1520530427.203606 1.345751 0.011993
1520530427.303609 1.345670 0.011995
1520530427.403594 1.345683 0.011995
1520530427.503597 1.345704 0.011995
1520530427.753678 1.346009 0.011995
1520530427.853681 1.346177 0.011996
1520530427.903683 1.345837 0.011981
1520530428.003686 1.345944 0.011986
1520530428.053687 1.345910 0.011985
1520530428.153535 1.345643 0.011988
1520530428.203537 1.345546 0.011988
1520530428.303540 1.345521 0.011992
1520530428.353542 1.345514 0.011994
1520530428.453544 1.345435 0.011994
1520530428.503546 1.345602 0.011981
1520530428.603452 1.345476 0.011996
1520530428.703455 1.345469 0.011996
1520530428.753457 1.345448 0.011996
1520530428.853460 1.345462 0.011995
1520530428.903461 1.345531 0.011995
1520530429.003444 1.345655 0.011996
1520530429.053445 1.345744 0.011996
1520530429.153448 1.345782 0.011995
1520530429.203450 1.345709 0.011995
1520530429.303453 1.345691 0.011996
1520530429.353455 1.345644 0.011995
1520530429.453553 1.345766 0.011995
1520530429.503555 1.345846 0.011995
1520530429.603558 1.345784 0.011996
1520530429.653559 1.345560 0.011996
1520530429.753562 1.345544 0.011996
1520530429.803622 1.345333 0.011995
1520530429.903625 1.345544 0.011995
1520530429.953626 1.345533 0.011996
1520530430.053629 1.345493 0.011996
1520530430.103631 1.345503 0.011996
1520530430.203344 1.345455 0.011996
1520530430.253346 1.345454 0.011995
1520530430.353349 1.345462 0.011996
1520530430.403350 1.345513 0.011996
1520530430.503353 1.345484 0.011996
1520530430.553355 1.345444 0.011995
1520530430.653528 1.345450 0.011995
1520530430.753532 1.345450 0.011995
1520530430.803533 1.345465 0.011995
1520530430.903536 1.345501 0.011996
1520530431.003696 1.345515 0.011996
1520530431.053698 1.345529 0.011996
1520530431.153701 1.345508 0.011996
1520530431.203703 1.345479 0.011995
1520530431.303706 1.345427 0.011996
1520530431.353708 1.345493 0.011995
1520530431.453562 1.345445 0.011996
1520530431.503564 1.345468 0.011995
1520530431.603567 1.345349 0.011995
1520530431.653568 1.345507 0.011996
1520530431.753571 1.345804 0.011996
1520530431.803573 1.345943 0.011995
1520530431.903526 1.345859 0.011996
1520530431.953527 1.345659 0.011996
1520530432.053530 1.345598 0.011996
1520530432.103532 1.345508 0.011995
1520530432.203536 1.345512 0.011995
1520530432.253696 1.345571 0.011995
1520530432.353700 1.345449 0.011995
1520530432.453702 1.345433 0.011996
1520530432.503704 1.345467 0.011995
1520530432.603708 1.345495 0.011996
1520530432.653548 1.345468 0.011995
1520530432.753551 1.345476 0.011995
1520530432.803553 1.345416 0.011995
1520530432.903556 1.345452 0.011995
1520530432.953557 1.345554 0.011994
1520530433.053690 1.345648 0.011996
1520530433.103691 1.345721 0.011996
1520530433.203694 1.345762 0.011996
1520530433.303697 1.345840 0.011995
1520530433.403700 1.345639 0.011995
1520530433.503793 1.345526 0.011995
1520530433.603796 1.345493 0.011995
1520530433.653798 1.345421 0.011995
1520530433.753801 1.345413 0.011996
1520530433.853804 1.345435 0.011995
1520530433.953632 1.345428 0.011996
1520530434.003634 1.345438 0.011995
1520530434.103637 1.345504 0.011995
1520530434.153638 1.345468 0.011995
1520530434.253642 1.345441 0.011995
1520530434.303478 1.345369 0.011995
1520530434.403481 1.345380 0.011995
1520530434.453483 1.345352 0.011995
1520530434.553486 1.345410 0.011995
1520530434.603488 1.345444 0.011995
1520530434.703655 1.345404 0.011995
1520530434.753658 1.345468 0.011995
1520530434.853723 1.345463 0.011995
1520530434.903661 1.345435 0.011995
1520530435.003664 1.345437 0.011995
1520530435.103796 1.345395 0.011995
1520530435.153798 1.345384 0.011995
1520530435.253801 1.345392 0.011995
1520530435.303802 1.345404 0.011995
1520530435.403806 1.345405 0.011995
1520530435.453807 1.345392 0.011995
1520530435.554088 1.345370 0.011995
1520530435.604089 1.345354 0.011995
1520530435.704092 1.345372 0.011995
1520530435.754094 1.345392 0.011995
1520530435.854097 1.345435 0.011996
1520530435.904099 1.345458 0.011995
1520530436.003837 1.345395 0.011995
1520530436.053838 1.345380 0.011996
1520530436.153841 1.345394 0.011995
1520530436.253844 1.345386 0.011996
1520530436.353956 1.345385 0.011995
1520530436.453978 1.345413 0.011996
1520530436.653965 1.345666 0.011995
1520530436.754031 1.345563 0.011995
1520530436.854034 1.345484 0.011994
1520530436.904035 1.345402 0.011995
1520530437.004039 1.345338 0.011995
1520530437.054040 1.345394 0.011995
1520530437.153533 1.345367 0.011993
1520530437.203536 1.345424 0.011990
1520530437.303539 1.345441 0.011994
1520530437.353539 1.345515 0.011994
1520530437.453545 1.345526 0.011995
1520530437.503545 1.345440 0.011995
1520530437.603872 1.345381 0.011995
1520530437.653873 1.345386 0.011994
1520530437.753876 1.345402 0.011995
1520530437.803878 1.345406 0.011995
1520530437.903881 1.345386 0.011995
1520530438.004481 1.345387 0.011995
1520530438.104484 1.345380 0.011995
1520530438.204487 1.345392 0.011995
1520530438.304490 1.345355 0.011996
1520530438.354492 1.345373 0.011994
1520530438.453623 1.345316 0.011994
1520530438.503624 1.345305 0.011995
1520530438.603628 1.345353 0.011995
1520530438.703631 1.345335 0.011995
1520530438.753632 1.345371 0.011994
1520530438.854392 1.345421 0.011995
1520530438.954395 1.345455 0.011995
1520530439.054398 1.345446 0.011996
1520530439.154401 1.345455 0.011995
1520530439.254655 1.345398 0.011996
1520530439.404660 1.345249 0.011995
1520530439.604177 1.345093 0.011995
1520530439.704263 1.345312 0.011996
1520530439.804183 1.345420 0.011995
1520530439.904186 1.345427 0.011995
1520530440.004099 1.345486 0.011995
1520530440.154104 1.345517 0.011995
1520530440.304109 1.345687 0.011995
1520530440.404112 1.345823 0.011995
1520530440.503979 1.345874 0.011995
1520530440.603982 1.345911 0.011995
1520530440.703986 1.345888 0.011995
1520530440.853871 1.345790 0.011995
1520530440.953874 1.345514 0.011995
1520530441.053876 1.345396 0.011996
1520530441.153883 1.345400 0.011995
1520530441.253889 1.345414 0.011995
1520530441.353892 1.345562 0.011995
1520530441.453895 1.345529 0.011996
1520530441.553898 1.345495 0.011996
1520530441.704084 1.345495 0.011996
1520530441.904091 1.345526 0.011995
1520530442.004094 1.345359 0.011994
1520530442.104032 1.345363 0.011995
1520530442.204035 1.345349 0.011994
1520530442.304038 1.345392 0.011993
1520530442.404042 1.345360 0.011993
1520530442.453714 1.345353 0.011993
1520530442.553717 1.345350 0.011992
1520530442.603719 1.345463 0.011992
1520530442.703722 1.345444 0.011995
1520530442.753723 1.345365 0.011995
1520530442.853726 1.345294 0.011995
1520530442.904376 1.345276 0.011995
1520530443.004379 1.345282 0.011994
1520530443.104382 1.345260 0.011995
1520530443.204385 1.345264 0.011995
1520530443.354468 1.345367 0.011996
1520530443.504473 1.345529 0.011995
1520530443.604476 1.345516 0.011995
1520530443.704013 1.345352 0.011992
1520530443.754014 1.345272 0.011994
1520530443.854018 1.345324 0.011995
1520530443.954022 1.345398 0.011994
1520530444.054024 1.345358 0.011994
1520530444.154403 1.345441 0.011994
1520530444.254406 1.345478 0.011994
1520530444.304409 1.345417 0.011994
1520530444.404412 1.345201 0.011992
1520530444.505161 1.345233 0.011995
1520530444.605164 1.345336 0.011995
1520530444.705167 1.345404 0.011995
1520530444.805170 1.345475 0.011996
1520530444.905173 1.345532 0.011995
1520530444.954962 1.345425 0.011995
1520530445.054965 1.345416 0.011995
1520530445.104967 1.345403 0.011995
1520530445.204970 1.345404 0.011995
1520530445.304973 1.345395 0.011995
1520530445.353892 1.345345 0.011995
1520530445.453896 1.345348 0.011993
1520530445.503898 1.345315 0.011995
1520530445.603900 1.345326 0.011995
1520530445.653902 1.345294 0.011994
1520530445.753751 1.345325 0.011996
1520530445.803752 1.345330 0.011995
1520530445.903755 1.345344 0.011992
1520530445.953757 1.345331 0.011995
1520530446.053761 1.345315 0.011995
1520530446.103761 1.345296 0.011995
1520530446.204900 1.345365 0.011996
1520530446.304903 1.345406 0.011996
1520530446.404906 1.345424 0.011996
1520530446.454908 1.345419 0.011995
1520530446.554783 1.345391 0.011996
1520530446.654786 1.345380 0.011995
1520530446.754789 1.345337 0.011996
1520530446.854792 1.345379 0.011995
1520530446.954330 1.345407 0.011994
1520530447.054334 1.345351 0.011994
1520530447.154337 1.345387 0.011995
1520530447.254340 1.345352 0.011995
1520530447.354343 1.345408 0.011995
1520530447.454125 1.345373 0.011996
1520530447.554128 1.345349 0.011995
1520530447.704133 1.345441 0.011996
1520530448.054080 1.345590 0.011996
1520530448.253886 1.345611 0.011996
1520530449.003905 1.345438 0.011996
1520530449.153910 1.345235 0.011995
