DelayedMarginalization 0.000993707 3.33834e-08 0.00145633 1392
DelayedMarginalizationOnly 0.00048077 2.01153e-08 0.000778287 1392
EF-marginalizeFrame 0.00138447 4.90661e-08 0.00202787 1392
FullSystem::trackNewCoarse 0.00255554 7.04517e-07 0.00921773 2673
FullSystem::trackNewCoarseNoIMU 0.00137112 1.90547e-07 0.00399383 110
FullSystemOptimize 0.0405438 4.5873e-05 0.0634744 1398
GraphUnrolling 0.0130921 0.000181248 0.0421444 11
IMUInitAddPose 2.36535e-05 1.33015e-11 9.2272e-05 1398
IMUInitOptimize 0.003315 2.34524e-06 0.00527105 4
IMUIntegration::finishKeyframeOperations 5.92315e-05 1.99267e-10 0.000306915 1389
InitializerFirstFrame 0.0329683 -nan 0.0329683 1
InitializerOtherFrames 0.0579184 8.98323e-05 0.0785717 35
MainMarginalization 0.00123409 4.32266e-08 0.00180236 1392
MarginalizationReplacementBuildGraph 0.00118329 9.54579e-07 0.0035223 10
MarginalizationReplacementReplaceGraph 0.0158458 0.000185021 0.0423541 9
MarginalizeMainGraph 0.000512241 7.64678e-09 0.000792809 1392
PGBA 0.013038 4.01762e-06 0.0144553 2
PGBAFull 0.00293106 3.12114e-05 0.0159946 12
PrepareGraphForMainOptimization 0.0131717 0.000182642 0.0423249 11
VisualMarginalization 4.22951e-05 8.00133e-11 0.000130664 1392
activatePointsMT 0.00344164 7.30508e-07 0.00827644 1398
addActiveFrame 0.0411102 0.000976116 0.117176 2819
addIMUData 0.000655338 1.94724e-08 0.00167211 2673
addIMUDataToBA 3.71432e-05 1.56573e-10 8.668e-05 2818
addKeyframeToBA 3.16962e-05 1.90742e-11 9.8019e-05 1398
afterCoarseTracking 2.72888e-07 1.17199e-14 4.899e-06 2783
baIteration 0.00620039 1.29185e-06 0.0120171 8084
baMatrixInversion 0.000233696 2.45016e-09 0.000569614 8084
baUpdateBuildHessians 0.000514126 4.76009e-09 0.000931822 8084
coarseTrackingIteration 0.000202836 4.35725e-09 0.00192501 27996
computeBAUpdate 0.000832657 1.57023e-08 0.00164345 8084
computeCoarseUpdate 9.57217e-05 5.38144e-10 0.00178075 26354
computeFactorForCoarseGraphAndMarginalCovariances 0.00325014 6.20953e-07 0.00642905 1389
convertHAndBFromDSO 0.000153351 3.77001e-09 0.000414226 13655
debugPlot 7.65737e-08 1.18864e-15 3.98e-07 1398
debugPlotIDepthMap 3.32163e-07 4.14245e-15 7.79e-07 1398
debugPlotIDepthMapFloat 8.52783e-08 9.37252e-16 3.39e-07 1398
deliverTrackedFrame 0.0355114 0.000972172 0.111188 2784
flagFramesForMarginalization 1.51074e-06 1.77155e-13 6.96e-06 1398
fullCoarseTracking 0.00325317 9.11029e-07 0.0102598 2783
initObjectsAndMakeImage 0.00209411 5.04278e-08 0.00362471 2819
makeKeyframe 0.0658275 8.59798e-05 0.111185 1398
makeKeyframeChangeTrackingRef 0.00239746 2.92229e-07 0.00503157 1398
makeNewTraces 0.0056836 1.16698e-06 0.0113158 1398
makeNonKeyframe 0.00492885 2.99547e-06 0.00811004 1386
marginalizeAndRemovePoints 0.00313334 1.23822e-06 0.0085011 1398
marginalizeFrame 0.00240828 1.41063e-07 0.00359813 1392
marginalizeFrameOverhead 0.00102148 5.5032e-08 0.00186973 1392
marginalizeFrames 0.00240574 3.0935e-07 0.00516502 1398
newFrameAndNewResidualsForOldPoints 0.0010009 4.96114e-08 0.00169215 1398
printBiases 3.50698e-05 1.09583e-10 0.000240692 1398
printEigenValLine 1.13139e-07 4.73619e-16 3.26e-07 1398
printLogLine 1.5603e-07 2.2174e-15 4.6e-07 1398
publishInMakeKeyframe 2.09848e-07 3.65844e-15 5.77e-07 1398
removeOutliers 0.000175486 2.06957e-09 0.000446874 1398
swapTrackingRef 2.08063e-05 1.07089e-11 6.333e-05 1398
timeMeasurement 7.75126e-07 2.68012e-14 4.953e-06 2819
traceNewCoarse 0.00405764 3.02121e-06 0.00810158 2784
updateBAValues 5.6425e-06 3.25441e-12 7.8261e-05 13314
zero 9.38549e-08 4.7128e-16 4.6e-07 2819
