DelayedMarginalization 0.000964078 2.85642e-08 0.0015794 1391
DelayedMarginalizationOnly 0.000465983 1.82174e-08 0.000836639 1391
EF-marginalizeFrame 0.00135698 4.23246e-08 0.00229806 1391
FullSystem::trackNewCoarse 0.00250848 7.07778e-07 0.0107063 2675
FullSystem::trackNewCoarseNoIMU 0.00196509 3.76953e-05 0.0650945 108
FullSystemOptimize 0.0388563 4.98864e-05 0.0628618 1397
GraphUnrolling 0.0138212 0.000312888 0.0505882 13
IMUInitAddPose 2.35156e-05 1.39257e-11 8.6361e-05 1397
IMUInitOptimize 0.00265307 1.10888e-06 0.00383302 3
IMUIntegration::finishKeyframeOperations 5.89622e-05 1.6768e-10 0.000285418 1389
InitializerFirstFrame 0.034889 -nan 0.034889 1
InitializerOtherFrames 0.0583205 9.06168e-05 0.0796328 35
MainMarginalization 0.00119809 3.52701e-08 0.00198336 1391
MarginalizationReplacementBuildGraph 0.00097335 6.84175e-07 0.00215412 12
MarginalizationReplacementReplaceGraph 0.016288 0.00033855 0.0508348 11
MarginalizeMainGraph 0.00049742 6.465e-09 0.000873342 1391
PGBA 0.00989317 5.05572e-06 0.0114831 2
PGBAFull 0.00195341 1.53723e-05 0.012598 14
PrepareGraphForMainOptimization 0.0139017 0.000315139 0.0508025 13
VisualMarginalization 3.99753e-05 7.18051e-11 0.000112799 1391
activatePointsMT 0.00335891 8.68045e-07 0.0136977 1397
addActiveFrame 0.0398531 0.000905417 0.125948 2819
addIMUData 0.000663319 2.21684e-08 0.00187254 2675
addIMUDataToBA 3.60316e-05 1.49813e-10 0.000143028 2818
addKeyframeToBA 3.25117e-05 2.50761e-11 6.36e-05 1397
afterCoarseTracking 2.51133e-07 4.19252e-15 8.01e-07 2783
baIteration 0.00597293 1.34785e-06 0.0155931 8025
baMatrixInversion 0.000226416 1.61636e-09 0.00062818 8025
baUpdateBuildHessians 0.000503687 5.49853e-09 0.0029306 8025
coarseTrackingIteration 0.000196532 4.59191e-09 0.00124848 28563
computeBAUpdate 0.000814122 1.30085e-08 0.00326811 8025
computeCoarseUpdate 9.56214e-05 5.21817e-10 0.00118493 26182
computeFactorForCoarseGraphAndMarginalCovariances 0.00303484 3.56907e-07 0.00609299 1389
convertHAndBFromDSO 0.000147482 3.24234e-09 0.000499322 13593
debugPlot 1.48079e-07 2.80448e-15 4.59e-07 1397
debugPlotIDepthMap 3.60419e-07 5.63635e-15 8.76e-07 1397
debugPlotIDepthMapFloat 7.99635e-08 7.73921e-16 3.35e-07 1397
deliverTrackedFrame 0.0342586 0.000897839 0.120135 2784
flagFramesForMarginalization 1.56088e-06 3.48832e-13 1.3226e-05 1397
fullCoarseTracking 0.00323766 2.28013e-06 0.0651546 2783
initObjectsAndMakeImage 0.00208351 4.16518e-08 0.0040909 2819
makeKeyframe 0.0634103 7.97393e-05 0.120132 1397
makeKeyframeChangeTrackingRef 0.00227026 1.73322e-07 0.00428128 1397
makeNewTraces 0.00539387 7.78503e-07 0.0106784 1397
makeNonKeyframe 0.00489275 2.86561e-06 0.009852 1387
marginalizeAndRemovePoints 0.00307287 9.91471e-07 0.00776963 1397
marginalizeFrame 0.00239687 1.40085e-07 0.00435336 1391
marginalizeFrameOverhead 0.00103757 6.42912e-08 0.00229298 1391
marginalizeFrames 0.00239414 2.752e-07 0.00521927 1397
newFrameAndNewResidualsForOldPoints 0.00102106 5.07614e-08 0.00172341 1397
printBiases 3.62077e-05 1.78303e-10 0.000267108 1397
printEigenValLine 1.12178e-07 4.16754e-16 3.37e-07 1397
printLogLine 2.44841e-07 4.28234e-15 6.95e-07 1397
publishInMakeKeyframe 1.79621e-07 5.34917e-15 7.38e-07 1397
removeOutliers 0.000174319 2.46993e-09 0.00057546 1397
swapTrackingRef 2.23471e-05 1.58732e-11 4.3116e-05 1396
timeMeasurement 7.88895e-07 6.11777e-13 1.2344e-05 2819
traceNewCoarse 0.00405363 2.85987e-06 0.00983929 2784
updateBAValues 5.89997e-06 4.56261e-12 9.0091e-05 13239
zero 1.01565e-07 4.68105e-14 1.143e-05 2819
