DelayedMarginalization 0.000944965 2.35369e-08 0.00164987 1374
DelayedMarginalizationOnly 0.000449835 1.65483e-08 0.000783071 1374
EF-marginalizeFrame 0.00134623 3.90192e-08 0.0022837 1374
FullSystem::trackNewCoarse 0.00227962 1.83881e-07 0.00649131 2671
FullSystem::trackNewCoarseNoIMU 0.00130165 9.24598e-08 0.00246413 112
FullSystemOptimize 0.0293614 6.24413e-05 0.0596945 1380
GraphUnrolling 0.000326098 -nan 0.000326098 1
IMUInitAddPose 2.40255e-05 1.6659e-11 5.9328e-05 1380
IMUInitOptimize 0.00584554 6.48982e-07 0.00641518 2
IMUIntegration::finishKeyframeOperations 6.0448e-05 2.30155e-10 0.000355203 1373
InitializerFirstFrame 0.0327259 -nan 0.0327259 1
InitializerOtherFrames 0.0584123 9.72828e-05 0.0832531 35
MainMarginalization 0.00117573 2.93095e-08 0.00208162 1374
MarginalizeMainGraph 0.000494685 5.56163e-09 0.000934008 1374
PGBA 0.019746 -nan 0.019746 1
PGBAFull 0.0210858 -nan 0.0210858 1
PrepareGraphForMainOptimization 0.000351956 -nan 0.000351956 1
VisualMarginalization 3.94807e-05 7.92049e-11 9.9851e-05 1374
activatePointsMT 0.00348288 8.55045e-07 0.00988734 1380
addActiveFrame 0.0349715 0.000658597 0.106691 2819
addIMUData 0.00065747 2.09328e-08 0.0012854 2671
addIMUDataToBA 3.60374e-05 1.63484e-10 0.000291833 2818
addKeyframeToBA 3.40047e-05 5.43211e-11 0.000134825 1380
afterCoarseTracking 2.63512e-07 3.64663e-15 6.38e-07 2783
baIteration 0.00651597 1.84172e-06 0.0144581 5110
baMatrixInversion 0.000221052 1.19298e-09 0.000610293 5110
baUpdateBuildHessians 0.000500778 1.15946e-08 0.00612419 5110
coarseTrackingIteration 0.000211313 5.37864e-09 0.000702764 22798
computeBAUpdate 0.000806931 1.7445e-08 0.00645004 5110
computeCoarseUpdate 9.39945e-05 4.79847e-10 0.000585936 21123
computeFactorForCoarseGraphAndMarginalCovariances 0.00288204 1.8417e-07 0.00623692 1373
convertHAndBFromDSO 0.000140864 3.44808e-09 0.000463876 10611
debugPlot 6.75884e-08 1.54182e-15 4.44e-07 1380
debugPlotIDepthMap 3.21357e-07 7.51692e-15 9.15e-07 1380
debugPlotIDepthMapFloat 7.39362e-08 5.63134e-16 3.33e-07 1380
deliverTrackedFrame 0.0295848 0.000650214 0.0986518 2784
flagFramesForMarginalization 1.67549e-06 3.86229e-13 1.2079e-05 1380
fullCoarseTracking 0.00298702 3.51469e-07 0.00840797 2783
initObjectsAndMakeImage 0.00206493 4.87519e-08 0.00445666 2819
makeKeyframe 0.0544399 8.25772e-05 0.0986492 1380
makeKeyframeChangeTrackingRef 0.00227919 1.17705e-07 0.00552702 1380
makeNewTraces 0.00520832 5.8497e-07 0.0111749 1380
makeNonKeyframe 0.00515064 3.43364e-06 0.0131047 1404
marginalizeAndRemovePoints 0.00348255 1.14957e-06 0.00845008 1380
marginalizeFrame 0.00264152 1.59779e-07 0.00500139 1374
marginalizeFrameOverhead 0.001293 7.56922e-08 0.00286525 1374
marginalizeFrames 0.00263817 3.80538e-07 0.00679019 1380
newFrameAndNewResidualsForOldPoints 0.00100744 3.43693e-08 0.00193576 1380
printBiases 3.87545e-05 1.08518e-10 0.000110826 1380
printEigenValLine 1.09334e-07 4.10804e-16 3.83e-07 1380
printLogLine 1.90993e-07 9.67679e-14 1.1546e-05 1380
publishInMakeKeyframe 2.06922e-07 6.22461e-15 8.7e-07 1380
removeOutliers 0.000190338 2.69501e-09 0.000578867 1380
swapTrackingRef 2.22264e-05 2.30216e-11 8.5792e-05 1380
timeMeasurement 7.93651e-07 7.10261e-13 4.0783e-05 2819
traceNewCoarse 0.00428993 3.24992e-06 0.0130797 2784
updateBAValues 6.14035e-06 5.09739e-12 5.5677e-05 9992
zero 1.07637e-07 5.99976e-14 1.1619e-05 2819
