DelayedMarginalization 0.000993419 3.32206e-08 0.00145167 1386
DelayedMarginalizationOnly 0.000477708 1.98767e-08 0.000767274 1386
EF-marginalizeFrame 0.00138395 4.81613e-08 0.00201857 1386
FullSystem::trackNewCoarse 0.00253601 6.49153e-07 0.00810392 2673
FullSystem::trackNewCoarseNoIMU 0.00194318 2.51212e-05 0.0533814 110
FullSystemOptimize 0.0405125 4.67939e-05 0.0598293 1392
GraphUnrolling 0.0115027 0.00023856 0.0460938 9
IMUInitAddPose 2.31993e-05 1.02257e-11 5.3609e-05 1392
IMUInitOptimize 0.00282149 9.96566e-07 0.00391519 4
IMUIntegration::finishKeyframeOperations 6.7365e-05 2.17602e-10 0.000352522 1383
InitializerFirstFrame 0.0326534 -nan 0.0326534 1
InitializerOtherFrames 0.057196 8.77935e-05 0.0776022 35
MainMarginalization 0.00123334 4.31479e-08 0.00180111 1386
MarginalizationReplacementBuildGraph 0.0012161 1.47987e-06 0.00370575 8
MarginalizationReplacementReplaceGraph 0.0145057 0.000276613 0.0463482 7
MarginalizeMainGraph 0.000514975 7.8198e-09 0.000766413 1386
PGBA 0.0105139 2.30429e-05 0.0139083 2
PGBAFull 0.00299911 2.77434e-05 0.0160008 10
PrepareGraphForMainOptimization 0.0115801 0.000240477 0.0463157 9
VisualMarginalization 4.1698e-05 6.8904e-11 7.1412e-05 1386
activatePointsMT 0.00341848 7.32994e-07 0.00852552 1392
addActiveFrame 0.0409036 0.000971467 0.116265 2819
addIMUData 0.000659796 1.89892e-08 0.00114558 2673
addIMUDataToBA 3.66081e-05 1.52615e-10 9.0436e-05 2818
addKeyframeToBA 3.14962e-05 2.40058e-11 0.000101444 1392
afterCoarseTracking 2.63077e-07 4.0551e-15 6.92e-07 2783
baIteration 0.00623124 1.19969e-06 0.011397 7998
baMatrixInversion 0.000231965 2.3983e-09 0.000962058 7998
baUpdateBuildHessians 0.000516607 7.64921e-09 0.00471983 7998
coarseTrackingIteration 0.00019899 4.57189e-09 0.000677788 28571
computeBAUpdate 0.000833487 1.86121e-08 0.00518224 7998
computeCoarseUpdate 9.65094e-05 4.28883e-10 0.000613977 26164
computeFactorForCoarseGraphAndMarginalCovariances 0.0032341 6.04132e-07 0.00816395 1383
convertHAndBFromDSO 0.000152902 3.76263e-09 0.000702559 13545
debugPlot 7.11688e-08 1.11644e-15 3.51e-07 1392
debugPlotIDepthMap 3.90649e-07 4.30849e-14 7.571e-06 1392
debugPlotIDepthMapFloat 8.76947e-08 6.2829e-14 9.353e-06 1392
deliverTrackedFrame 0.0353094 0.00096704 0.111174 2784
flagFramesForMarginalization 1.5394e-06 2.92398e-13 1.1717e-05 1392
fullCoarseTracking 0.00326258 1.77335e-06 0.0534431 2783
initObjectsAndMakeImage 0.00208665 4.95483e-08 0.0039645 2819
makeKeyframe 0.0657064 8.21146e-05 0.111171 1392
makeKeyframeChangeTrackingRef 0.00238009 2.78952e-07 0.00497617 1392
makeNewTraces 0.00565723 1.1912e-06 0.0103993 1392
makeNonKeyframe 0.00490832 3.04791e-06 0.00879936 1392
marginalizeAndRemovePoints 0.00314419 1.08929e-06 0.00702492 1392
marginalizeFrame 0.00241129 1.31826e-07 0.00363772 1386
marginalizeFrameOverhead 0.00102493 5.25876e-08 0.00218117 1386
marginalizeFrames 0.00240864 2.72304e-07 0.0049161 1392
newFrameAndNewResidualsForOldPoints 0.00101874 5.08486e-08 0.00179147 1392
printBiases 3.98227e-05 1.43433e-10 0.000311907 1392
printEigenValLine 1.2271e-07 2.44868e-14 5.893e-06 1392
printLogLine 1.87285e-07 3.57412e-15 4.9e-07 1392
publishInMakeKeyframe 1.88647e-07 4.85555e-15 7.91e-07 1392
removeOutliers 0.000174621 1.7649e-09 0.000384926 1392
swapTrackingRef 2.13898e-05 1.24772e-11 8.8391e-05 1392
timeMeasurement 7.30885e-07 3.98717e-14 8.207e-06 2819
traceNewCoarse 0.00404638 3.05307e-06 0.0090015 2784
updateBAValues 5.69218e-06 3.19266e-12 3.0321e-05 13134
zero 8.83459e-08 2.54083e-16 3.54e-07 2819
