1520530315.449640 1.140673 0.560711
1520530315.549643 1.085963 0.362884
1520530315.649646 1.120065 0.284285
1520530315.749639 1.051070 0.216521
1520530315.899643 1.059023 0.202108
1520530316.100221 1.058268 0.201864
1520530316.250226 1.065105 0.189755
1520530316.400230 1.060552 0.175226
1520530316.600278 1.061396 0.167847
1520530316.800284 1.055932 0.165004
1520530316.949773 1.064481 0.160947
1520530317.049776 1.085205 0.156534
1520530317.199781 1.104791 0.144783
1520530317.349743 1.088184 0.133655
1520530317.549752 1.086954 0.128919
1520530317.699755 1.072074 0.109809
1520530317.800239 1.093067 0.104669
1520530317.950243 1.073853 0.092568
1520530318.100248 1.075440 0.087740
1520530318.200769 1.029832 0.079865
1520530318.350774 1.024966 0.074278
1520530318.500778 0.993121 0.068362
1520530318.650568 0.968615 0.067651
1520530318.850574 0.976219 0.064499
1520530318.999955 1.089142 0.076231
1520530319.049958 1.099314 0.059106
1520530319.199962 1.102854 0.063344
1520530319.349967 1.102369 0.059120
1520530319.449833 1.099322 0.057258
1520530319.599838 1.099639 0.055458
1520530319.749942 1.096495 0.054808
1520530319.850343 1.096106 0.054630
1520530319.950346 1.094769 0.053731
1520530320.050349 1.095272 0.052533
1520530320.150352 1.095139 0.051444
1520530320.250402 1.095214 0.050425
1520530320.400407 1.094344 0.049568
1520530320.550412 1.096168 0.048938
1520530320.649871 1.098491 0.048194
1520530320.799876 1.106926 0.046546
1520530320.949880 1.112329 0.044365
1520530321.099742 1.115410 0.041287
1520530321.199745 1.117618 0.040645
1520530321.299749 1.116473 0.040038
1520530321.449856 1.111331 0.038864
1520530321.599860 1.110640 0.038039
1520530321.699863 1.112259 0.037624
1520530321.850152 1.117641 0.037220
1520530322.000157 1.119292 0.036459
1520530322.150162 1.122669 0.035969
1520530322.350210 1.120749 0.035729
1520530322.550216 1.121175 0.035469
1520530322.700026 1.125304 0.035109
1520530322.900065 1.124662 0.034216
1520530323.050036 1.123174 0.033791
1520530323.200077 1.121602 0.033462
1520530323.350082 1.121247 0.033108
1520530323.450085 1.124501 0.032658
1520530323.550346 1.120533 0.031798
1520530323.700351 1.119898 0.030886
1520530323.850356 1.118192 0.030389
1520530323.950154 1.116062 0.030176
1520530324.150160 1.115876 0.029954
1520530324.299908 1.116760 0.029709
1520530324.399911 1.120091 0.029542
1520530324.499994 1.118178 0.029261
1520530324.599917 1.116887 0.028979
1520530324.700018 1.115363 0.028754
1520530324.850023 1.116134 0.028632
1520530324.950026 1.116945 0.028606
1520530325.100816 1.117251 0.028494
1520530325.300822 1.118063 0.028100
1520530325.500828 1.124750 0.027544
1520530325.750919 1.127229 0.026566
1520530325.950541 1.124308 0.026104
1520530326.100546 1.124952 0.025777
1520530326.250551 1.124935 0.025485
1520530326.400206 1.122682 0.025295
1520530326.600213 1.123269 0.025191
1520530326.800428 1.122955 0.025184
1520530327.000434 1.123347 0.024657
1520530327.150431 1.124533 0.024230
1520530327.300436 1.124029 0.023829
1520530327.450441 1.123535 0.023585
1520530327.550090 1.123368 0.023389
1520530327.600091 1.123235 0.023254
1520530327.700094 1.124125 0.023034
1520530327.800097 1.123701 0.022891
1520530327.900100 1.123075 0.022801
1520530328.000280 1.122779 0.022659
1520530328.100283 1.121781 0.022500
1520530328.250288 1.122826 0.022353
1520530328.350291 1.122616 0.022295
1520530328.400337 1.122430 0.022272
1520530328.500340 1.122124 0.022242
1520530328.600344 1.122235 0.022222
1520530328.700347 1.121995 0.022203
1520530328.800086 1.122372 0.022171
1520530328.850087 1.122349 0.022143
1520530328.950091 1.123196 0.022062
1520530329.050093 1.123675 0.021936
1520530329.150097 1.123732 0.021794
1520530329.250095 1.123437 0.021629
1520530329.350049 1.123659 0.021461
1520530329.500053 1.122520 0.021174
1520530329.600097 1.123150 0.021074
1520530329.700100 1.123037 0.020992
1520530329.800104 1.123417 0.020943
1520530329.900107 1.123203 0.020898
1520530330.000110 1.123645 0.020824
1520530330.100162 1.124277 0.020688
1520530330.200165 1.124821 0.020493
1520530330.300169 1.125345 0.020243
1520530330.400172 1.126049 0.020032
1520530330.450787 1.126273 0.019943
1520530330.550790 1.126075 0.019846
1520530330.650793 1.126247 0.019806
1520530330.700795 1.126303 0.019800
1520530330.800798 1.126232 0.019771
1520530330.850367 1.126083 0.019738
1520530330.950279 1.125627 0.019636
1520530331.050282 1.124915 0.019527
1520530331.150285 1.125565 0.019456
1520530331.250735 1.125924 0.019397
1520530331.350738 1.126290 0.019373
1520530331.450741 1.126337 0.019364
1520530331.500743 1.126174 0.019356
1520530331.600746 1.125819 0.019320
1520530331.650479 1.125927 0.019282
1520530331.750483 1.126192 0.019141
1520530331.800484 1.126779 0.019036
1520530331.900488 1.126705 0.018776
1520530332.000491 1.127103 0.018514
1520530332.100388 1.127448 0.018289
1520530332.200392 1.127788 0.018126
1520530332.300399 1.127761 0.018014
1520530332.400401 1.128107 0.017962
1520530332.450399 1.128093 0.017938
1520530332.550483 1.127603 0.017930
1520530332.600486 1.127689 0.017931
1520530332.700489 1.128404 0.017914
1520530332.800492 1.129161 0.017862
1520530332.900164 1.130227 0.017801
1520530333.000168 1.130036 0.017741
1520530333.100171 1.130434 0.017706
1520530333.150173 1.130931 0.017697
1520530333.250175 1.131428 0.017659
1520530333.300608 1.131408 0.017626
1520530333.400612 1.132357 0.017582
1520530333.500615 1.132305 0.017534
1520530333.650619 1.132025 0.017524
1520530333.750542 1.131967 0.017508
1520530333.800544 1.131749 0.017502
1520530333.900547 1.131489 0.017491
1520530333.950549 1.131450 0.017483
1520530334.050551 1.131800 0.017440
1520530334.100216 1.132266 0.017392
1520530334.200219 1.131897 0.017273
1520530334.250221 1.132723 0.017221
1520530334.350224 1.132237 0.017134
1520530334.450227 1.132475 0.017074
1520530334.550086 1.132417 0.017022
1520530334.600088 1.132191 0.017001
1520530334.700091 1.132248 0.016975
1520530334.800094 1.132371 0.016941
1520530334.900097 1.132103 0.016901
1520530335.000929 1.131843 0.016870
1520530335.100933 1.131533 0.016860
1520530335.150934 1.131497 0.016855
1520530335.250937 1.131465 0.016845
1520530335.351457 1.131294 0.016831
1520530335.451459 1.130750 0.016822
1520530335.551462 1.130721 0.016810
1520530335.651465 1.130757 0.016802
1520530335.750223 1.130862 0.016797
1520530335.800224 1.131156 0.016793
1520530335.900227 1.131112 0.016773
1520530336.000230 1.131249 0.016753
1520530336.100233 1.131194 0.016730
1520530336.200179 1.131000 0.016699
1520530336.300182 1.131110 0.016656
1520530336.400185 1.131384 0.016600
1520530336.500188 1.131448 0.016520
1520530336.600584 1.131397 0.016442
1520530336.700586 1.131785 0.016385
1520530336.800590 1.132065 0.016344
1520530336.900594 1.132588 0.016315
1520530337.000258 1.132951 0.016299
1520530337.050259 1.133090 0.016277
1520530337.150262 1.133413 0.016215
1520530337.250265 1.133790 0.016184
1520530337.350269 1.134205 0.016161
1520530337.450303 1.134078 0.016143
1520530337.550306 1.134382 0.016140
1520530337.650309 1.134977 0.016109
1520530337.750312 1.135553 0.016044
1520530337.850855 1.136392 0.015954
1520530337.950858 1.136987 0.015858
1520530338.050862 1.137035 0.015786
1520530338.150864 1.137214 0.015743
1520530338.250473 1.137034 0.015709
1520530338.350476 1.136581 0.015689
1520530338.450479 1.136324 0.015671
1520530338.550482 1.136036 0.015652
1520530338.650261 1.136073 0.015630
1520530338.750266 1.136089 0.015608
1520530338.850267 1.135771 0.015576
1520530338.950270 1.135661 0.015553
1520530339.050959 1.135422 0.015521
1520530339.150962 1.135667 0.015498
1520530339.250965 1.135501 0.015487
1520530339.350968 1.135269 0.015472
1520530339.451687 1.134893 0.015467
1520530339.551690 1.134988 0.015462
1520530339.651693 1.134774 0.015456
1520530339.751697 1.134811 0.015444
1520530339.801698 1.135050 0.015434
1520530339.901057 1.135593 0.015422
1520530340.001061 1.135860 0.015399
1520530340.101063 1.136107 0.015386
1520530340.201067 1.136602 0.015367
1520530340.250395 1.136702 0.015353
1520530340.350399 1.136859 0.015326
1520530340.450401 1.136853 0.015289
1520530340.550404 1.137096 0.015261
1520530340.650347 1.137268 0.015236
1520530340.750350 1.137191 0.015221
1520530340.900354 1.137422 0.015212
1520530341.050774 1.137633 0.015205
1520530341.300782 1.138013 0.015187
1520530341.500713 1.138107 0.015179
1520530341.750720 1.138096 0.015165
1520530341.900542 1.138264 0.015149
1520530342.050546 1.138254 0.015131
1520530342.200551 1.138149 0.015109
1520530342.300673 1.138372 0.015091
1520530342.450678 1.139019 0.015067
1520530342.600683 1.138888 0.015032
1520530342.700643 1.138987 0.015004
1520530342.800646 1.139267 0.014968
1520530342.900649 1.139274 0.014924
1520530343.000653 1.139186 0.014856
1520530343.101131 1.139267 0.014786
1520530343.201134 1.139535 0.014707
1520530343.301138 1.139440 0.014599
1520530343.401141 1.139548 0.014504
1520530343.501404 1.139180 0.014385
1520530343.601407 1.139121 0.014279
1520530343.701410 1.139637 0.014153
1520530343.801413 1.139385 0.014001
1520530343.901416 1.139418 0.013871
1520530344.001403 1.139235 0.013729
1520530344.101406 1.139205 0.013587
1520530344.201410 1.139184 0.013459
1520530344.301413 1.139097 0.013325
1520530344.401411 1.139243 0.013223
1520530344.451412 1.139392 0.013167
1520530344.551415 1.139341 0.013058
1520530344.651418 1.139280 0.012957
1520530344.751636 1.139124 0.012862
1520530344.851639 1.139189 0.012790
1520530344.951642 1.139508 0.012723
1520530345.051645 1.139549 0.012653
1520530345.151845 1.139596 0.012590
1520530345.251745 1.139708 0.012534
1520530345.351748 1.139882 0.012492
1520530345.451751 1.140102 0.012447
1520530345.551195 1.139901 0.012404
1520530345.651198 1.139977 0.012376
1520530345.751201 1.139554 0.012335
1520530345.851204 1.139288 0.012312
1520530345.901206 1.139248 0.012296
1520530346.001475 1.139325 0.012279
1520530346.051476 1.138962 0.012260
1520530346.151479 1.139089 0.012248
1520530346.251483 1.139524 0.012234
1520530346.351486 1.139615 0.012215
1520530346.451378 1.139559 0.012201
1520530346.551380 1.139271 0.012190
1520530346.651383 1.139130 0.012181
1520530346.751386 1.138985 0.012169
1520530346.851546 1.139242 0.012163
1520530346.901548 1.139335 0.012157
1520530347.001551 1.139152 0.012150
1520530347.051553 1.139043 0.012147
1520530347.151556 1.139141 0.012142
1520530347.251402 1.139218 0.012138
1520530347.351405 1.139358 0.012133
1520530347.401407 1.139332 0.012130
1520530347.501410 1.139215 0.012124
1520530347.601218 1.138996 0.012120
1520530347.701222 1.138779 0.012117
1520530347.801224 1.138813 0.012115
1520530347.901227 1.138867 0.012113
1520530348.001163 1.138892 0.012106
1520530348.101166 1.138906 0.012108
1520530348.201169 1.138798 0.012104
1520530348.301184 1.138706 0.012103
1520530348.401175 1.138608 0.012102
1520530348.501419 1.138690 0.012100
1520530348.601422 1.138668 0.012100
1520530348.651423 1.138778 0.012098
1520530348.751426 1.138678 0.012099
1520530348.801428 1.138673 0.012099
1520530348.901315 1.138496 0.012098
1520530348.951318 1.138555 0.012098
1520530349.051321 1.138664 0.012097
1520530349.101323 1.138725 0.012096
1520530349.201326 1.138746 0.012096
1520530349.301107 1.138730 0.012097
1520530349.401110 1.138746 0.012096
1520530349.451112 1.138733 0.012096
1520530349.551115 1.138696 0.012095
1520530349.650935 1.138777 0.012095
1520530349.750943 1.138790 0.012095
1520530349.800940 1.138756 0.012094
1520530349.900986 1.138729 0.012094
1520530350.000946 1.138783 0.012093
1520530350.101378 1.138780 0.012092
1520530350.151379 1.138812 0.012092
1520530350.251384 1.138848 0.012091
1520530350.351387 1.138936 0.012090
1520530350.451515 1.138990 0.012090
1520530350.501516 1.138999 0.012088
1520530350.601520 1.139038 0.012088
1520530350.701523 1.139129 0.012087
1520530350.801526 1.139146 0.012087
1520530350.901571 1.139164 0.012086
1520530351.001574 1.139107 0.012084
1520530351.101578 1.139166 0.012084
1520530351.151579 1.139221 0.012083
1520530351.251582 1.139316 0.012082
1520530351.351680 1.139370 0.012081
1520530351.451683 1.139412 0.012080
1520530351.551686 1.139452 0.012079
1520530351.651689 1.139414 0.012078
1520530351.751696 1.139487 0.012077
1520530351.851700 1.139497 0.012076
1520530351.951703 1.139488 0.012075
1520530352.051706 1.139439 0.012073
1520530352.151806 1.139412 0.012074
1520530352.251809 1.139500 0.012072
1520530352.351812 1.139553 0.012072
1520530352.451816 1.139619 0.012072
1520530352.551471 1.139629 0.012071
1520530352.651474 1.139589 0.012068
1520530352.751477 1.139596 0.012070
1520530352.851480 1.139715 0.012068
1520530352.951099 1.139662 0.012066
1520530353.051102 1.139606 0.012066
1520530353.101208 1.139578 0.012066
1520530353.201107 1.139542 0.012066
1520530353.301110 1.139564 0.012066
1520530353.351398 1.139491 0.012065
1520530353.451401 1.139585 0.012065
1520530353.551404 1.139733 0.012065
1520530353.651407 1.139762 0.012064
1520530353.751736 1.139859 0.012063
1520530353.851739 1.139762 0.012063
1520530353.951742 1.139703 0.012062
1520530354.001744 1.139720 0.012062
1520530354.101747 1.139634 0.012061
1520530354.201897 1.139878 0.012061
1520530354.301900 1.139756 0.012061
1520530354.401904 1.139649 0.012059
1520530354.501907 1.139584 0.012060
1520530354.551594 1.139613 0.012059
1520530354.651595 1.139674 0.012059
1520530354.751597 1.139700 0.012058
1520530354.851600 1.139704 0.012058
1520530354.951359 1.139779 0.012057
1520530355.051362 1.139718 0.012055
1520530355.151365 1.139614 0.012055
1520530355.251368 1.139611 0.012056
1520530355.351371 1.139644 0.012056
1520530355.451408 1.139615 0.012056
1520530355.551411 1.139620 0.012054
1520530355.651416 1.139621 0.012054
1520530355.751418 1.139660 0.012053
1520530355.851533 1.139704 0.012054
1520530355.951536 1.139685 0.012054
1520530356.001537 1.139683 0.012054
1520530356.101541 1.139653 0.012054
1520530356.201376 1.139689 0.012053
1520530356.301379 1.139711 0.012052
1520530356.401382 1.139880 0.012052
1520530356.501385 1.139754 0.012053
1520530356.601233 1.139668 0.012052
1520530356.701236 1.139635 0.012053
1520530356.751237 1.139657 0.012052
1520530356.851240 1.139741 0.012052
1520530356.951243 1.139808 0.012052
1520530357.051154 1.139774 0.012052
1520530357.151157 1.139758 0.012052
1520530357.251160 1.139764 0.012051
1520530357.301162 1.139793 0.012051
1520530357.401658 1.139705 0.012051
1520530357.501662 1.139747 0.012051
1520530357.551663 1.139728 0.012051
1520530357.651666 1.139776 0.012051
1520530357.751669 1.139808 0.012050
1520530357.851585 1.139839 0.012049
1520530357.951560 1.139835 0.012050
1520530358.001562 1.139850 0.012050
1520530358.101565 1.139800 0.012050
1520530358.201568 1.139745 0.012049
1520530358.301626 1.139744 0.012049
1520530358.401629 1.139809 0.012049
1520530358.501632 1.139827 0.012048
1520530358.601636 1.139771 0.012048
1520530358.701800 1.139809 0.012048
1520530358.801803 1.139815 0.012048
1520530358.901806 1.139859 0.012048
1520530359.001810 1.139813 0.012048
1520530359.101811 1.139806 0.012048
1520530359.201810 1.139782 0.012047
1520530359.301813 1.139754 0.012047
1520530359.401817 1.139787 0.012047
1520530359.501870 1.139817 0.012046
1520530359.601873 1.139831 0.012046
1520530359.701876 1.139745 0.012046
1520530359.801879 1.139793 0.012046
1520530359.901826 1.139842 0.012046
1520530360.001829 1.140025 0.012045
1520530360.101832 1.140041 0.012045
1520530360.201836 1.140103 0.012043
1520530360.301316 1.140144 0.012043
1520530360.351317 1.139918 0.012045
1520530360.451321 1.139998 0.012045
1520530360.551324 1.139997 0.012044
1520530360.651327 1.139996 0.012044
1520530360.700978 1.140071 0.012045
1520530360.800981 1.140052 0.012044
1520530360.900984 1.140178 0.012043
1520530361.000988 1.140136 0.012044
1520530361.101044 1.140438 0.012041
1520530361.201047 1.140414 0.012042
1520530361.301050 1.140287 0.012043
1520530361.401053 1.140288 0.012043
1520530361.501690 1.140249 0.012043
1520530361.551692 1.140294 0.012042
1520530361.651695 1.140211 0.012040
1520530361.751698 1.140163 0.012042
1520530361.801700 1.140249 0.012042
1520530361.901939 1.140251 0.012043
1520530361.951941 1.140233 0.012043
1520530362.051944 1.140364 0.012042
1520530362.151947 1.140316 0.012042
1520530362.251950 1.140408 0.012042
1520530362.351623 1.139951 0.012041
1520530362.451626 1.140590 0.012040
1520530362.551629 1.140734 0.012040
1520530362.651727 1.140750 0.012039
1520530362.751364 1.140938 0.012037
1520530362.851367 1.140731 0.012035
1520530362.951370 1.140702 0.012038
1520530363.051374 1.140689 0.012038
1520530363.151650 1.140674 0.012036
1520530363.251653 1.140673 0.012036
1520530363.351656 1.140705 0.012037
1520530363.451659 1.140872 0.012037
1520530363.501661 1.140888 0.012036
1520530363.601746 1.141035 0.012036
1520530363.651748 1.140685 0.012036
1520530363.751751 1.140856 0.012037
1520530363.851754 1.140933 0.012036
1520530363.901756 1.140893 0.012036
1520530364.001782 1.141092 0.012035
1520530364.051784 1.140948 0.012033
1520530364.151786 1.141066 0.012033
1520530364.201788 1.141020 0.012034
1520530364.301791 1.141036 0.012035
1520530364.351792 1.141021 0.012035
1520530364.451854 1.140938 0.012034
1520530364.501856 1.140930 0.012034
1520530364.601859 1.140951 0.012034
1520530364.651861 1.140880 0.012036
1520530364.751864 1.140902 0.012036
1520530364.852377 1.140884 0.012036
1520530364.952380 1.140883 0.012035
1520530365.052383 1.140880 0.012035
1520530365.201844 1.140947 0.012036
1520530365.301847 1.140933 0.012035
1520530365.401850 1.140967 0.012035
1520530365.501853 1.141027 0.012035
1520530365.551855 1.141024 0.012035
1520530365.651537 1.141025 0.012033
1520530365.751540 1.141012 0.012033
1520530365.851543 1.140957 0.012034
1520530365.951546 1.140920 0.012034
1520530366.001907 1.140958 0.012034
1520530366.101910 1.140932 0.012033
1520530366.151911 1.140907 0.012033
1520530366.251915 1.140916 0.012034
1520530366.301916 1.140909 0.012033
1520530366.402120 1.140894 0.012033
1520530366.502124 1.140933 0.012033
1520530366.602127 1.140972 0.012033
1520530366.652128 1.140981 0.012033
1520530366.752132 1.141013 0.012033
1520530366.802133 1.141026 0.012032
1520530366.902167 1.140982 0.012033
1520530366.952169 1.140963 0.012032
1520530367.052172 1.140956 0.012033
1520530367.102178 1.140964 0.012032
1520530367.202177 1.141014 0.012033
1520530367.302541 1.140965 0.012032
1520530367.402544 1.140999 0.012032
1520530367.502548 1.140957 0.012032
1520530367.652264 1.141040 0.012033
1520530367.752267 1.141073 0.012032
1520530367.852271 1.141091 0.012032
1520530367.952274 1.141080 0.012031
1520530368.052124 1.141066 0.012031
1520530368.152127 1.141014 0.012031
1520530368.252130 1.140965 0.012031
1520530368.352134 1.141018 0.012031
1520530368.402135 1.141112 0.012031
1520530368.502050 1.141092 0.012031
1520530368.552051 1.141066 0.012031
1520530368.652054 1.141048 0.012031
1520530368.702056 1.141067 0.012031
1520530368.802058 1.141182 0.012031
1520530368.901391 1.141091 0.012029
1520530368.951392 1.141063 0.012031
1520530369.051395 1.141058 0.012027
1520530369.101397 1.141078 0.012031
1520530369.201400 1.140985 0.012031
1520530369.251401 1.141019 0.012031
1520530369.351538 1.141076 0.012031
1520530369.451542 1.141136 0.012031
1520530369.551545 1.141123 0.012031
1520530369.601546 1.141133 0.012031
1520530369.701896 1.141109 0.012031
1520530369.801900 1.141069 0.012030
1520530369.901903 1.141101 0.012031
1520530370.001906 1.141020 0.012030
1520530370.151931 1.141049 0.012031
1520530370.301935 1.141104 0.012031
1520530370.501883 1.141168 0.012031
1520530370.701889 1.141173 0.012030
1520530370.901941 1.141062 0.012028
1520530371.051946 1.141077 0.012029
1520530371.151949 1.141083 0.012030
1520530371.301953 1.141101 0.012030
1520530371.401953 1.141098 0.012029
1520530371.501956 1.141138 0.012030
1520530371.651961 1.141121 0.012030
1520530371.801961 1.141092 0.012030
1520530371.901964 1.141073 0.012030
1520530372.001968 1.141072 0.012029
1520530372.101971 1.141098 0.012028
1520530372.201977 1.141130 0.012028
1520530372.351961 1.141183 0.012030
1520530372.501966 1.141239 0.012029
1520530372.601958 1.141188 0.012030
1520530372.701961 1.141149 0.012029
1520530372.801964 1.141091 0.012029
1520530372.901967 1.141191 0.012028
1520530373.001619 1.141151 0.012029
1520530373.201626 1.141228 0.012029
1520530373.301629 1.141167 0.012029
1520530373.401458 1.141119 0.012029
1520530373.451460 1.141054 0.012029
1520530373.551463 1.141066 0.012029
1520530373.601465 1.141053 0.012029
1520530373.701467 1.141138 0.012029
1520530373.751469 1.141139 0.012029
1520530373.851583 1.141082 0.012029
1520530373.951586 1.141050 0.012029
1520530374.051589 1.141096 0.012029
1520530374.151592 1.141074 0.012029
1520530374.201953 1.141098 0.012029
1520530374.301956 1.141132 0.012027
1520530374.401959 1.141153 0.012028
1520530374.501962 1.141113 0.012029
1520530374.652408 1.141174 0.012029
1520530374.802413 1.141193 0.012029
1520530374.902417 1.141236 0.012028
1520530375.002442 1.141257 0.012028
1520530375.102445 1.141351 0.012028
1520530375.202449 1.141248 0.012028
1520530375.302452 1.141223 0.012028
1520530375.402252 1.141203 0.012028
1520530375.502216 1.141219 0.012028
1520530375.602219 1.141265 0.012028
1520530375.652220 1.141232 0.012028
1520530375.752223 1.141166 0.012028
1520530375.802225 1.141149 0.012027
1520530375.902259 1.141110 0.012027
1520530376.002262 1.141236 0.012028
1520530376.102265 1.141323 0.012028
1520530376.202270 1.141296 0.012028
1520530376.251950 1.141253 0.012026
1520530376.351954 1.141270 0.012027
1520530376.451957 1.141279 0.012028
1520530376.551960 1.141298 0.012027
1520530376.601961 1.141322 0.012028
1520530376.702664 1.141326 0.012028
1520530376.752666 1.141332 0.012028
1520530376.852669 1.141297 0.012027
1520530376.902671 1.141264 0.012027
1520530377.002721 1.141232 0.012028
1520530377.102900 1.141254 0.012028
1520530377.202903 1.141220 0.012028
1520530377.302906 1.141304 0.012028
1520530377.402909 1.141319 0.012028
1520530377.451719 1.141419 0.012027
1520530377.551722 1.141318 0.012026
1520530377.651725 1.141359 0.012028
1520530377.751728 1.141406 0.012026
1520530377.851407 1.141385 0.012027
1520530377.901409 1.141286 0.012028
1520530378.001412 1.141306 0.012027
1520530378.101416 1.141272 0.012027
1520530378.201419 1.141340 0.012028
1520530378.251420 1.141367 0.012027
1520530378.351513 1.141249 0.012027
1520530378.401515 1.141214 0.012025
1520530378.501517 1.141294 0.012026
1520530378.551519 1.141301 0.012028
1520530378.651522 1.141364 0.012028
1520530378.702209 1.141438 0.012027
1520530378.802212 1.141380 0.012027
1520530378.902215 1.141319 0.012027
1520530379.002218 1.141292 0.012027
1520530379.102149 1.141316 0.012028
1520530379.202152 1.141354 0.012027
1520530379.252154 1.141311 0.012027
1520530379.352157 1.141304 0.012028
1520530379.452160 1.141305 0.012028
1520530379.551852 1.141301 0.012027
1520530379.651855 1.141267 0.012027
1520530379.751858 1.141284 0.012027
1520530379.851861 1.141280 0.012027
1520530379.951826 1.141285 0.012027
1520530380.051829 1.141301 0.012027
1520530380.151832 1.141351 0.012027
1520530380.251835 1.141343 0.012027
1520530380.352160 1.141086 0.012027
1520530380.452163 1.141321 0.012027
1520530380.552166 1.141408 0.012026
1520530380.652170 1.141367 0.012026
1520530380.752135 1.141361 0.012026
1520530380.852138 1.141571 0.012027
1520530380.902139 1.141384 0.012026
1520530381.002143 1.141307 0.012026
1520530381.052144 1.141267 0.012026
1520530381.152048 1.141391 0.012027
1520530381.252051 1.141317 0.012026
1520530381.352054 1.141247 0.012026
1520530381.452057 1.141222 0.012027
1520530381.552262 1.141194 0.012027
1520530381.652265 1.141224 0.012027
1520530381.752268 1.141219 0.012027
1520530381.852271 1.141233 0.012026
1520530381.952332 1.141260 0.012027
1520530382.052335 1.141255 0.012027
1520530382.152338 1.141201 0.012027
1520530382.252342 1.141226 0.012026
1520530382.352159 1.141238 0.012026
1520530382.452162 1.141245 0.012027
1520530382.552165 1.141257 0.012026
1520530382.652168 1.141288 0.012027
1520530382.752171 1.141295 0.012027
1520530382.852246 1.141413 0.012027
1520530382.952249 1.141278 0.012027
1520530383.052252 1.141295 0.012027
1520530383.202206 1.141338 0.012027
1520530383.302209 1.141305 0.012027
1520530383.402267 1.141289 0.012027
1520530383.502216 1.141301 0.012027
1520530383.602472 1.141297 0.012027
1520530383.702475 1.141270 0.012027
1520530383.802478 1.141319 0.012027
1520530383.902481 1.141341 0.012028
1520530384.002530 1.141377 0.012027
1520530384.102533 1.141860 0.012028
1520530384.202536 1.141970 0.012027
1520530384.252537 1.141809 0.012026
1520530384.352541 1.141888 0.012027
1520530384.452434 1.141704 0.012025
1520530384.552437 1.141577 0.012026
1520530384.652440 1.141556 0.012026
1520530384.752443 1.141537 0.012027
1520530384.802857 1.141420 0.012027
1520530384.902860 1.141482 0.012026
1520530384.952861 1.141468 0.012027
1520530385.052864 1.141482 0.012027
1520530385.102866 1.141422 0.012027
1520530385.202869 1.141429 0.012027
1520530385.252705 1.141395 0.012027
1520530385.352709 1.141470 0.012027
1520530385.402710 1.141474 0.012027
1520530385.502713 1.141506 0.012027
1520530385.552715 1.141452 0.012027
1520530385.652486 1.141420 0.012027
1520530385.752489 1.141389 0.012027
1520530385.802491 1.141401 0.012027
1520530385.902494 1.141412 0.012027
1520530385.952497 1.141394 0.012027
1520530386.052544 1.141387 0.012027
1520530386.152547 1.141387 0.012027
1520530386.252550 1.141393 0.012027
1520530386.352553 1.141377 0.012027
1520530386.452758 1.141390 0.012027
1520530386.552761 1.141418 0.012027
1520530386.652764 1.141440 0.012027
1520530386.752767 1.141395 0.012027
1520530386.852674 1.141389 0.012027
1520530386.952678 1.141370 0.012027
1520530387.052681 1.141379 0.012027
1520530387.152684 1.141392 0.012027
1520530387.252606 1.141391 0.012027
1520530387.352609 1.141394 0.012027
1520530387.402611 1.141320 0.012027
1520530387.502614 1.141433 0.012027
1520530387.602617 1.141492 0.012026
1520530387.652619 1.141472 0.012025
1520530387.752459 1.141513 0.012027
1520530387.802460 1.141458 0.012027
1520530387.902463 1.141461 0.012027
1520530387.952465 1.141409 0.012027
1520530388.052468 1.141422 0.012026
1520530388.102494 1.141397 0.012027
1520530388.202544 1.141466 0.012026
1520530388.252499 1.141407 0.012027
1520530388.352502 1.141380 0.012027
1520530388.452505 1.141365 0.012027
1520530388.552854 1.141354 0.012027
1520530388.702858 1.141435 0.012026
1520530388.802861 1.141418 0.012027
1520530388.902233 1.141422 0.012027
1520530388.952235 1.141383 0.012026
1520530389.052238 1.141368 0.012027
1520530389.152242 1.141396 0.012027
1520530389.252245 1.141348 0.012027
1520530389.352936 1.141403 0.012027
1520530389.402938 1.141418 0.012027
1520530389.502940 1.141465 0.012027
1520530389.602943 1.141361 0.012027
1520530389.702846 1.141249 0.012025
1520530389.753403 1.141549 0.012027
1520530389.853406 1.141574 0.012027
1520530389.903408 1.141479 0.012027
1520530390.003411 1.141463 0.012027
1520530390.053412 1.141300 0.012024
1520530390.152569 1.141433 0.012027
1520530390.202569 1.141406 0.012026
1520530390.302572 1.141449 0.012027
1520530390.352575 1.141424 0.012027
1520530390.452578 1.141376 0.012027
1520530390.502578 1.141376 0.012027
1520530390.603326 1.141404 0.012027
1520530390.653327 1.141484 0.012027
1520530390.753331 1.141398 0.012027
1520530390.803333 1.141356 0.012027
1520530390.903336 1.141358 0.012027
1520530390.953379 1.141347 0.012027
1520530391.053383 1.141375 0.012027
1520530391.153385 1.141414 0.012027
1520530391.253388 1.141442 0.012027
1520530391.352333 1.141457 0.012026
1520530391.452336 1.141406 0.012027
1520530391.552339 1.141381 0.012027
1520530391.652342 1.141361 0.012027
1520530391.752424 1.141390 0.012027
1520530391.902429 1.141357 0.012027
1520530392.002432 1.141423 0.012027
1520530392.102435 1.141505 0.012027
1520530392.152436 1.141494 0.012026
1520530392.253143 1.141583 0.012027
1520530392.303145 1.141437 0.012027
1520530392.403148 1.141359 0.012027
1520530392.453150 1.141365 0.012027
1520530392.553153 1.141326 0.012027
1520530392.652236 1.141239 0.012026
1520530392.752239 1.141271 0.012027
1520530392.852242 1.141318 0.012027
1520530392.902243 1.141362 0.012026
1520530393.002174 1.141318 0.012027
1520530393.102156 1.141422 0.012026
1520530393.202159 1.141419 0.012027
1520530393.302161 1.141408 0.012027
1520530393.402921 1.141548 0.012027
1520530393.502924 1.141501 0.012027
1520530393.552926 1.141495 0.012027
1520530393.652929 1.141448 0.012027
1520530393.702931 1.141408 0.012025
1520530393.802958 1.141375 0.012027
1520530393.902961 1.141408 0.012027
1520530394.052965 1.141964 0.011988
1520530394.152969 1.141353 0.012026
1520530394.202165 1.141425 0.012027
1520530394.302169 1.141352 0.012027
1520530394.402172 1.141305 0.012026
1520530394.502175 1.141332 0.012027
1520530394.602189 1.141346 0.012027
1520530394.652876 1.141456 0.012024
1520530394.752879 1.141427 0.012025
1520530394.852882 1.141434 0.012027
1520530394.952885 1.141393 0.012027
1520530395.053731 1.141401 0.012027
1520530395.103732 1.141377 0.012025
1520530395.203735 1.141434 0.012027
1520530395.303738 1.141485 0.012028
1520530395.403742 1.141443 0.012026
1520530395.502707 1.141360 0.012027
1520530395.602710 1.141335 0.012027
1520530395.702713 1.141345 0.012027
1520530395.853078 1.141502 0.012026
1520530395.953081 1.141478 0.012026
1520530396.053084 1.141442 0.012027
1520530396.153087 1.141382 0.012027
1520530396.203089 1.141332 0.012027
1520530396.303237 1.141319 0.012027
1520530396.353238 1.141306 0.012026
1520530396.453241 1.141353 0.012027
1520530396.553244 1.141329 0.012027
1520530396.603246 1.141323 0.012027
1520530396.703145 1.141318 0.012027
1520530396.803148 1.141358 0.012027
1520530396.903152 1.141386 0.012027
1520530397.003155 1.141328 0.012027
1520530397.102782 1.141374 0.012027
1520530397.202785 1.141319 0.012027
1520530397.302788 1.141328 0.012025
1520530397.402791 1.141370 0.012027
1520530397.502304 1.141369 0.012025
1520530397.602308 1.141382 0.012026
1520530397.652309 1.141336 0.012025
1520530397.752312 1.141426 0.012027
1520530397.852315 1.141322 0.012025
1520530397.952586 1.141390 0.012026
1520530398.052589 1.141365 0.012026
1520530398.152592 1.141336 0.012027
1520530398.252596 1.141293 0.012027
1520530398.303365 1.141243 0.012027
1520530398.403368 1.141446 0.012028
1520530398.453370 1.141432 0.012028
1520530398.553373 1.141467 0.012028
1520530398.603375 1.141462 0.012028
1520530398.703221 1.141462 0.012028
1520530398.753223 1.141351 0.012028
1520530398.853226 1.141281 0.012027
1520530398.903227 1.141233 0.012027
1520530399.003230 1.141299 0.012027
1520530399.053232 1.141250 0.012026
1520530399.152330 1.141352 0.012023
1520530399.202332 1.141275 0.012025
1520530399.302335 1.141303 0.012026
1520530399.352336 1.141338 0.012027
1520530399.452339 1.141331 0.012027
1520530399.502341 1.141329 0.012026
1520530399.603008 1.141379 0.012026
1520530399.703011 1.141430 0.012026
1520530399.803014 1.141408 0.012027
1520530399.903017 1.141397 0.012027
1520530399.953275 1.141316 0.012027
1520530400.053278 1.141312 0.012027
1520530400.103279 1.141268 0.012027
1520530400.203283 1.141345 0.012027
1520530400.253284 1.141358 0.012027
1520530400.352494 1.141353 0.012027
1520530400.402496 1.141358 0.012026
1520530400.502500 1.141331 0.012026
1520530400.602502 1.141363 0.012026
1520530400.702505 1.141393 0.012024
1520530400.752291 1.141364 0.012026
1520530400.852294 1.141382 0.012027
1520530400.952297 1.141290 0.012025
1520530401.002299 1.141318 0.012026
1520530401.102302 1.141354 0.012027
1520530401.152303 1.141301 0.012027
1520530401.252756 1.141338 0.012027
1520530401.302758 1.141361 0.012027
1520530401.402761 1.141414 0.012027
1520530401.452763 1.141405 0.012027
1520530401.552766 1.141395 0.012027
1520530401.653039 1.141448 0.012026
1520530401.753042 1.141439 0.012027
1520530401.853045 1.141397 0.012027
1520530401.953048 1.141305 0.012027
1520530402.002281 1.141302 0.012027
1520530402.102285 1.141328 0.012027
1520530402.152286 1.141330 0.012027
1520530402.252289 1.141303 0.012027
1520530402.302290 1.141305 0.012027
1520530402.402567 1.141297 0.012026
1520530402.452569 1.141329 0.012027
1520530402.552572 1.141324 0.012027
1520530402.652672 1.141315 0.012026
1520530402.752578 1.141268 0.012026
1520530402.803416 1.141247 0.012025
1520530402.903419 1.141282 0.012026
1520530402.953420 1.141314 0.012027
1520530403.053424 1.141384 0.012027
1520530403.103425 1.141358 0.012027
1520530403.202933 1.141399 0.012027
1520530403.302936 1.141396 0.012026
1520530403.402940 1.141248 0.012027
1520530403.452941 1.141088 0.012026
1520530403.552945 1.141003 0.012027
1520530403.602946 1.141059 0.012025
1520530403.702256 1.141263 0.012026
1520530403.752257 1.141358 0.012025
1520530403.852261 1.141307 0.012026
1520530403.902261 1.141275 0.012026
1520530404.002264 1.141449 0.012025
1520530404.052745 1.141396 0.012026
1520530404.152748 1.141337 0.012027
1520530404.202749 1.141330 0.012026
1520530404.302752 1.141357 0.012027
1520530404.402755 1.141343 0.012026
1520530404.503114 1.141144 0.012027
1520530404.553115 1.141332 0.012026
1520530404.653119 1.141327 0.012026
1520530404.703120 1.141324 0.012027
1520530404.803123 1.141312 0.012026
1520530404.852642 1.141320 0.012026
1520530404.952645 1.141319 0.012027
1520530405.002647 1.141344 0.012027
1520530405.102650 1.141330 0.012027
1520530405.202653 1.141309 0.012026
1520530405.252327 1.141307 0.012026
1520530405.352331 1.141346 0.012027
1520530405.402333 1.141361 0.012026
1520530405.502335 1.141330 0.012027
1520530405.552337 1.141346 0.012026
1520530405.652792 1.141363 0.012026
1520530405.702792 1.141335 0.012026
1520530405.802797 1.141321 0.012027
1520530405.852855 1.141316 0.012026
1520530405.952801 1.141303 0.012026
1520530406.052804 1.141311 0.012027
1520530406.103570 1.141347 0.012026
1520530406.203573 1.141324 0.012026
1520530406.253574 1.141303 0.012026
1520530406.353577 1.141338 0.012026
1520530406.403579 1.141341 0.012026
1520530406.503485 1.141414 0.012026
1520530406.603489 1.141428 0.012026
1520530406.703492 1.141448 0.012026
1520530406.803495 1.141382 0.012026
1520530406.902692 1.141326 0.012027
1520530406.952693 1.141262 0.012026
1520530407.052696 1.141254 0.012025
1520530407.102698 1.141294 0.012026
1520530407.202701 1.141527 0.012025
1520530407.252702 1.141528 0.012023
1520530407.353185 1.141478 0.012026
1520530407.403187 1.141358 0.012026
1520530407.503190 1.141292 0.012026
1520530407.553191 1.141303 0.012026
1520530407.653194 1.141306 0.012026
1520530407.703510 1.141301 0.012026
1520530407.803513 1.141341 0.012026
1520530407.853515 1.141338 0.012026
1520530407.953518 1.141335 0.012026
1520530408.003519 1.141331 0.012026
1520530408.103522 1.141343 0.012026
1520530408.153603 1.141432 0.012026
1520530408.253606 1.141318 0.012026
1520530408.353609 1.141323 0.012026
1520530408.453613 1.141323 0.012026
1520530408.553374 1.141293 0.012026
1520530408.653377 1.141243 0.012025
1520530408.753380 1.141235 0.012026
1520530408.853383 1.141236 0.012025
1520530408.952878 1.141249 0.012025
1520530409.052890 1.141266 0.012025
1520530409.152884 1.141256 0.012024
1520530409.252887 1.141252 0.012025
1520530409.352902 1.141258 0.012026
1520530409.452906 1.141339 0.012025
1520530409.552909 1.141606 0.012025
1520530409.652912 1.141882 0.012025
1520530409.752654 1.141536 0.012026
1520530409.802656 1.141449 0.012025
1520530409.902659 1.141318 0.012026
1520530410.002662 1.141307 0.012026
1520530410.102666 1.141316 0.012025
1520530410.203224 1.141334 0.012025
1520530410.303227 1.141358 0.012026
1520530410.403230 1.141334 0.012026
1520530410.503232 1.141331 0.012026
1520530410.603875 1.141296 0.012026
1520530410.703878 1.141352 0.012026
1520530410.803881 1.141237 0.012025
1520530410.903884 1.141284 0.012026
1520530411.003418 1.141295 0.012026
1520530411.103421 1.141346 0.012025
1520530411.253426 1.141385 0.012026
1520530411.403009 1.141327 0.012026
1520530411.453010 1.141257 0.012025
1520530411.553013 1.141307 0.012026
1520530411.653017 1.141311 0.012025
1520530411.753020 1.141305 0.012025
1520530411.852907 1.141311 0.012026
1520530411.902909 1.141300 0.012026
1520530412.002912 1.141313 0.012026
1520530412.052913 1.141296 0.012026
1520530412.152916 1.141298 0.012026
1520530412.203416 1.141339 0.012026
1520530412.303419 1.141303 0.012026
1520530412.403422 1.141405 0.012025
1520530412.503425 1.141350 0.012026
1520530412.603428 1.141321 0.012026
1520530412.703631 1.141372 0.012026
1520530412.803634 1.141367 0.012026
1520530412.853636 1.141358 0.012026
1520530412.953639 1.141414 0.012026
1520530413.003641 1.141254 0.012026
1520530413.103011 1.141260 0.012025
1520530413.153012 1.141306 0.012026
1520530413.253016 1.141439 0.012026
1520530413.353019 1.141390 0.012025
1520530413.452940 1.141355 0.012026
1520530413.552943 1.141317 0.012026
1520530413.652946 1.141273 0.012026
1520530413.853107 1.141318 0.012026
1520530413.953110 1.141374 0.012026
1520530414.053113 1.141332 0.012025
1520530414.153116 1.141355 0.012026
1520530414.252894 1.141376 0.012026
1520530414.352897 1.141343 0.012026
1520530414.452900 1.141326 0.012026
1520530414.552903 1.141297 0.012027
1520530414.652705 1.141475 0.012026
1520530414.752708 1.141432 0.012026
1520530414.852712 1.141353 0.012025
1520530414.952715 1.141279 0.012026
1520530415.052718 1.141320 0.012025
1520530415.153197 1.141300 0.012026
1520530415.253200 1.141282 0.012026
1520530415.353203 1.141315 0.012026
1520530415.453206 1.141324 0.012026
1520530415.553069 1.141315 0.012026
1520530415.653072 1.141292 0.012024
1520530415.803077 1.141304 0.012025
1520530415.953363 1.141334 0.012025
1520530416.153369 1.141300 0.012026
1520530416.503381 1.141388 0.012024
1520530416.603384 1.141352 0.012026
1520530416.703272 1.141380 0.012025
1520530416.753274 1.141336 0.012025
1520530416.853277 1.141320 0.012026
1520530416.953280 1.141325 0.012026
1520530417.053283 1.141310 0.012026
1520530417.153371 1.141327 0.012025
1520530417.253374 1.141358 0.012026
1520530417.553464 1.141295 0.012026
1520530417.653467 1.141308 0.012026
1520530417.753470 1.141356 0.012024
1520530417.853473 1.141427 0.012025
1520530417.953455 1.141339 0.012026
1520530418.053458 1.141305 0.012026
1520530418.153462 1.141306 0.012025
1520530418.253465 1.141309 0.012026
1520530418.403432 1.141344 0.012025
1520530418.553437 1.141373 0.012025
1520530418.703442 1.141290 0.012025
1520530418.803345 1.141255 0.012025
1520530418.903348 1.141266 0.012025
1520530419.003351 1.141270 0.012023
1520530419.103354 1.141284 0.012025
1520530419.203534 1.141256 0.012024
1520530419.303537 1.141295 0.012024
1520530419.403541 1.141296 0.012025
1520530419.553545 1.141275 0.012025
1520530419.703733 1.141290 0.012025
1520530419.803736 1.141252 0.012025
1520530419.903739 1.141236 0.012024
1520530420.003597 1.141255 0.012024
1520530420.103600 1.141283 0.012025
1520530420.203604 1.141272 0.012025
1520530420.253605 1.141302 0.012024
1520530420.353608 1.141403 0.012025
1520530420.453700 1.141347 0.012025
1520530420.553704 1.141366 0.012024
1520530420.703708 1.141377 0.012025
1520530420.803356 1.141290 0.012025
1520530420.903359 1.141272 0.012024
1520530421.003363 1.141261 0.012023
1520530421.103366 1.141278 0.012020
1520530421.203429 1.141188 0.012022
1520530421.303432 1.141285 0.012022
1520530421.403435 1.141329 0.012022
1520530421.503439 1.141286 0.012024
1520530421.603611 1.141314 0.012024
1520530421.703614 1.141307 0.012025
1520530421.803617 1.141282 0.012025
1520530421.953693 1.141329 0.012025
1520530422.053472 1.141296 0.012025
1520530422.153476 1.141304 0.012025
1520530422.253479 1.141256 0.012025
1520530422.353482 1.141269 0.012025
1520530422.453395 1.141300 0.012024
1520530422.503396 1.141266 0.012024
1520530422.603400 1.141222 0.012024
1520530422.703403 1.141253 0.012025
1520530422.803406 1.141290 0.012024
1520530422.903583 1.141267 0.012025
1520530423.053588 1.141330 0.012025
1520530423.153591 1.141315 0.012025
1520530423.253316 1.141285 0.012025
1520530423.303317 1.141293 0.012024
1520530423.403322 1.141298 0.012025
1520530423.503324 1.141315 0.012025
1520530423.603327 1.141310 0.012025
1520530423.702985 1.141314 0.012025
1520530423.752986 1.141339 0.012025
1520530423.852990 1.141298 0.012025
1520530423.902991 1.141318 0.012025
1520530424.002994 1.141319 0.012025
1520530424.052950 1.141315 0.012025
1520530424.153255 1.141310 0.012025
1520530424.253258 1.141320 0.012025
1520530424.353261 1.142073 0.011991
1520530424.403263 1.141324 0.012025
1520530424.504722 1.141881 0.012025
1520530424.554724 1.141428 0.012026
1520530424.654727 1.141360 0.012025
1520530424.754730 1.141352 0.012026
1520530424.854733 1.141924 0.011984
1520530424.953377 1.141337 0.012024
1520530425.053379 1.141370 0.012025
1520530425.153383 1.141346 0.012025
1520530425.253385 1.141417 0.012009
1520530425.353734 1.141319 0.012023
1520530425.453737 1.141327 0.012025
1520530425.603741 1.141426 0.012025
1520530425.653743 1.141345 0.012026
1520530425.753677 1.141437 0.012025
1520530425.803679 1.141409 0.012024
1520530425.903682 1.141448 0.012022
1520530426.003685 1.141426 0.012025
1520530426.103474 1.141451 0.012026
1520530426.153475 1.141426 0.012025
1520530426.253478 1.141362 0.012025
1520530426.303480 1.141316 0.012024
1520530426.403483 1.141337 0.012024
1520530426.453484 1.141352 0.012024
1520530426.553551 1.141372 0.012025
1520530426.703556 1.141487 0.012025
1520530426.753558 1.141437 0.012025
1520530426.853560 1.141421 0.012025
1520530426.903562 1.141369 0.012024
1520530427.003600 1.141370 0.012025
1520530427.103603 1.141369 0.012025
1520530427.203606 1.141363 0.012025
1520530427.303609 1.141355 0.012025
1520530427.403594 1.141340 0.012025
1520530427.503597 1.141345 0.012025
1520530427.803679 1.141494 0.012025
1520530427.903683 1.141511 0.012025
1520530427.953684 1.141487 0.012025
1520530428.053687 1.141492 0.012025
1520530428.103692 1.141432 0.012025
1520530428.203537 1.141379 0.012025
1520530428.253538 1.141383 0.012025
1520530428.353542 1.141366 0.012025
1520530428.403618 1.141374 0.012025
1520530428.503546 1.141356 0.012025
1520530428.553451 1.141348 0.012025
1520530428.653454 1.141342 0.012025
1520530428.703455 1.141335 0.012025
1520530428.803458 1.141332 0.012025
1520530428.853460 1.141392 0.012025
1520530428.953463 1.141480 0.012025
1520530429.003444 1.141592 0.012025
1520530429.103447 1.141613 0.012025
1520530429.153448 1.141602 0.012025
1520530429.253451 1.141536 0.012025
1520530429.303453 1.141382 0.012025
1520530429.403551 1.141404 0.012025
1520530429.453553 1.141432 0.012025
1520530429.553556 1.141472 0.012025
1520530429.603558 1.141473 0.012025
1520530429.703560 1.141423 0.012025
1520530429.753562 1.141372 0.012025
1520530429.853626 1.141386 0.012025
1520530429.903625 1.141414 0.012025
1520530430.003663 1.141366 0.012025
1520530430.053629 1.141338 0.012025
1520530430.153632 1.141345 0.012025
1520530430.203344 1.141304 0.012025
1520530430.303347 1.141343 0.012025
1520530430.353349 1.141369 0.012025
1520530430.453352 1.141369 0.012025
1520530430.553355 1.141311 0.012025
1520530430.653528 1.141290 0.012025
1520530430.753532 1.141356 0.012026
1520530430.803533 1.141354 0.012024
1520530430.903536 1.141370 0.012025
1520530431.003696 1.141390 0.012025
1520530431.053698 1.141398 0.012025
1520530431.153701 1.141373 0.012025
1520530431.203703 1.141411 0.012025
1520530431.303706 1.141415 0.012025
1520530431.353708 1.141484 0.012024
1520530431.453562 1.141479 0.012025
1520530431.503564 1.141396 0.012025
1520530431.603567 1.141262 0.012024
1520530431.653568 1.141243 0.012025
1520530431.753571 1.141321 0.012025
1520530431.803573 1.141433 0.012025
1520530431.903526 1.141557 0.012025
1520530431.953527 1.141471 0.012025
1520530432.053530 1.141374 0.012025
1520530432.103532 1.141342 0.012025
1520530432.203536 1.141351 0.012025
1520530432.253696 1.141327 0.012025
1520530432.353700 1.141293 0.012025
1520530432.403701 1.141274 0.012025
1520530432.503704 1.141321 0.012025
1520530432.603708 1.141361 0.012025
1520530432.653548 1.141388 0.012025
1520530432.753551 1.141473 0.012024
1520530432.803553 1.141301 0.012025
1520530432.903556 1.141401 0.012025
1520530433.003559 1.141690 0.012024
1520530433.053690 1.141638 0.012025
1520530433.153693 1.141671 0.012025
1520530433.203694 1.141591 0.012025
1520530433.303697 1.141499 0.012024
1520530433.403700 1.141452 0.012025
1520530433.503793 1.141372 0.012025
1520530433.603796 1.141319 0.012025
1520530433.703799 1.141321 0.012025
1520530433.803803 1.141318 0.012025
1520530433.903631 1.141322 0.012025
1520530433.953632 1.141334 0.012025
1520530434.053635 1.141327 0.012025
1520530434.103637 1.141328 0.012025
1520530434.203641 1.141291 0.012025
1520530434.253642 1.141216 0.012025
1520530434.353481 1.141251 0.012025
1520530434.403481 1.141258 0.012025
1520530434.503485 1.141305 0.012025
1520530434.553486 1.141309 0.012025
1520530434.653489 1.141322 0.012025
1520530434.703655 1.141295 0.012025
1520530434.803658 1.141294 0.012025
1520530434.853723 1.141298 0.012025
1520530434.953663 1.141297 0.012025
1520530435.053667 1.141288 0.012025
1520530435.103796 1.141286 0.012025
1520530435.203799 1.141290 0.012025
1520530435.253801 1.141286 0.012025
1520530435.353804 1.141308 0.012025
1520530435.403806 1.141291 0.012025
1520530435.504086 1.141304 0.012025
1520530435.554088 1.141301 0.012025
1520530435.654091 1.141302 0.012025
1520530435.704092 1.141301 0.012024
1520530435.804096 1.141285 0.012025
1520530435.854097 1.141309 0.012025
1520530435.953835 1.141300 0.012024
1520530436.003837 1.141300 0.012024
1520530436.103839 1.141300 0.012025
1520530436.153841 1.141297 0.012025
1520530436.253844 1.141272 0.012025
1520530436.353956 1.141228 0.012025
1520530436.453978 1.141278 0.012025
1520530436.653965 1.141424 0.012024
1520530436.703966 1.141471 0.012025
1520530436.804032 1.141526 0.012024
1520530436.904035 1.141499 0.012025
1520530436.954037 1.141327 0.012024
1520530437.054040 1.141352 0.012025
1520530437.104042 1.141312 0.012025
1520530437.203536 1.141289 0.012022
1520530437.253536 1.141266 0.012019
1520530437.353539 1.141335 0.012024
1520530437.403543 1.141385 0.012024
1520530437.503545 1.141408 0.012024
1520530437.553870 1.141309 0.012022
1520530437.653873 1.141292 0.012024
1520530437.703875 1.141304 0.012024
1520530437.803878 1.141279 0.012024
1520530437.903881 1.141267 0.012024
1520530438.004481 1.141300 0.012025
1520530438.104484 1.141256 0.012025
1520530438.204487 1.141290 0.012024
1520530438.304490 1.141267 0.012025
1520530438.354492 1.141231 0.012024
1520530438.453623 1.141207 0.012025
1520530438.503624 1.141188 0.012024
1520530438.603628 1.141250 0.012025
1520530438.703631 1.141242 0.012025
1520530438.753632 1.141307 0.012024
1520530438.854392 1.141292 0.012025
1520530438.954395 1.141294 0.012025
1520530439.104398 1.141326 0.012025
1520530439.204654 1.141310 0.012025
1520530439.354659 1.141269 0.012025
1520530439.604177 1.141027 0.012025
1520530439.704263 1.141193 0.012024
1520530439.804183 1.141253 0.012025
1520530439.904186 1.141316 0.012024
1520530440.004099 1.141404 0.012024
1520530440.154104 1.141416 0.012025
1520530440.254107 1.141458 0.012024
1520530440.354110 1.141567 0.012025
1520530440.453977 1.141679 0.012024
1520530440.553980 1.141706 0.012024
1520530440.653984 1.141672 0.012025
1520530440.803989 1.141653 0.012025
1520530440.903872 1.141598 0.012025
1520530441.003875 1.141549 0.012024
1520530441.103878 1.141473 0.012024
1520530441.203881 1.141403 0.012025
1520530441.303927 1.141368 0.012024
1520530441.403893 1.141319 0.012025
1520530441.503896 1.141302 0.012025
1520530441.654083 1.141292 0.012025
1520530441.804088 1.141337 0.012025
1520530441.954092 1.141298 0.012025
1520530442.004094 1.141230 0.012024
1520530442.104032 1.141213 0.012024
1520530442.204035 1.141268 0.012022
1520530442.304038 1.141245 0.012017
1520530442.404042 1.141222 0.012021
1520530442.503716 1.141229 0.012019
1520530442.603719 1.141224 0.012023
1520530442.653721 1.141285 0.012024
1520530442.753723 1.141321 0.012025
1520530442.803725 1.141268 0.012024
1520530442.904376 1.141209 0.012024
1520530443.004379 1.141224 0.012024
1520530443.104382 1.141207 0.012023
1520530443.204385 1.141176 0.012025
1520530443.354468 1.141307 0.012024
1520530443.504473 1.141387 0.012024
1520530443.604476 1.141348 0.012024
1520530443.704013 1.141390 0.012020
1520530443.754014 1.141295 0.012024
1520530443.854018 1.141328 0.012024
1520530443.954022 1.141313 0.012024
1520530444.054024 1.141288 0.012025
1520530444.154403 1.141252 0.012025
1520530444.254406 1.141249 0.012024
1520530444.354410 1.141271 0.012025
1520530444.454413 1.141217 0.012025
1520530444.505161 1.141190 0.012025
1520530444.605164 1.141187 0.012025
1520530444.705167 1.141200 0.012025
1520530444.805170 1.141249 0.012025
1520530444.905173 1.141293 0.012025
1520530445.004964 1.141236 0.012025
1520530445.054965 1.141249 0.012025
1520530445.154968 1.141221 0.012025
1520530445.204970 1.141197 0.012025
1520530445.304973 1.141175 0.012025
1520530445.353892 1.141165 0.012025
1520530445.453896 1.141218 0.012023
1520530445.503898 1.141219 0.012025
1520530445.603900 1.141221 0.012025
1520530445.653902 1.141199 0.012025
1520530445.753751 1.141216 0.012024
1520530445.803752 1.141202 0.012024
1520530445.903755 1.141207 0.012024
1520530445.953757 1.141207 0.012024
1520530446.053761 1.141198 0.012025
1520530446.103761 1.141189 0.012025
1520530446.204900 1.141244 0.012025
1520530446.304903 1.141248 0.012025
1520530446.404906 1.141201 0.012025
1520530446.504909 1.141228 0.012025
1520530446.604785 1.141287 0.012023
1520530446.654786 1.141447 0.012024
1520530446.754789 1.141341 0.012022
1520530446.854792 1.141349 0.012021
1520530446.954330 1.141309 0.012022
1520530447.054334 1.141273 0.012023
1520530447.154337 1.141259 0.012024
1520530447.254340 1.141225 0.012023
1520530447.354343 1.141300 0.012024
1520530447.454125 1.141306 0.012025
1520530447.604130 1.141352 0.012016
1520530447.754142 1.141196 0.012024
1520530448.203885 1.141385 0.012025
1520530448.403891 1.141363 0.012022
