DelayedMarginalization 0.00096016 2.44642e-08 0.00144783 1386
DelayedMarginalizationOnly 0.000462947 1.69519e-08 0.000757155 1386
EF-marginalizeFrame 0.00141615 3.81234e-08 0.00215044 1386
FullSystem::trackNewCoarse 0.00312728 7.87898e-07 0.0108767 2675
FullSystem::trackNewCoarseNoIMU 0.00285525 0.00010557 0.10856 108
FullSystemOptimize 0.0387771 5.76379e-05 0.0642112 1392
GraphUnrolling 0.00681121 3.32204e-05 0.0187658 11
IMUInitAddPose 2.57737e-05 1.37293e-11 5.3369e-05 1392
IMUInitOptimize 0.0022219 3.15819e-07 0.00286273 3
IMUIntegration::finishKeyframeOperations 5.70713e-05 4.36176e-10 0.000587197 1384
InitializerFirstFrame 0.0333948 -nan 0.0333948 1
InitializerOtherFrames 0.0592853 8.62299e-05 0.0795096 35
MainMarginalization 0.00120245 2.98058e-08 0.00184464 1386
MarginalizationReplacementBuildGraph 0.00068882 2.71799e-07 0.00202019 10
MarginalizationReplacementReplaceGraph 0.00822768 3.09719e-05 0.0188965 9
MarginalizeMainGraph 0.000496485 5.92321e-09 0.000944232 1386
PGBA 0.0140896 9.473e-07 0.0147778 2
PGBAFull 0.00288513 3.59069e-05 0.0165303 12
PrepareGraphForMainOptimization 0.00686963 3.34986e-05 0.0188649 11
VisualMarginalization 3.98698e-05 6.15674e-11 7.2658e-05 1386
activatePointsMT 0.00334045 7.28977e-07 0.00730452 1392
addActiveFrame 0.043558 0.00102201 0.11664 2819
addIMUData 0.000696315 2.72926e-08 0.00137902 2675
addIMUDataToBA 3.67721e-05 1.38446e-10 0.000126253 2818
addKeyframeToBA 3.64581e-05 3.33972e-11 9.8561e-05 1392
afterCoarseTracking 9.98067e-05 1.38359e-07 0.00351631 2783
baIteration 0.00598829 1.47123e-06 0.0224134 7950
baMatrixInversion 0.00022827 1.86592e-09 0.000866901 7950
baUpdateBuildHessians 0.000507695 6.00967e-09 0.00348776 7950
coarseTrackingIteration 0.000195664 5.01722e-09 0.00399912 28602
computeBAUpdate 0.000822284 1.40958e-08 0.00384216 7950
computeCoarseUpdate 9.50241e-05 1.03631e-09 0.00393168 26160
computeFactorForCoarseGraphAndMarginalCovariances 0.00306732 3.54765e-07 0.00689859 1384
convertHAndBFromDSO 0.000150719 3.45744e-09 0.000563477 13498
debugPlot 8.77457e-08 2.81985e-15 6.99e-07 1392
debugPlotIDepthMap 0.00288929 3.14539e-07 0.00534083 1392
debugPlotIDepthMapFloat 1.5675e-07 1.66149e-15 5.91e-07 1392
deliverTrackedFrame 0.0371779 0.00101057 0.099972 2784
flagFramesForMarginalization 1.67159e-06 2.37048e-13 5.71e-06 1392
fullCoarseTracking 0.00400432 5.08524e-06 0.108632 2783
initObjectsAndMakeImage 0.00213651 4.51701e-08 0.0041867 2819
makeKeyframe 0.0671662 8.75204e-05 0.0988887 1392
makeKeyframeChangeTrackingRef 0.00519266 8.74314e-07 0.00920077 1392
makeNewTraces 0.00536653 6.47105e-07 0.0115385 1392
makeNonKeyframe 0.00503492 2.79116e-06 0.00832266 1392
marginalizeAndRemovePoints 0.00329784 9.247e-07 0.00788129 1392
marginalizeFrame 0.00260234 3.08168e-07 0.00681391 1386
marginalizeFrameOverhead 0.00118381 2.34577e-07 0.00516505 1386
marginalizeFrames 0.00259931 5.14184e-07 0.00682797 1392
newFrameAndNewResidualsForOldPoints 0.00105444 5.32023e-08 0.00176956 1392
printBiases 3.72476e-05 1.44482e-10 0.000224918 1392
printEigenValLine 1.04583e-07 3.50668e-16 2.38e-07 1392
printLogLine 1.51636e-07 1.48387e-15 4.1e-07 1392
publishInMakeKeyframe 0.000302283 4.60563e-08 0.0027807 1392
removeOutliers 0.0001826 2.32903e-09 0.000549283 1392
swapTrackingRef 2.51552e-05 1.47501e-11 4.7401e-05 1392
timeMeasurement 8.58418e-07 5.17236e-13 1.281e-05 2819
traceNewCoarse 0.00420024 2.78632e-06 0.00858052 2784
updateBAValues 6.1525e-06 1.22121e-11 0.000298385 13156
zero 1.05403e-07 1.79797e-15 1.513e-06 2819
