1520530315.699637 1.185038 0.563001
1520530315.849642 1.184689 0.254233
1520530315.949645 1.171035 0.233772
1520530316.049648 1.173763 0.234636
1520530316.200224 1.184218 0.228258
1520530316.350229 1.186690 0.221876
1520530316.500233 1.203099 0.211591
1520530316.700281 1.217704 0.214301
1520530316.900287 1.252550 0.189540
1520530317.049776 1.266018 0.170855
1520530317.249782 1.288192 0.153209
1520530317.399745 1.286911 0.134658
1520530317.599752 1.274618 0.123934
1520530317.750237 1.262994 0.116584
1520530317.900242 1.248129 0.114137
1520530318.050246 1.236948 0.119501
1520530318.200769 1.235079 0.118661
1520530318.350774 1.236422 0.115758
1520530318.500778 1.244225 0.112158
1520530318.650568 1.261297 0.108988
1520530318.800573 1.267955 0.106603
1520530318.950577 1.270164 0.104978
1520530319.049958 1.271023 0.103093
1520530319.149961 1.270755 0.099707
1520530319.249964 1.267470 0.096210
1520530319.349967 1.268112 0.092528
1520530319.499835 1.255989 0.088045
1520530319.649840 1.253290 0.087787
1520530319.800341 1.250271 0.087043
1520530319.900344 1.252507 0.086615
1520530320.000347 1.250471 0.085038
1520530320.100350 1.255449 0.083862
1520530320.200401 1.256270 0.082963
1520530320.300404 1.259800 0.082786
1520530320.400407 1.262876 0.082213
1520530320.500410 1.263784 0.081705
1520530320.599869 1.263392 0.081300
1520530320.699873 1.265417 0.080801
1520530320.849877 1.274470 0.079861
1520530320.999882 1.280026 0.075944
1520530321.149743 1.285540 0.075141
1520530321.249747 1.288447 0.074254
1520530321.349750 1.281341 0.073733
1520530321.499857 1.279278 0.072834
1520530321.599860 1.279329 0.072253
1520530321.699863 1.280815 0.072153
1520530321.799867 1.279813 0.071757
1520530322.000157 1.282145 0.070899
1520530322.150162 1.283548 0.070241
1520530322.400212 1.281918 0.069936
1520530322.600218 1.282291 0.069310
1520530322.750027 1.284813 0.068771
1520530322.900065 1.286034 0.068038
1520530323.050036 1.288559 0.067590
1520530323.200077 1.289832 0.067190
1520530323.300080 1.289624 0.066983
1520530323.450085 1.293064 0.066311
1520530323.550346 1.291417 0.065438
1520530323.650349 1.291872 0.064863
1520530323.750353 1.291575 0.064419
1520530323.900153 1.293242 0.064093
1520530324.050157 1.293980 0.063962
1520530324.200162 1.296322 0.063647
1520530324.299908 1.296971 0.063401
1520530324.399911 1.296872 0.063159
1520530324.499994 1.297411 0.062889
1520530324.599917 1.294998 0.062602
1520530324.700018 1.292003 0.062274
1520530324.800021 1.290766 0.062058
1520530324.950026 1.289658 0.061952
1520530325.100816 1.289045 0.061956
1520530325.300822 1.285680 0.061495
1520530325.500828 1.290979 0.061190
1520530325.700918 1.291908 0.060220
1520530325.850922 1.290334 0.059963
1520530326.000543 1.290390 0.059850
1520530326.150548 1.288785 0.059664
1520530326.300552 1.286729 0.059524
1520530326.450207 1.283287 0.059317
1520530326.600213 1.282293 0.059292
1520530326.800428 1.283629 0.059237
1520530327.000434 1.285624 0.059075
1520530327.150431 1.287854 0.058776
1520530327.300436 1.289610 0.058606
1520530327.450441 1.290597 0.058465
1520530327.550090 1.292425 0.058423
1520530327.650103 1.293634 0.058291
1520530327.750096 1.294029 0.058190
1520530327.850099 1.294904 0.058128
1520530327.950102 1.295243 0.058003
1520530328.050282 1.296633 0.057978
1520530328.150285 1.296895 0.057856
1520530328.300290 1.296019 0.057706
1520530328.350291 1.295302 0.057549
1520530328.450338 1.293652 0.057445
1520530328.500340 1.293664 0.057433
1520530328.600344 1.292550 0.057344
1520530328.650346 1.291537 0.057328
1520530328.750348 1.291124 0.057278
1520530328.850087 1.291105 0.057246
1520530328.950091 1.290716 0.057060
1520530329.050093 1.290796 0.056882
1520530329.150097 1.291799 0.056762
1520530329.200044 1.292215 0.056735
1520530329.300047 1.291359 0.056641
1520530329.400050 1.291349 0.056444
1520530329.500053 1.290923 0.056300
1520530329.600097 1.291202 0.056202
1520530329.700100 1.290037 0.056101
1520530329.750102 1.290629 0.056028
1520530329.850105 1.290909 0.056025
1520530329.900107 1.289233 0.056011
1520530330.000110 1.289165 0.055933
1520530330.050161 1.289125 0.055895
1520530330.150164 1.291136 0.055882
1520530330.250167 1.292800 0.055731
1520530330.300169 1.293842 0.055613
1520530330.400172 1.295321 0.055463
1520530330.500788 1.294720 0.055286
1520530330.600792 1.294684 0.055211
1520530330.700795 1.294544 0.055173
1520530330.750797 1.294590 0.055153
1520530330.850367 1.295077 0.055155
1520530330.900277 1.295664 0.055136
1520530331.000280 1.295776 0.055079
1520530331.100283 1.295566 0.055017
1520530331.200286 1.295589 0.054960
1520530331.300736 1.295352 0.054988
1520530331.400740 1.295100 0.054986
1520530331.450741 1.295009 0.054983
1520530331.550744 1.296292 0.054973
1520530331.600746 1.295657 0.054985
1520530331.700481 1.295920 0.054929
1520530331.750483 1.296259 0.054869
1520530331.850486 1.296785 0.054696
1520530331.900488 1.296744 0.054632
1520530332.000491 1.297911 0.054469
1520530332.100388 1.298036 0.054296
1520530332.200392 1.298466 0.054163
1520530332.300399 1.298550 0.054056
1520530332.400401 1.298473 0.053990
1520530332.500483 1.297114 0.053949
1520530332.550483 1.296906 0.053934
1520530332.650488 1.296507 0.053926
1520530332.750491 1.297025 0.053893
1520530332.850494 1.297330 0.053817
1520530332.950166 1.297533 0.053827
1520530333.050169 1.297466 0.053714
1520530333.150173 1.297074 0.053655
1520530333.250175 1.296958 0.053700
1520530333.350610 1.296966 0.053692
1520530333.450613 1.296899 0.053638
1520530333.600618 1.296245 0.053596
1520530333.700541 1.295330 0.053518
1520530333.750542 1.294811 0.053543
1520530333.850545 1.294451 0.053501
1520530333.900547 1.293902 0.053506
1520530334.000561 1.293541 0.053464
1520530334.100216 1.294226 0.053427
1520530334.200219 1.293593 0.053275
1520530334.300222 1.293627 0.053170
1520530334.350224 1.294521 0.053150
1520530334.450227 1.295459 0.053076
1520530334.500228 1.295792 0.053054
1520530334.600088 1.295095 0.053027
1520530334.650089 1.294435 0.053007
1520530334.750092 1.294341 0.052999
1520530334.800094 1.293784 0.052999
1520530334.900097 1.293631 0.052967
1520530335.100933 1.293094 0.052931
1520530335.200936 1.292861 0.052936
1520530335.300938 1.292486 0.052895
1520530335.401458 1.291623 0.052817
1520530335.501461 1.290964 0.052864
1520530335.601512 1.291619 0.052870
1520530335.701467 1.291746 0.052865
1520530335.800224 1.291765 0.052862
1520530335.850226 1.291902 0.052838
1520530335.950229 1.291905 0.052832
1520530336.000230 1.292150 0.052830
1520530336.100233 1.292163 0.052804
1520530336.200179 1.292046 0.052805
1520530336.300182 1.292724 0.052781
1520530336.400185 1.293160 0.052768
1520530336.450186 1.292913 0.052719
1520530336.550582 1.293130 0.052701
1520530336.600584 1.292978 0.052664
1520530336.700586 1.293707 0.052662
1520530336.800590 1.293626 0.052619
1520530336.900594 1.293360 0.052585
1520530337.000258 1.293035 0.052581
1520530337.100266 1.293426 0.052562
1520530337.200351 1.293781 0.052549
1520530337.250265 1.294178 0.052527
1520530337.350269 1.293834 0.052573
1520530337.450303 1.293880 0.052570
1520530337.550306 1.294017 0.052559
1520530337.650309 1.295133 0.052540
1520530337.750312 1.294823 0.052502
1520530337.850855 1.297668 0.052482
1520530337.950858 1.296272 0.052396
1520530338.050862 1.296768 0.052320
1520530338.150864 1.296976 0.052329
1520530338.250473 1.296997 0.052209
1520530338.350476 1.296788 0.052224
1520530338.450479 1.296726 0.052197
1520530338.550482 1.295978 0.052040
1520530338.600260 1.295762 0.052013
1520530338.700263 1.295725 0.052129
1520530338.800266 1.295164 0.052105
1520530338.900269 1.294785 0.052082
1520530339.000272 1.295498 0.052081
1520530339.100960 1.295627 0.052044
1520530339.200963 1.295671 0.052007
1520530339.300966 1.295594 0.052015
1520530339.400970 1.295354 0.052012
1520530339.501689 1.295046 0.051972
1520530339.601692 1.294469 0.051996
1520530339.701695 1.294363 0.051955
1520530339.801698 1.294356 0.051920
1520530339.851056 1.294680 0.051947
1520530339.951059 1.294704 0.051896
1520530340.001061 1.295458 0.051857
1520530340.101063 1.294067 0.051859
1520530340.201067 1.294042 0.051842
1520530340.300397 1.294515 0.051821
1520530340.400400 1.294908 0.051797
1520530340.500403 1.295189 0.051780
1520530340.600406 1.295589 0.051753
1520530340.700348 1.296159 0.051664
1520530340.800351 1.296902 0.051607
1520530340.950356 1.295710 0.051720
1520530341.100776 1.295774 0.051719
1520530341.250780 1.295914 0.051706
1520530341.400785 1.296138 0.051688
1520530341.600716 1.296107 0.051686
1520530341.850723 1.296238 0.051673
1520530342.000545 1.295826 0.051641
1520530342.100548 1.296368 0.051634
1520530342.200551 1.295939 0.051620
1520530342.300673 1.296287 0.051607
1520530342.450678 1.296937 0.051593
1520530342.600683 1.296556 0.051523
1520530342.700643 1.296154 0.051492
1520530342.850648 1.296154 0.051461
1520530343.000653 1.296367 0.051393
1520530343.101131 1.296245 0.051348
1520530343.201134 1.296747 0.051259
1520530343.301138 1.297178 0.051167
1520530343.401141 1.297824 0.051132
1520530343.501404 1.297845 0.051002
1520530343.601407 1.298242 0.050915
1520530343.701410 1.300619 0.050868
1520530343.801413 1.302078 0.050711
1520530343.901416 1.303565 0.050592
1520530344.001403 1.304167 0.050429
1520530344.101406 1.304784 0.050293
1520530344.201410 1.305553 0.050172
1520530344.301413 1.305965 0.049995
1520530344.401411 1.306764 0.049923
1520530344.451412 1.307198 0.049889
1520530344.551415 1.305928 0.049728
1520530344.651418 1.305884 0.049608
1520530344.751636 1.305900 0.049559
1520530344.801638 1.305987 0.049513
1520530344.901641 1.306904 0.049450
1520530345.001644 1.306708 0.049391
1520530345.101647 1.306501 0.049308
1520530345.251745 1.306540 0.049229
1520530345.401749 1.306417 0.049155
1520530345.501752 1.306186 0.049098
1520530345.601196 1.305966 0.049052
1520530345.701199 1.306501 0.049061
1520530345.801203 1.306140 0.048999
1520530345.901206 1.305575 0.048923
1520530346.001475 1.305625 0.048943
1520530346.101479 1.305410 0.048935
1520530346.201481 1.305490 0.048933
1520530346.301485 1.305725 0.048904
1520530346.351486 1.305635 0.048886
1520530346.451378 1.305895 0.048858
1520530346.551380 1.305623 0.048855
1520530346.651383 1.304770 0.048848
1520530346.751386 1.304363 0.048836
1520530346.851546 1.304780 0.048830
1520530346.951549 1.304797 0.048822
1520530347.051553 1.304721 0.048789
1520530347.151556 1.304389 0.048764
1520530347.251402 1.304284 0.048735
1520530347.351405 1.304031 0.048763
1520530347.401407 1.303980 0.048774
1520530347.501410 1.303855 0.048784
1520530347.601218 1.303740 0.048753
1520530347.701222 1.303418 0.048720
1520530347.801224 1.303149 0.048722
1520530347.901227 1.302913 0.048738
1520530348.001163 1.302785 0.048732
1520530348.101166 1.302643 0.048735
1520530348.201169 1.302529 0.048715
1520530348.301184 1.302710 0.048698
1520530348.401175 1.302278 0.048707
1520530348.501419 1.302238 0.048698
1520530348.551419 1.301518 0.048702
1520530348.651423 1.301804 0.048733
1520530348.751426 1.301401 0.048712
1520530348.801428 1.301802 0.048728
1520530348.901315 1.301728 0.048717
1520530348.951318 1.301259 0.048718
1520530349.051321 1.301572 0.048709
1520530349.151325 1.301750 0.048715
1520530349.201326 1.302329 0.048688
1520530349.301107 1.302270 0.048712
1520530349.401110 1.301430 0.048712
1520530349.451112 1.300504 0.048712
1520530349.551115 1.300580 0.048716
1520530349.650935 1.300705 0.048692
1520530349.750943 1.300639 0.048708
1520530349.850941 1.300781 0.048688
1520530349.950944 1.300798 0.048656
1520530350.051376 1.301039 0.048704
1520530350.151379 1.300609 0.048601
1520530350.201381 1.300224 0.048674
1520530350.301384 1.300285 0.048679
1520530350.401387 1.300373 0.048672
1520530350.501516 1.300185 0.048680
1520530350.551518 1.300129 0.048690
1520530350.651521 1.300024 0.048709
1520530350.751524 1.299971 0.048698
1520530350.801526 1.299949 0.048707
1520530350.901571 1.299969 0.048712
1520530351.001574 1.300115 0.048700
1520530351.101578 1.299946 0.048698
1520530351.201581 1.299893 0.048698
1520530351.301683 1.299821 0.048706
1520530351.351680 1.299812 0.048683
1520530351.451683 1.299850 0.048702
1520530351.551686 1.299723 0.048686
1520530351.651689 1.299886 0.048701
1520530351.751696 1.299779 0.048702
1520530351.851700 1.299827 0.048696
1520530351.951703 1.299912 0.048701
1520530352.051706 1.299922 0.048696
1520530352.151806 1.300049 0.048685
1520530352.251809 1.299824 0.048696
1520530352.351812 1.299969 0.048690
1520530352.451816 1.300025 0.048689
1520530352.551471 1.298822 0.048671
1520530352.651474 1.299398 0.048694
1520530352.751477 1.299310 0.048678
1520530352.851480 1.299889 0.048688
1520530352.951099 1.300075 0.048665
1520530353.051102 1.299891 0.048688
1520530353.151105 1.299733 0.048688
1520530353.251108 1.299644 0.048674
1520530353.351398 1.299483 0.048689
1520530353.401399 1.299530 0.048678
1520530353.501402 1.299405 0.048684
1520530353.551404 1.299600 0.048686
1520530353.651407 1.299867 0.048678
1520530353.751736 1.299858 0.048664
1520530353.851739 1.299603 0.048672
1520530353.951742 1.299459 0.048685
1520530354.051745 1.299582 0.048683
1520530354.151896 1.299463 0.048682
1520530354.251899 1.299373 0.048683
1520530354.351902 1.299740 0.048682
1520530354.451905 1.299595 0.048669
1520530354.501907 1.299570 0.048662
1520530354.601593 1.299551 0.048678
1520530354.651595 1.299327 0.048671
1520530354.751597 1.299430 0.048681
1520530354.901602 1.299450 0.048664
1520530355.001360 1.299570 0.048679
1520530355.101363 1.299475 0.048677
1520530355.201366 1.299464 0.048679
1520530355.301370 1.299634 0.048675
1520530355.401407 1.299552 0.048680
1520530355.501410 1.299584 0.048674
1520530355.601414 1.299394 0.048673
1520530355.651416 1.299484 0.048666
1520530355.751418 1.299289 0.048663
1520530355.851533 1.299242 0.048663
1520530355.951536 1.299256 0.048675
1520530356.001537 1.299515 0.048671
1520530356.101541 1.299427 0.048676
1520530356.151542 1.299978 0.048676
1520530356.251380 1.299843 0.048670
1520530356.351380 1.299568 0.048662
1520530356.451383 1.299806 0.048670
1520530356.551386 1.299930 0.048641
1520530356.651234 1.299142 0.048669
1520530356.701236 1.299061 0.048660
1520530356.801239 1.299591 0.048675
1520530356.851240 1.299512 0.048663
1520530356.951243 1.299457 0.048667
1520530357.051154 1.299503 0.048666
1520530357.151157 1.299403 0.048670
1520530357.251160 1.299390 0.048665
1520530357.351164 1.299543 0.048658
1520530357.451660 1.299715 0.048650
1520530357.501662 1.299280 0.048653
1520530357.601666 1.299510 0.048663
1520530357.701667 1.299602 0.048658
1520530357.801671 1.299252 0.048665
1520530357.901559 1.299202 0.048661
1520530358.001562 1.299128 0.048670
1520530358.101565 1.299190 0.048666
1520530358.201568 1.299188 0.048670
1520530358.351628 1.299143 0.048667
1520530358.451631 1.299173 0.048665
1520530358.551634 1.299189 0.048667
1520530358.651798 1.299129 0.048669
1520530358.751801 1.299207 0.048668
1520530358.851805 1.299062 0.048661
1520530358.951808 1.299105 0.048668
1520530359.051806 1.299237 0.048656
1520530359.151809 1.299260 0.048658
1520530359.201810 1.299272 0.048665
1520530359.301813 1.298989 0.048667
1520530359.401817 1.299047 0.048665
1520530359.501870 1.299051 0.048658
1520530359.601873 1.299306 0.048649
1520530359.701876 1.299260 0.048657
1520530359.801879 1.299387 0.048652
1520530359.901826 1.299818 0.048632
1520530360.001829 1.300079 0.048635
1520530360.101832 1.300210 0.048642
1520530360.201836 1.302251 0.048625
1520530360.301316 1.301288 0.048482
1520530360.351317 1.301080 0.048633
1520530360.451321 1.300674 0.048588
1520530360.551324 1.301079 0.048655
1520530360.651327 1.299532 0.048604
1520530360.750980 1.299444 0.048610
1520530360.850983 1.299304 0.048639
1520530360.950988 1.300059 0.048588
1520530361.051064 1.301246 0.048579
1520530361.151045 1.300429 0.048641
1520530361.201047 1.299941 0.048612
1520530361.301050 1.299370 0.048653
1520530361.401053 1.299254 0.048654
1520530361.501690 1.298879 0.048663
1520530361.601693 1.298992 0.048621
1520530361.701696 1.298931 0.048657
1520530361.801700 1.298944 0.048658
1520530361.851701 1.299119 0.048655
1520530361.951941 1.299544 0.048651
1520530362.001942 1.299615 0.048640
1520530362.101945 1.300000 0.048644
1520530362.201949 1.299433 0.048662
1520530362.301951 1.299296 0.048661
1520530362.401625 1.299324 0.048659
1520530362.501628 1.299330 0.048652
1520530362.601631 1.299343 0.048660
1520530362.701634 1.299409 0.048651
1520530362.801366 1.299234 0.048652
1520530362.901369 1.299273 0.048664
1520530363.001372 1.299193 0.048663
1520530363.101375 1.299212 0.048659
1520530363.201651 1.299252 0.048658
1520530363.301654 1.299422 0.048660
1520530363.401658 1.299347 0.048661
1520530363.501661 1.299429 0.048657
1520530363.601746 1.299565 0.048630
1520530363.701749 1.299438 0.048660
1520530363.751751 1.299148 0.048658
1520530363.851754 1.299028 0.048654
1520530363.901756 1.299241 0.048660
1520530364.001782 1.299139 0.048662
1520530364.051784 1.298829 0.048649
1520530364.151786 1.299087 0.048659
1520530364.201788 1.299047 0.048660
1520530364.301791 1.298997 0.048654
1520530364.351792 1.299264 0.048646
1520530364.451854 1.299270 0.048651
1520530364.501856 1.299211 0.048646
1520530364.601859 1.299284 0.048649
1520530364.701862 1.299140 0.048641
1520530364.802376 1.299283 0.048660
1520530364.902379 1.299118 0.048661
1520530365.002383 1.298967 0.048657
1520530365.102386 1.299082 0.048629
1520530365.201844 1.299103 0.048655
1520530365.301847 1.299090 0.048659
1520530365.401850 1.299066 0.048655
1520530365.501853 1.299054 0.048647
1520530365.601535 1.299099 0.048653
1520530365.701539 1.299125 0.048657
1520530365.801546 1.299425 0.048642
1520530365.901545 1.299132 0.048649
1520530366.001907 1.299142 0.048648
1520530366.101910 1.299200 0.048658
1520530366.151911 1.299125 0.048658
1520530366.251915 1.299143 0.048661
1520530366.301916 1.299247 0.048634
1520530366.402120 1.299438 0.048659
1520530366.502124 1.299289 0.048655
1520530366.602127 1.299651 0.048648
1520530366.702130 1.299721 0.048656
1520530366.802133 1.299512 0.048655
1520530366.902167 1.299625 0.048648
1520530367.002170 1.299456 0.048651
1520530367.052172 1.299591 0.048628
1520530367.152175 1.299562 0.048651
1520530367.202177 1.299502 0.048613
1520530367.302541 1.299430 0.048649
1520530367.402544 1.299399 0.048658
1520530367.502548 1.299371 0.048656
1520530367.652264 1.299560 0.048646
1520530367.752267 1.299403 0.048650
1520530367.852271 1.299349 0.048653
1520530367.952274 1.299276 0.048653
1520530368.052124 1.299332 0.048658
1520530368.202129 1.299415 0.048660
1520530368.302132 1.299581 0.048650
1520530368.402135 1.299798 0.048656
1520530368.502050 1.299468 0.048650
1520530368.552051 1.299467 0.048647
1520530368.652054 1.299511 0.048643
1520530368.702056 1.299705 0.048649
1520530368.802058 1.299860 0.048651
1520530368.901391 1.299636 0.048630
1520530368.951392 1.299552 0.048657
1520530369.051395 1.299464 0.048656
1520530369.101397 1.299451 0.048654
1520530369.201400 1.299350 0.048654
1520530369.251401 1.298964 0.048657
1520530369.351538 1.298573 0.048654
1520530369.401540 1.298865 0.048654
1520530369.501543 1.299276 0.048656
1520530369.601546 1.299491 0.048655
1520530369.651548 1.299442 0.048622
1520530369.751899 1.299302 0.048656
1520530369.851902 1.299337 0.048656
1520530369.951905 1.299279 0.048658
1520530370.101930 1.299383 0.048632
1520530370.201933 1.299420 0.048655
1520530370.301935 1.299390 0.048655
1520530370.401938 1.299393 0.048657
1520530370.551883 1.299365 0.048659
1520530370.651886 1.299600 0.048657
1520530370.901941 1.299409 0.048655
1520530371.051946 1.299511 0.048622
1520530371.151949 1.299535 0.048629
1520530371.301953 1.299590 0.048644
1520530371.401953 1.299511 0.048648
1520530371.501956 1.299573 0.048650
1520530371.651961 1.299527 0.048651
1520530371.751959 1.299853 0.048658
1520530371.851963 1.299611 0.048656
1520530371.951966 1.299584 0.048655
1520530372.001968 1.299544 0.048657
1520530372.101971 1.299480 0.048649
1520530372.251958 1.299585 0.048653
1520530372.351961 1.299675 0.048654
1520530372.451964 1.299857 0.048656
1520530372.551956 1.299847 0.048651
1520530372.651960 1.299896 0.048652
1520530372.701961 1.299881 0.048653
1520530372.801964 1.300115 0.048644
1520530372.901967 1.300060 0.048619
1520530373.051620 1.299723 0.048632
1520530373.201626 1.299889 0.048646
1520530373.301629 1.300094 0.048634
1520530373.401458 1.301185 0.048631
1520530373.451460 1.300736 0.048635
1520530373.551463 1.300921 0.048621
1520530373.601465 1.300525 0.048636
1520530373.701467 1.300324 0.048634
1520530373.801615 1.300525 0.048594
1520530373.901585 1.300116 0.048570
1520530374.001588 1.300179 0.048603
1520530374.101591 1.300009 0.048597
1520530374.201953 1.299670 0.048608
1520530374.301956 1.299641 0.048594
1520530374.401959 1.299717 0.048572
1520530374.451961 1.299656 0.048643
1520530374.551964 1.299304 0.048656
1520530374.652408 1.299826 0.048650
1520530374.752412 1.299720 0.048658
1520530374.852415 1.299623 0.048657
1520530374.952418 1.299753 0.048653
1520530375.052444 1.299957 0.048655
1520530375.152447 1.300021 0.048646
1520530375.252454 1.299860 0.048650
1520530375.352453 1.299561 0.048650
1520530375.452214 1.299646 0.048656
1520530375.552217 1.300441 0.048634
1520530375.652220 1.300092 0.048611
1520530375.752223 1.300083 0.048645
1520530375.802225 1.299751 0.048641
1520530375.902259 1.299570 0.048654
1520530376.002262 1.299968 0.048650
1520530376.102265 1.299815 0.048657
1520530376.202270 1.299805 0.048656
1520530376.251950 1.299718 0.048642
1520530376.351954 1.299706 0.048651
1520530376.401954 1.299738 0.048653
1520530376.501958 1.299740 0.048650
1520530376.551960 1.299763 0.048610
1520530376.652663 1.299874 0.048654
1520530376.702664 1.299809 0.048645
1520530376.802668 1.300063 0.048641
1520530376.852669 1.300000 0.048656
1520530376.952672 1.299933 0.048652
1520530377.052898 1.299755 0.048650
1520530377.152900 1.299710 0.048651
1520530377.252903 1.299542 0.048643
1520530377.352906 1.299580 0.048643
1520530377.402909 1.299375 0.048610
1520530377.501720 1.299603 0.048653
1520530377.551722 1.299655 0.048646
1520530377.651725 1.299761 0.048622
1520530377.751728 1.299896 0.048639
1520530377.851407 1.300048 0.048640
1520530377.951411 1.300242 0.048634
1520530378.001412 1.300293 0.048643
1520530378.101416 1.299988 0.048639
1520530378.151417 1.300053 0.048655
1520530378.251420 1.300162 0.048652
1520530378.301511 1.299805 0.048652
1520530378.401515 1.299926 0.048655
1520530378.451516 1.300159 0.048648
1520530378.551519 1.300391 0.048653
1520530378.601571 1.300137 0.048651
1520530378.702209 1.299829 0.048640
1520530378.752210 1.300061 0.048657
1520530378.852213 1.299994 0.048644
1520530378.952216 1.300095 0.048646
1520530379.052220 1.300100 0.048653
1520530379.152151 1.300107 0.048657
1520530379.252154 1.300132 0.048650
1520530379.352157 1.300060 0.048653
1520530379.452160 1.300120 0.048649
1520530379.551852 1.300296 0.048654
1520530379.651855 1.300182 0.048653
1520530379.751858 1.299979 0.048648
1520530379.801860 1.300093 0.048649
1520530379.901824 1.300084 0.048655
1520530380.001827 1.299815 0.048656
1520530380.101830 1.299841 0.048653
1520530380.201888 1.300302 0.048655
1520530380.301736 1.300531 0.048654
1520530380.352160 1.300268 0.048650
1520530380.452163 1.300623 0.048636
1520530380.552166 1.300706 0.048640
1520530380.602168 1.300490 0.048639
1520530380.702171 1.300656 0.048630
1520530380.752135 1.300455 0.048645
1520530380.852138 1.300323 0.048635
1520530380.902139 1.300144 0.048647
1520530381.002143 1.300009 0.048655
1520530381.052144 1.299997 0.048638
1520530381.152048 1.300169 0.048634
1520530381.202049 1.300051 0.048638
1520530381.302052 1.300025 0.048650
1520530381.402056 1.299964 0.048653
1520530381.502058 1.299882 0.048653
1520530381.602264 1.299893 0.048646
1520530381.702267 1.299889 0.048653
1520530381.802324 1.299824 0.048651
1520530381.902273 1.299914 0.048655
1520530382.002334 1.299897 0.048654
1520530382.102337 1.299936 0.048653
1520530382.202340 1.299904 0.048651
1520530382.302343 1.299984 0.048645
1520530382.402160 1.299956 0.048653
1520530382.502164 1.299896 0.048654
1520530382.652168 1.299888 0.048656
1520530382.802244 1.299765 0.048656
1520530382.952249 1.299508 0.048654
1520530383.052252 1.299879 0.048657
1520530383.152255 1.300269 0.048648
1520530383.252208 1.300193 0.048647
1520530383.352211 1.299952 0.048651
1520530383.452214 1.299783 0.048656
1520530383.552217 1.300051 0.048654
1520530383.652472 1.299635 0.048637
1520530383.752476 1.300015 0.048653
1520530383.852479 1.300715 0.048641
1520530383.952482 1.300902 0.048650
1520530384.052531 1.301554 0.048640
1520530384.152534 1.302317 0.048612
1520530384.252537 1.302459 0.048594
1520530384.352541 1.301262 0.048511
1520530384.402432 1.300817 0.048499
1520530384.502435 1.301047 0.048554
1520530384.602439 1.300864 0.048636
1520530384.702442 1.301071 0.048576
1520530384.752443 1.300889 0.048599
1520530384.852858 1.300644 0.048655
1520530384.902860 1.300398 0.048615
1520530385.002916 1.300196 0.048645
1520530385.052864 1.300009 0.048642
1520530385.152867 1.300004 0.048654
1520530385.252705 1.300037 0.048657
1520530385.302707 1.300185 0.048645
1520530385.402710 1.300058 0.048654
1520530385.502713 1.300403 0.048648
1520530385.552715 1.300268 0.048642
1520530385.652486 1.300298 0.048643
1520530385.752489 1.299986 0.048654
1520530385.852492 1.299906 0.048655
1520530385.952497 1.300016 0.048649
1520530386.002497 1.299796 0.048656
1520530386.102546 1.299879 0.048654
1520530386.152547 1.299857 0.048647
1520530386.252550 1.299838 0.048655
1520530386.352553 1.299881 0.048655
1520530386.452758 1.299883 0.048656
1520530386.602814 1.299869 0.048652
1520530386.702766 1.299874 0.048654
1520530386.802769 1.299889 0.048652
1520530386.902676 1.299859 0.048653
1520530387.002679 1.299967 0.048638
1520530387.102682 1.299938 0.048650
1520530387.202685 1.299777 0.048650
1520530387.302607 1.299884 0.048656
1520530387.402611 1.299965 0.048652
1520530387.452612 1.300063 0.048653
1520530387.552615 1.300191 0.048640
1520530387.602617 1.300212 0.048650
1520530387.702457 1.300450 0.048649
1520530387.752459 1.300530 0.048640
1520530387.852464 1.300369 0.048639
1520530387.902463 1.300280 0.048605
1520530388.002466 1.300200 0.048605
1520530388.052468 1.300318 0.048547
1520530388.152496 1.300217 0.048607
1520530388.202544 1.300043 0.048646
1520530388.302501 1.299696 0.048629
1520530388.352502 1.299784 0.048654
1520530388.452505 1.299967 0.048657
1520530388.602855 1.299963 0.048657
1520530388.752860 1.300063 0.048657
1520530388.852863 1.299859 0.048650
1520530388.952235 1.299919 0.048654
1520530389.052238 1.299879 0.048655
1520530389.152242 1.299792 0.048654
1520530389.252245 1.299821 0.048627
1520530389.352936 1.299983 0.048630
1520530389.452939 1.300109 0.048624
1520530389.552942 1.300140 0.048625
1520530389.652948 1.300157 0.048648
1520530389.702846 1.300160 0.048621
1520530389.803445 1.300507 0.048659
1520530389.853406 1.300257 0.048640
1520530389.953409 1.299953 0.048654
1520530390.003411 1.299947 0.048638
1520530390.103414 1.300004 0.048658
1520530390.152569 1.300098 0.048627
1520530390.252572 1.299823 0.048634
1520530390.302572 1.299806 0.048644
1520530390.402575 1.299741 0.048653
1520530390.502578 1.299716 0.048633
1520530390.553324 1.300001 0.048635
1520530390.653327 1.299984 0.048654
1520530390.753331 1.300082 0.048654
1520530390.803333 1.300245 0.048646
1520530390.903336 1.300220 0.048650
1520530390.953379 1.300140 0.048648
1520530391.053383 1.299854 0.048645
1520530391.153385 1.299931 0.048647
1520530391.203387 1.299959 0.048632
1520530391.303389 1.299793 0.048654
1520530391.402366 1.299924 0.048652
1520530391.502338 1.299923 0.048631
1520530391.602341 1.299808 0.048648
1520530391.702344 1.299740 0.048645
1520530391.802426 1.299806 0.048645
1520530391.902429 1.299702 0.048647
1520530392.002432 1.299794 0.048646
1520530392.052433 1.299770 0.048620
1520530392.152436 1.300178 0.048654
1520530392.203142 1.302259 0.048638
1520530392.303145 1.301641 0.048653
1520530392.353147 1.300789 0.048629
1520530392.453150 1.300213 0.048656
1520530392.553153 1.299990 0.048654
1520530392.602235 1.299946 0.048654
1520530392.702237 1.299890 0.048650
1520530392.752239 1.299835 0.048646
1520530392.852242 1.300347 0.048650
1520530392.902243 1.300325 0.048644
1520530393.002174 1.300340 0.048640
1520530393.052154 1.300457 0.048649
1520530393.152157 1.300944 0.048648
1520530393.202159 1.301237 0.048620
1520530393.302161 1.300983 0.048654
1520530393.402921 1.301242 0.048657
1520530393.502924 1.301317 0.048583
1520530393.552926 1.301568 0.048638
1520530393.652929 1.300136 0.048612
1520530393.702931 1.300033 0.048655
1520530393.802958 1.300035 0.048636
1520530393.902961 1.299851 0.048656
1520530394.052965 1.299926 0.048657
1520530394.152969 1.299925 0.048622
1520530394.202165 1.300019 0.048638
1520530394.302169 1.300014 0.048656
1520530394.352170 1.299786 0.048644
1520530394.452173 1.299693 0.048651
1520530394.502175 1.299829 0.048650
1520530394.602189 1.299771 0.048647
1520530394.702878 1.300237 0.048638
1520530394.802881 1.300003 0.048647
1520530394.902884 1.299915 0.048651
1520530395.002887 1.299831 0.048652
1520530395.103732 1.299901 0.048651
1520530395.203735 1.299927 0.048650
1520530395.303738 1.299898 0.048657
1520530395.403742 1.299816 0.048624
1520530395.452705 1.299716 0.048648
1520530395.552709 1.299715 0.048652
1520530395.652712 1.299844 0.048657
1520530395.752715 1.299843 0.048652
1520530395.903079 1.300181 0.048617
1520530396.003083 1.300221 0.048633
1520530396.103085 1.299931 0.048653
1520530396.203089 1.299853 0.048656
1520530396.253235 1.299565 0.048639
1520530396.353238 1.299428 0.048627
1520530396.453241 1.299517 0.048597
1520530396.553244 1.299522 0.048591
1520530396.603246 1.299529 0.048566
1520530396.703145 1.299715 0.048650
1520530396.803148 1.299410 0.048570
1520530396.903152 1.299299 0.048602
1520530397.003155 1.299811 0.048637
1520530397.102782 1.299589 0.048647
1520530397.202785 1.299665 0.048634
1520530397.302788 1.299619 0.048638
1520530397.402791 1.299672 0.048648
1520530397.502304 1.300024 0.048620
1520530397.602308 1.299977 0.048651
1520530397.702310 1.299809 0.048637
1520530397.752312 1.299660 0.048647
1520530397.852315 1.299849 0.048615
1520530397.902585 1.299747 0.048611
1520530398.002588 1.299700 0.048653
1520530398.052589 1.299678 0.048643
1520530398.152592 1.299699 0.048652
1520530398.252596 1.299502 0.048649
1520530398.303365 1.299768 0.048657
1520530398.403368 1.299888 0.048649
1520530398.453370 1.299617 0.048639
1520530398.553373 1.299895 0.048650
1520530398.603375 1.299774 0.048648
1520530398.703221 1.299646 0.048654
1520530398.753223 1.299547 0.048640
1520530398.853226 1.299549 0.048650
1520530398.903227 1.299606 0.048658
1520530399.003230 1.299784 0.048643
1520530399.053232 1.300060 0.048648
1520530399.152330 1.300413 0.048563
1520530399.202332 1.299944 0.048601
1520530399.302335 1.299823 0.048633
1520530399.352336 1.299794 0.048635
1520530399.452339 1.299846 0.048651
1520530399.502341 1.299933 0.048658
1520530399.603008 1.300220 0.048651
1520530399.703011 1.300005 0.048629
1520530399.803014 1.300002 0.048655
1520530399.903017 1.300038 0.048645
1520530399.953275 1.299901 0.048653
1520530400.053278 1.300018 0.048654
1520530400.103279 1.299803 0.048652
1520530400.203283 1.299820 0.048658
1520530400.253284 1.299945 0.048654
1520530400.352494 1.299928 0.048645
1520530400.402496 1.299862 0.048638
1520530400.502500 1.299891 0.048656
1520530400.552501 1.299788 0.048652
1520530400.652504 1.299798 0.048652
1520530400.702505 1.299756 0.048645
1520530400.802292 1.299843 0.048649
1520530400.852294 1.299778 0.048642
1520530400.952297 1.299681 0.048639
1520530401.052300 1.299668 0.048651
1520530401.152303 1.299745 0.048645
1520530401.202755 1.300151 0.048645
1520530401.302758 1.299880 0.048659
1520530401.352759 1.299965 0.048656
1520530401.452763 1.300027 0.048658
1520530401.502764 1.299882 0.048656
1520530401.603037 1.300749 0.048648
1520530401.653039 1.300130 0.048658
1520530401.753042 1.300166 0.048653
1520530401.853045 1.300041 0.048657
1520530401.903047 1.300006 0.048644
1520530402.002281 1.299918 0.048627
1520530402.052283 1.299757 0.048652
1520530402.152286 1.299717 0.048610
1520530402.202287 1.299776 0.048629
1520530402.302290 1.299690 0.048644
1520530402.352292 1.299768 0.048640
1520530402.452569 1.300427 0.048646
1520530402.502571 1.299954 0.048610
1520530402.602574 1.300092 0.048653
1520530402.702577 1.300090 0.048662
1520530402.803416 1.299969 0.048658
1520530402.853417 1.300158 0.048595
1520530402.953420 1.300366 0.048640
1520530403.003422 1.300154 0.048651
1520530403.103425 1.299985 0.048655
1520530403.153427 1.300101 0.048653
1520530403.252935 1.299887 0.048657
1520530403.352938 1.300039 0.048650
1520530403.402940 1.299833 0.048656
1520530403.502943 1.300019 0.048657
1520530403.552945 1.300025 0.048647
1520530403.652254 1.299858 0.048652
1520530403.702256 1.299693 0.048657
1520530403.802258 1.299642 0.048645
1520530403.852261 1.299427 0.048627
1520530403.952263 1.299714 0.048650
1520530404.002264 1.299680 0.048645
1520530404.102746 1.300067 0.048652
1520530404.152748 1.299366 0.048661
1520530404.252829 1.300102 0.048627
1520530404.352754 1.300317 0.048655
1520530404.453112 1.300009 0.048640
1520530404.553115 1.299977 0.048654
1520530404.653119 1.299965 0.048655
1520530404.703120 1.300440 0.048655
1520530404.803123 1.300232 0.048655
1520530404.852642 1.300412 0.048653
1520530404.952645 1.300318 0.048651
1520530405.052648 1.300230 0.048650
1520530405.102650 1.300043 0.048637
1520530405.202653 1.300097 0.048656
1520530405.252327 1.300224 0.048637
1520530405.352331 1.300007 0.048630
1520530405.402333 1.300113 0.048638
1520530405.502335 1.299970 0.048640
1520530405.552337 1.300134 0.048650
1520530405.652792 1.300362 0.048655
1520530405.702792 1.300208 0.048597
1520530405.802797 1.299948 0.048641
1520530405.852855 1.299696 0.048650
1520530405.952801 1.299947 0.048650
1520530406.052804 1.299735 0.048653
1520530406.103570 1.299638 0.048653
1520530406.203573 1.299845 0.048636
1520530406.253574 1.299877 0.048639
1520530406.353577 1.299932 0.048656
1520530406.403579 1.299774 0.048655
1520530406.503485 1.299844 0.048658
1520530406.553487 1.299979 0.048655
1520530406.653490 1.300412 0.048655
1520530406.753493 1.300449 0.048657
1520530406.803495 1.300352 0.048655
1520530406.902692 1.299717 0.048640
1520530406.952693 1.299333 0.048640
1520530407.052696 1.299501 0.048591
1520530407.102698 1.299758 0.048626
1520530407.202701 1.299460 0.048570
1520530407.252702 1.299817 0.048551
1520530407.353185 1.299633 0.048625
1520530407.403187 1.299501 0.048597
1520530407.503190 1.299723 0.048647
1520530407.553191 1.299445 0.048578
1520530407.653194 1.299535 0.048635
1520530407.703510 1.299781 0.048645
1520530407.803513 1.299783 0.048646
1520530407.853515 1.299747 0.048646
1520530407.953518 1.299760 0.048643
1520530408.003519 1.299653 0.048631
1520530408.103522 1.299833 0.048649
1520530408.153603 1.299760 0.048623
1520530408.253606 1.299855 0.048647
1520530408.353609 1.299825 0.048646
1520530408.453613 1.299834 0.048653
1520530408.553374 1.299687 0.048636
1520530408.653377 1.299438 0.048623
1520530408.753380 1.299473 0.048610
1520530408.853383 1.299266 0.048604
1520530408.952878 1.299385 0.048646
1520530409.052890 1.299309 0.048641
1520530409.152884 1.299429 0.048628
1520530409.252887 1.299429 0.048631
1520530409.352902 1.299491 0.048647
1520530409.452906 1.299437 0.048638
1520530409.552909 1.299273 0.048641
1520530409.652912 1.299435 0.048655
1520530409.752654 1.299497 0.048637
1520530409.802656 1.299561 0.048638
1520530409.902659 1.300676 0.048347
1520530410.002662 1.299522 0.048640
1520530410.102666 1.299768 0.048651
1520530410.203224 1.299895 0.048639
1520530410.253226 1.299842 0.048588
1520530410.353231 1.299806 0.048639
1520530410.453232 1.299652 0.048644
1520530410.503232 1.299695 0.048614
1520530410.603875 1.299732 0.048632
1520530410.703878 1.299814 0.048655
1520530410.853882 1.299870 0.048651
1520530410.953885 1.299969 0.048646
1520530411.053420 1.300018 0.048631
1520530411.153423 1.299882 0.048656
1520530411.303427 1.299835 0.048616
1520530411.403009 1.299658 0.048652
1520530411.503012 1.299432 0.048621
1520530411.603015 1.299669 0.048601
1520530411.703018 1.299727 0.048634
1520530411.753020 1.299697 0.048613
1520530411.852907 1.299651 0.048647
1520530411.902909 1.299804 0.048656
1520530412.002912 1.299703 0.048651
1520530412.052913 1.299790 0.048648
1520530412.152916 1.299729 0.048654
1520530412.203416 1.300043 0.048644
1520530412.303419 1.299764 0.048656
1520530412.403422 1.299862 0.048655
1520530412.453423 1.299852 0.048651
1520530412.553426 1.300306 0.048645
1520530412.603428 1.300403 0.048636
1520530412.703631 1.300033 0.048651
1520530412.753633 1.299796 0.048654
1520530412.853636 1.299835 0.048653
1520530412.903637 1.299706 0.048651
1520530413.003641 1.299887 0.048656
1520530413.053009 1.299843 0.048616
1520530413.153012 1.299729 0.048656
1520530413.253016 1.299726 0.048644
1520530413.353019 1.299872 0.048614
1520530413.452940 1.299868 0.048642
1520530413.552943 1.299853 0.048641
1520530413.652946 1.299816 0.048618
1520530413.853107 1.299854 0.048652
1520530413.953110 1.299820 0.048627
1520530414.003112 1.299810 0.048654
1520530414.103115 1.299805 0.048658
1520530414.203118 1.299878 0.048650
1520530414.302896 1.300001 0.048649
1520530414.402899 1.299907 0.048636
1520530414.502902 1.299866 0.048646
1520530414.602906 1.299840 0.048628
1520530414.702707 1.300421 0.048242
1520530414.802710 1.299991 0.048651
1520530414.902714 1.300099 0.048647
1520530415.002717 1.299964 0.048608
1520530415.103195 1.301809 0.048625
1520530415.203199 1.300112 0.048633
1520530415.303202 1.299881 0.048642
1520530415.403205 1.299750 0.048646
1520530415.503115 1.299949 0.048656
1520530415.603071 1.300049 0.048647
1520530415.703074 1.299781 0.048601
1520530415.853079 1.299854 0.048623
1520530416.003364 1.299719 0.048652
1520530416.203371 1.299821 0.048656
1520530416.553383 1.300036 0.048641
1520530416.653386 1.299531 0.048650
1520530416.753274 1.299538 0.048651
1520530416.853277 1.299949 0.048630
1520530416.953280 1.299939 0.048633
1520530417.053283 1.299898 0.048648
1520530417.153371 1.299749 0.048639
1520530417.253374 1.299817 0.048638
1520530417.403379 1.299961 0.048651
1520530417.603465 1.299880 0.048654
1520530417.703468 1.299818 0.048647
1520530417.803472 1.299868 0.048654
1520530417.903475 1.299942 0.048636
1520530418.003458 1.300057 0.048636
1520530418.103461 1.299862 0.048640
1520530418.203465 1.299889 0.048643
1520530418.303468 1.299747 0.048632
1520530418.453434 1.299946 0.048650
1520530418.603439 1.299923 0.048639
1520530418.703442 1.299826 0.048644
1520530418.803345 1.299830 0.048649
1520530418.903348 1.299860 0.048651
1520530419.003351 1.299739 0.048653
1520530419.103354 1.299717 0.048642
1520530419.203534 1.299467 0.048653
1520530419.303537 1.299670 0.048648
1520530419.403541 1.300091 0.048649
1520530419.503544 1.300034 0.048651
1520530419.603729 1.299933 0.048651
1520530419.753734 1.299796 0.048639
1520530419.853738 1.299784 0.048644
1520530419.953740 1.299909 0.048647
1520530420.053599 1.299715 0.048647
1520530420.103600 1.299835 0.048628
1520530420.203604 1.299718 0.048640
1520530420.253605 1.299888 0.048647
1520530420.353608 1.299800 0.048631
1520530420.453700 1.299837 0.048647
1520530420.553704 1.300006 0.048648
1520530420.703708 1.300139 0.048644
1520530420.853358 1.299881 0.048592
1520530420.953361 1.300076 0.048576
1520530421.053364 1.299517 0.048615
1520530421.103366 1.299720 0.048569
1520530421.203429 1.299857 0.048610
1520530421.253431 1.299653 0.048638
1520530421.353434 1.299583 0.048642
1520530421.453437 1.299804 0.048644
1520530421.553440 1.299874 0.048647
1520530421.653613 1.300464 0.048653
1520530421.753616 1.300268 0.048653
1520530421.903620 1.299983 0.048638
1520530422.053472 1.299965 0.048603
1520530422.153476 1.299877 0.048641
1520530422.253479 1.299735 0.048651
1520530422.353482 1.299686 0.048628
1520530422.453395 1.299634 0.048650
1520530422.503396 1.299805 0.048632
1520530422.603400 1.299823 0.048651
1520530422.703403 1.299850 0.048647
1520530422.803406 1.299794 0.048631
1520530422.903583 1.299762 0.048574
1520530423.053588 1.300132 0.048600
1520530423.153591 1.299912 0.048653
1520530423.203592 1.299946 0.048609
1520530423.303317 1.299787 0.048619
1520530423.403322 1.299707 0.048619
1520530423.553359 1.299785 0.048649
1520530423.652983 1.299523 0.048624
1520530423.752986 1.299717 0.048636
1520530423.852990 1.299642 0.048636
1520530423.902991 1.299627 0.048645
1520530424.002994 1.299699 0.048635
1520530424.052950 1.299781 0.048636
1520530424.153255 1.299779 0.048638
1520530424.253258 1.299756 0.048632
1520530424.353261 1.299923 0.048643
1520530424.403263 1.299512 0.048647
1520530424.504722 1.300195 0.048649
1520530424.554724 1.300129 0.048616
1520530424.654727 1.300111 0.048631
1520530424.804732 1.300068 0.048654
1520530424.854733 1.300033 0.048654
1520530424.953377 1.299916 0.048623
1520530425.003378 1.299942 0.048653
1520530425.103381 1.299866 0.048652
1520530425.203384 1.299886 0.048650
1520530425.303732 1.299824 0.048644
1520530425.403735 1.299793 0.048648
1520530425.503738 1.299858 0.048646
1520530425.603741 1.299880 0.048653
1520530425.653743 1.299886 0.048653
1520530425.753677 1.299929 0.048643
1520530425.803679 1.299897 0.048615
1520530425.903682 1.299820 0.048653
1520530426.003685 1.299897 0.048626
1520530426.103474 1.299973 0.048631
1520530426.203477 1.300376 0.048648
1520530426.253478 1.299855 0.048643
1520530426.353481 1.299942 0.048641
1520530426.403483 1.299943 0.048605
1520530426.503486 1.299789 0.048645
1520530426.703556 1.300061 0.048637
1520530426.753558 1.299948 0.048646
1520530426.853560 1.300226 0.048627
1520530426.903562 1.299905 0.048598
1520530427.003600 1.299794 0.048648
1520530427.053602 1.299860 0.048637
1520530427.153605 1.299846 0.048651
1520530427.253608 1.299997 0.048642
1520530427.353592 1.300287 0.048628
1520530427.453595 1.300414 0.048622
1520530427.803679 1.300658 0.048644
1520530427.903683 1.300071 0.048652
1520530427.953684 1.299987 0.048650
1520530428.053687 1.300237 0.048632
1520530428.103692 1.300331 0.048452
1520530428.203537 1.300031 0.048428
1520530428.253538 1.299833 0.048547
1520530428.353542 1.299854 0.048591
1520530428.403618 1.299739 0.048607
1520530428.503546 1.299472 0.048641
1520530428.553451 1.299591 0.048648
1520530428.653454 1.299451 0.048638
1520530428.753457 1.299531 0.048637
1520530428.803458 1.299318 0.048643
1520530428.903461 1.299668 0.048641
1520530428.953463 1.299618 0.048647
1520530429.053445 1.299800 0.048636
1520530429.103447 1.300166 0.048638
1520530429.203450 1.300661 0.048631
1520530429.253451 1.300540 0.048639
1520530429.353455 1.300439 0.048642
1520530429.403551 1.300312 0.048627
1520530429.503555 1.300409 0.048642
1520530429.553556 1.300157 0.048636
1520530429.653559 1.299932 0.048650
1520530429.703560 1.299729 0.048643
1520530429.803622 1.299681 0.048646
1520530429.853626 1.299760 0.048632
1520530429.953626 1.299730 0.048649
1520530430.003663 1.299788 0.048650
1520530430.103631 1.299897 0.048650
1520530430.153632 1.299830 0.048652
1520530430.253346 1.299733 0.048617
1520530430.303347 1.299686 0.048646
1520530430.403350 1.299485 0.048649
1520530430.453352 1.299487 0.048647
1520530430.553355 1.299525 0.048646
1520530430.653528 1.299529 0.048632
1520530430.703530 1.299535 0.048646
1520530430.803533 1.299654 0.048646
1520530430.853534 1.299642 0.048642
1520530430.953538 1.299689 0.048649
1520530431.053698 1.299804 0.048651
1520530431.103700 1.299814 0.048648
1520530431.203703 1.299662 0.048647
1520530431.253704 1.299625 0.048648
1520530431.353708 1.299758 0.048637
1520530431.403709 1.299579 0.048646
1520530431.503564 1.299525 0.048650
1520530431.553565 1.299252 0.048638
1520530431.653568 1.299377 0.048647
1520530431.703570 1.299216 0.048645
1520530431.803573 1.299123 0.048640
1520530431.853524 1.299390 0.048650
1520530431.953527 1.299247 0.048644
1520530432.003529 1.299394 0.048649
1520530432.103532 1.299657 0.048652
1520530432.153533 1.299611 0.048645
1520530432.253696 1.299628 0.048644
1520530432.303698 1.299245 0.048641
1520530432.403701 1.299594 0.048637
1520530432.503704 1.299788 0.048651
1520530432.553705 1.299930 0.048647
1520530432.653548 1.299799 0.048649
1520530432.703550 1.299815 0.048646
1520530432.803553 1.299792 0.048636
1520530432.853554 1.300090 0.048651
1520530432.953557 1.300294 0.048645
1520530433.053690 1.300571 0.048645
1520530433.103691 1.300122 0.048636
1520530433.203694 1.299936 0.048641
1520530433.303697 1.299755 0.048649
1520530433.403700 1.299704 0.048648
1520530433.503793 1.299706 0.048647
1520530433.603796 1.299905 0.048644
1520530433.653798 1.299790 0.048651
1520530433.753801 1.299789 0.048650
1520530433.853804 1.299666 0.048651
1520530433.953632 1.299578 0.048642
1520530434.003634 1.299576 0.048637
1520530434.103637 1.299589 0.048650
1520530434.153638 1.299714 0.048649
1520530434.253642 1.299841 0.048651
1520530434.303478 1.299802 0.048646
1520530434.403481 1.299927 0.048650
1520530434.453483 1.299743 0.048646
1520530434.553486 1.299807 0.048641
1520530434.603488 1.299847 0.048643
1520530434.703655 1.299897 0.048647
1520530434.753658 1.299776 0.048643
1520530434.853723 1.299731 0.048641
1520530434.903661 1.299734 0.048642
1520530435.003664 1.299755 0.048643
1520530435.103796 1.299800 0.048647
1520530435.153798 1.299790 0.048648
1520530435.253801 1.299716 0.048647
1520530435.303802 1.299675 0.048647
1520530435.403806 1.300053 0.048637
1520530435.453807 1.299848 0.048641
1520530435.554088 1.299809 0.048645
1520530435.604089 1.299838 0.048620
1520530435.704092 1.299849 0.048638
1520530435.754094 1.299740 0.048634
1520530435.854097 1.299850 0.048644
1520530435.904099 1.299879 0.048631
1520530436.003837 1.299841 0.048649
1520530436.053838 1.299804 0.048645
1520530436.153841 1.299768 0.048648
1520530436.203843 1.299711 0.048647
1520530436.303846 1.299693 0.048650
1520530436.403957 1.299673 0.048648
1520530436.553962 1.299767 0.048648
1520530436.703966 1.300026 0.048648
1520530436.804032 1.299982 0.048642
1520530436.854034 1.299865 0.048648
1520530436.954037 1.300085 0.048648
1520530437.004039 1.299911 0.048649
1520530437.104042 1.299793 0.048651
1520530437.153533 1.299973 0.048591
1520530437.253536 1.300119 0.048591
1520530437.303539 1.299975 0.048641
1520530437.403543 1.300035 0.048637
1520530437.453545 1.299902 0.048648
1520530437.553870 1.299935 0.048643
1520530437.603872 1.299950 0.048637
1520530437.703875 1.299816 0.048640
1520530437.753876 1.299707 0.048650
1520530437.853879 1.299740 0.048648
1520530437.954482 1.299842 0.048646
1520530438.054484 1.299805 0.048649
1520530438.154486 1.299825 0.048650
1520530438.204487 1.299826 0.048646
1520530438.304490 1.299767 0.048645
1520530438.354492 1.299847 0.048637
1520530438.453623 1.299773 0.048626
1520530438.503624 1.299729 0.048633
1520530438.603628 1.299735 0.048638
1520530438.653629 1.299752 0.048638
1520530438.753632 1.299831 0.048643
1520530438.804389 1.300146 0.048643
1520530438.904392 1.300117 0.048641
1520530439.004395 1.299968 0.048647
1520530439.104398 1.300003 0.048650
1520530439.154401 1.299971 0.048648
1520530439.304657 1.299931 0.048650
1520530439.404660 1.299787 0.048647
1520530439.604177 1.299681 0.048650
1520530439.704263 1.299726 0.048644
1520530439.804183 1.299864 0.048648
1520530439.904186 1.300111 0.048644
1520530440.004099 1.300433 0.048644
1520530440.104102 1.300359 0.048647
1520530440.204106 1.300796 0.048636
1520530440.304109 1.301045 0.048646
1520530440.404112 1.301361 0.048645
1520530440.503979 1.301489 0.048641
1520530440.603982 1.301293 0.048641
1520530440.703986 1.301072 0.048636
1520530440.803989 1.301070 0.048636
1520530440.903872 1.301097 0.048646
1520530441.003875 1.300805 0.048647
1520530441.103878 1.300911 0.048644
1520530441.203881 1.300818 0.048646
1520530441.303927 1.300395 0.048649
1520530441.403893 1.299917 0.048649
1520530441.503896 1.299897 0.048643
1520530441.654083 1.300186 0.048648
1520530441.854089 1.303520 0.048638
1520530442.004094 1.299917 0.048606
1520530442.104032 1.299691 0.048638
1520530442.204035 1.299566 0.048643
1520530442.304038 1.299349 0.048594
1520530442.404042 1.299560 0.048620
1520530442.503716 1.299598 0.048626
1520530442.553717 1.299591 0.048627
1520530442.653721 1.299836 0.048625
1520530442.703722 1.299482 0.048619
1520530442.803725 1.299821 0.048646
1520530442.853726 1.300051 0.048631
1520530442.954377 1.299837 0.048613
1520530443.054381 1.299667 0.048636
1520530443.154384 1.299570 0.048625
1520530443.304466 1.299694 0.048650
1520530443.504473 1.299788 0.048631
1520530443.604476 1.299727 0.048649
1520530443.704013 1.299981 0.048530
1520530443.804016 1.299883 0.048649
1520530443.904020 1.299844 0.048646
1520530444.004023 1.299878 0.048647
1520530444.104403 1.300183 0.048645
1520530444.154403 1.299976 0.048623
1520530444.254406 1.299835 0.048642
1520530444.354410 1.299727 0.048643
1520530444.454413 1.299726 0.048612
1520530444.555263 1.299730 0.048633
1520530444.655166 1.299697 0.048643
1520530444.755169 1.299781 0.048635
1520530444.855172 1.299894 0.048645
1520530444.954962 1.299848 0.048628
1520530445.004964 1.299759 0.048644
1520530445.104967 1.299721 0.048651
1520530445.154968 1.299667 0.048641
1520530445.254971 1.299732 0.048640
1520530445.304973 1.299744 0.048625
1520530445.403894 1.299749 0.048642
1520530445.453896 1.299688 0.048635
1520530445.553899 1.299716 0.048646
1520530445.603900 1.299750 0.048634
1520530445.703904 1.299737 0.048648
1520530445.753751 1.299748 0.048648
1520530445.853755 1.299763 0.048649
1520530445.903755 1.299769 0.048650
1520530446.003758 1.299765 0.048643
1520530446.103761 1.299726 0.048648
1520530446.204900 1.300024 0.048632
1520530446.304903 1.299973 0.048645
1520530446.404906 1.299957 0.048650
1520530446.504909 1.299887 0.048644
1520530446.604785 1.299835 0.048647
1520530446.704788 1.299852 0.048650
1520530446.754789 1.299895 0.048650
1520530446.854792 1.299784 0.048635
1520530446.954330 1.299734 0.048626
1520530447.054334 1.299854 0.048597
1520530447.154337 1.299879 0.048561
1520530447.254340 1.299924 0.048643
1520530447.354343 1.299948 0.048637
1520530447.504127 1.299855 0.048646
1520530447.654131 1.299816 0.048642
1520530447.904075 1.299909 0.048642
1520530448.253886 1.300329 0.048649
