DelayedMarginalization 0.000971185 3.04483e-08 0.00152145 1404
DelayedMarginalizationOnly 0.000471362 1.83455e-08 0.000990507 1404
EF-marginalizeFrame 0.00134035 4.3944e-08 0.002046 1404
FullSystem::trackNewCoarse 0.00232187 6.08245e-07 0.00756256 2670
FullSystem::trackNewCoarseNoIMU 0.00245758 4.95649e-05 0.0548193 102
FullSystemOptimize 0.0375753 4.70927e-05 0.0916723 1410
GraphUnrolling 0.00960955 0.000177209 0.0423315 9
IMUInitAddPose 2.39292e-05 1.084e-11 5.8494e-05 1410
IMUInitOptimize 0.00510779 1.3245e-05 0.0108412 5
IMUIntegration::finishKeyframeOperations 5.98734e-05 1.81132e-10 0.000288646 1400
InitializerFirstFrame 0.034365 -nan 0.034365 1
InitializerOtherFrames 0.0612605 7.22056e-05 0.080408 46
MainMarginalization 0.00120524 3.81614e-08 0.00182905 1404
MarginalizationReplacementBuildGraph 0.000932698 7.61852e-07 0.00263297 8
MarginalizationReplacementReplaceGraph 0.0120152 0.000209727 0.0425212 7
MarginalizeMainGraph 0.000499164 6.69211e-09 0.000799716 1404
PGBA 0.0158176 8.8445e-07 0.0164826 2
PGBAFull 0.00387996 5.29984e-05 0.018434 10
PrepareGraphForMainOptimization 0.00967465 0.000178334 0.042489 9
VisualMarginalization 4.03296e-05 7.03067e-11 0.000130437 1404
activatePointsMT 0.00311343 5.36058e-07 0.00664841 1410
addActiveFrame 0.0389004 0.000846518 0.128324 2819
addIMUData 0.000661813 2.09638e-08 0.00140569 2670
addIMUDataToBA 3.67618e-05 1.49472e-10 8.5658e-05 2818
addKeyframeToBA 3.16372e-05 1.97597e-11 6.5356e-05 1410
afterCoarseTracking 2.78608e-07 6.71889e-15 1.764e-06 2772
baIteration 0.00562553 1.41313e-06 0.0231394 8420
baMatrixInversion 0.00022582 1.61598e-09 0.000893061 8420
baUpdateBuildHessians 0.000498156 1.83464e-08 0.0113947 8420
coarseTrackingIteration 0.000187137 4.47587e-09 0.000793581 28095
computeBAUpdate 0.000805605 2.624e-08 0.0118342 8420
computeCoarseUpdate 9.82723e-05 4.89149e-10 0.000675306 25225
computeFactorForCoarseGraphAndMarginalCovariances 0.00305471 3.99905e-07 0.00666764 1400
convertHAndBFromDSO 0.000147252 3.17627e-09 0.00071618 14038
debugPlot 7.51674e-08 1.2075e-15 3.93e-07 1410
debugPlotIDepthMap 3.77329e-07 9.12291e-14 1.1411e-05 1410
debugPlotIDepthMapFloat 7.60447e-08 6.47601e-16 3.6e-07 1410
deliverTrackedFrame 0.0332984 0.000832804 0.120867 2773
flagFramesForMarginalization 1.51676e-06 3.71599e-13 1.2018e-05 1410
fullCoarseTracking 0.00308554 2.56782e-06 0.054922 2772
initObjectsAndMakeImage 0.00209621 5.12102e-08 0.00372308 2819
makeKeyframe 0.0608522 8.97995e-05 0.120861 1410
makeKeyframeChangeTrackingRef 0.00221576 1.79843e-07 0.00442677 1410
makeNewTraces 0.00550596 8.70959e-07 0.0122156 1410
makeNonKeyframe 0.00479032 2.70583e-06 0.00861118 1363
marginalizeAndRemovePoints 0.00253325 9.06655e-07 0.00703046 1410
marginalizeFrame 0.00217239 1.41534e-07 0.00352865 1404
marginalizeFrameOverhead 0.000829654 6.05355e-08 0.00194473 1404
marginalizeFrames 0.00217093 2.6722e-07 0.00468603 1410
newFrameAndNewResidualsForOldPoints 0.00092406 6.60714e-08 0.00183994 1410
printBiases 3.60775e-05 8.65149e-11 0.000114249 1410
printEigenValLine 1.11852e-07 4.15656e-16 3.85e-07 1410
printLogLine 2.11506e-07 4.31987e-15 4.87e-07 1410
publishInMakeKeyframe 2.03123e-07 4.18002e-15 6.1e-07 1410
removeOutliers 0.00014352 2.17821e-09 0.000492972 1410
swapTrackingRef 2.13146e-05 1.34212e-11 5.2647e-05 1409
timeMeasurement 7.59636e-07 5.63327e-14 6.943e-06 2819
traceNewCoarse 0.00392564 2.85845e-06 0.00860183 2773
updateBAValues 5.46843e-06 3.26999e-12 6.9945e-05 14105
zero 9.02792e-08 1.12408e-14 5.584e-06 2819
