1520530315.649646 1.251674 0.447392
1520530315.799640 1.288531 0.248686
1520530315.899643 1.252315 0.224077
1520530316.100221 1.229259 0.209938
1520530316.250226 1.240700 0.205563
1520530316.400230 1.246726 0.183848
1520530316.600278 1.247176 0.171466
1520530316.750283 1.232682 0.167155
1520530316.949773 1.230467 0.158871
1520530317.149779 1.229789 0.138652
1520530317.299784 1.228957 0.123295
1520530317.449747 1.232134 0.113557
1520530317.649755 1.226514 0.103128
1520530317.750237 1.224603 0.098397
1520530317.900242 1.222457 0.095328
1520530318.050246 1.221767 0.094350
1520530318.150816 1.215871 0.093107
1520530318.350774 1.216429 0.089802
1520530318.550780 1.214007 0.084731
1520530318.700570 1.208326 0.080407
1520530318.900576 1.212884 0.077375
1520530318.999955 1.205705 0.074287
1520530319.149961 1.203933 0.068953
1520530319.299965 1.200458 0.066189
1520530319.399832 1.203637 0.063841
1520530319.549837 1.203492 0.061165
1520530319.699841 1.206278 0.060405
1520530319.800341 1.206208 0.060357
1520530319.900344 1.205818 0.059752
1520530320.000347 1.207001 0.058358
1520530320.100350 1.207685 0.056860
1520530320.200401 1.204371 0.055081
1520530320.300404 1.210259 0.054326
1520530320.450408 1.210924 0.053319
1520530320.550412 1.211659 0.052643
1520530320.599869 1.207478 0.052129
1520530320.749874 1.206269 0.049633
1520530320.899879 1.210578 0.046845
1520530321.049740 1.210615 0.044921
1520530321.199745 1.211114 0.043465
1520530321.349750 1.211778 0.042079
1520530321.499857 1.213218 0.040917
1520530321.599860 1.212821 0.040227
1520530321.699863 1.213174 0.039663
1520530321.850152 1.209819 0.038677
1520530321.950155 1.206631 0.037729
1520530322.100160 1.205371 0.036631
1520530322.300208 1.206117 0.036405
1520530322.600218 1.206575 0.035921
1520530322.750027 1.205573 0.034952
1520530322.950033 1.207662 0.034052
1520530323.100074 1.205937 0.033463
1520530323.250079 1.206438 0.033131
1520530323.400084 1.203821 0.032106
1520530323.500345 1.199468 0.030934
1520530323.650349 1.203237 0.029817
1520530323.800354 1.203599 0.029160
1520530323.900153 1.205106 0.028959
1520530324.050157 1.205898 0.028720
1520530324.200162 1.207364 0.028504
1520530324.299908 1.206560 0.028175
1520530324.399911 1.203820 0.027700
1520530324.499994 1.204277 0.027377
1520530324.649919 1.206085 0.027072
1520530324.800021 1.207240 0.026899
1520530324.950026 1.206523 0.026823
1520530325.100816 1.206394 0.026710
1520530325.300822 1.206902 0.026301
1520530325.400825 1.205011 0.025862
1520530325.600915 1.204212 0.024802
1520530325.800921 1.203436 0.024006
1520530325.950541 1.203550 0.023685
1520530326.100546 1.203214 0.023352
1520530326.250551 1.203647 0.023058
1520530326.350204 1.203851 0.022941
1520530326.550210 1.203828 0.022773
1520530326.700216 1.203490 0.022749
1520530326.900431 1.200186 0.022372
1520530327.050437 1.201352 0.021843
1520530327.200433 1.203297 0.021469
1520530327.350437 1.205336 0.021222
1520530327.500442 1.203022 0.020851
1520530327.600091 1.202607 0.020589
1520530327.700094 1.201691 0.020296
1520530327.750096 1.201774 0.020218
1520530327.850099 1.206587 0.020130
1520530327.950102 1.207242 0.020018
1520530328.050282 1.206723 0.019862
1520530328.150285 1.206334 0.019682
1520530328.300290 1.206644 0.019444
1520530328.350291 1.204082 0.019412
1520530328.450338 1.203534 0.019349
1520530328.550342 1.203294 0.019325
1520530328.600344 1.202757 0.019318
1520530328.700347 1.201470 0.019296
1520530328.800086 1.202989 0.019281
1520530329.000092 1.206170 0.019202
1520530329.150097 1.205721 0.019022
1520530329.250095 1.205895 0.018848
1520530329.350049 1.209716 0.018671
1520530329.500053 1.207377 0.018351
1520530329.650099 1.206354 0.018160
1520530329.750102 1.204750 0.018066
1520530329.850105 1.203741 0.018008
1520530329.950109 1.204093 0.017961
1520530330.050161 1.204919 0.017871
1520530330.150164 1.206143 0.017695
1520530330.250167 1.207673 0.017460
1520530330.350170 1.211737 0.017231
1520530330.450787 1.211133 0.016962
1520530330.550790 1.207306 0.016777
1520530330.650793 1.204748 0.016705
1520530330.750797 1.202545 0.016667
1520530330.800798 1.201899 0.016650
1520530330.900277 1.203702 0.016593
1520530331.000280 1.202056 0.016467
1520530331.100283 1.197275 0.016298
1520530331.200286 1.194388 0.016182
1520530331.250735 1.194853 0.016166
1520530331.350738 1.196154 0.016163
1520530331.450741 1.194243 0.016152
1520530331.550744 1.195558 0.016157
1520530331.600746 1.196322 0.016154
1520530331.700481 1.197448 0.016116
1520530331.750483 1.199619 0.016077
1520530331.850486 1.203689 0.015966
1520530331.950489 1.202672 0.015718
1520530332.050387 1.202026 0.015503
1520530332.150390 1.202015 0.015366
1520530332.250393 1.203328 0.015278
1520530332.350396 1.202300 0.015168
1520530332.450399 1.203949 0.015112
1520530332.550483 1.205169 0.015080
1520530332.650488 1.205082 0.015061
1520530332.750491 1.207085 0.015022
1520530332.850494 1.209563 0.014969
1520530332.900164 1.209142 0.014936
1520530333.000168 1.208873 0.014887
1520530333.100171 1.206460 0.014880
1520530333.200174 1.205509 0.014882
1520530333.300608 1.206466 0.014867
1520530333.400612 1.207240 0.014829
1520530333.500615 1.206636 0.014797
1520530333.650619 1.203896 0.014718
1520530333.700541 1.202900 0.014719
1520530333.800544 1.202721 0.014700
1520530333.850545 1.202753 0.014686
1520530333.950549 1.202336 0.014644
1520530334.000561 1.202055 0.014621
1520530334.100216 1.203556 0.014583
1520530334.350224 1.207263 0.014440
1520530334.450227 1.207564 0.014382
1520530334.550086 1.207682 0.014343
1520530334.650089 1.207865 0.014325
1520530334.750092 1.208556 0.014303
1520530334.850095 1.209355 0.014274
1520530334.950928 1.210481 0.014269
1520530335.050931 1.209932 0.014252
1520530335.150934 1.208304 0.014250
1520530335.250937 1.208105 0.014242
1520530335.351457 1.207956 0.014227
1520530335.451459 1.207711 0.014208
1520530335.551462 1.207158 0.014184
1520530335.651465 1.207127 0.014175
1520530335.750223 1.206662 0.014162
1520530335.850226 1.205688 0.014136
1520530335.950229 1.204522 0.014121
1520530336.050232 1.204540 0.014111
1520530336.150177 1.205972 0.014110
1520530336.250180 1.206369 0.014098
1520530336.350183 1.208142 0.014083
1520530336.450186 1.208744 0.014043
1520530336.550582 1.209275 0.013988
1520530336.650586 1.210250 0.013938
1520530336.750588 1.212248 0.013901
1520530336.850591 1.212405 0.013870
1520530336.950594 1.208981 0.013840
1520530337.050259 1.207096 0.013830
1520530337.150262 1.206411 0.013811
1520530337.250265 1.206716 0.013803
1520530337.350269 1.206554 0.013779
1520530337.450303 1.206520 0.013772
1520530337.550306 1.206799 0.013747
1520530337.650309 1.206070 0.013698
1520530337.750312 1.206331 0.013624
1520530337.800854 1.206413 0.013587
1520530337.950858 1.206828 0.013469
1520530338.050862 1.206616 0.013400
1520530338.150864 1.205304 0.013343
1520530338.250473 1.204008 0.013316
1520530338.400477 1.202425 0.013292
1520530338.500480 1.201595 0.013275
1520530338.600260 1.201086 0.013256
1520530338.700263 1.200611 0.013238
1520530338.800266 1.201054 0.013222
1520530338.900269 1.201402 0.013203
1520530339.000272 1.201346 0.013177
1520530339.050959 1.202076 0.013174
1520530339.150962 1.203436 0.013163
1520530339.250965 1.204235 0.013149
1520530339.350968 1.205089 0.013143
1520530339.451687 1.205356 0.013141
1520530339.551690 1.206114 0.013140
1520530339.651693 1.204888 0.013133
1520530339.751697 1.205088 0.013120
1520530339.851056 1.205320 0.013108
1520530339.951059 1.206032 0.013098
1520530340.051062 1.206712 0.013088
1520530340.151065 1.206260 0.013071
1520530340.250395 1.206516 0.013046
1520530340.350399 1.206815 0.013022
1520530340.450401 1.207689 0.012998
1520530340.550404 1.207427 0.012972
1520530340.650347 1.208116 0.012957
1520530340.750350 1.208465 0.012944
1520530340.900354 1.208921 0.012932
1520530341.050774 1.209188 0.012925
1520530341.250780 1.209583 0.012902
1520530341.400785 1.210917 0.012891
1520530341.600716 1.211191 0.012879
1520530341.850723 1.209026 0.012871
1520530341.950578 1.208672 0.012863
1520530342.150549 1.207421 0.012836
1520530342.300673 1.207007 0.012811
1520530342.450678 1.206546 0.012783
1520530342.600683 1.205867 0.012758
1520530342.750644 1.204896 0.012712
1520530342.900649 1.204251 0.012646
1520530343.000653 1.204428 0.012591
1520530343.101131 1.204081 0.012518
1520530343.201134 1.204777 0.012445
1520530343.301138 1.204740 0.012347
1520530343.401141 1.205543 0.012250
1520530343.501404 1.205869 0.012135
1520530343.601407 1.205951 0.012029
1520530343.701410 1.207411 0.011909
1520530343.801413 1.209070 0.011791
1520530343.901416 1.210328 0.011651
1520530344.001403 1.211662 0.011522
1520530344.101406 1.213106 0.011401
1520530344.201410 1.214125 0.011282
1520530344.301413 1.215814 0.011166
1520530344.401411 1.216548 0.011057
1520530344.501414 1.217003 0.010965
1520530344.601418 1.218564 0.010881
1520530344.701421 1.219448 0.010789
1520530344.801638 1.220442 0.010721
1520530344.901641 1.221396 0.010658
1520530345.001644 1.222482 0.010616
1520530345.101647 1.223471 0.010556
1520530345.201744 1.223659 0.010507
1520530345.301746 1.224289 0.010465
1520530345.401749 1.224278 0.010427
1520530345.501752 1.224460 0.010399
1520530345.551195 1.224764 0.010380
1520530345.651198 1.224977 0.010346
1520530345.751201 1.225334 0.010326
1520530345.801203 1.225556 0.010311
1520530345.901206 1.225525 0.010283
1520530345.951161 1.225513 0.010278
1520530346.051476 1.225849 0.010268
1520530346.151479 1.226351 0.010250
1520530346.251483 1.226676 0.010234
1520530346.301485 1.226684 0.010228
1520530346.401376 1.226770 0.010220
1520530346.501379 1.226832 0.010209
1520530346.601382 1.226760 0.010201
1520530346.651383 1.226754 0.010197
1520530346.751386 1.227007 0.010190
1520530346.851546 1.227224 0.010183
1520530346.901548 1.227270 0.010179
1520530347.001551 1.227151 0.010175
1520530347.101554 1.226789 0.010171
1520530347.201400 1.226847 0.010167
1520530347.301403 1.226958 0.010163
1520530347.351405 1.227008 0.010162
1520530347.451408 1.226801 0.010158
1520530347.551411 1.226717 0.010156
1520530347.651220 1.226784 0.010153
1520530347.751223 1.226896 0.010150
1520530347.851226 1.226731 0.010147
1520530347.951229 1.226636 0.010146
1520530348.051164 1.226716 0.010145
1520530348.151168 1.226657 0.010143
1520530348.251170 1.226636 0.010143
1520530348.351173 1.226698 0.010141
1520530348.451416 1.226372 0.010133
1520530348.551419 1.226831 0.010137
1520530348.651423 1.226612 0.010138
1520530348.751426 1.226390 0.010139
1520530348.801428 1.226312 0.010137
1520530348.901315 1.226766 0.010135
1520530348.951318 1.226479 0.010136
1520530349.051321 1.226499 0.010136
1520530349.151325 1.226571 0.010137
1520530349.251106 1.226434 0.010135
1520530349.351109 1.225988 0.010134
1520530349.451112 1.226294 0.010135
1520530349.501114 1.226260 0.010134
1520530349.601117 1.226205 0.010135
1520530349.700937 1.226207 0.010133
1520530349.800940 1.226214 0.010134
1520530349.900986 1.226333 0.010133
1520530350.000946 1.226261 0.010132
1520530350.051376 1.226318 0.010132
1520530350.151379 1.226384 0.010132
1520530350.201381 1.226408 0.010131
1520530350.301384 1.226508 0.010130
1520530350.401387 1.226671 0.010129
1520530350.501516 1.226666 0.010128
1520530350.551518 1.226654 0.010128
1520530350.651521 1.226839 0.010128
1520530350.751524 1.226850 0.010126
1520530350.851527 1.226876 0.010125
1520530350.951573 1.227081 0.010125
1520530351.051576 1.227160 0.010123
1520530351.151579 1.227207 0.010122
1520530351.201581 1.227340 0.010122
1520530351.301683 1.227543 0.010121
1520530351.401685 1.227621 0.010120
1520530351.501759 1.227606 0.010119
1520530351.601688 1.227553 0.010118
1520530351.751696 1.227668 0.010117
1520530351.851700 1.227434 0.010114
1520530351.951703 1.227308 0.010114
1520530352.051706 1.227213 0.010114
1520530352.151806 1.227218 0.010114
1520530352.251809 1.227275 0.010113
1520530352.351812 1.227343 0.010112
1520530352.451816 1.227363 0.010110
1520530352.551471 1.227331 0.010110
1520530352.651474 1.227306 0.010111
1520530352.751477 1.227299 0.010109
1520530352.851480 1.227111 0.010109
1520530352.901098 1.227147 0.010108
1520530353.001101 1.227105 0.010108
1520530353.101208 1.227067 0.010108
1520530353.201107 1.227200 0.010107
1520530353.301110 1.227330 0.010104
1520530353.351398 1.227184 0.010106
1520530353.451401 1.227153 0.010106
1520530353.501402 1.227138 0.010105
1520530353.601405 1.227153 0.010105
1520530353.701408 1.227109 0.010104
1520530353.801738 1.227069 0.010104
1520530353.901741 1.227085 0.010104
1520530354.001744 1.227074 0.010103
1520530354.101747 1.227091 0.010103
1520530354.151896 1.227246 0.010103
1520530354.251899 1.227339 0.010102
1520530354.351902 1.227285 0.010102
1520530354.451905 1.227126 0.010101
1520530354.551594 1.227094 0.010101
1520530354.651595 1.227167 0.010101
1520530354.751597 1.227170 0.010100
1520530354.851600 1.227110 0.010100
1520530354.951359 1.227097 0.010100
1520530355.051362 1.227050 0.010099
1520530355.151365 1.227033 0.010098
1520530355.251368 1.227002 0.010098
1520530355.351371 1.227021 0.010097
1520530355.451408 1.226972 0.010097
1520530355.551411 1.226776 0.010096
1520530355.651416 1.226761 0.010097
1520530355.751418 1.226931 0.010096
1520530355.851533 1.227036 0.010095
1520530355.951536 1.226939 0.010096
1520530356.001537 1.226960 0.010095
1520530356.101541 1.226926 0.010096
1520530356.201376 1.226885 0.010095
1520530356.301379 1.226828 0.010095
1520530356.401382 1.226975 0.010095
1520530356.501385 1.226949 0.010095
1520530356.601233 1.227002 0.010095
1520530356.701236 1.226938 0.010095
1520530356.751237 1.226868 0.010095
1520530356.851240 1.226850 0.010094
1520530356.951243 1.226781 0.010094
1520530357.051154 1.226788 0.010095
1520530357.151157 1.226788 0.010095
1520530357.201159 1.226756 0.010094
1520530357.301162 1.226822 0.010094
1520530357.351164 1.226802 0.010094
1520530357.451660 1.226942 0.010094
1520530357.501662 1.226983 0.010094
1520530357.601666 1.227095 0.010094
1520530357.701667 1.227162 0.010094
1520530357.801671 1.227256 0.010093
1520530357.851585 1.227175 0.010093
1520530357.951560 1.227132 0.010093
1520530358.051563 1.227033 0.010092
1520530358.151567 1.227045 0.010093
1520530358.251625 1.226995 0.010089
1520530358.351628 1.226979 0.010092
1520530358.451631 1.226970 0.010092
1520530358.551634 1.227001 0.010092
1520530358.651798 1.226966 0.010092
1520530358.751801 1.227037 0.010091
1520530358.851805 1.226919 0.010091
1520530358.951808 1.226886 0.010091
1520530359.051806 1.226967 0.010091
1520530359.151809 1.226968 0.010091
1520530359.251812 1.226895 0.010088
1520530359.351815 1.226788 0.010090
1520530359.451919 1.226762 0.010090
1520530359.551871 1.226679 0.010088
1520530359.651874 1.226560 0.010089
1520530359.751878 1.226531 0.010089
1520530359.851881 1.226556 0.010089
1520530359.951828 1.226608 0.010089
1520530360.051831 1.226632 0.010089
1520530360.151834 1.226791 0.010088
1520530360.201836 1.226823 0.010087
1520530360.301316 1.226836 0.010087
1520530360.351317 1.226861 0.010087
1520530360.451321 1.226805 0.010088
1520530360.551324 1.226745 0.010087
1520530360.651327 1.226792 0.010087
1520530360.700978 1.226850 0.010088
1520530360.800981 1.226914 0.010087
1520530360.900984 1.227055 0.010087
1520530361.000988 1.227155 0.010086
1520530361.101044 1.227151 0.010086
1520530361.201047 1.226990 0.010085
1520530361.301050 1.227034 0.010085
1520530361.401053 1.227117 0.010085
1520530361.501690 1.227188 0.010084
1520530361.601693 1.227218 0.010084
1520530361.701696 1.227310 0.010085
1520530361.801700 1.227291 0.010084
1520530361.851701 1.227260 0.010084
1520530361.951941 1.227195 0.010084
1520530362.051944 1.227124 0.010084
1520530362.151947 1.227183 0.010084
1520530362.251950 1.227219 0.010083
1520530362.351623 1.227188 0.010083
1520530362.451626 1.227184 0.010082
1520530362.551629 1.227374 0.010080
1520530362.651727 1.227395 0.010077
1520530362.751364 1.227111 0.010078
1520530362.851367 1.227209 0.010077
1520530362.951370 1.227312 0.010079
1520530363.051374 1.227398 0.010079
1520530363.151650 1.227450 0.010078
1520530363.251653 1.227506 0.010077
1520530363.351656 1.227435 0.010077
1520530363.451659 1.227298 0.010078
1520530363.551745 1.227454 0.010078
1520530363.601746 1.227186 0.010078
1520530363.701749 1.227302 0.010078
1520530363.751751 1.227547 0.010077
1520530363.851754 1.227630 0.010077
1520530363.901756 1.227366 0.010077
1520530364.001782 1.227906 0.010075
1520530364.101785 1.228055 0.010075
1520530364.151786 1.228059 0.010076
1520530364.251789 1.227799 0.010076
1520530364.301791 1.227726 0.010076
1520530364.401853 1.227594 0.010076
1520530364.451854 1.227707 0.010073
1520530364.551858 1.227683 0.010076
1520530364.651861 1.227689 0.010076
1520530364.751864 1.227657 0.010076
1520530364.802376 1.227571 0.010075
1520530364.902379 1.227585 0.010075
1520530365.052383 1.227637 0.010076
1520530365.201844 1.227774 0.010075
1520530365.351849 1.227920 0.010076
1520530365.451852 1.228023 0.010075
1520530365.551855 1.228132 0.010075
1520530365.651537 1.228258 0.010074
1520530365.751540 1.228345 0.010074
1520530365.851543 1.228256 0.010073
1520530365.951546 1.228242 0.010073
1520530366.001907 1.228248 0.010073
1520530366.101910 1.228244 0.010073
1520530366.151911 1.228199 0.010072
1520530366.251915 1.228140 0.010073
1520530366.301916 1.228106 0.010073
1520530366.402120 1.228030 0.010073
1520530366.452121 1.228125 0.010071
1520530366.552125 1.228159 0.010072
1520530366.652128 1.228182 0.010073
1520530366.702130 1.228207 0.010073
1520530366.802133 1.228253 0.010072
1520530366.902167 1.228348 0.010072
1520530367.002170 1.228436 0.010072
1520530367.052172 1.228464 0.010067
1520530367.152175 1.228359 0.010072
1520530367.252540 1.228282 0.010072
1520530367.352543 1.228220 0.010072
1520530367.452546 1.228239 0.010072
1520530367.552549 1.228230 0.010072
1520530367.652264 1.228295 0.010072
1520530367.752267 1.228502 0.010071
1520530367.852271 1.228655 0.010071
1520530367.952274 1.228774 0.010071
1520530368.052124 1.228744 0.010070
1520530368.202129 1.228690 0.010071
1520530368.302132 1.228628 0.010070
1520530368.402135 1.228565 0.010070
1520530368.452048 1.228464 0.010068
1520530368.552051 1.228429 0.010070
1520530368.602053 1.228454 0.010067
1520530368.702056 1.228495 0.010068
1520530368.752057 1.228612 0.010066
1520530368.851389 1.228655 0.010070
1520530368.901391 1.228641 0.010070
1520530369.001394 1.228660 0.010070
1520530369.051395 1.228641 0.010070
1520530369.151398 1.228708 0.010070
1520530369.201400 1.228748 0.010069
1520530369.301537 1.228779 0.010068
1520530369.351538 1.228639 0.010069
1520530369.451542 1.228554 0.010070
1520530369.551545 1.228596 0.010069
1520530369.651548 1.228647 0.010070
1520530369.701896 1.228760 0.010068
1520530369.801900 1.228668 0.010070
1520530369.951905 1.228734 0.010070
1520530370.101930 1.228735 0.010070
1520530370.251934 1.228725 0.010069
1520530370.401938 1.228735 0.010069
1520530370.601899 1.228723 0.010070
1520530370.851892 1.228825 0.010067
1520530371.001944 1.228955 0.010066
1520530371.101947 1.228687 0.010065
1520530371.251952 1.228545 0.010069
1520530371.401953 1.228539 0.010068
1520530371.551958 1.228552 0.010068
1520530371.751959 1.228383 0.010067
1520530371.851963 1.228381 0.010067
1520530371.951966 1.228313 0.010067
1520530372.051969 1.228219 0.010064
1520530372.151955 1.228049 0.010056
1520530372.301960 1.228287 0.010062
1520530372.451964 1.228346 0.010067
1520530372.601958 1.228490 0.010067
1520530372.701961 1.228408 0.010065
1520530372.801964 1.228604 0.010068
1520530372.901967 1.228618 0.010068
1520530373.001619 1.228543 0.010068
1520530373.201626 1.228380 0.010068
1520530373.301629 1.228275 0.010068
1520530373.351457 1.228237 0.010068
1520530373.451460 1.228167 0.010068
1520530373.551463 1.228095 0.010068
1520530373.601465 1.228114 0.010068
1520530373.701467 1.228333 0.010067
1520530373.751469 1.228192 0.010065
1520530373.851583 1.228201 0.010067
1520530373.901585 1.228093 0.010068
1520530374.001588 1.228168 0.010068
1520530374.051589 1.228254 0.010066
1520530374.151592 1.228227 0.010064
1520530374.201953 1.228165 0.010067
1520530374.301956 1.228174 0.010068
1520530374.401959 1.228120 0.010067
1520530374.501962 1.228068 0.010068
1520530374.602407 1.228088 0.010068
1520530374.752412 1.228148 0.010067
1520530374.902417 1.228240 0.010068
1520530375.002442 1.228246 0.010066
1520530375.102445 1.228239 0.010067
1520530375.202449 1.228304 0.010065
1520530375.352453 1.228285 0.010065
1520530375.452214 1.228327 0.010066
1520530375.552217 1.228299 0.010068
1520530375.652220 1.228284 0.010067
1520530375.752223 1.228389 0.010066
1520530375.802225 1.228458 0.010063
1520530375.902259 1.228262 0.010067
1520530376.002262 1.228125 0.010067
1520530376.102265 1.228174 0.010066
1520530376.202270 1.228276 0.010065
1520530376.301951 1.228363 0.010064
1520530376.401954 1.228353 0.010066
1520530376.451957 1.228291 0.010065
1520530376.551960 1.228312 0.010066
1520530376.652663 1.228300 0.010067
1520530376.702664 1.228324 0.010064
1520530376.802668 1.228295 0.010066
1520530376.852669 1.228245 0.010064
1520530376.952672 1.228182 0.010066
1520530377.052898 1.228154 0.010066
1520530377.152900 1.228123 0.010067
1520530377.252903 1.228222 0.010067
1520530377.352906 1.228274 0.010066
1520530377.451719 1.228263 0.010066
1520530377.551722 1.228301 0.010066
1520530377.651725 1.228268 0.010064
1520530377.751728 1.228273 0.010066
1520530377.851407 1.228145 0.010067
1520530377.951411 1.228154 0.010065
1520530378.051414 1.228170 0.010063
1520530378.101416 1.228256 0.010067
1520530378.201419 1.228366 0.010066
1520530378.251420 1.228358 0.010067
1520530378.351513 1.228393 0.010066
1520530378.401515 1.228438 0.010065
1520530378.501517 1.228481 0.010067
1520530378.551519 1.228461 0.010067
1520530378.651522 1.228493 0.010066
1520530378.702209 1.228464 0.010067
1520530378.802212 1.228406 0.010067
1520530378.902215 1.228376 0.010067
1520530379.002218 1.228347 0.010067
1520530379.102149 1.228376 0.010067
1520530379.202152 1.228404 0.010067
1520530379.302155 1.228474 0.010067
1520530379.402159 1.228475 0.010067
1520530379.501850 1.228508 0.010066
1520530379.601853 1.228642 0.010067
1520530379.701856 1.228662 0.010066
1520530379.801860 1.228650 0.010066
1520530379.901824 1.228630 0.010066
1520530380.001827 1.228668 0.010066
1520530380.101830 1.228641 0.010066
1520530380.151832 1.228525 0.010067
1520530380.251835 1.228554 0.010067
1520530380.352160 1.228773 0.010066
1520530380.452163 1.228818 0.010066
1520530380.552166 1.228851 0.010066
1520530380.652170 1.228772 0.010066
1520530380.752135 1.228620 0.010063
1520530380.852138 1.228781 0.010065
1520530380.902139 1.228754 0.010065
1520530381.002143 1.228725 0.010066
1520530381.052144 1.228714 0.010064
1520530381.152048 1.228724 0.010066
1520530381.202049 1.228584 0.010066
1520530381.302052 1.228624 0.010067
1520530381.402056 1.228633 0.010066
1520530381.502058 1.228608 0.010066
1520530381.602264 1.228579 0.010067
1520530381.752268 1.228545 0.010066
1520530381.852271 1.228495 0.010066
1520530381.952332 1.228526 0.010066
1520530382.052335 1.228687 0.010066
1520530382.152338 1.228794 0.010066
1520530382.252342 1.228889 0.010066
1520530382.352159 1.228912 0.010065
1520530382.452162 1.228978 0.010067
1520530382.552165 1.228954 0.010066
1520530382.652168 1.228946 0.010066
1520530382.752171 1.228858 0.010067
1520530382.902248 1.228811 0.010067
1520530383.002250 1.228817 0.010066
1520530383.152255 1.228894 0.010065
1520530383.252208 1.228809 0.010066
1520530383.352211 1.228737 0.010066
1520530383.452214 1.228724 0.010066
1520530383.552217 1.228757 0.010066
1520530383.652472 1.228782 0.010067
1520530383.752476 1.228869 0.010066
1520530383.852479 1.228946 0.010066
1520530383.902481 1.228909 0.010066
1520530384.002530 1.229192 0.010066
1520530384.102533 1.229185 0.010064
1520530384.202536 1.229517 0.010065
1520530384.252537 1.229627 0.010063
1520530384.352541 1.229533 0.010060
1520530384.402432 1.229041 0.010062
1520530384.502435 1.228955 0.010066
1520530384.602439 1.229059 0.010066
1520530384.702442 1.229159 0.010065
1520530384.802857 1.229101 0.010066
1520530384.902860 1.229214 0.010066
1520530384.952861 1.229002 0.010066
1520530385.052864 1.229146 0.010066
1520530385.152867 1.229240 0.010066
1520530385.202869 1.229224 0.010065
1520530385.302707 1.229408 0.010066
1520530385.352709 1.229233 0.010066
1520530385.452712 1.229247 0.010066
1520530385.502713 1.229190 0.010066
1520530385.602716 1.228990 0.010066
1520530385.652486 1.228987 0.010066
1520530385.752489 1.229003 0.010066
1520530385.802491 1.229071 0.010066
1520530385.902494 1.229161 0.010066
1520530385.952497 1.229096 0.010066
1520530386.052544 1.229067 0.010066
1520530386.152547 1.229064 0.010066
1520530386.252550 1.229051 0.010066
1520530386.352553 1.229083 0.010066
1520530386.452758 1.229167 0.010066
1520530386.552761 1.229280 0.010066
1520530386.652764 1.229197 0.010066
1520530386.752767 1.229156 0.010066
1520530386.852674 1.229111 0.010067
1520530386.952678 1.229073 0.010066
1520530387.052681 1.229132 0.010067
1520530387.152684 1.229064 0.010066
1520530387.252606 1.228939 0.010067
1520530387.352609 1.228924 0.010066
1520530387.452612 1.229037 0.010066
1520530387.502614 1.229197 0.010065
1520530387.602617 1.229178 0.010066
1520530387.702457 1.228979 0.010064
1520530387.752459 1.229019 0.010067
1520530387.852464 1.229099 0.010065
1520530387.902463 1.229114 0.010066
1520530388.002466 1.229114 0.010066
1520530388.052468 1.229261 0.010053
1520530388.152496 1.229163 0.010066
1520530388.202544 1.229132 0.010065
1520530388.302501 1.229195 0.010067
1520530388.402504 1.229244 0.010066
1520530388.502852 1.229203 0.010065
1520530388.652857 1.229173 0.010066
1520530388.802861 1.229125 0.010066
1520530388.902233 1.229145 0.010066
1520530389.002237 1.229148 0.010066
1520530389.102240 1.229171 0.010066
1520530389.202243 1.229156 0.010066
1520530389.302934 1.229172 0.010066
1520530389.402938 1.229112 0.010066
1520530389.502940 1.229293 0.010066
1520530389.602943 1.229322 0.010066
1520530389.702846 1.229339 0.010066
1520530389.753403 1.229502 0.010065
1520530389.853406 1.229367 0.010066
1520530389.953409 1.229774 0.010066
1520530390.003411 1.229707 0.010059
1520530390.103414 1.229649 0.010066
1520530390.152569 1.229442 0.010065
1520530390.252572 1.229218 0.010062
1520530390.302572 1.229160 0.010064
1520530390.402575 1.229098 0.010065
1520530390.502578 1.228979 0.010061
1520530390.553324 1.229038 0.010066
1520530390.653327 1.229053 0.010066
1520530390.753331 1.229108 0.010066
1520530390.853334 1.229018 0.010065
1520530390.953379 1.229015 0.010064
1520530391.053383 1.228981 0.010066
1520530391.153385 1.229002 0.010066
1520530391.253388 1.229049 0.010066
1520530391.352333 1.228964 0.010062
1520530391.452336 1.228942 0.010064
1520530391.502338 1.229051 0.010064
1520530391.602341 1.229097 0.010066
1520530391.702344 1.229055 0.010066
1520530391.802426 1.229029 0.010065
1520530391.952430 1.228976 0.010066
1520530392.052433 1.228898 0.010066
1520530392.152436 1.228968 0.010066
1520530392.203142 1.229004 0.010066
1520530392.303145 1.229049 0.010065
1520530392.353147 1.229115 0.010065
1520530392.453150 1.229047 0.010066
1520530392.553153 1.229002 0.010065
1520530392.652236 1.228938 0.010065
1520530392.752239 1.228839 0.010064
1520530392.852242 1.228851 0.010063
1520530392.952245 1.228955 0.010066
1520530393.002174 1.228973 0.010063
1520530393.102156 1.228951 0.010064
1520530393.202159 1.228909 0.010065
1520530393.302161 1.228872 0.010065
1520530393.402921 1.229006 0.010065
1520530393.502924 1.229401 0.010032
1520530393.602927 1.228846 0.010064
1520530393.652929 1.228831 0.010065
1520530393.752932 1.228864 0.010065
1520530393.852959 1.228827 0.010066
1520530394.002964 1.228959 0.010065
1520530394.102968 1.229221 0.010065
1520530394.202165 1.229075 0.010066
1520530394.252167 1.228914 0.010065
1520530394.352170 1.228897 0.010064
1520530394.402172 1.228923 0.010061
1520530394.502175 1.228951 0.010061
1520530394.602189 1.228872 0.010060
1520530394.652876 1.228909 0.010060
1520530394.752879 1.228808 0.010064
1520530394.852882 1.228740 0.010065
1520530394.952885 1.228788 0.010065
1520530395.053731 1.228790 0.010066
1520530395.153734 1.228779 0.010065
1520530395.253737 1.228837 0.010064
1520530395.353740 1.228887 0.010061
1520530395.452705 1.228876 0.010065
1520530395.552709 1.228871 0.010066
1520530395.652712 1.228802 0.010066
1520530395.802716 1.228774 0.010066
1520530395.903079 1.228740 0.010066
1520530396.003083 1.228763 0.010065
1520530396.103085 1.228785 0.010065
1520530396.203089 1.228786 0.010066
1520530396.303237 1.228782 0.010066
1520530396.403240 1.228784 0.010066
1520530396.503243 1.228804 0.010066
1520530396.603246 1.228827 0.010065
1520530396.703145 1.228834 0.010065
1520530396.803148 1.228738 0.010065
1520530396.903152 1.228733 0.010065
1520530397.003155 1.228688 0.010065
1520530397.102782 1.228704 0.010065
1520530397.202785 1.228867 0.010064
1520530397.302788 1.228744 0.010065
1520530397.402791 1.228848 0.010065
1520530397.502304 1.228837 0.010065
1520530397.602308 1.228926 0.010061
1520530397.702310 1.228814 0.010062
1520530397.802315 1.228805 0.010064
1520530397.902585 1.228671 0.010059
1520530397.952586 1.228729 0.010065
1520530398.052589 1.228692 0.010065
1520530398.152592 1.228701 0.010066
1520530398.252596 1.228690 0.010066
1520530398.353367 1.228637 0.010066
1520530398.453370 1.228708 0.010065
1520530398.503371 1.228714 0.010066
1520530398.603375 1.228879 0.010065
1520530398.653376 1.228784 0.010064
1520530398.753223 1.228800 0.010066
1520530398.803225 1.228758 0.010066
1520530398.903227 1.228822 0.010066
1520530398.953229 1.228566 0.010065
1520530399.053232 1.228769 0.010066
1520530399.103233 1.228789 0.010066
1520530399.202332 1.228835 0.010065
1520530399.252333 1.228819 0.010064
1520530399.352336 1.228774 0.010065
1520530399.402342 1.228771 0.010065
1520530399.502341 1.228807 0.010065
1520530399.553006 1.228853 0.010065
1520530399.653009 1.228927 0.010066
1520530399.753012 1.228637 0.010061
1520530399.853016 1.228605 0.010066
1520530399.953275 1.228555 0.010066
1520530400.003276 1.228540 0.010065
1520530400.103279 1.228453 0.010065
1520530400.153281 1.228391 0.010065
1520530400.253284 1.228526 0.010065
1520530400.352494 1.228614 0.010065
1520530400.402496 1.228602 0.010066
1520530400.502500 1.228670 0.010065
1520530400.602502 1.228615 0.010064
1520530400.702505 1.228623 0.010064
1520530400.752291 1.228650 0.010064
1520530400.852294 1.228527 0.010064
1520530400.952297 1.228480 0.010063
1520530401.052300 1.228516 0.010062
1520530401.152303 1.228572 0.010065
1520530401.202755 1.228441 0.010061
1520530401.302758 1.228461 0.010065
1520530401.352759 1.228717 0.010066
1520530401.452763 1.228777 0.010066
1520530401.502764 1.228806 0.010062
1520530401.603037 1.228655 0.010065
1520530401.703041 1.228640 0.010066
1520530401.803044 1.228717 0.010065
1520530401.903047 1.228671 0.010066
1520530402.002281 1.228597 0.010064
1520530402.052283 1.228653 0.010063
1520530402.152286 1.228668 0.010065
1520530402.202287 1.228673 0.010063
1520530402.302290 1.228682 0.010066
1520530402.352292 1.228671 0.010065
1520530402.452569 1.228265 0.010064
1520530402.502571 1.228642 0.010065
1520530402.602574 1.228614 0.010064
1520530402.702577 1.228674 0.010065
1520530402.803416 1.228690 0.010065
1520530402.903419 1.228582 0.010065
1520530402.953420 1.228850 0.010065
1520530403.053424 1.228732 0.010065
1520530403.103425 1.228865 0.010065
1520530403.202933 1.228828 0.010065
1520530403.302936 1.229101 0.010063
1520530403.402940 1.229092 0.010065
1520530403.502943 1.228842 0.010066
1520530403.552945 1.228685 0.010065
1520530403.652254 1.228725 0.010066
1520530403.702256 1.228603 0.010065
1520530403.802258 1.228551 0.010064
1520530403.852261 1.228487 0.010063
1520530403.952263 1.228434 0.010065
1520530404.002264 1.228601 0.010065
1520530404.102746 1.228584 0.010066
1520530404.152748 1.228650 0.010065
1520530404.252829 1.228582 0.010061
1520530404.352754 1.228592 0.010064
1520530404.453112 1.228499 0.010065
1520530404.553115 1.228482 0.010065
1520530404.653119 1.228472 0.010066
1520530404.753122 1.228360 0.010066
1520530404.852642 1.228374 0.010066
1520530404.952645 1.228470 0.010065
1520530405.002647 1.228448 0.010063
1520530405.102650 1.228334 0.010065
1520530405.152651 1.228364 0.010064
1520530405.252327 1.228497 0.010065
1520530405.302330 1.228565 0.010064
1520530405.402333 1.228692 0.010065
1520530405.452334 1.228576 0.010066
1520530405.552337 1.228627 0.010065
1520530405.602339 1.228564 0.010066
1520530405.702792 1.228508 0.010066
1520530405.752795 1.228586 0.010064
1520530405.852855 1.228766 0.010059
1520530405.902800 1.228540 0.010064
1520530406.002803 1.228555 0.010065
1520530406.103570 1.228647 0.010066
1520530406.203573 1.228851 0.010065
1520530406.303576 1.228753 0.010065
1520530406.353577 1.228572 0.010065
1520530406.453580 1.228538 0.010067
1520530406.553487 1.228684 0.010060
1520530406.653490 1.228408 0.010066
1520530406.753493 1.228699 0.010065
1520530406.853497 1.228659 0.010065
1520530406.902692 1.228535 0.010064
1520530407.002694 1.228648 0.010064
1520530407.102698 1.228760 0.010065
1520530407.152699 1.228754 0.010064
1520530407.252702 1.228628 0.010062
1520530407.303185 1.228612 0.010063
1520530407.403187 1.229004 0.010062
1520530407.453221 1.228542 0.010063
1520530407.553191 1.228505 0.010065
1520530407.603193 1.228823 0.010064
1520530407.703510 1.228810 0.010064
1520530407.753511 1.228706 0.010064
1520530407.853515 1.228622 0.010065
1520530407.903516 1.228625 0.010065
1520530408.003519 1.228615 0.010065
1520530408.053521 1.228597 0.010065
1520530408.153603 1.228598 0.010065
1520530408.253606 1.228564 0.010064
1520530408.353609 1.228546 0.010065
1520530408.453613 1.228482 0.010065
1520530408.553374 1.228604 0.010065
1520530408.653377 1.228681 0.010064
1520530408.753380 1.228719 0.010064
1520530408.853383 1.228654 0.010064
1520530408.952878 1.228586 0.010064
1520530409.052890 1.228564 0.010064
1520530409.152884 1.228598 0.010064
1520530409.252887 1.228662 0.010063
1520530409.352902 1.228582 0.010063
1520530409.452906 1.228291 0.010064
1520530409.552909 1.228173 0.010064
1520530409.652912 1.228099 0.010065
1520530409.752654 1.228090 0.010062
1520530409.852657 1.228346 0.010059
1520530409.952660 1.228584 0.010061
1520530410.052664 1.228691 0.010047
1520530410.153223 1.228617 0.010064
1520530410.253226 1.228625 0.010065
1520530410.353231 1.228652 0.010063
1520530410.453232 1.228638 0.010064
1520530410.553235 1.228609 0.010065
1520530410.603875 1.228573 0.010064
1520530410.703878 1.228631 0.010065
1520530410.853882 1.228913 0.010065
1520530410.953885 1.228753 0.010065
1520530411.053420 1.228862 0.010064
1520530411.203424 1.228523 0.010065
1520530411.353429 1.228574 0.010065
1520530411.403009 1.228549 0.010065
1520530411.503012 1.228593 0.010065
1520530411.603015 1.228747 0.010065
1520530411.703018 1.228701 0.010065
1520530411.802907 1.228651 0.010064
1520530411.852907 1.228690 0.010064
1520530411.952910 1.228675 0.010064
1520530412.002912 1.228850 0.010063
1520530412.102915 1.228871 0.010065
1520530412.152916 1.228807 0.010064
1520530412.253417 1.228783 0.010065
1520530412.353420 1.228835 0.010064
1520530412.453423 1.228685 0.010065
1520530412.553426 1.228709 0.010064
1520530412.653630 1.228742 0.010062
1520530412.753633 1.228723 0.010063
1520530412.853636 1.228698 0.010064
1520530412.953639 1.228719 0.010065
1520530413.003641 1.228554 0.010062
1520530413.103011 1.228872 0.010063
1520530413.203014 1.228760 0.010062
1520530413.303017 1.228558 0.010063
1520530413.403021 1.228555 0.010063
1520530413.502941 1.228642 0.010062
1520530413.602944 1.228813 0.010057
1520530413.702947 1.228671 0.010059
1520530413.853107 1.228890 0.010058
1520530413.953110 1.228724 0.010064
1520530414.053113 1.228723 0.010063
1520530414.153116 1.228840 0.010064
1520530414.252894 1.228845 0.010065
1520530414.352897 1.228830 0.010065
1520530414.452900 1.228929 0.010064
1520530414.552903 1.229117 0.010059
1520530414.652705 1.229077 0.010062
1520530414.752708 1.228984 0.010065
1520530414.852712 1.228918 0.010065
1520530414.952715 1.228679 0.010065
1520530415.052718 1.228817 0.010064
1520530415.103195 1.228803 0.010065
1520530415.203199 1.228663 0.010064
1520530415.303202 1.228447 0.010064
1520530415.453206 1.228494 0.010064
1520530415.553069 1.228676 0.010065
1520530415.653072 1.228734 0.010065
1520530415.803077 1.228800 0.010058
1520530415.903361 1.228867 0.010060
1520530416.053366 1.228789 0.010063
1520530416.453380 1.228599 0.010064
1520530416.603384 1.228564 0.010064
1520530416.703272 1.228605 0.010063
1520530416.803277 1.228713 0.010063
1520530416.903278 1.228789 0.010065
1520530417.003283 1.228692 0.010064
1520530417.103391 1.228697 0.010064
1520530417.203373 1.228776 0.010064
1520530417.353378 1.228810 0.010064
1520530417.603465 1.228983 0.010063
1520530417.703468 1.228764 0.010065
1520530417.803472 1.228791 0.010065
1520530417.903475 1.228783 0.010065
1520530418.003458 1.228835 0.010065
1520530418.103461 1.228825 0.010065
1520530418.203465 1.228816 0.010065
1520530418.303468 1.228833 0.010064
1520530418.453434 1.228596 0.010064
1520530418.603439 1.228621 0.010064
1520530418.753343 1.228858 0.010064
1520530418.853346 1.228694 0.010063
1520530418.953350 1.228794 0.010064
1520530419.053353 1.228811 0.010064
1520530419.153533 1.228583 0.010064
1520530419.253536 1.228729 0.010065
1520530419.403541 1.228815 0.010064
1520530419.553545 1.228855 0.010064
1520530419.703733 1.228847 0.010065
1520530419.803736 1.228884 0.010065
1520530419.903739 1.228868 0.010064
1520530420.003597 1.228815 0.010065
1520530420.103600 1.228828 0.010064
1520530420.203604 1.228821 0.010064
1520530420.303607 1.228785 0.010064
1520530420.403699 1.228771 0.010064
1520530420.553704 1.228735 0.010064
1520530420.803356 1.228682 0.010064
1520530420.953361 1.228692 0.010064
1520530421.053364 1.228692 0.010064
1520530421.153367 1.228704 0.010064
1520530421.253431 1.228738 0.010063
1520530421.353434 1.228715 0.010062
1520530421.453437 1.228678 0.010062
1520530421.553440 1.228699 0.010065
1520530421.653613 1.228741 0.010064
1520530421.803617 1.228787 0.010064
1520530421.953693 1.228720 0.010064
1520530422.053472 1.228746 0.010064
1520530422.153476 1.228740 0.010064
1520530422.253479 1.228693 0.010064
1520530422.353482 1.228740 0.010064
1520530422.453395 1.228738 0.010064
1520530422.503396 1.228735 0.010064
1520530422.603400 1.228665 0.010064
1520530422.703403 1.228653 0.010063
1520530422.803406 1.228709 0.010065
1520530422.903583 1.228659 0.010064
1520530423.053588 1.228664 0.010063
1520530423.153591 1.228674 0.010063
1520530423.253316 1.228690 0.010063
1520530423.353319 1.228706 0.010063
1520530423.453322 1.228641 0.010063
1520530423.603327 1.228722 0.010062
1520530423.652983 1.228720 0.010059
1520530423.752986 1.228714 0.010063
1520530423.852990 1.228681 0.010062
1520530423.952993 1.228687 0.010064
1520530424.002994 1.228797 0.010063
1520530424.103253 1.228770 0.010063
1520530424.153255 1.228730 0.010063
1520530424.253258 1.228767 0.010062
1520530424.353261 1.228799 0.010041
1520530424.453264 1.228928 0.010046
1520530424.554724 1.228966 0.010062
1520530424.654727 1.228725 0.010063
1520530424.754730 1.228684 0.010063
1520530424.854733 1.228643 0.010060
1520530424.903374 1.228656 0.010052
1520530425.003378 1.228651 0.010059
1520530425.053379 1.228788 0.010059
1520530425.153383 1.228777 0.010054
1520530425.253385 1.228773 0.010053
1520530425.353734 1.228850 0.010060
1520530425.453737 1.228846 0.010061
1520530425.603741 1.228860 0.010061
1520530425.653743 1.228822 0.010056
1520530425.753677 1.228849 0.010061
1520530425.803679 1.228796 0.010062
1520530425.903682 1.228854 0.010061
1520530426.003685 1.228745 0.010058
1520530426.103474 1.228870 0.010061
1520530426.203477 1.228839 0.010063
1520530426.253478 1.228915 0.010061
1520530426.353481 1.228733 0.010061
1520530426.403483 1.228808 0.010060
1520530426.503486 1.228738 0.010063
1520530426.653554 1.228999 0.010057
1520530426.753558 1.228960 0.010051
1520530426.803559 1.228723 0.010054
1520530426.903562 1.228725 0.010057
1520530427.003600 1.228704 0.010053
1520530427.103603 1.228793 0.010058
1520530427.203606 1.228563 0.010060
1520530427.303609 1.228386 0.010061
1520530427.403594 1.228164 0.010063
1520530427.503597 1.228432 0.010063
1520530427.803679 1.228621 0.010063
1520530427.903683 1.228477 0.010063
1520530427.953684 1.228630 0.010062
1520530428.053687 1.229062 0.010062
1520530428.103692 1.229115 0.010062
1520530428.203537 1.228871 0.010062
1520530428.253538 1.228971 0.010063
1520530428.353542 1.228885 0.010057
1520530428.403618 1.228790 0.010057
1520530428.503546 1.228710 0.010061
1520530428.553451 1.228612 0.010060
1520530428.653454 1.228516 0.010062
1520530428.703455 1.228441 0.010061
1520530428.803458 1.228427 0.010062
1520530428.903461 1.228279 0.010059
1520530429.003444 1.227973 0.010061
1520530429.053445 1.228608 0.010061
1520530429.153448 1.228573 0.010061
1520530429.203450 1.228413 0.010063
1520530429.303453 1.228398 0.010062
1520530429.353455 1.228279 0.010062
1520530429.453553 1.228554 0.010063
1520530429.503555 1.228789 0.010063
1520530429.603558 1.228961 0.010063
1520530429.653559 1.229135 0.010063
1520530429.753562 1.228927 0.010063
1520530429.803622 1.228794 0.010063
1520530429.903625 1.228544 0.010063
1520530429.953626 1.228847 0.010063
1520530430.053629 1.228798 0.010063
1520530430.103631 1.228870 0.010061
1520530430.203344 1.228766 0.010063
1520530430.253346 1.228661 0.010062
1520530430.353349 1.228596 0.010063
1520530430.403350 1.228701 0.010063
1520530430.503353 1.228679 0.010063
1520530430.553355 1.228784 0.010063
1520530430.653528 1.228807 0.010063
1520530430.703530 1.228799 0.010062
1520530430.803533 1.228900 0.010063
1520530430.853534 1.228859 0.010063
1520530430.953538 1.228805 0.010063
1520530431.053698 1.228788 0.010063
1520530431.153701 1.228694 0.010061
1520530431.203703 1.228681 0.010062
1520530431.303706 1.228763 0.010063
1520530431.353708 1.228893 0.010062
1520530431.453562 1.228842 0.010063
1520530431.503564 1.228889 0.010063
1520530431.603567 1.228938 0.010063
1520530431.653568 1.228875 0.010063
1520530431.753571 1.228911 0.010063
1520530431.803573 1.228923 0.010063
1520530431.903526 1.228924 0.010063
1520530431.953527 1.228981 0.010063
1520530432.053530 1.229106 0.010063
1520530432.103532 1.229053 0.010063
1520530432.203536 1.229202 0.010062
1520530432.253696 1.229136 0.010061
1520530432.353700 1.228842 0.010061
1520530432.453702 1.228794 0.010063
1520530432.503704 1.228826 0.010063
1520530432.603708 1.228748 0.010063
1520530432.653548 1.228782 0.010062
1520530432.753551 1.228758 0.010062
1520530432.803553 1.228764 0.010062
1520530432.903556 1.228706 0.010063
1520530432.953557 1.228723 0.010063
1520530433.053690 1.228760 0.010062
1520530433.103691 1.228905 0.010062
1520530433.203694 1.229031 0.010061
1520530433.303697 1.229151 0.010059
1520530433.403700 1.228974 0.010060
1520530433.453702 1.229094 0.010059
1520530433.553795 1.229164 0.010062
1520530433.653798 1.229058 0.010062
1520530433.753801 1.229111 0.010063
1520530433.853804 1.228926 0.010061
1520530433.953632 1.228829 0.010061
1520530434.003634 1.228938 0.010061
1520530434.103637 1.229000 0.010063
1520530434.153638 1.228938 0.010063
1520530434.253642 1.228902 0.010063
1520530434.303478 1.229096 0.010062
1520530434.403481 1.229002 0.010063
1520530434.453483 1.228737 0.010062
1520530434.553486 1.229002 0.010063
1520530434.603488 1.229166 0.010062
1520530434.703655 1.229298 0.010062
1520530434.753658 1.229431 0.010062
1520530434.853723 1.229265 0.010063
1520530434.903661 1.228812 0.010062
1520530435.003664 1.228994 0.010063
1520530435.103796 1.229056 0.010063
1520530435.153798 1.229190 0.010062
1520530435.253801 1.229273 0.010062
1520530435.303802 1.229218 0.010062
1520530435.403806 1.229279 0.010062
1520530435.453807 1.229343 0.010061
1520530435.554088 1.229252 0.010063
1520530435.604089 1.229313 0.010062
1520530435.704092 1.229196 0.010063
1520530435.754094 1.229167 0.010063
1520530435.854097 1.229046 0.010063
1520530435.904099 1.229069 0.010062
1520530436.003837 1.228958 0.010063
1520530436.053838 1.228950 0.010063
1520530436.153841 1.228980 0.010063
1520530436.203843 1.229032 0.010062
1520530436.303846 1.229008 0.010062
1520530436.403957 1.228971 0.010060
1520530436.553962 1.228806 0.010061
1520530436.754031 1.228952 0.010062
1520530436.854034 1.229161 0.010061
1520530436.954037 1.229345 0.010061
1520530437.004039 1.229453 0.010059
1520530437.104042 1.229967 0.010052
1520530437.153533 1.229370 0.010057
1520530437.253536 1.229204 0.010060
1520530437.303539 1.229041 0.010062
1520530437.403543 1.229019 0.010062
1520530437.453545 1.229129 0.010061
1520530437.553870 1.229069 0.010063
1520530437.603872 1.229015 0.010062
1520530437.703875 1.228991 0.010062
1520530437.803878 1.228972 0.010062
1520530437.903881 1.229017 0.010062
1520530437.954482 1.228909 0.010062
1520530438.104484 1.228905 0.010061
1520530438.204487 1.229069 0.010062
1520530438.254489 1.228933 0.010062
1520530438.354492 1.228616 0.010062
1520530438.403621 1.228778 0.010061
1520530438.503624 1.228863 0.010062
1520530438.553626 1.228980 0.010062
1520530438.653629 1.228981 0.010063
1520530438.703631 1.229042 0.010061
1520530438.804389 1.228933 0.010059
1520530438.854392 1.228917 0.010058
1520530438.954395 1.229229 0.010059
1520530439.104398 1.229192 0.010061
1520530439.254655 1.228998 0.010062
1520530439.404660 1.229030 0.010063
1520530439.604177 1.229070 0.010062
1520530439.754182 1.228729 0.010061
1520530439.854185 1.228952 0.010059
1520530439.954188 1.228931 0.010063
1520530440.054101 1.228775 0.010062
1520530440.154104 1.228965 0.010061
1520530440.254107 1.228993 0.010062
1520530440.354110 1.229039 0.010062
1520530440.453977 1.229124 0.010062
1520530440.553980 1.229195 0.010063
1520530440.653984 1.229135 0.010062
1520530440.753987 1.229208 0.010063
1520530440.853871 1.229163 0.010063
1520530440.953874 1.229191 0.010063
1520530441.053876 1.229318 0.010062
1520530441.153883 1.229336 0.010062
1520530441.253889 1.229417 0.010062
1520530441.353892 1.229220 0.010063
1520530441.453895 1.229062 0.010063
1520530441.553898 1.228916 0.010062
1520530441.654083 1.228831 0.010062
1520530441.804088 1.228830 0.010062
1520530441.954092 1.229042 0.010062
1520530442.054030 1.228955 0.010062
1520530442.154034 1.228917 0.010062
1520530442.254038 1.228871 0.010062
1520530442.354040 1.228840 0.010062
1520530442.453714 1.229043 0.010062
1520530442.553717 1.228911 0.010061
1520530442.653721 1.229124 0.010062
1520530442.703722 1.229135 0.010062
1520530442.803725 1.229081 0.010063
1520530442.853726 1.229111 0.010063
1520530442.954377 1.229323 0.010060
1520530443.054381 1.229606 0.010061
1520530443.204385 1.228792 0.010057
1520530443.354468 1.229246 0.010061
1520530443.554474 1.229353 0.010061
1520530443.654478 1.229283 0.010061
1520530443.704013 1.229452 0.010059
1520530443.804016 1.229484 0.010061
1520530443.904020 1.229198 0.010062
1520530444.004023 1.228963 0.010061
1520530444.104403 1.229043 0.010061
1520530444.204406 1.229294 0.010062
1520530444.254406 1.229191 0.010061
1520530444.354410 1.229146 0.010061
1520530444.454413 1.229188 0.010061
1520530444.555263 1.229212 0.010062
1520530444.655166 1.229076 0.010063
1520530444.755169 1.228596 0.010062
1520530444.855172 1.228705 0.010062
1520530444.954962 1.228596 0.010062
1520530445.004964 1.228659 0.010063
1520530445.104967 1.228699 0.010062
1520530445.204970 1.228690 0.010062
1520530445.304973 1.229075 0.010061
1520530445.353892 1.229166 0.010060
1520530445.453896 1.229471 0.010056
1520530445.553899 1.229383 0.010060
1520530445.603900 1.229288 0.010057
1520530445.703904 1.229253 0.010059
1520530445.753751 1.229161 0.010061
1520530445.853755 1.229140 0.010060
1520530445.903755 1.229118 0.010062
1520530446.003758 1.229118 0.010061
1520530446.103761 1.229301 0.010060
1520530446.154954 1.229191 0.010060
1520530446.254902 1.229352 0.010062
1520530446.354905 1.229606 0.010062
1520530446.454908 1.229577 0.010062
1520530446.554783 1.229382 0.010062
1520530446.654786 1.229045 0.010062
1520530446.754789 1.228812 0.010062
1520530446.854792 1.229085 0.010062
1520530446.954330 1.229164 0.010061
1520530447.054334 1.229077 0.010062
1520530447.154337 1.229015 0.010062
1520530447.254340 1.228828 0.010061
1520530447.354343 1.228873 0.010062
1520530447.454125 1.228886 0.010062
1520530447.554128 1.229110 0.010062
1520530447.704133 1.229365 0.010062
1520530447.954077 1.229229 0.010062
1520530448.253886 1.229112 0.010061
