DelayedMarginalization 0.00135908 5.74667e-08 0.00189438 1346
DelayedMarginalizationOnly 0.000645601 3.55779e-08 0.000921808 1346
EF-marginalizeFrame 0.00195504 9.32732e-08 0.0027922 1346
FullSystem::trackNewCoarse 0.00424246 1.18283e-06 0.0124947 2671
FullSystem::trackNewCoarseNoIMU 0.00278136 4.5963e-05 0.0575416 114
FullSystemOptimize 0.0527127 0.000105708 0.0802987 1352
GraphUnrolling 0.00438547 3.93149e-05 0.0136625 4
IMUInitAddPose 2.85731e-05 1.44234e-11 5.998e-05 1352
IMUInitOptimize 0.00234416 1.42045e-13 0.00234443 2
IMUIntegration::finishKeyframeOperations 7.56597e-05 2.46616e-10 0.000292668 1345
InitializerFirstFrame 0.0341292 -nan 0.0341292 1
InitializerOtherFrames 0.0561715 9.75149e-05 0.0770624 33
MainMarginalization 0.00169624 7.30691e-08 0.00249161 1346
MarginalizationReplacementBuildGraph 0.00165254 2.95046e-06 0.00361834 3
MarginalizationReplacementReplaceGraph 0.00828321 6.04187e-05 0.0137795 2
MarginalizeMainGraph 0.000712615 1.10773e-08 0.000990853 1346
PGBA 0.011298 1.28432e-05 0.0138321 2
PGBAFull 0.00543115 4.30405e-05 0.0144575 5
PrepareGraphForMainOptimization 0.0044348 3.96338e-05 0.0137476 4
VisualMarginalization 5.29436e-05 5.47816e-11 0.000104511 1346
activatePointsMT 0.0043316 1.96289e-06 0.0113944 1352
addActiveFrame 0.057714 0.00212733 0.152419 2819
addIMUData 0.000849305 3.7269e-08 0.00225992 2671
addIMUDataToBA 4.58033e-05 2.42066e-10 0.000167934 2818
addKeyframeToBA 3.93447e-05 2.43993e-11 5.9736e-05 1352
afterCoarseTracking 2.04011e-05 2.97454e-08 0.00484871 2785
baIteration 0.00835862 2.3983e-06 0.0164412 7504
baMatrixInversion 0.000327302 8.1695e-09 0.000742472 7504
baUpdateBuildHessians 0.000720896 1.85826e-08 0.00247545 7504
coarseTrackingIteration 0.000242542 8.24427e-09 0.00255486 33700
computeBAUpdate 0.00116999 6.16098e-08 0.00288817 7504
computeCoarseUpdate 0.000118538 8.87041e-10 0.00236628 30519
computeFactorForCoarseGraphAndMarginalCovariances 0.00544542 1.41133e-06 0.00936046 1345
convertHAndBFromDSO 0.000226404 9.51479e-09 0.000680406 12893
debugPlot 1.32828e-07 1.80168e-15 6.62e-07 1352
debugPlotIDepthMap 0.00496148 9.79875e-07 0.00903458 1352
debugPlotIDepthMapFloat 2.93301e-07 4.83014e-14 8.177e-06 1352
deliverTrackedFrame 0.0499987 0.00212015 0.144763 2786
flagFramesForMarginalization 1.99112e-06 3.93772e-13 1.7451e-05 1352
fullCoarseTracking 0.00514917 3.50465e-06 0.0604117 2785
initObjectsAndMakeImage 0.00253983 1.14395e-07 0.00469509 2819
makeKeyframe 0.0948791 0.000256742 0.143672 1352
makeKeyframeChangeTrackingRef 0.00891951 2.99088e-06 0.0150922 1352
makeNewTraces 0.00777637 1.52816e-06 0.013931 1352
makeNonKeyframe 0.0055606 4.31317e-06 0.0101535 1434
marginalizeAndRemovePoints 0.00553356 3.16942e-06 0.0142915 1352
marginalizeFrame 0.00372188 4.42007e-07 0.00769233 1346
marginalizeFrameOverhead 0.00176339 2.42496e-07 0.00511424 1346
marginalizeFrames 0.0037174 9.28696e-07 0.0091297 1352
newFrameAndNewResidualsForOldPoints 0.00124354 8.05922e-08 0.00246228 1352
printBiases 3.93191e-05 1.10626e-10 0.000108243 1352
printEigenValLine 1.45501e-07 7.75448e-16 3.43e-07 1352
printLogLine 2.843e-07 2.00039e-15 5.88e-07 1352
publishInMakeKeyframe 0.000432659 5.76959e-08 0.00561704 1352
removeOutliers 0.000341298 8.35328e-09 0.000757594 1352
swapTrackingRef 2.64201e-05 1.26819e-11 4.3096e-05 1352
timeMeasurement 8.97691e-07 9.01203e-14 1.1616e-05 2819
traceNewCoarse 0.0046299 3.96223e-06 0.0101356 2786
updateBAValues 8.27827e-06 5.69173e-12 2.8805e-05 12460
zero 1.28982e-07 1.77813e-14 7.104e-06 2819
