1413394889.855760  0.392341 -0.133307  0.208377 0.185894 0.200461 0.182646
1413394890.005760  0.142235 -0.133450  0.098865 0.166604 0.183330 0.171785
1413394890.305761 -0.600964 -0.064069 -0.056303 0.153426 0.162677 0.154756
1413394890.405761 -0.677843 -0.006373 -0.090787 0.156737 0.155930 0.152351
1413394890.505760 -0.608872  0.080777 -0.134670 0.162773 0.150463 0.149559
1413394890.655760 -0.326615  0.175046 -0.102980 0.165709 0.140812 0.146459
1413394890.905761  0.246707  0.226268 -0.156543 0.146132 0.134036 0.136216
1413394891.005760  0.299608  0.225994 -0.117178 0.134876 0.129970 0.133063
1413394891.105761  0.204459  0.221160 -0.091782 0.127926 0.127348 0.130980
1413394891.255760 -0.116971  0.208066 -0.064752 0.122491 0.124792 0.129196
1413394891.455760 -0.642344  0.161924  0.066129 0.123890 0.123072 0.127925
1413394891.555760 -0.791363  0.130669  0.056697 0.126090 0.121163 0.128164
1413394891.655760 -0.854751  0.097571  0.040888 0.130105 0.119032 0.129233
1413394891.805761 -0.876693  0.034275  0.118688 0.140814 0.118128 0.131237
1413394891.955760 -0.831050 -0.050470  0.304149 0.158315 0.126959 0.132726
1413394892.105761 -0.672880 -0.155143  0.321097 0.165718 0.126042 0.132003
1413394892.255760 -0.477555 -0.261411  0.297153 0.166467 0.123065 0.131983
1413394892.405761 -0.283805 -0.318866  0.052469 0.160981 0.115005 0.131102
1413394892.555760 -0.065249 -0.366291 -0.042085 0.177407 0.134004 0.122849
1413394892.705760  0.103020 -0.401964  0.032406 0.218980 0.181013 0.113539
1413394892.755760  0.137016 -0.406550  0.061090 0.240522 0.203036 0.110893
1413394892.855760  0.206321 -0.413908  0.093922 0.287968 0.252924 0.105752
1413394892.955760  0.244249 -0.410771  0.110604 0.339786 0.303506 0.101933
1413394893.055760  0.234283 -0.431550  0.123123 0.385332 0.345874 0.099593
1413394893.205760  0.220849 -0.503787  0.131821 0.425447 0.388190 0.097296
1413394893.355760  0.193088 -0.577653  0.183277 0.430604 0.405722 0.096127
1413394893.505760  0.242385 -0.626536  0.137130 0.408861 0.402937 0.094942
1413394893.655760  0.357568 -0.668653 -0.009809 0.377348 0.384678 0.093395
1413394893.805761  0.546258 -0.729968 -0.075901 0.355917 0.367033 0.092238
1413394893.955760  0.800698 -0.791547 -0.101966 0.347435 0.351405 0.091749
1413394894.105761  1.043595 -0.810902 -0.152562 0.360594 0.341052 0.091813
1413394894.205760  1.177640 -0.784049 -0.208595 0.378152 0.333210 0.091869
1413394894.305761  1.258812 -0.727095 -0.229287 0.404663 0.326418 0.091704
1413394894.405761  1.293077 -0.649568 -0.247965 0.432522 0.315620 0.091455
1413394894.505760  1.276808 -0.575779 -0.291645 0.454565 0.299132 0.091041
1413394894.605761  1.254856 -0.509954 -0.320865 0.472183 0.283346 0.090743
1413394894.705760  1.216997 -0.451474 -0.331305 0.480034 0.265446 0.090396
1413394894.805761  1.193826 -0.406789 -0.335170 0.479933 0.248888 0.090345
1413394894.905761  1.178814 -0.353011 -0.328907 0.477882 0.234116 0.090318
1413394895.005760  1.157280 -0.335617 -0.310560 0.469476 0.220759 0.090020
1413394895.105761  1.105581 -0.296101 -0.281943 0.455376 0.208875 0.089528
1413394895.205760  1.038749 -0.252636 -0.201255 0.440046 0.199145 0.089067
1413394895.355760  0.918393 -0.251357 -0.095598 0.406731 0.186747 0.087768
1413394895.455760  0.910179 -0.236719 -0.028032 0.381642 0.179476 0.087029
1413394895.555760  0.953622 -0.224258  0.098394 0.364170 0.173451 0.086296
1413394895.655760  0.998272 -0.228991  0.233022 0.349162 0.168405 0.085328
1413394895.755760  1.032608 -0.231964  0.358777 0.334939 0.163675 0.084256
1413394895.855760  1.012020 -0.260117  0.329713 0.319232 0.158588 0.083217
1413394895.955760  0.992331 -0.270294  0.204830 0.304700 0.153491 0.082563
1413394896.055760  0.972542 -0.284446  0.071606 0.292002 0.148956 0.082112
1413394896.205760  0.931757 -0.316472 -0.099846 0.275243 0.142998 0.081608
1413394896.305761  0.879281 -0.306648 -0.176180 0.265078 0.139633 0.081298
1413394896.455760  0.717758 -0.297496 -0.176431 0.248657 0.135292 0.080792
1413394896.605761  0.467292 -0.274450 -0.297652 0.226305 0.130727 0.080332
1413394896.755760  0.123109 -0.217594 -0.426413 0.199150 0.126202 0.079956
1413394897.005760 -0.719031  0.005131 -0.382811 0.149852 0.120278 0.079516
1413394897.155760 -1.293459  0.150430 -0.261254 0.126818 0.117430 0.079335
1413394897.255760 -1.640153  0.210679 -0.167963 0.116970 0.115873 0.079302
1413394897.305761 -1.782327  0.255221 -0.122785 0.113790 0.115238 0.079265
1413394897.405761 -1.927035  0.287334 -0.075253 0.110328 0.113877 0.079097
1413394897.455760 -1.956351  0.297437 -0.068983 0.109676 0.113135 0.078973
1413394897.555760 -1.958923  0.314522 -0.036423 0.110037 0.111525 0.078690
1413394897.605761 -1.954497  0.311828 -0.017969 0.110775 0.110789 0.078526
1413394897.705760 -1.915283  0.332145  0.046040 0.113123 0.109354 0.078185
1413394897.805761 -1.858955  0.348418  0.094422 0.116015 0.107970 0.077838
1413394897.855760 -1.829023  0.364688  0.119224 0.117517 0.107323 0.077662
1413394897.955760 -1.765331  0.400671  0.153902 0.120750 0.106136 0.077342
1413394898.055760 -1.698949  0.446962  0.177387 0.123881 0.105089 0.077059
1413394898.155760 -1.604017  0.473531  0.205286 0.126754 0.104165 0.076778
1413394898.255760 -1.503075  0.490224  0.247305 0.129199 0.103439 0.076519
1413394898.355760 -1.359136  0.496521  0.254623 0.131029 0.102770 0.076266
1413394898.455760 -1.161710  0.487631  0.252568 0.132115 0.102184 0.076017
1413394898.555760 -0.945881  0.474557  0.267427 0.132347 0.101847 0.075807
1413394898.705760 -0.635016  0.436723  0.272767 0.130797 0.101616 0.075587
1413394898.905761 -0.236898  0.324183  0.345217 0.125902 0.101487 0.075453
1413394899.155760 0.289482 0.109330 0.140548 0.115243 0.100033 0.075408
1413394899.405761  0.769202 -0.151194 -0.103213 0.104164 0.097706 0.075134
1413394899.555760  0.947354 -0.302866 -0.212189 0.099189 0.096205 0.074841
1413394899.705760  1.057614 -0.445716 -0.194587 0.096283 0.095254 0.074531
1413394899.805761  1.125432 -0.525323 -0.136252 0.095232 0.094944 0.074369
1413394899.905761  1.189148 -0.573961 -0.111957 0.094659 0.094783 0.074246
1413394900.005760  1.227712 -0.613139  0.008134 0.094845 0.095134 0.074147
1413394900.105761  1.248435 -0.629301  0.155253 0.095626 0.095905 0.074068
1413394900.205760  1.229444 -0.621843  0.183514 0.096485 0.096492 0.073987
1413394900.305761  1.197250 -0.595691  0.104785 0.097293 0.096927 0.073892
1413394900.405761  1.153325 -0.549383  0.025966 0.098312 0.097532 0.073779
1413394900.505760  1.128973 -0.480876 -0.058105 0.099366 0.098247 0.073648
1413394900.655760  1.164796 -0.353301 -0.112562 0.101217 0.099676 0.073477
1413394900.805761  1.277232 -0.087494  0.021677 0.103643 0.101912 0.073391
1413394900.905761 1.394639 0.095671 0.181571 0.105696 0.103734 0.073368
1413394901.005760 1.495223 0.261644 0.350119 0.108301 0.105935 0.073373
1413394901.105761 1.560017 0.430576 0.345050 0.111149 0.107965 0.073432
1413394901.205760 1.552684 0.583073 0.264372 0.113309 0.109108 0.073433
1413394901.255760 1.539905 0.646625 0.210752 0.114474 0.109859 0.073441
1413394901.355760 1.476794 0.736465 0.143819 0.116746 0.111465 0.073409
1413394901.455760 1.355148 0.793982 0.076199 0.118767 0.113141 0.073288
1413394901.555760  1.191833  0.805952 -0.044089 0.119637 0.113848 0.073015
1413394901.655760  1.035242  0.798640 -0.158657 0.120449 0.115353 0.072847
1413394901.755760  0.905841  0.801644 -0.168638 0.121353 0.117540 0.072706
1413394901.855760  0.785907  0.831416 -0.087235 0.122171 0.119918 0.072628
1413394901.955760  0.669846  0.885108 -0.013981 0.122633 0.122264 0.072588
1413394902.055760 0.566154 0.960061 0.051312 0.123148 0.125090 0.072582
1413394902.155760 0.450044 1.014374 0.050882 0.123059 0.127353 0.072563
1413394902.255760  0.344901  1.071725 -0.003896 0.122163 0.128979 0.072524
1413394902.355760  0.210854  1.109109 -0.069702 0.121111 0.130480 0.072498
1413394902.455760  0.043725  1.134596 -0.108944 0.120325 0.132116 0.072508
1413394902.555760 -0.136968  1.100490 -0.094940 0.119617 0.133754 0.072490
1413394902.655760 -0.268821  1.004613 -0.059168 0.119276 0.135217 0.072429
1413394902.755760 -0.343064  0.840418 -0.048456 0.119066 0.135781 0.072304
1413394902.855760 -0.371776  0.633238 -0.030057 0.118868 0.135498 0.072128
1413394902.955760 -0.385354  0.463054 -0.091949 0.118581 0.134002 0.071972
1413394903.155760 -0.394565  0.186168 -0.363871 0.117247 0.128692 0.071809
1413394903.255760 -0.331045  0.071444 -0.464632 0.117562 0.126216 0.071765
1413394903.455760 -0.122095 -0.122589 -0.319481 0.119354 0.122162 0.071581
1413394903.605761 -0.037624 -0.194550 -0.124662 0.119819 0.119165 0.071424
1413394903.755760 -0.050781 -0.232674  0.098359 0.120324 0.116713 0.071280
1413394904.005760 -0.112046 -0.178353  0.036139 0.117781 0.111568 0.071072
1413394904.205760 -0.087594 -0.161143 -0.146484 0.114949 0.107752 0.070955
1413394904.355760  0.011816 -0.224574 -0.262586 0.113112 0.105165 0.070838
1413394904.505760  0.160171 -0.300738 -0.273557 0.111763 0.103009 0.070772
1413394904.605761  0.229244 -0.315787 -0.230483 0.111256 0.101677 0.070711
1413394904.705760  0.301359 -0.344733 -0.170138 0.110980 0.100396 0.070668
1413394904.805761  0.309727 -0.338648 -0.141917 0.110457 0.098994 0.070662
1413394904.905761  0.300523 -0.313040 -0.081746 0.110065 0.097682 0.070632
1413394905.005760  0.244850 -0.261643 -0.031779 0.109685 0.096171 0.070583
1413394905.055760  0.205258 -0.219066 -0.005157 0.109850 0.095514 0.070577
1413394905.205760  0.024095 -0.074039 -0.047808 0.109188 0.093403 0.070603
1413394905.305761 -0.068500 -0.013670 -0.089947 0.109068 0.092133 0.070590
1413394905.405761 -0.098852 -0.047316 -0.085147 0.109819 0.092389 0.070560
1413394905.505760 -0.063674 -0.238146 -0.025255 0.110227 0.091806 0.070426
1413394905.705760  0.229201 -0.814494  0.215188 0.112219 0.092021 0.070165
1413394905.755760  0.284063 -0.888685  0.243479 0.112433 0.092220 0.070128
1413394905.855760  0.331081 -0.892654  0.264262 0.112510 0.092785 0.070113
1413394905.905761  0.315921 -0.838064  0.264160 0.112440 0.093174 0.070086
1413394906.005760  0.239399 -0.639265  0.254045 0.112449 0.094005 0.070106
1413394906.105761  0.070398 -0.390565  0.271366 0.112898 0.095082 0.070216
1413394906.255760 -0.257694 -0.055458  0.293853 0.113168 0.095876 0.070535
1413394906.355760 -0.469225  0.059377  0.242434 0.112461 0.095928 0.070676
1413394906.455760 -0.605390  0.068697  0.142664 0.110665 0.095130 0.070603
1413394906.555760 -0.627073 -0.005488  0.048758 0.109061 0.094377 0.070376
1413394906.655760 -0.551029 -0.176486  0.036270 0.108297 0.094148 0.070122
1413394906.755760 -0.432917 -0.355031  0.046190 0.108143 0.093976 0.069906
1413394906.855760 -0.338581 -0.409151  0.003444 0.107705 0.093815 0.069777
1413394906.955760 -0.288800 -0.311474  0.017358 0.107877 0.094397 0.069746
1413394907.005760 -0.261362 -0.198902  0.011668 0.108453 0.094759 0.069717
1413394907.105761 -0.278578  0.091033  0.024054 0.109433 0.095029 0.069728
1413394907.255760 -0.338418  0.601531 -0.050239 0.111113 0.094261 0.069863
1413394907.355760 -0.392088  0.788161 -0.058489 0.111950 0.093927 0.069880
1413394907.455760 -0.447039  0.789198 -0.144309 0.110460 0.092674 0.069720
1413394907.555760 -0.574664  0.612885 -0.188351 0.109157 0.092663 0.069591
1413394907.605761 -0.670441  0.459950 -0.188910 0.109049 0.093353 0.069546
1413394907.705760 -0.854899  0.075356 -0.118043 0.108860 0.094427 0.069486
1413394907.805761 -0.922184 -0.156287 -0.126996 0.108701 0.094640 0.069474
1413394907.905761 -0.871248 -0.212606 -0.236551 0.108288 0.092988 0.069455
1413394908.005760 -0.801874 -0.113879 -0.303326 0.109960 0.092773 0.069469
1413394908.055760 -0.759032 -0.043446 -0.369458 0.110837 0.092826 0.069482
1413394908.205760 -0.634495  0.152436 -0.469544 0.112398 0.092318 0.069651
1413394908.305761 -0.544781  0.162315 -0.426288 0.113177 0.092978 0.069793
1413394908.405761 -0.449901  0.039989 -0.313814 0.114750 0.094480 0.069821
1413394908.505760 -0.370411 -0.213925 -0.143598 0.114714 0.095222 0.069684
1413394908.655760 -0.285678 -0.614653  0.295266 0.115018 0.096709 0.069345
1413394908.705760 -0.250022 -0.625348  0.339143 0.113767 0.095729 0.069184
1413394908.805761 -0.176927 -0.541766  0.421311 0.112172 0.095655 0.068992
1413394908.905761 -0.125705 -0.322380  0.529235 0.110849 0.095864 0.068891
1413394908.955760 -0.093595 -0.225593  0.556860 0.110369 0.096199 0.068893
1413394909.105761 -0.114269  0.131973  0.541392 0.107970 0.095638 0.069079
1413394909.205760 -0.179633  0.296165  0.437655 0.105953 0.093998 0.069118
1413394909.305761 -0.241035  0.324115  0.357524 0.104610 0.093194 0.069137
1413394909.405761 -0.284867  0.208525  0.313082 0.103704 0.093858 0.069161
1413394909.555760 -0.366417 -0.019652  0.303728 0.102414 0.094176 0.069203
1413394909.655760 -0.450045 -0.090228  0.337330 0.102070 0.094192 0.069297
1413394909.755760 -0.526702 -0.064923  0.386844 0.102304 0.094529 0.069415
1413394909.855760 -0.573904  0.063601  0.418749 0.103065 0.095176 0.069642
1413394910.055760 -0.523435  0.411335  0.246326 0.104524 0.095622 0.070051
1413394910.155760 -0.481725  0.454822  0.142976 0.104267 0.095338 0.069903
1413394910.255760 -0.449530  0.392105  0.069018 0.103188 0.094559 0.069530
1413394910.355760 -0.439503  0.235210 -0.009020 0.102207 0.093791 0.069280
1413394910.555760 -0.483410 -0.251682 -0.045682 0.100280 0.093061 0.068879
1413394910.655760 -0.465670 -0.359430 -0.026243 0.100045 0.092877 0.068822
1413394910.755760 -0.424639 -0.290781 -0.054804 0.099746 0.093655 0.068785
1413394910.855760 -0.397306 -0.104139 -0.072816 0.099213 0.093510 0.068732
1413394911.005760 -0.381525  0.277087 -0.134356 0.099226 0.093502 0.068737
1413394911.105761 -0.420887  0.527280 -0.199560 0.099562 0.093927 0.068844
1413394911.205760 -0.439941  0.628988 -0.222143 0.099164 0.093113 0.068748
1413394911.305761 -0.446480  0.585963 -0.274950 0.098417 0.091665 0.068579
1413394911.405761 -0.433517  0.407900 -0.299961 0.097215 0.090988 0.068431
1413394911.505760 -0.413708  0.187606 -0.353526 0.095962 0.090284 0.068349
1413394911.655760 -0.382352 -0.118805 -0.304476 0.094663 0.088919 0.068364
1413394911.755760 -0.308541 -0.151066 -0.249925 0.094155 0.087912 0.068383
1413394911.805761 -0.286277 -0.084516 -0.160994 0.094230 0.087961 0.068435
1413394911.905761 -0.177204  0.108642 -0.086547 0.094901 0.088248 0.068447
1413394912.055760 -0.056000  0.334905 -0.019091 0.094608 0.089003 0.068491
1413394912.155760 -0.009637  0.383931  0.035866 0.093760 0.089403 0.068456
1413394912.255760 0.010870 0.290980 0.090702 0.092515 0.089598 0.068355
1413394912.405761  0.012906 -0.015283  0.129677 0.090450 0.089570 0.068165
1413394912.555760 -0.010479 -0.271185  0.226370 0.089326 0.089258 0.068038
1413394912.655760 -0.055524 -0.369139  0.257046 0.088871 0.088913 0.067988
1413394912.755760 -0.112239 -0.411581  0.246910 0.088541 0.088618 0.067968
1413394912.905761 -0.162735 -0.419242  0.256152 0.088369 0.088598 0.067967
1413394913.105761 -0.160467 -0.430262  0.264734 0.088354 0.088559 0.067981
1413394913.305761 -0.048335 -0.483837  0.299424 0.088003 0.088446 0.068025
1413394913.455760  0.060899 -0.492469  0.209099 0.087165 0.087919 0.068093
1413394913.605761  0.199305 -0.466321  0.056153 0.085973 0.087330 0.068082
1413394913.755760  0.383756 -0.443031 -0.161116 0.084238 0.086632 0.067990
1413394913.855760  0.482895 -0.445420 -0.291177 0.083034 0.086107 0.067915
1413394913.955760  0.568929 -0.471642 -0.358372 0.082121 0.085622 0.067868
1413394914.055760  0.608000 -0.487625 -0.405068 0.081334 0.085079 0.067822
1413394914.205760  0.663925 -0.502213 -0.215675 0.081097 0.085185 0.067863
1413394914.355760  0.788360 -0.489220 -0.001611 0.080935 0.085384 0.067848
1413394914.455760  0.857576 -0.457994  0.159029 0.081112 0.085627 0.067833
1413394914.555760  0.953637 -0.412721  0.249961 0.081291 0.085864 0.067808
1413394914.655760  1.002773 -0.373402  0.135430 0.081308 0.085887 0.067819
1413394914.755760  1.044224 -0.339279  0.039497 0.081497 0.085654 0.067813
1413394914.905761  1.054993 -0.303629 -0.098586 0.081919 0.085313 0.067797
1413394915.055760  1.084978 -0.200206 -0.234740 0.082436 0.085034 0.067805
1413394915.205760  1.162652 -0.050829 -0.172958 0.083897 0.085869 0.067857
1413394915.305761  1.207097  0.112430 -0.147010 0.086408 0.086645 0.067916
1413394915.405761  1.278565  0.290876 -0.106961 0.088103 0.087071 0.067980
1413394915.505760  1.326190  0.497323 -0.073628 0.090315 0.087560 0.068072
1413394915.605761  1.348970  0.694010 -0.062720 0.092715 0.087861 0.068127
1413394915.705760  1.303472  0.867906 -0.058587 0.095227 0.088046 0.068164
1413394915.805761 1.181729 0.952064 0.006047 0.097547 0.088518 0.068172
1413394915.905761 1.035822 1.002469 0.035191 0.099587 0.089345 0.068155
1413394916.005760 0.861232 1.029526 0.028154 0.100837 0.090440 0.068157
1413394916.105761 0.667774 1.040469 0.069122 0.101755 0.091987 0.068149
1413394916.205760 0.481195 1.035869 0.043169 0.102109 0.093401 0.068148
1413394916.305761 0.370378 1.042020 0.080208 0.102590 0.095640 0.068164
1413394916.405761 0.303926 1.025079 0.025262 0.102381 0.097769 0.068150
1413394916.505760  0.287803  0.957934 -0.059768 0.101911 0.099944 0.068087
1413394916.605761  0.315308  0.846942 -0.148005 0.101058 0.101560 0.067920
1413394916.705760  0.347081  0.663050 -0.264994 0.100468 0.102442 0.067806
1413394916.755760  0.366790  0.555933 -0.325141 0.100049 0.102840 0.067744
1413394916.955760  0.494958  0.181539 -0.497748 0.100268 0.102471 0.067785
1413394917.055760  0.569491  0.105188 -0.508592 0.101293 0.102692 0.067897
1413394917.255760  0.647735  0.166469 -0.435942 0.104586 0.103005 0.068184
1413394917.455760  0.690991  0.362875 -0.387620 0.107976 0.103972 0.068398
1413394917.655760  0.680150  0.660439 -0.289163 0.112001 0.105780 0.068601
1413394917.855760  0.454946  0.915830 -0.048188 0.115756 0.108655 0.068570
1413394917.955760  0.281247  1.034990 -0.023479 0.116678 0.109878 0.068498
1413394918.155760 -0.052862  1.226884 -0.181378 0.115483 0.112449 0.068600
1413394918.255760 -0.120160  1.292101 -0.157462 0.114712 0.114840 0.068621
1413394918.455760 -0.055609  1.339287 -0.113786 0.113628 0.119652 0.068476
1413394918.555760  0.076455  1.357893 -0.060340 0.113428 0.121977 0.068327
1413394918.755760  0.252329  1.369204 -0.009334 0.112791 0.126257 0.068156
1413394918.855760 0.266085 1.371262 0.060900 0.113232 0.129433 0.068077
1413394919.055760 0.124468 1.232453 0.347242 0.112908 0.134947 0.067731
1413394919.155760 0.069937 1.079992 0.521908 0.112450 0.137017 0.067498
1413394919.355760 0.027893 0.759109 0.701483 0.110665 0.137474 0.067341
1413394919.455760 -0.017315  0.566820  0.719894 0.109601 0.135674 0.067365
1413394919.655760 -0.166521  0.215054  0.553398 0.106618 0.128914 0.067872
1413394919.755760 -0.251247  0.155665  0.441868 0.105720 0.125463 0.068049
1413394919.955760 -0.370131  0.208995  0.298056 0.104037 0.119930 0.068101
1413394920.055760 -0.412122  0.269625  0.165376 0.103159 0.117662 0.068039
1413394920.255760 -0.521590  0.429700 -0.066608 0.102110 0.114975 0.067763
1413394920.455760 -0.685022  0.502860 -0.081913 0.102202 0.114737 0.067500
1413394920.655760 -0.854701  0.388345 -0.007140 0.102857 0.115256 0.067374
1413394920.855760 -1.025984  0.120485 -0.051647 0.103518 0.114372 0.067330
1413394920.955760 -1.132881  0.020452 -0.116312 0.104109 0.113228 0.067279
1413394921.155760 -1.292584 -0.101171 -0.248301 0.106566 0.112155 0.067261
1413394921.255760 -1.328003 -0.091697 -0.361012 0.107904 0.110974 0.067220
1413394921.455760 -1.301447  0.139914 -0.546613 0.110617 0.108807 0.067185
1413394921.555760 -1.254212  0.360611 -0.592096 0.112029 0.107907 0.067223
1413394921.755760 -1.245072  0.581086 -0.542465 0.114863 0.107961 0.067586
1413394921.855760 -1.278434  0.548188 -0.463714 0.116056 0.107967 0.067761
1413394922.055760 -1.159780  0.410737 -0.236508 0.119078 0.108935 0.067879
1413394922.255760 -0.871235  0.325599  0.064402 0.119474 0.107769 0.067661
1413394922.355760 -0.804085  0.307111  0.253418 0.119042 0.107580 0.067472
1413394922.555760 -0.841775  0.129728  0.636384 0.118172 0.108041 0.067092
1413394922.655760 -0.855154  0.085294  0.622764 0.117181 0.107156 0.066909
1413394922.855760 -0.917089  0.089937  0.626331 0.115399 0.105757 0.066784
1413394922.955760 -0.976129  0.113662  0.611121 0.114889 0.105130 0.066791
1413394923.155760 -1.139169  0.148899  0.447776 0.114012 0.104202 0.066943
1413394923.255760 -1.207293  0.131704  0.474526 0.114542 0.104299 0.067008
1413394923.455760 -1.276130  0.003423  0.436123 0.115813 0.103568 0.067230
1413394923.555760 -1.329178 -0.036804  0.430230 0.116668 0.103020 0.067303
1413394923.755760 -1.453723 -0.100709  0.279266 0.118449 0.102381 0.067417
1413394923.855760 -1.469790 -0.155395  0.165189 0.119808 0.101757 0.067399
1413394924.055760 -1.427703 -0.290205 -0.025008 0.122095 0.099874 0.067300
1413394924.155760 -1.382023 -0.358222 -0.030197 0.123508 0.099033 0.067271
1413394924.355760 -1.327803 -0.412035  0.042787 0.125696 0.098346 0.067189
1413394924.455760 -1.324227 -0.387934  0.065144 0.126947 0.098274 0.067131
1413394924.655760 -1.292955 -0.361660  0.106292 0.129829 0.098441 0.067045
1413394924.755760 -1.257949 -0.375593  0.144252 0.131654 0.098987 0.067075
1413394924.905761 -1.125527 -0.386762  0.183555 0.133212 0.099314 0.067093
1413394925.055760 -0.901227 -0.407357  0.193757 0.133280 0.098921 0.067047
1413394925.205760 -0.600107 -0.481242  0.213330 0.131725 0.098525 0.067124
1413394925.355760 -0.346095 -0.610232  0.154174 0.127666 0.098150 0.067154
1413394925.555760 -0.035740 -0.801087 -0.060071 0.120275 0.098004 0.067164
1413394925.655760  0.095634 -0.859492 -0.157205 0.117091 0.098523 0.067146
1413394925.755760  0.201593 -0.913325 -0.154171 0.114201 0.099556 0.067080
1413394925.905761  0.254311 -0.943274 -0.111948 0.111455 0.101750 0.066992
1413394926.055760  0.265708 -0.989470 -0.089968 0.108930 0.103277 0.066876
1413394926.205760  0.297748 -1.017725 -0.066152 0.110918 0.106203 0.066915
1413394926.355760  0.357248 -1.087993 -0.082891 0.110494 0.108324 0.066917
1413394926.505760  0.378500 -1.196416 -0.037889 0.110842 0.110549 0.066899
1413394926.605761  0.386781 -1.265528 -0.016295 0.111006 0.112091 0.066882
1413394926.655760  0.378131 -1.281503 -0.019082 0.110858 0.112554 0.066852
1413394926.755760  0.345269 -1.298277  0.001731 0.110713 0.113712 0.066824
1413394926.855760  0.244127 -1.275803  0.008692 0.110851 0.114961 0.066762
1413394926.955760  0.084115 -1.257880 -0.035435 0.110321 0.115575 0.066679
1413394927.055760 -0.110694 -1.260007 -0.117066 0.109514 0.115719 0.066596
1413394927.155760 -0.255149 -1.221875 -0.197414 0.108492 0.115971 0.066541
1413394927.255760 -0.332338 -1.215408 -0.118562 0.108374 0.116929 0.066521
1413394927.405761 -0.310667 -1.197617  0.090470 0.108929 0.118928 0.066507
1413394927.555760 -0.264624 -1.177551  0.270346 0.108835 0.120074 0.066480
1413394927.655760 -0.240453 -1.173495  0.346152 0.108534 0.120480 0.066472
1413394927.755760 -0.228964 -1.190096  0.367627 0.108088 0.120887 0.066488
1413394927.855760 -0.219553 -1.199872  0.266926 0.107147 0.120736 0.066533
1413394927.955760 -0.193824 -1.215550  0.161351 0.106363 0.120839 0.066591
1413394928.105761 -0.161629 -1.216488  0.051301 0.105263 0.121109 0.066606
1413394928.255760 -0.064844 -1.174332 -0.000186 0.103915 0.121619 0.066565
1413394928.405761  0.065628 -1.039131  0.014645 0.102113 0.121968 0.066546
1413394928.555760  0.159827 -0.892178  0.055829 0.100621 0.121470 0.066528
1413394928.705760  0.184611 -0.805000  0.086063 0.099614 0.120056 0.066501
1413394928.905761  0.202395 -0.733085 -0.034047 0.098146 0.117273 0.066451
1413394929.105761  0.265588 -0.632244 -0.165630 0.096165 0.113919 0.066364
1413394929.305761  0.316529 -0.470598 -0.109580 0.095084 0.111049 0.066327
1413394929.505760  0.263182 -0.290827 -0.071691 0.094231 0.107543 0.066311
1413394929.655760  0.192912 -0.231572 -0.012399 0.093747 0.104711 0.066269
1413394930.005760  0.164937 -0.232680 -0.237255 0.091432 0.099048 0.066250
1413394930.205760  0.201204 -0.083757 -0.244641 0.090322 0.096569 0.066266
1413394930.455760  0.185742  0.182674 -0.244756 0.089693 0.093647 0.066309
1413394930.555760  0.134484  0.204392 -0.343604 0.088883 0.092109 0.066337
1413394930.655760  0.054322  0.121677 -0.434189 0.087899 0.090742 0.066349
1413394930.755760 -0.035218 -0.129039 -0.387176 0.087157 0.090080 0.066388
1413394930.855760 -0.071116 -0.323101 -0.352962 0.086672 0.089426 0.066405
1413394930.955760 -0.056304 -0.430925 -0.284127 0.086404 0.088997 0.066441
1413394931.005760 -0.044334 -0.428549 -0.240165 0.086334 0.089107 0.066435
1413394931.155760  0.031823 -0.306739 -0.047551 0.085980 0.089072 0.066382
1413394931.355760  0.140432 -0.086485  0.359166 0.086253 0.089256 0.066253
1413394931.505760 0.204065 0.121660 0.257063 0.085504 0.087835 0.066130
1413394931.605761 0.230582 0.188183 0.176809 0.084985 0.086709 0.066099
1413394931.805761 0.373722 0.165424 0.051245 0.084213 0.085812 0.066074
1413394931.955760  0.553692  0.092126 -0.014013 0.083822 0.085588 0.066067
1413394932.055760 0.651537 0.078505 0.118504 0.084112 0.085598 0.066080
1413394932.155760 0.712789 0.083862 0.259257 0.084484 0.085751 0.066068
1413394932.255760 0.706259 0.119224 0.379725 0.085032 0.085899 0.066085
1413394932.355760 0.647703 0.148450 0.452791 0.085629 0.085447 0.066108
1413394932.455760 0.564019 0.213097 0.376834 0.085774 0.084924 0.066133
1413394932.605761 0.414440 0.358919 0.195915 0.085815 0.084154 0.066196
1413394932.755760 0.286838 0.512313 0.115642 0.086897 0.084864 0.066208
1413394932.905761 0.182135 0.612376 0.126093 0.087430 0.085482 0.066212
1413394933.055760 0.188011 0.603941 0.045967 0.087130 0.085911 0.066180
1413394933.205760  0.219526  0.579767 -0.072681 0.086621 0.086357 0.066130
1413394933.355760  0.223488  0.555400 -0.246679 0.085998 0.086519 0.066066
1413394933.505760  0.212046  0.556477 -0.420549 0.085613 0.087094 0.066041
1413394933.655760  0.200927  0.548311 -0.399020 0.085641 0.087905 0.066056
1413394933.805761  0.124984  0.551102 -0.334307 0.086008 0.090251 0.066118
1413394933.955760  0.027708  0.574858 -0.326692 0.085970 0.091353 0.066179
1413394934.105761  0.038625  0.587941 -0.220153 0.086302 0.092686 0.066233
1413394934.205760  0.021358  0.589758 -0.248403 0.086264 0.093328 0.066265
1413394934.355760 -0.037653  0.596996 -0.444164 0.085876 0.093796 0.066367
1413394934.455760 -0.086926  0.581502 -0.551791 0.085771 0.094591 0.066488
1413394934.555760 -0.074912  0.544536 -0.634071 0.085735 0.094768 0.066635
1413394934.705760 -0.112749  0.486573 -0.489020 0.086172 0.095673 0.066878
1413394934.855760 -0.136037  0.438035 -0.290067 0.086831 0.096605 0.066962
1413394935.155760 -0.144932  0.356809  0.018011 0.088251 0.097591 0.066658
1413394935.355760 -0.237935  0.269230 -0.138555 0.088123 0.096910 0.066495
1413394935.555760 -0.351346  0.235377 -0.343539 0.087775 0.095906 0.066556
1413394935.705760 -0.428780  0.227771 -0.212387 0.088251 0.095797 0.066629
1413394936.005760 -0.477422  0.247868 -0.137724 0.088853 0.094717 0.066463
1413394936.205760 -0.431746  0.314500 -0.303958 0.088865 0.093260 0.066475
1413394936.305761 -0.398321  0.365071 -0.326670 0.089451 0.093144 0.066542
1413394936.405761 -0.375135  0.398279 -0.303626 0.089708 0.093006 0.066573
1413394936.605761 -0.429132  0.461490 -0.214629 0.091212 0.093967 0.066658
1413394936.705760 -0.455062  0.494914 -0.175164 0.091870 0.094223 0.066662
1413394936.905761 -0.502465  0.561011 -0.122934 0.093099 0.094872 0.066660
1413394937.005760 -0.528613  0.620001 -0.120924 0.093977 0.095448 0.066656
1413394937.205760 -0.532188  0.726960 -0.108622 0.095843 0.096700 0.066646
1413394937.305761 -0.516376  0.798941 -0.092387 0.097526 0.097608 0.066652
1413394937.455760 -0.441497  0.860114 -0.097810 0.098980 0.099174 0.066544
1413394937.555760 -0.386263  0.910473 -0.103193 0.099416 0.100241 0.066474
1413394937.755760 -0.319741  0.969792 -0.083975 0.099924 0.103279 0.066360
1413394937.955760 -0.177538  0.999934 -0.009305 0.100296 0.107335 0.066231
1413394938.055760 -0.118344  0.996785  0.054728 0.100269 0.109791 0.066155
1413394938.255760 0.191991 1.033118 0.404474 0.100442 0.115806 0.066051
1413394938.355760 0.328472 1.026265 0.583675 0.100545 0.119810 0.066081
1413394938.555760 0.472813 0.999979 0.586841 0.098525 0.123632 0.066356
1413394938.655760 0.510149 1.006997 0.453146 0.097061 0.124121 0.066483
1413394938.855760 0.551615 0.998208 0.216825 0.095775 0.125276 0.066622
1413394938.955760 0.602230 0.971446 0.149155 0.095534 0.125750 0.066629
1413394939.155760  0.744256  0.775918 -0.039340 0.095004 0.125597 0.066541
1413394939.255760  0.802712  0.650777 -0.112770 0.094955 0.124316 0.066406
1413394939.455760 0.885939 0.432665 0.009988 0.098555 0.123775 0.066213
1413394939.555760 0.891671 0.420539 0.138826 0.100203 0.122529 0.066150
1413394939.755760 0.884625 0.359082 0.336917 0.103513 0.120421 0.066227
1413394939.855760 0.903826 0.253632 0.328366 0.105460 0.119187 0.066363
1413394940.055760 0.949873 0.075829 0.093108 0.106863 0.113667 0.066411
1413394940.255760  1.053090  0.004619 -0.134675 0.109030 0.109292 0.066250
1413394940.455760  1.065514 -0.088321 -0.279459 0.111213 0.105066 0.066060
1413394940.655760  1.053317 -0.146679 -0.188489 0.114168 0.102688 0.065943
1413394940.755760  1.073470 -0.087248 -0.082797 0.115420 0.102300 0.065881
1413394940.955760 1.122441 0.035338 0.183733 0.118514 0.102316 0.065902
1413394941.055760 1.125547 0.016906 0.215616 0.119893 0.101647 0.065941
1413394941.205760  1.113294 -0.135509  0.256474 0.121842 0.100487 0.066008
1413394941.305761  1.118662 -0.293207  0.316676 0.124226 0.100365 0.066072
1413394941.505760  1.192855 -0.589941  0.411120 0.128786 0.100767 0.066303
1413394941.605761  1.252868 -0.636871  0.402244 0.130176 0.101112 0.066393
1413394941.755760  1.380201 -0.616581  0.380211 0.131842 0.101855 0.066511
1413394941.855760  1.417759 -0.582344  0.338220 0.133017 0.102174 0.066601
1413394941.955760  1.429560 -0.591633  0.344490 0.135110 0.102325 0.066805
1413394942.055760  1.380625 -0.698822  0.379079 0.137782 0.102168 0.066903
1413394942.155760  1.257247 -0.891026  0.418994 0.140667 0.101645 0.067032
1413394942.255760  1.064145 -1.149908  0.484570 0.143284 0.101318 0.067188
1413394942.355760  0.837471 -1.431569  0.526398 0.145360 0.101962 0.067452
1413394942.455760  0.639283 -1.715127  0.534425 0.147302 0.103964 0.067703
1413394942.555760  0.446946 -1.902159  0.362688 0.144918 0.106229 0.067783
1413394942.655760  0.272113 -2.044807  0.186850 0.142526 0.110258 0.067695
1413394942.755760  0.114023 -2.123765  0.034895 0.140841 0.114401 0.067677
1413394942.805761  0.025434 -2.140488 -0.025652 0.138475 0.116644 0.067670
1413394942.905761 -0.049458 -2.072031 -0.244978 0.132534 0.120042 0.067371
1413394942.955760 -0.075998 -2.016747 -0.346913 0.129109 0.121697 0.067246
1413394943.055760 -0.057543 -1.830236 -0.495957 0.122890 0.124338 0.066933
1413394943.155760 -0.013740 -1.581074 -0.576232 0.116817 0.126539 0.066611
1413394943.255760  0.048272 -1.284551 -0.662175 0.111431 0.127518 0.066393
1413394943.355760  0.155213 -0.957293 -0.621182 0.107635 0.127644 0.066245
1413394943.505760  0.343660 -0.464118 -0.435139 0.104946 0.125824 0.066194
1413394943.655760  0.581087 -0.119972 -0.324571 0.104547 0.121541 0.066161
1413394943.805761  0.730583  0.021316 -0.355779 0.104386 0.116006 0.066107
1413394943.955760  0.774314  0.110734 -0.429804 0.104246 0.110846 0.066105
1413394944.105761  0.712396  0.173810 -0.338331 0.104986 0.106900 0.066124
1413394944.305761  0.632083  0.190882 -0.160100 0.105853 0.103393 0.066119
1413394944.455760 0.541316 0.145794 0.077914 0.106633 0.101938 0.066000
1413394944.605761  0.450155  0.042578 -0.050746 0.104980 0.099508 0.065895
1413394944.705760  0.355391 -0.054812 -0.164276 0.103976 0.098015 0.065845
1413394944.805761  0.243097 -0.182763 -0.239378 0.102956 0.097042 0.065827
1413394944.905761  0.084994 -0.315872 -0.276254 0.102067 0.096609 0.065841
1413394945.055760 -0.163490 -0.519092 -0.314362 0.100765 0.096783 0.065919
1413394945.155760 -0.291760 -0.631572 -0.326371 0.100261 0.097393 0.066005
1413394945.255760 -0.389989 -0.727427 -0.295790 0.099770 0.098055 0.066089
1413394945.355760 -0.436837 -0.802364 -0.226979 0.099688 0.098782 0.066150
1413394945.455760 -0.428998 -0.853551 -0.228877 0.099591 0.098986 0.066176
1413394945.555760 -0.394195 -0.825647 -0.236618 0.098911 0.098990 0.066152
1413394945.655760 -0.371450 -0.749955 -0.219078 0.098274 0.099116 0.066136
1413394945.755760 -0.338795 -0.619940 -0.186145 0.097677 0.099120 0.066113
1413394945.855760 -0.338689 -0.447349 -0.171812 0.097043 0.098877 0.066099
1413394945.955760 -0.269958 -0.245346 -0.131365 0.097201 0.098317 0.066072
1413394946.055760 -0.220726 -0.040857 -0.085419 0.097505 0.097531 0.066058
1413394946.155760 -0.140610  0.069999 -0.039452 0.097965 0.096777 0.066044
1413394946.255760 -0.091731  0.168254 -0.054523 0.098251 0.095904 0.066028
1413394946.455760  0.062313  0.341046 -0.029250 0.098618 0.094357 0.065972
1413394946.555760  0.167463  0.407277 -0.008928 0.098781 0.093951 0.065958
1413394946.755760 0.324981 0.525451 0.015043 0.099043 0.093912 0.065948
1413394946.855760 0.388951 0.515059 0.030342 0.099004 0.094302 0.065935
1413394947.055760 0.451363 0.412652 0.107225 0.098641 0.095725 0.065892
1413394947.155760 0.451665 0.344997 0.224356 0.098946 0.097075 0.065835
1413394947.355760 0.387728 0.246347 0.581206 0.100308 0.099094 0.065799
1413394947.455760 0.333209 0.194626 0.668156 0.100964 0.099919 0.065938
1413394947.655760 0.232556 0.135399 0.519314 0.100473 0.099180 0.066429
1413394947.755760 0.192745 0.177108 0.402118 0.100417 0.098833 0.066680
1413394947.955760 0.162677 0.466915 0.532452 0.103049 0.101349 0.067026
1413394948.155760 0.158378 0.781850 0.492329 0.105620 0.104062 0.067769
1413394948.255760 0.146300 0.976654 0.478469 0.107872 0.105953 0.068040
1413394948.455760 0.085868 1.027681 0.337053 0.108522 0.110707 0.068479
1413394948.555760 0.044875 0.891466 0.329527 0.106119 0.113855 0.068739
1413394948.755760 -0.025792  0.325261  0.377553 0.103064 0.117641 0.069405
1413394948.955760 -0.122386 -0.122457  0.334784 0.101845 0.114373 0.069810
1413394949.055760 -0.172660 -0.228360  0.172715 0.100186 0.110474 0.069417
1413394949.255760 -0.284725 -0.055442 -0.011900 0.098634 0.106062 0.068359
1413394949.555760 -0.488378  0.680684  0.051738 0.101446 0.106124 0.067079
1413394949.655760 -0.544995  0.754183  0.122464 0.102440 0.107121 0.066972
1413394949.855760 -0.644412  0.502897  0.049363 0.102065 0.109650 0.066929
1413394950.055760 -0.639650  0.138131  0.047268 0.103574 0.110108 0.066899
1413394950.155760 -0.566937 -0.007999  0.015309 0.104542 0.108912 0.066921
1413394950.355760 -0.292479 -0.061548  0.039678 0.105212 0.106447 0.066684
1413394950.455760 -0.244877  0.058083  0.083736 0.104465 0.104668 0.066428
1413394950.655760 -0.346032  0.462517  0.225220 0.105385 0.104670 0.066254
1413394950.855760 -0.514942  0.620079  0.294401 0.106879 0.106508 0.066542
1413394950.955760 -0.556498  0.477514  0.299266 0.106823 0.108153 0.066775
1413394951.155760 -0.523998 -0.097424  0.279468 0.107247 0.108276 0.067537
1413394951.255760 -0.429482 -0.389134  0.240975 0.109254 0.107863 0.067816
1413394951.455760 -0.241420 -0.611219  0.240044 0.110347 0.106726 0.068004
1413394951.555760 -0.260929 -0.512052  0.332608 0.109801 0.106636 0.067663
1413394951.755760 -0.483112  0.138551  0.517069 0.109380 0.107590 0.067527
1413394951.855760 -0.627724  0.520011  0.606880 0.111381 0.108452 0.067810
1413394952.055760 -0.752605  0.712697  0.590044 0.113524 0.109420 0.068774
1413394952.155760 -0.710339  0.619135  0.434118 0.113111 0.111517 0.069020
1413394952.355760 -0.643027  0.387214  0.054437 0.110604 0.108605 0.068831
1413394952.555760 -0.531704  0.383836  0.148414 0.111804 0.108823 0.068086
1413394952.755760 -0.526386  0.539811  0.360247 0.114609 0.111533 0.067964
1413394952.855760 -0.535175  0.530552  0.320648 0.115639 0.112444 0.068034
1413394953.055760 -0.421215  0.293671  0.088107 0.112651 0.110512 0.068116
1413394953.355760  0.069783 -0.532306  0.482661 0.113412 0.110288 0.068467
1413394953.555760  0.317743 -0.943591 -0.004015 0.108808 0.105779 0.068699
1413394953.655760  0.341912 -1.004861 -0.369253 0.108732 0.105624 0.068301
1413394953.855760  0.169051 -0.848633 -0.962280 0.101495 0.103524 0.066761
1413394954.055760 -0.134031 -0.560998 -0.911823 0.097972 0.104139 0.066005
1413394954.155760 -0.207378 -0.533359 -0.871124 0.096394 0.103291 0.065789
1413394954.355760 -0.173264 -0.764158 -0.757161 0.098059 0.104641 0.066505
1413394954.555760  0.009281 -1.113150 -0.527128 0.102170 0.109394 0.067510
1413394954.655760  0.046063 -1.152298 -0.526137 0.101796 0.111226 0.067773
1413394954.855760 -0.071434 -0.794661 -0.529460 0.097376 0.115965 0.067882
1413394954.955760 -0.170807 -0.556886 -0.555571 0.095947 0.117472 0.067886
1413394955.155760 -0.309766 -0.463808 -0.565537 0.096553 0.117831 0.068451
1413394955.255760 -0.301851 -0.563597 -0.497882 0.097335 0.117943 0.068767
1413394955.455760 -0.179615 -0.713053 -0.314127 0.099669 0.121063 0.069159
1413394955.555760 -0.074645 -0.579718 -0.156785 0.099035 0.123062 0.068787
1413394955.755760 -0.192803  0.011260  0.130347 0.098683 0.124086 0.067605
1413394955.855760 -0.351168  0.183099  0.194291 0.099482 0.122544 0.067208
1413394955.955760 -0.495077  0.279967  0.244409 0.099855 0.120033 0.066752
1413394956.105761 -0.585349  0.252364  0.284712 0.101424 0.118012 0.066286
1413394956.205760 -0.525675  0.129636  0.264814 0.100733 0.115948 0.066042
1413394956.405761 -0.292069 -0.128882  0.144620 0.100528 0.112954 0.065806
1413394956.505760 -0.156078 -0.197248  0.014703 0.098602 0.109843 0.065700
1413394956.655760 -0.073267 -0.172229 -0.085255 0.097218 0.108211 0.065640
1413394956.755760 -0.160862 -0.117859 -0.046685 0.096901 0.108264 0.065599
1413394957.005760 -0.609181  0.045740  0.137428 0.097604 0.109154 0.065534
1413394957.105761 -0.690067  0.059764  0.184062 0.098090 0.109009 0.065512
1413394957.205760 -0.677840  0.048687  0.212455 0.098335 0.107310 0.065466
1413394957.305761 -0.565008  0.017401  0.243146 0.098936 0.106071 0.065442
1413394957.405761 -0.354991 -0.032956  0.241453 0.099052 0.104957 0.065433
1413394957.605761  0.110901 -0.138752  0.179344 0.098183 0.102824 0.065555
1413394957.705760  0.207013 -0.130162  0.103877 0.096782 0.101084 0.065518
1413394957.805761  0.166433 -0.099719  0.043635 0.095639 0.100581 0.065485
1413394958.055760 -0.135068  0.043083  0.004079 0.094756 0.099560 0.065385
1413394958.155760 -0.134254  0.092674  0.012112 0.094794 0.098411 0.065392
1413394958.255760 -0.002629  0.118766  0.026413 0.095094 0.098197 0.065454
1413394958.355760 0.192765 0.156613 0.024844 0.095278 0.098537 0.065570
1413394958.505760  0.479210  0.218002 -0.035410 0.094622 0.098682 0.065716
1413394958.605761  0.521587  0.247960 -0.024008 0.093447 0.097221 0.065619
1413394958.705760 0.370768 0.253558 0.047804 0.093422 0.095939 0.065536
1413394958.905761 -0.177215  0.174110  0.176314 0.093937 0.095061 0.065360
1413394959.005760 -0.367758  0.099124  0.210038 0.094101 0.095318 0.065371
1413394959.105761 -0.454527 -0.005850  0.215073 0.094100 0.095153 0.065454
1413394959.205760 -0.401358 -0.063075  0.237568 0.094765 0.095077 0.065541
1413394959.305761 -0.264885 -0.044716  0.236268 0.095785 0.094742 0.065703
1413394959.455760 -0.011104  0.021568  0.129354 0.096199 0.093848 0.065976
1413394959.555760 0.041942 0.019170 0.123707 0.096621 0.093582 0.065903
1413394959.655760 -0.054226 -0.025659  0.183949 0.098289 0.094654 0.065791
1413394959.755760 -0.232935 -0.159044  0.188204 0.099611 0.095283 0.065776
1413394959.905761 -0.460065 -0.417778  0.145496 0.101901 0.096182 0.065874
1413394960.005760 -0.482978 -0.552424  0.074429 0.102728 0.095437 0.065981
1413394960.055760 -0.459080 -0.567593  0.025140 0.102771 0.095041 0.065977
1413394960.155760 -0.353872 -0.542299 -0.019801 0.102945 0.094536 0.066025
1413394960.255760 -0.216260 -0.449540 -0.031212 0.103260 0.094878 0.066018
1413394960.405761 -0.049024 -0.294060 -0.123578 0.102426 0.094864 0.065930
1413394960.505760  0.000660 -0.250437 -0.251966 0.102583 0.095111 0.065738
1413394960.605761 -0.025278 -0.321685 -0.324107 0.102356 0.094958 0.065541
1413394960.705760 -0.088347 -0.491019 -0.282814 0.103118 0.095287 0.065420
1413394960.855760 -0.165963 -0.782818 -0.125064 0.105973 0.097198 0.065444
1413394960.955760 -0.166654 -0.817818 -0.081477 0.106487 0.098830 0.065450
1413394961.055760 -0.122644 -0.742090 -0.069274 0.105833 0.100438 0.065443
1413394961.255760 -0.038723 -0.503504 -0.183125 0.103216 0.101846 0.065423
1413394961.355760 -0.012592 -0.504157 -0.188834 0.102686 0.102072 0.065431
1413394961.455760 -0.009953 -0.619849 -0.103034 0.103203 0.102765 0.065453
1413394961.605761  0.078724 -0.826972 -0.026396 0.104365 0.104946 0.065527
1413394961.705760  0.174102 -0.852973 -0.016894 0.104173 0.107234 0.065529
1413394961.805761  0.258456 -0.764253 -0.028762 0.102773 0.109156 0.065511
1413394961.905761  0.321934 -0.613530 -0.033942 0.101712 0.111821 0.065512
1413394962.055760  0.378385 -0.336006 -0.077379 0.099603 0.111500 0.065506
1413394962.155760  0.372004 -0.240363 -0.046446 0.098865 0.110303 0.065459
1413394962.305761  0.372015 -0.247350  0.036564 0.098621 0.108244 0.065404
1413394962.455760  0.407998 -0.287327  0.214253 0.099085 0.108054 0.065396
1413394962.555760  0.471426 -0.165366  0.207594 0.098701 0.107519 0.065400
1413394962.655760 0.545627 0.029984 0.128662 0.098398 0.105732 0.065447
1413394962.755760 0.588496 0.210586 0.074897 0.098855 0.104404 0.065593
1413394962.855760 0.590912 0.270003 0.004554 0.098957 0.101736 0.065556
1413394962.955760  0.584006  0.266181 -0.003782 0.098769 0.099492 0.065437
1413394963.105761  0.582082  0.214469 -0.014357 0.098828 0.097226 0.065384
1413394963.205760  0.612406  0.328564 -0.156274 0.099035 0.096172 0.065414
1413394963.355760  0.662367  0.518707 -0.408939 0.099851 0.094946 0.065509
1413394963.455760  0.681164  0.548700 -0.479645 0.100130 0.093954 0.065517
1413394963.555760  0.692436  0.502846 -0.490273 0.099937 0.092455 0.065593
1413394963.655760  0.686617  0.326321 -0.331678 0.099906 0.092367 0.065741
1413394963.755760  0.707129  0.231704 -0.277205 0.100161 0.092109 0.065839
1413394963.855760  0.735570  0.272071 -0.320529 0.100743 0.091849 0.065912
1413394963.955760  0.768451  0.377548 -0.409656 0.101453 0.091511 0.066066
1413394964.055760  0.780829  0.433592 -0.410508 0.102437 0.091414 0.066392
1413394964.105761  0.773715  0.422528 -0.392640 0.102822 0.091408 0.066529
1413394964.205760  0.741826  0.294044 -0.266125 0.103342 0.091477 0.066617
1413394964.305761  0.729075  0.106000 -0.105539 0.103877 0.091600 0.066664
1413394964.405761  0.738879  0.034401 -0.014664 0.104379 0.091377 0.066599
1413394964.505760  0.755505  0.115103 -0.049368 0.104875 0.091024 0.066357
1413394964.605761  0.760324  0.232913 -0.113167 0.105668 0.090743 0.066288
1413394964.705760  0.721744  0.292205 -0.097525 0.106488 0.090343 0.066273
1413394964.805761  0.616396  0.247403 -0.052176 0.106562 0.089608 0.066176
1413394964.905761 0.467338 0.083618 0.022784 0.105941 0.088808 0.066017
1413394965.105761  0.105291 -0.341717  0.276740 0.103387 0.087187 0.065566
1413394965.155760  0.075691 -0.363720  0.306400 0.102155 0.086773 0.065480
1413394965.255760  0.048020 -0.324894  0.290573 0.100074 0.086504 0.065338
1413394965.355760  0.066007 -0.209561  0.207585 0.097551 0.085918 0.065272
1413394965.505760  0.107806 -0.098351  0.233742 0.095502 0.085880 0.065236
1413394965.655760  0.145345 -0.004700  0.334467 0.094299 0.086434 0.065262
1413394965.755760 0.126518 0.120143 0.238429 0.092946 0.085979 0.065313
1413394965.905761 0.077520 0.269443 0.064545 0.091551 0.085387 0.065341
1413394966.055760 0.055233 0.413196 0.033041 0.091081 0.085859 0.065358
1413394966.205760 -0.012368  0.623277 -0.188242 0.091131 0.085419 0.065353
1413394966.305761 -0.032930  0.704306 -0.289345 0.090924 0.085480 0.065292
1413394966.355760 -0.018572  0.694828 -0.310696 0.090530 0.085905 0.065264
1413394966.455760  0.061338  0.562301 -0.248922 0.088884 0.087216 0.065232
1413394966.555760  0.196323  0.326017 -0.093046 0.087634 0.088173 0.065202
1413394966.655760  0.276771  0.186097 -0.004796 0.087190 0.088625 0.065201
1413394966.755760  0.280117  0.190788 -0.021129 0.087422 0.088433 0.065192
1413394966.805761  0.240246  0.212598 -0.045081 0.087534 0.088302 0.065192
1413394967.005760  0.099325  0.344123 -0.105765 0.087921 0.088103 0.065227
1413394967.105761  0.104069  0.357569 -0.066947 0.087873 0.088492 0.065257
1413394967.255760 0.268765 0.276141 0.151140 0.088116 0.089690 0.065240
1413394967.355760 0.296520 0.270799 0.230507 0.088487 0.090091 0.065235
1413394967.455760 0.206386 0.337047 0.229339 0.089224 0.090228 0.065278
1413394967.605761 -0.005746  0.433395  0.128132 0.090067 0.090020 0.065397
1413394967.705760 -0.051364  0.440721  0.184603 0.090570 0.090667 0.065404
1413394967.855760 0.025970 0.406745 0.329002 0.091361 0.091778 0.065418
1413394967.955760 0.026447 0.406302 0.381281 0.092089 0.092389 0.065483
1413394968.055760 -0.049139  0.425464  0.266761 0.092623 0.092496 0.065595
1413394968.155760 -0.104637  0.414722  0.094605 0.092561 0.092522 0.065669
1413394968.305761 -0.047518  0.407847  0.001068 0.093030 0.092707 0.065610
1413394968.505760  0.057609  0.408410 -0.092404 0.094180 0.092918 0.065508
1413394968.755760  0.229601  0.393378 -0.028728 0.096306 0.094197 0.065363
1413394968.905761 0.323235 0.471393 0.001485 0.098269 0.094846 0.065335
1413394969.055760 0.348952 0.523892 0.010454 0.099870 0.095590 0.065352
1413394969.255760  0.305575  0.479540 -0.284949 0.098874 0.095039 0.065306
1413394969.455760  0.167831  0.397934 -0.442002 0.098800 0.094070 0.065331
1413394969.655760 -0.010740  0.384897 -0.418277 0.100441 0.094307 0.065577
1413394969.855760 -0.075903  0.596778 -0.305035 0.102350 0.094887 0.065805
1413394969.955760 -0.080491  0.714973 -0.208040 0.103459 0.095863 0.065854
1413394970.155760 0.057478 0.852210 0.110992 0.106328 0.098974 0.065731
1413394970.355760 0.155118 0.856721 0.085564 0.106622 0.101471 0.065575
1413394970.455760  0.115179  0.793057 -0.030061 0.105659 0.102228 0.065492
1413394970.655760 -0.032385  0.508596 -0.210925 0.102102 0.102576 0.065456
1413394970.855760 -0.178902  0.124675 -0.188136 0.100365 0.101227 0.065509
1413394971.055760 -0.258004  0.072893  0.105796 0.101405 0.098749 0.065483
1413394971.255760 -0.166577  0.193579  0.115150 0.101289 0.095992 0.065283
1413394971.455760  0.161675  0.309778 -0.000430 0.100846 0.094029 0.065173
1413394971.655760 0.616738 0.359680 0.133769 0.102113 0.095612 0.065164
1413394971.755760 0.761807 0.301330 0.159501 0.101776 0.095835 0.065185
1413394971.955760 0.798507 0.060852 0.121200 0.101247 0.094355 0.065234
1413394972.055760  0.715175 -0.068416  0.038025 0.101569 0.092305 0.065230
1413394972.255760  0.438401 -0.300969 -0.164976 0.100579 0.087975 0.065256
1413394972.355760  0.275708 -0.418990 -0.211269 0.100454 0.086564 0.065257
1413394972.555760 -0.030514 -0.595997 -0.287266 0.100396 0.085222 0.065389
1413394972.655760 -0.136654 -0.676248 -0.242187 0.100349 0.085122 0.065445
1413394972.855760 -0.162956 -0.733976 -0.085824 0.101405 0.085454 0.065499
1413394972.955760 -0.118356 -0.682875 -0.076214 0.098239 0.085438 0.065437
1413394973.055760 -0.084093 -0.642156 -0.089811 0.096994 0.085622 0.065393
1413394973.155760 -0.040763 -0.589351 -0.099092 0.101043 0.088062 0.065409
1413394973.255760 -0.019389 -0.569679 -0.090874 0.105026 0.089360 0.065431
1413394973.355760 -0.022209 -0.566846 -0.068735 0.106121 0.091336 0.065452
1413394973.405761 -0.018573 -0.577942 -0.058348 0.106490 0.091843 0.065433
1413394973.505760 -0.038707 -0.587818 -0.044316 0.107189 0.093517 0.065443
1413394973.605761 -0.055905 -0.611989 -0.017833 0.108045 0.095170 0.065420
1413394973.705760 -0.078766 -0.613009  0.028190 0.108611 0.096935 0.065388
1413394973.805761 -0.089531 -0.620367  0.030492 0.108975 0.098607 0.065360
1413394973.905761 -0.097396 -0.595397  0.030809 0.109062 0.100066 0.065355
1413394974.005760 -0.113306 -0.576168  0.066103 0.109290 0.101674 0.065325
1413394974.105761 -0.118319 -0.545919  0.082326 0.109467 0.103473 0.065308
1413394974.205760 -0.144712 -0.513478  0.085403 0.109264 0.104860 0.065278
1413394974.305761 -0.177065 -0.461937  0.094938 0.108959 0.105984 0.065257
1413394974.405761 -0.228545 -0.410564  0.140381 0.108992 0.107088 0.065243
1413394974.505760 -0.307891 -0.347958  0.163599 0.108896 0.107883 0.065250
1413394974.605761 -0.364666 -0.258219  0.180573 0.108866 0.108296 0.065261
1413394974.705760 -0.400598 -0.184467  0.178943 0.108871 0.108151 0.065277
1413394974.855760 -0.404505 -0.089975  0.112357 0.108596 0.106693 0.065284
1413394975.005760 -0.400744 -0.059557 -0.084948 0.107500 0.103991 0.065241
1413394975.105761 -0.362878 -0.047391 -0.189287 0.106963 0.102174 0.065192
1413394975.255760 -0.291562 -0.053257 -0.344343 0.105812 0.099649 0.065160
1413394975.355760 -0.217555 -0.054015 -0.360239 0.105240 0.098225 0.065188
1413394975.555760 -0.103809 -0.086309 -0.313501 0.104031 0.096675 0.065366
1413394975.755760 -0.119136 -0.175598 -0.202816 0.103431 0.096601 0.065568
1413394976.055760 -0.153092 -0.280107 -0.054178 0.102530 0.096917 0.065608
1413394976.355760  0.002511 -0.374187 -0.052624 0.100488 0.096314 0.065547
1413394976.605761  0.246298 -0.470367 -0.021370 0.098433 0.096653 0.065490
1413394976.705760  0.402882 -0.480643 -0.031011 0.097306 0.097137 0.065443
1413394976.855760  0.576899 -0.443977 -0.045830 0.095648 0.098314 0.065443
1413394976.955760  0.587159 -0.344550 -0.015873 0.094862 0.098394 0.065391
1413394977.105761  0.391022 -0.154137  0.072402 0.094500 0.096916 0.065257
1413394977.205760 0.131661 0.024483 0.168688 0.094645 0.095664 0.065158
1413394977.405761 -0.470162  0.287037  0.350067 0.094823 0.095356 0.065075
1413394977.605761 -1.057708  0.277188  0.461190 0.093737 0.099375 0.065218
1413394977.705760 -1.370451  0.253703  0.506355 0.093969 0.103734 0.065387
1413394977.905761 -1.796784  0.155278  0.565821 0.097571 0.111839 0.065797
1413394978.005760 -1.883780  0.085124  0.543382 0.100246 0.113373 0.065982
1413394978.155760 -1.916503 -0.022027  0.454661 0.105107 0.113155 0.066209
1413394978.255760 -1.894681 -0.106002  0.329464 0.108400 0.111863 0.066288
1413394978.355760 -1.864800 -0.197251  0.211848 0.112819 0.110487 0.066302
1413394978.455760 -1.817640 -0.288963  0.072905 0.117633 0.109408 0.066273
1413394978.555760 -1.801890 -0.382630  0.042292 0.121832 0.108957 0.066201
1413394978.655760 -1.762610 -0.446774  0.048399 0.126162 0.108163 0.066151
1413394978.755760 -1.720459 -0.479463  0.088217 0.130108 0.107339 0.066119
1413394978.855760 -1.689746 -0.478046  0.133020 0.133793 0.106735 0.066078
1413394978.955760 -1.650691 -0.459789  0.107197 0.136770 0.105744 0.066054
1413394979.055760 -1.602135 -0.433153  0.016409 0.139248 0.104475 0.066034
1413394979.155760 -1.502749 -0.408245 -0.086688 0.141414 0.102234 0.066015
1413394979.255760 -1.363669 -0.372720 -0.162683 0.143422 0.099524 0.065947
1413394979.355760 -1.183315 -0.305643 -0.156128 0.144040 0.096560 0.065895
1413394979.455760 -0.903252 -0.197463 -0.084839 0.143449 0.092897 0.065908
1413394979.605761 -0.396499 -0.026189  0.099519 0.139306 0.089108 0.066191
1413394979.805761 0.393011 0.141429 0.286078 0.126829 0.089541 0.066776
1413394979.905761 0.623392 0.133308 0.355945 0.119541 0.091016 0.066804
1413394980.005760 0.719774 0.053149 0.360545 0.112430 0.090989 0.066549
1413394980.255760  0.810289 -0.196595  0.149996 0.100877 0.090495 0.066189
1413394980.505760  0.970008 -0.406113 -0.008994 0.095274 0.091329 0.065974
1413394980.655760  1.018673 -0.446648  0.055427 0.093456 0.091927 0.065741
1413394980.855760  0.991464 -0.423157  0.120220 0.092651 0.091402 0.065602
1413394981.105761  0.895578 -0.340555 -0.072296 0.091370 0.089410 0.065432
1413394981.355760  0.808098 -0.178363 -0.223786 0.090568 0.087481 0.065258
1413394981.605761  0.696296 -0.105532 -0.158878 0.091090 0.085813 0.065187
1413394981.855760  0.557207 -0.043048 -0.174494 0.091123 0.083955 0.065159
1413394982.105761  0.371906  0.138870 -0.088470 0.089082 0.082329 0.065092
1413394982.305761  0.310904  0.383607 -0.028523 0.088955 0.081613 0.065091
1413394982.455760 0.338142 0.619412 0.051544 0.089939 0.081559 0.065113
1413394982.555760 0.391640 0.768116 0.096084 0.091713 0.081779 0.065122
1413394982.655760 0.442900 0.917779 0.143314 0.093030 0.082180 0.065147
1413394982.755760 0.501369 1.058434 0.168996 0.094545 0.082844 0.065174
1413394982.855760 0.558317 1.174833 0.175407 0.095854 0.083608 0.065198
1413394983.005760 0.626270 1.309218 0.189903 0.097898 0.085386 0.065248
1413394983.105761 0.646679 1.353642 0.207047 0.098982 0.086411 0.065280
1413394983.305761 0.658030 1.395043 0.210325 0.099826 0.088247 0.065365
1413394983.405761 0.655020 1.402372 0.214826 0.100148 0.089461 0.065404
1413394983.605761 0.580849 1.314212 0.099375 0.098790 0.091397 0.065380
1413394983.705760  0.526454  1.254754 -0.014852 0.098054 0.092068 0.065382
1413394983.905761  0.389327  1.102177 -0.252737 0.095132 0.093027 0.065259
1413394984.105761  0.218201  0.914430 -0.361480 0.092363 0.093999 0.065151
1413394984.305761  0.076870  0.752652 -0.330335 0.089882 0.094150 0.065121
1413394984.505760 -0.109239  0.623295 -0.262231 0.087952 0.094100 0.065121
1413394984.705760 -0.308516  0.501000 -0.202554 0.086268 0.094432 0.065144
1413394984.905761 -0.520671  0.415111 -0.118665 0.084807 0.094343 0.065150
1413394985.105761 -0.656400  0.346808 -0.027101 0.083806 0.094623 0.065137
1413394985.305761 -0.781388  0.233023  0.150330 0.083302 0.094605 0.065120
1413394985.405761 -0.818918  0.218003  0.265079 0.083411 0.094356 0.065089
1413394985.605761 -0.890657  0.385875  0.566868 0.084959 0.095175 0.065082
1413394985.705760 -0.909464  0.430934  0.525754 0.085362 0.094822 0.065107
1413394985.905761 -0.985545  0.381127  0.216882 0.084841 0.094130 0.065184
1413394986.005760 -1.024760  0.327960  0.128424 0.084512 0.093802 0.065185
1413394986.205760 -1.130335  0.203499  0.149069 0.085075 0.094722 0.065221
1413394986.305761 -1.158841  0.195341  0.204213 0.085785 0.094815 0.065232
1413394986.505760 -1.165758  0.273797  0.300155 0.087480 0.094712 0.065297
1413394986.605761 -1.193109  0.292898  0.336162 0.088102 0.095101 0.065346
1413394986.805761 -1.262804  0.236131  0.323344 0.089624 0.096032 0.065480
1413394986.905761 -1.304629  0.173499  0.308584 0.091756 0.097037 0.065535
1413394987.105761 -1.266095  0.105708  0.047999 0.093045 0.095058 0.065619
1413394987.305761 -1.185186  0.151450 -0.078391 0.095007 0.092962 0.065560
1413394987.505760 -1.114534  0.037831 -0.032387 0.097346 0.091680 0.065492
1413394987.705760 -1.047864 -0.214426  0.031077 0.100262 0.090390 0.065490
1413394987.905761 -0.919759 -0.541677  0.125951 0.103700 0.088593 0.065533
1413394988.105761 -0.726521 -0.855328  0.174726 0.107900 0.086892 0.065671
1413394988.205760 -0.604985 -0.978418  0.202184 0.110062 0.086326 0.065759
1413394988.405761 -0.297127 -1.043389  0.097111 0.110003 0.085253 0.065917
1413394988.505760 -0.123631 -0.987808  0.020483 0.107760 0.084889 0.065851
1413394988.705760  0.195395 -0.868668 -0.085804 0.104361 0.086103 0.065882
1413394988.805761  0.291199 -0.836414 -0.147290 0.103817 0.087264 0.065865
1413394989.005760  0.429763 -0.889952 -0.210946 0.103079 0.089059 0.065856
1413394989.205760  0.463010 -0.973870 -0.165580 0.104998 0.091477 0.065846
1413394989.405761  0.476759 -1.047511 -0.122707 0.104315 0.092736 0.065753
1413394989.605761  0.503752 -1.047198 -0.246774 0.104451 0.094582 0.065818
1413394989.805761  0.523087 -0.983162 -0.441888 0.101354 0.095376 0.065817
1413394989.905761  0.530579 -0.920259 -0.496871 0.099491 0.095671 0.065726
1413394990.105761  0.558903 -0.741609 -0.608131 0.099031 0.096758 0.065866
1413394990.205760  0.517721 -0.713916 -0.669024 0.099027 0.097069 0.065959
1413394990.355760  0.435095 -0.680432 -0.663906 0.100644 0.097500 0.066189
1413394990.455760  0.379730 -0.672148 -0.636858 0.102205 0.097920 0.066275
1413394990.555760  0.302036 -0.674255 -0.589099 0.104180 0.099041 0.066350
1413394990.705760  0.166316 -0.661814 -0.539167 0.106427 0.102047 0.066403
1413394990.855760  0.016569 -0.639926 -0.482473 0.106809 0.103222 0.066413
1413394991.055760 -0.152892 -0.610990 -0.375384 0.107683 0.107035 0.066395
1413394991.255760 -0.291536 -0.568337 -0.313332 0.106494 0.108104 0.066257
1413394991.405761 -0.388013 -0.497432 -0.251954 0.105299 0.108793 0.066148
1413394991.555760 -0.419833 -0.400251 -0.239080 0.103754 0.108861 0.066027
1413394991.705760 -0.493173 -0.314912 -0.158099 0.103292 0.109122 0.065920
1413394991.855760 -0.499713 -0.287198 -0.138229 0.102390 0.107832 0.065799
1413394992.055760 -0.405594 -0.262522 -0.154007 0.101044 0.105327 0.065645
1413394992.255760 -0.252051 -0.143975 -0.082581 0.099737 0.103461 0.065512
1413394992.455760 -0.154837  0.011578  0.007866 0.098488 0.102155 0.065396
1413394992.605761 -0.167798  0.024852  0.035105 0.096777 0.100841 0.065294
1413394993.005760 -0.117427  0.012524 -0.064018 0.094427 0.097380 0.065178
1413394993.405761 -0.087174  0.025195 -0.322467 0.090970 0.093512 0.065288
1413394993.655760 -0.160290 -0.053080 -0.302211 0.089550 0.091195 0.065357
1413394993.855760 -0.162693 -0.071357 -0.449441 0.088600 0.089833 0.065437
1413394994.005760 -0.109351 -0.044509 -0.480041 0.087905 0.089379 0.065551
1413394994.155760 -0.007853 -0.015282 -0.339905 0.087833 0.090412 0.065671
