1413394889.855760 2.305964 0.492520
1413394890.005760 2.314072 0.444262
1413394890.305761 2.289292 0.414824
1413394890.405761 2.301650 0.372172
1413394890.505760 2.300789 0.338571
1413394890.655760 2.297010 0.319854
1413394890.905761 2.297365 0.289355
1413394891.005760 2.296493 0.266456
1413394891.105761 2.296763 0.253326
1413394891.255760 2.294579 0.249574
1413394891.455760 2.296120 0.234331
1413394891.555760 2.289530 0.213242
1413394891.655760 2.282077 0.195098
1413394891.805761 2.271006 0.175187
1413394891.955760 2.262316 0.159577
1413394892.105761 2.258629 0.155816
1413394892.255760 2.252795 0.148732
1413394892.405761 2.250678 0.142531
1413394892.555760 2.242655 0.134086
1413394892.705760 2.246090 0.125030
1413394892.755760 2.255557 0.123401
1413394892.855760 2.245542 0.118477
1413394892.955760 2.248665 0.116659
1413394893.055760 2.254063 0.116199
1413394893.205760 2.251089 0.115980
1413394893.355760 2.254159 0.114914
1413394893.505760 2.244200 0.113392
1413394893.655760 2.239298 0.112633
1413394893.805761 2.236390 0.112138
1413394893.955760 2.235616 0.111954
1413394894.105761 2.229694 0.111691
1413394894.205760 2.231453 0.111267
1413394894.305761 2.229116 0.110784
1413394894.405761 2.228161 0.109892
1413394894.505760 2.227024 0.107909
1413394894.605761 2.229758 0.105826
1413394894.705760 2.233093 0.102573
1413394894.805761 2.238467 0.098995
1413394894.905761 2.240310 0.095690
1413394895.005760 2.242128 0.092341
1413394895.105761 2.243079 0.088947
1413394895.205760 2.243069 0.085802
1413394895.355760 2.245520 0.080770
1413394895.455760 2.246257 0.077433
1413394895.555760 2.247383 0.075092
1413394895.655760 2.248651 0.072772
1413394895.755760 2.250088 0.070390
1413394895.855760 2.250498 0.068028
1413394895.955760 2.248932 0.066231
1413394896.055760 2.247445 0.064894
1413394896.205760 2.247462 0.063367
1413394896.305761 2.249261 0.062411
1413394896.455760 2.251796 0.060785
1413394896.605761 2.257050 0.058438
1413394896.755760 2.268953 0.054978
1413394897.005760 2.288028 0.046202
1413394897.155760 2.299092 0.039905
1413394897.255760 2.306159 0.035985
1413394897.305761 2.309075 0.034257
1413394897.405761 2.313091 0.030247
1413394897.455760 2.315665 0.029167
1413394897.555760 2.320708 0.027519
1413394897.605761 2.322254 0.026891
1413394897.705760 2.325171 0.025954
1413394897.805761 2.325293 0.025309
1413394897.855760 2.325778 0.025062
1413394897.955760 2.326781 0.024668
1413394898.055760 2.325663 0.024387
1413394898.155760 2.326174 0.024208
1413394898.255760 2.324954 0.024096
1413394898.355760 2.322145 0.024021
1413394898.455760 2.320605 0.023982
1413394898.555760 2.319746 0.023939
1413394898.705760 2.318483 0.023773
1413394898.905761 2.318430 0.023299
1413394899.155760 2.318715 0.022300
1413394899.405761 2.323695 0.020928
1413394899.555760 2.325863 0.020054
1413394899.705760 2.327460 0.019289
1413394899.805761 2.329882 0.018876
1413394899.905761 2.330737 0.018478
1413394900.005760 2.333046 0.018139
1413394900.105761 2.335532 0.017853
1413394900.205760 2.337127 0.017633
1413394900.305761 2.338494 0.017481
1413394900.405761 2.338598 0.017369
1413394900.505760 2.339232 0.017295
1413394900.655760 2.340579 0.017202
1413394900.805761 2.340756 0.017126
1413394900.905761 2.339736 0.017051
1413394901.005760 2.340386 0.016969
1413394901.105761 2.344632 0.016891
1413394901.205760 2.344386 0.016798
1413394901.255760 2.344317 0.016750
1413394901.355760 2.343063 0.016679
1413394901.455760 2.341262 0.016618
1413394901.555760 2.339117 0.016576
1413394901.655760 2.339386 0.016564
1413394901.755760 2.338414 0.016529
1413394901.855760 2.337982 0.016510
1413394901.955760 2.337243 0.016491
1413394902.055760 2.336506 0.016464
1413394902.155760 2.335821 0.016433
1413394902.255760 2.334538 0.016397
1413394902.355760 2.333176 0.016346
1413394902.455760 2.333129 0.016310
1413394902.555760 2.332786 0.016262
1413394902.655760 2.332746 0.016211
1413394902.755760 2.333824 0.016174
1413394902.855760 2.333615 0.016124
1413394902.955760 2.332661 0.016073
1413394903.155760 2.334572 0.015966
1413394903.255760 2.335529 0.015909
1413394903.455760 2.337396 0.015787
1413394903.605761 2.338366 0.015708
1413394903.755760 2.338808 0.015644
1413394904.005760 2.338548 0.015560
1413394904.205760 2.337756 0.015525
1413394904.355760 2.337204 0.015497
1413394904.505760 2.337118 0.015461
1413394904.605761 2.337373 0.015435
1413394904.705760 2.336363 0.015398
1413394904.805761 2.336109 0.015373
1413394904.905761 2.335968 0.015351
1413394905.005760 2.336560 0.015337
1413394905.055760 2.336265 0.015331
1413394905.205760 2.335333 0.015323
1413394905.305761 2.335306 0.015324
1413394905.405761 2.336078 0.015323
1413394905.505760 2.336414 0.015323
1413394905.705760 2.337181 0.015298
1413394905.755760 2.337624 0.015279
1413394905.855760 2.338078 0.015237
1413394905.905761 2.338036 0.015223
1413394906.005760 2.337422 0.015206
1413394906.105761 2.337241 0.015201
1413394906.255760 2.336372 0.015192
1413394906.355760 2.336733 0.015178
1413394906.455760 2.338182 0.015152
1413394906.555760 2.338414 0.015127
1413394906.655760 2.339413 0.015114
1413394906.755760 2.338026 0.015102
1413394906.855760 2.338060 0.015098
1413394906.955760 2.338246 0.015096
1413394907.005760 2.338470 0.015095
1413394907.105761 2.337500 0.015094
1413394907.255760 2.338086 0.015066
1413394907.355760 2.338167 0.015033
1413394907.455760 2.337213 0.015003
1413394907.555760 2.336253 0.014984
1413394907.605761 2.334403 0.014974
1413394907.705760 2.334495 0.014963
1413394907.805761 2.334031 0.014946
1413394907.905761 2.334920 0.014921
1413394908.005760 2.336778 0.014913
1413394908.055760 2.336203 0.014909
1413394908.205760 2.337874 0.014904
1413394908.305761 2.337714 0.014898
1413394908.405761 2.336829 0.014898
1413394908.505760 2.337049 0.014894
1413394908.655760 2.337419 0.014872
1413394908.705760 2.337628 0.014859
1413394908.805761 2.336824 0.014830
1413394908.905761 2.335058 0.014811
1413394908.955760 2.335286 0.014801
1413394909.105761 2.334605 0.014783
1413394909.205760 2.334810 0.014777
1413394909.305761 2.335028 0.014771
1413394909.405761 2.335141 0.014770
1413394909.555760 2.335862 0.014769
1413394909.655760 2.335945 0.014765
1413394909.755760 2.335842 0.014764
1413394909.855760 2.335588 0.014758
1413394910.055760 2.335611 0.014755
1413394910.155760 2.335517 0.014748
1413394910.255760 2.335407 0.014742
1413394910.355760 2.335298 0.014741
1413394910.555760 2.334791 0.014738
1413394910.655760 2.335008 0.014731
1413394910.755760 2.334974 0.014725
1413394910.855760 2.335129 0.014723
1413394911.005760 2.334906 0.014722
1413394911.105761 2.334849 0.014714
1413394911.205760 2.334843 0.014704
1413394911.305761 2.334848 0.014695
1413394911.405761 2.334487 0.014691
1413394911.505760 2.333986 0.014688
1413394911.655760 2.334302 0.014679
1413394911.755760 2.334384 0.014674
1413394911.805761 2.334181 0.014671
1413394911.905761 2.334036 0.014669
1413394912.055760 2.334261 0.014670
1413394912.155760 2.334416 0.014669
1413394912.255760 2.334490 0.014666
1413394912.405761 2.334848 0.014663
1413394912.555760 2.335175 0.014657
1413394912.655760 2.335599 0.014652
1413394912.755760 2.335847 0.014642
1413394912.905761 2.336218 0.014633
1413394913.105761 2.336609 0.014626
1413394913.305761 2.337058 0.014618
1413394913.455760 2.337411 0.014615
1413394913.605761 2.337523 0.014611
1413394913.755760 2.337495 0.014608
1413394913.855760 2.337199 0.014605
1413394913.955760 2.336894 0.014597
1413394914.055760 2.336789 0.014588
1413394914.205760 2.336605 0.014578
1413394914.355760 2.336530 0.014571
1413394914.455760 2.337149 0.014569
1413394914.555760 2.338011 0.014562
1413394914.655760 2.338211 0.014556
1413394914.755760 2.338658 0.014550
1413394914.905761 2.339186 0.014543
1413394915.055760 2.339588 0.014535
1413394915.205760 2.340186 0.014526
1413394915.305761 2.340628 0.014519
1413394915.405761 2.340777 0.014508
1413394915.505760 2.341222 0.014495
1413394915.605761 2.341540 0.014476
1413394915.705760 2.341470 0.014455
1413394915.805761 2.341739 0.014443
1413394915.905761 2.342134 0.014427
1413394916.005760 2.342212 0.014420
1413394916.105761 2.342476 0.014408
1413394916.205760 2.342941 0.014403
1413394916.305761 2.342538 0.014393
1413394916.405761 2.343146 0.014388
1413394916.505760 2.343398 0.014383
1413394916.605761 2.343248 0.014380
1413394916.705760 2.343390 0.014379
1413394916.755760 2.343181 0.014377
1413394916.955760 2.342759 0.014373
1413394917.055760 2.342911 0.014369
1413394917.255760 2.342708 0.014363
1413394917.455760 2.342700 0.014357
1413394917.655760 2.343034 0.014350
1413394917.855760 2.343293 0.014339
1413394917.955760 2.343858 0.014334
1413394918.155760 2.344407 0.014316
1413394918.255760 2.345679 0.014309
1413394918.455760 2.346237 0.014293
1413394918.555760 2.346313 0.014281
1413394918.755760 2.346993 0.014266
1413394918.855760 2.346304 0.014259
1413394919.055760 2.346201 0.014250
1413394919.155760 2.346272 0.014241
1413394919.355760 2.346193 0.014232
1413394919.455760 2.345677 0.014232
1413394919.655760 2.345494 0.014226
1413394919.755760 2.345925 0.014224
1413394919.955760 2.346178 0.014222
1413394920.055760 2.346402 0.014221
1413394920.255760 2.346253 0.014219
1413394920.455760 2.346926 0.014217
1413394920.655760 2.347646 0.014209
1413394920.855760 2.347199 0.014197
1413394920.955760 2.348039 0.014193
1413394921.155760 2.348450 0.014186
1413394921.255760 2.348560 0.014178
1413394921.455760 2.347673 0.014174
1413394921.555760 2.346199 0.014168
1413394921.755760 2.345180 0.014159
1413394921.855760 2.345152 0.014155
1413394922.055760 2.345196 0.014151
1413394922.255760 2.344345 0.014152
1413394922.355760 2.344054 0.014151
1413394922.555760 2.344395 0.014148
1413394922.655760 2.345490 0.014147
1413394922.855760 2.346949 0.014142
1413394922.955760 2.347315 0.014141
1413394923.155760 2.347774 0.014141
1413394923.255760 2.347780 0.014138
1413394923.455760 2.348037 0.014137
1413394923.555760 2.348301 0.014137
1413394923.755760 2.348896 0.014136
1413394923.855760 2.349094 0.014136
1413394924.055760 2.348955 0.014134
1413394924.155760 2.348906 0.014132
1413394924.355760 2.348445 0.014129
1413394924.455760 2.348089 0.014128
1413394924.655760 2.348522 0.014128
1413394924.755760 2.348404 0.014128
1413394924.905761 2.348207 0.014127
1413394925.055760 2.347804 0.014127
1413394925.205760 2.348038 0.014124
1413394925.355760 2.347676 0.014122
1413394925.555760 2.347934 0.014118
1413394925.655760 2.347547 0.014113
1413394925.755760 2.347412 0.014108
1413394925.905761 2.346911 0.014102
1413394926.055760 2.345485 0.014097
1413394926.205760 2.345408 0.014094
1413394926.355760 2.345818 0.014092
1413394926.505760 2.346090 0.014090
1413394926.605761 2.346814 0.014088
1413394926.655760 2.347262 0.014087
1413394926.755760 2.346987 0.014086
1413394926.855760 2.346810 0.014083
1413394926.955760 2.346755 0.014084
1413394927.055760 2.346740 0.014081
1413394927.155760 2.346850 0.014079
1413394927.255760 2.347039 0.014077
1413394927.405761 2.347501 0.014076
1413394927.555760 2.347463 0.014074
1413394927.655760 2.347430 0.014072
1413394927.755760 2.347370 0.014071
1413394927.855760 2.347336 0.014069
1413394927.955760 2.347274 0.014069
1413394928.105761 2.347360 0.014068
1413394928.255760 2.347414 0.014068
1413394928.405761 2.347618 0.014066
1413394928.555760 2.347748 0.014067
1413394928.705760 2.347723 0.014067
1413394928.905761 2.347574 0.014067
1413394929.105761 2.347525 0.014066
1413394929.305761 2.347564 0.014067
1413394929.505760 2.347390 0.014068
1413394929.655760 2.347026 0.014064
1413394930.005760 2.346181 0.014066
1413394930.205760 2.346296 0.014063
1413394930.455760 2.346283 0.014058
1413394930.555760 2.345942 0.014063
1413394930.655760 2.346182 0.014060
1413394930.755760 2.346017 0.014060
1413394930.855760 2.346147 0.014060
1413394930.955760 2.345975 0.014059
1413394931.005760 2.345961 0.014058
1413394931.155760 2.346051 0.014056
1413394931.355760 2.346023 0.014057
1413394931.505760 2.345394 0.014057
1413394931.605761 2.345064 0.014058
1413394931.805761 2.344560 0.014053
1413394931.955760 2.344314 0.014058
1413394932.055760 2.344422 0.014055
1413394932.155760 2.344904 0.014054
1413394932.255760 2.345651 0.014055
1413394932.355760 2.345632 0.014054
1413394932.455760 2.345830 0.014053
1413394932.605761 2.345946 0.014053
1413394932.755760 2.345740 0.014054
1413394932.905761 2.345312 0.014053
1413394933.055760 2.345528 0.014053
1413394933.205760 2.345704 0.014054
1413394933.355760 2.346035 0.014053
1413394933.505760 2.345866 0.014053
1413394933.655760 2.345577 0.014052
1413394933.805761 2.345592 0.014051
1413394933.955760 2.345861 0.014051
1413394934.105761 2.345904 0.014051
1413394934.205760 2.345928 0.014049
1413394934.355760 2.346128 0.014050
1413394934.455760 2.346120 0.014049
1413394934.555760 2.346515 0.014049
1413394934.705760 2.346371 0.014046
1413394934.855760 2.346688 0.014047
1413394935.155760 2.346907 0.014045
1413394935.355760 2.346425 0.014043
1413394935.555760 2.346477 0.014043
1413394935.705760 2.346601 0.014041
1413394936.005760 2.346469 0.014039
1413394936.205760 2.346548 0.014039
1413394936.305761 2.346622 0.014041
1413394936.405761 2.346816 0.014039
1413394936.605761 2.346582 0.014038
1413394936.705760 2.346487 0.014038
1413394936.905761 2.346578 0.014037
1413394937.005760 2.346572 0.014036
1413394937.205760 2.346506 0.014036
1413394937.305761 2.346237 0.014033
1413394937.455760 2.344929 0.014029
1413394937.555760 2.344926 0.014029
1413394937.755760 2.343278 0.014026
1413394937.955760 2.341596 0.014021
1413394938.055760 2.341644 0.014014
1413394938.255760 2.340766 0.014015
1413394938.355760 2.340870 0.014012
1413394938.555760 2.339948 0.014004
1413394938.655760 2.339912 0.014001
1413394938.855760 2.339733 0.013999
1413394938.955760 2.340121 0.013996
1413394939.155760 2.340396 0.013994
1413394939.255760 2.340933 0.013992
1413394939.455760 2.341474 0.013993
1413394939.555760 2.340863 0.013990
1413394939.755760 2.340251 0.013986
1413394939.855760 2.340124 0.013988
1413394940.055760 2.339709 0.013987
1413394940.255760 2.338864 0.013988
1413394940.455760 2.339505 0.013986
1413394940.655760 2.340397 0.013985
1413394940.755760 2.340862 0.013986
1413394940.955760 2.340999 0.013985
1413394941.055760 2.341161 0.013984
1413394941.205760 2.341086 0.013984
1413394941.305761 2.340908 0.013985
1413394941.505760 2.341077 0.013984
1413394941.605761 2.341233 0.013983
1413394941.755760 2.341408 0.013982
1413394941.855760 2.341381 0.013982
1413394941.955760 2.340661 0.013982
1413394942.055760 2.340642 0.013981
1413394942.155760 2.340594 0.013981
1413394942.255760 2.340656 0.013980
1413394942.355760 2.340479 0.013980
1413394942.455760 2.341296 0.013980
1413394942.555760 2.339130 0.013975
1413394942.655760 2.339883 0.013975
1413394942.755760 2.342135 0.013975
1413394942.805761 2.339874 0.013970
1413394942.905761 2.340952 0.013972
1413394942.955760 2.339893 0.013970
1413394943.055760 2.340068 0.013971
1413394943.155760 2.339834 0.013970
1413394943.255760 2.340706 0.013969
1413394943.355760 2.341202 0.013968
1413394943.505760 2.341551 0.013967
1413394943.655760 2.341680 0.013966
1413394943.805761 2.341939 0.013966
1413394943.955760 2.342177 0.013965
1413394944.105761 2.342157 0.013966
1413394944.305761 2.342092 0.013966
1413394944.455760 2.341518 0.013965
1413394944.605761 2.341210 0.013966
1413394944.705760 2.341136 0.013965
1413394944.805761 2.341203 0.013963
1413394944.905761 2.341266 0.013965
1413394945.055760 2.341341 0.013964
1413394945.155760 2.340996 0.013962
1413394945.255760 2.341071 0.013961
1413394945.355760 2.341156 0.013961
1413394945.455760 2.340722 0.013960
1413394945.555760 2.340482 0.013959
1413394945.655760 2.340552 0.013959
1413394945.755760 2.340670 0.013958
1413394945.855760 2.340734 0.013958
1413394945.955760 2.341120 0.013958
1413394946.055760 2.340833 0.013958
1413394946.155760 2.341121 0.013957
1413394946.255760 2.340893 0.013957
1413394946.455760 2.340740 0.013955
1413394946.555760 2.340430 0.013954
1413394946.755760 2.340145 0.013953
1413394946.855760 2.340046 0.013953
1413394947.055760 2.340136 0.013953
1413394947.155760 2.340001 0.013951
1413394947.355760 2.340275 0.013951
1413394947.455760 2.340405 0.013952
1413394947.655760 2.340471 0.013953
1413394947.755760 2.340549 0.013952
1413394947.955760 2.340645 0.013952
1413394948.155760 2.340649 0.013951
1413394948.255760 2.340578 0.013950
1413394948.455760 2.340167 0.013948
1413394948.555760 2.340149 0.013947
1413394948.755760 2.339954 0.013947
1413394948.955760 2.339401 0.013945
1413394949.055760 2.338833 0.013946
1413394949.255760 2.338655 0.013946
1413394949.555760 2.338536 0.013945
1413394949.655760 2.338585 0.013945
1413394949.855760 2.338583 0.013945
1413394950.055760 2.338362 0.013944
1413394950.155760 2.338891 0.013944
1413394950.355760 2.339151 0.013944
1413394950.455760 2.339251 0.013944
1413394950.655760 2.339262 0.013945
1413394950.855760 2.339710 0.013944
1413394950.955760 2.339887 0.013943
1413394951.155760 2.340014 0.013943
1413394951.255760 2.340279 0.013943
1413394951.455760 2.340512 0.013943
1413394951.555760 2.339947 0.013944
1413394951.755760 2.339250 0.013943
1413394951.855760 2.339290 0.013944
1413394952.055760 2.339409 0.013944
1413394952.155760 2.339925 0.013943
1413394952.355760 2.339950 0.013944
1413394952.555760 2.339199 0.013944
1413394952.755760 2.339051 0.013943
1413394952.855760 2.339154 0.013943
1413394953.055760 2.340068 0.013942
1413394953.355760 2.340101 0.013942
1413394953.555760 2.339772 0.013941
1413394953.655760 2.340239 0.013942
1413394953.855760 2.339829 0.013942
1413394954.055760 2.340062 0.013942
1413394954.155760 2.340149 0.013942
1413394954.355760 2.340394 0.013942
1413394954.555760 2.340281 0.013942
1413394954.655760 2.340072 0.013942
1413394954.855760 2.339668 0.013941
1413394954.955760 2.339859 0.013940
1413394955.155760 2.340643 0.013942
1413394955.255760 2.340699 0.013943
1413394955.455760 2.340445 0.013942
1413394955.555760 2.340197 0.013940
1413394955.755760 2.339898 0.013942
1413394955.855760 2.339980 0.013941
1413394955.955760 2.339857 0.013941
1413394956.105761 2.339267 0.013941
1413394956.205760 2.339572 0.013941
1413394956.405761 2.339800 0.013941
1413394956.505760 2.339906 0.013941
1413394956.655760 2.339889 0.013941
1413394956.755760 2.339821 0.013941
1413394957.005760 2.339723 0.013940
1413394957.105761 2.339540 0.013940
1413394957.205760 2.339675 0.013940
1413394957.305761 2.339810 0.013940
1413394957.405761 2.339696 0.013941
1413394957.605761 2.339733 0.013940
1413394957.705760 2.339780 0.013941
1413394957.805761 2.339801 0.013940
1413394958.055760 2.339956 0.013940
1413394958.155760 2.339836 0.013940
1413394958.255760 2.339800 0.013940
1413394958.355760 2.339701 0.013940
1413394958.505760 2.340007 0.013940
1413394958.605761 2.340113 0.013938
1413394958.705760 2.340078 0.013939
1413394958.905761 2.339882 0.013940
1413394959.005760 2.339467 0.013940
1413394959.105761 2.339662 0.013939
1413394959.205760 2.339897 0.013940
1413394959.305761 2.339902 0.013939
1413394959.455760 2.339599 0.013939
1413394959.555760 2.339599 0.013939
1413394959.655760 2.339603 0.013939
1413394959.755760 2.339088 0.013938
1413394959.905761 2.339055 0.013938
1413394960.005760 2.339280 0.013938
1413394960.055760 2.339444 0.013937
1413394960.155760 2.339696 0.013938
1413394960.255760 2.339866 0.013938
1413394960.405761 2.339604 0.013936
1413394960.505760 2.339301 0.013936
1413394960.605761 2.339060 0.013936
1413394960.705760 2.338804 0.013936
1413394960.855760 2.338582 0.013936
1413394960.955760 2.338917 0.013936
1413394961.055760 2.339132 0.013936
1413394961.255760 2.339004 0.013936
1413394961.355760 2.338812 0.013935
1413394961.455760 2.338518 0.013935
1413394961.605761 2.338405 0.013934
1413394961.705760 2.338618 0.013934
1413394961.805761 2.338725 0.013934
1413394961.905761 2.339406 0.013934
1413394962.055760 2.339474 0.013933
1413394962.155760 2.339383 0.013932
1413394962.305761 2.339434 0.013933
1413394962.455760 2.339752 0.013932
1413394962.555760 2.339691 0.013933
1413394962.655760 2.339535 0.013932
1413394962.755760 2.339759 0.013931
1413394962.855760 2.339520 0.013932
1413394962.955760 2.339561 0.013932
1413394963.105761 2.339629 0.013930
1413394963.205760 2.339716 0.013931
1413394963.355760 2.339705 0.013931
1413394963.455760 2.339487 0.013930
1413394963.555760 2.339466 0.013930
1413394963.655760 2.339347 0.013931
1413394963.755760 2.339467 0.013928
1413394963.855760 2.339056 0.013930
1413394963.955760 2.339086 0.013930
1413394964.055760 2.339541 0.013932
1413394964.105761 2.339929 0.013926
1413394964.205760 2.340047 0.013929
1413394964.305761 2.339956 0.013929
1413394964.405761 2.339913 0.013927
1413394964.505760 2.340114 0.013932
1413394964.605761 2.340093 0.013932
1413394964.705760 2.340271 0.013928
1413394964.805761 2.340026 0.013930
1413394964.905761 2.340044 0.013931
1413394965.105761 2.340370 0.013933
1413394965.155760 2.340342 0.013925
1413394965.255760 2.340459 0.013927
1413394965.355760 2.340572 0.013929
1413394965.505760 2.340433 0.013930
1413394965.655760 2.340305 0.013929
1413394965.755760 2.340385 0.013928
1413394965.905761 2.340203 0.013927
1413394966.055760 2.340389 0.013929
1413394966.205760 2.340353 0.013928
1413394966.305761 2.340260 0.013927
1413394966.355760 2.340270 0.013928
1413394966.455760 2.340403 0.013929
1413394966.555760 2.340731 0.013928
1413394966.655760 2.341535 0.013928
1413394966.755760 2.340945 0.013928
1413394966.805761 2.340615 0.013927
1413394967.005760 2.340357 0.013926
1413394967.105761 2.340255 0.013927
1413394967.255760 2.340291 0.013926
1413394967.355760 2.340508 0.013926
1413394967.455760 2.340394 0.013926
1413394967.605761 2.340279 0.013927
1413394967.705760 2.340212 0.013926
1413394967.855760 2.339735 0.013925
1413394967.955760 2.339875 0.013925
1413394968.055760 2.339724 0.013925
1413394968.155760 2.340042 0.013925
1413394968.305761 2.339822 0.013926
1413394968.505760 2.339668 0.013924
1413394968.755760 2.339398 0.013924
1413394968.905761 2.339672 0.013924
1413394969.055760 2.339495 0.013924
1413394969.255760 2.339194 0.013922
1413394969.455760 2.338817 0.013922
1413394969.655760 2.339434 0.013923
1413394969.855760 2.339258 0.013922
1413394969.955760 2.339277 0.013920
1413394970.155760 2.339492 0.013921
1413394970.355760 2.339234 0.013921
1413394970.455760 2.338846 0.013920
1413394970.655760 2.338828 0.013920
1413394970.855760 2.339505 0.013922
1413394971.055760 2.339450 0.013919
1413394971.255760 2.339528 0.013920
1413394971.455760 2.338963 0.013918
1413394971.655760 2.338741 0.013918
1413394971.755760 2.338848 0.013919
1413394971.955760 2.338690 0.013919
1413394972.055760 2.338699 0.013919
1413394972.255760 2.338229 0.013918
1413394972.355760 2.337805 0.013920
1413394972.555760 2.337422 0.013918
1413394972.655760 2.337000 0.013917
1413394972.855760 2.337683 0.013919
1413394972.955760 2.338579 0.013918
1413394973.055760 2.338238 0.013918
1413394973.155760 2.337981 0.013918
1413394973.255760 2.338290 0.013919
1413394973.355760 2.338035 0.013919
1413394973.405761 2.338211 0.013918
1413394973.505760 2.338213 0.013918
1413394973.605761 2.338143 0.013918
1413394973.705760 2.338049 0.013918
1413394973.805761 2.338166 0.013918
1413394973.905761 2.338427 0.013918
1413394974.005760 2.338367 0.013918
1413394974.105761 2.338368 0.013918
1413394974.205760 2.338450 0.013918
1413394974.305761 2.338463 0.013918
1413394974.405761 2.338480 0.013918
1413394974.505760 2.338348 0.013919
1413394974.605761 2.338370 0.013918
1413394974.705760 2.338378 0.013918
1413394974.855760 2.338369 0.013918
1413394975.005760 2.338313 0.013917
1413394975.105761 2.338345 0.013918
1413394975.255760 2.338370 0.013918
1413394975.355760 2.338504 0.013917
1413394975.555760 2.338469 0.013917
1413394975.755760 2.338399 0.013917
1413394976.055760 2.338409 0.013917
1413394976.355760 2.338222 0.013917
1413394976.605761 2.338264 0.013916
1413394976.705760 2.338296 0.013915
1413394976.855760 2.338306 0.013916
1413394976.955760 2.338182 0.013915
1413394977.105761 2.338087 0.013915
1413394977.205760 2.338089 0.013915
1413394977.405761 2.337963 0.013915
1413394977.605761 2.337611 0.013914
1413394977.705760 2.337527 0.013914
1413394977.905761 2.337764 0.013915
1413394978.005760 2.337818 0.013914
1413394978.155760 2.337910 0.013914
1413394978.255760 2.337859 0.013914
1413394978.355760 2.337875 0.013914
1413394978.455760 2.338001 0.013913
1413394978.555760 2.338054 0.013914
1413394978.655760 2.338050 0.013915
1413394978.755760 2.338005 0.013914
1413394978.855760 2.337972 0.013914
1413394978.955760 2.338016 0.013913
1413394979.055760 2.337997 0.013914
1413394979.155760 2.337925 0.013914
1413394979.255760 2.337933 0.013913
1413394979.355760 2.337950 0.013912
1413394979.455760 2.337932 0.013913
1413394979.605761 2.337925 0.013913
1413394979.805761 2.337970 0.013912
1413394979.905761 2.338046 0.013911
1413394980.005760 2.338117 0.013912
1413394980.255760 2.338064 0.013911
1413394980.505760 2.338369 0.013911
1413394980.655760 2.338050 0.013909
1413394980.855760 2.338047 0.013910
1413394981.105761 2.338044 0.013911
1413394981.355760 2.338014 0.013912
1413394981.605761 2.337971 0.013909
1413394981.855760 2.337948 0.013909
1413394982.105761 2.338242 0.013910
1413394982.305761 2.338184 0.013911
1413394982.455760 2.338534 0.013909
1413394982.555760 2.338070 0.013910
1413394982.655760 2.338079 0.013910
1413394982.755760 2.338085 0.013910
1413394982.855760 2.338071 0.013910
1413394983.005760 2.337882 0.013909
1413394983.105761 2.337725 0.013910
1413394983.305761 2.337914 0.013909
1413394983.405761 2.338223 0.013909
1413394983.605761 2.338624 0.013909
1413394983.705760 2.338046 0.013908
1413394983.905761 2.337931 0.013910
1413394984.105761 2.337650 0.013909
1413394984.305761 2.337597 0.013908
1413394984.505760 2.337708 0.013909
1413394984.705760 2.337321 0.013910
1413394984.905761 2.337319 0.013910
1413394985.105761 2.338255 0.013910
1413394985.305761 2.338890 0.013909
1413394985.405761 2.339660 0.013908
1413394985.605761 2.339348 0.013911
1413394985.705760 2.340285 0.013908
1413394985.905761 2.340090 0.013909
1413394986.005760 2.340023 0.013909
1413394986.205760 2.339346 0.013910
1413394986.305761 2.339102 0.013909
1413394986.505760 2.339229 0.013909
1413394986.605761 2.339484 0.013909
1413394986.805761 2.339054 0.013909
1413394986.905761 2.339002 0.013909
1413394987.105761 2.338888 0.013909
1413394987.305761 2.338409 0.013909
1413394987.505760 2.338428 0.013909
1413394987.705760 2.338567 0.013910
1413394987.905761 2.338702 0.013913
1413394988.105761 2.339020 0.013911
1413394988.205760 2.339036 0.013910
1413394988.405761 2.339269 0.013904
1413394988.505760 2.339254 0.013905
1413394988.705760 2.339508 0.013909
1413394988.805761 2.339107 0.013904
1413394989.005760 2.339494 0.013905
1413394989.205760 2.339996 0.013908
1413394989.405761 2.339397 0.013907
1413394989.605761 2.338936 0.013909
1413394989.805761 2.339523 0.013909
1413394989.905761 2.339342 0.013904
1413394990.105761 2.338638 0.013908
1413394990.205760 2.338682 0.013907
1413394990.355760 2.338775 0.013907
1413394990.455760 2.338775 0.013911
1413394990.555760 2.338391 0.013910
1413394990.705760 2.337371 0.013908
1413394990.855760 2.337065 0.013909
1413394991.055760 2.336961 0.013909
1413394991.255760 2.337808 0.013908
1413394991.405761 2.338030 0.013909
1413394991.555760 2.338252 0.013909
1413394991.705760 2.338861 0.013911
1413394991.855760 2.339031 0.013911
1413394992.055760 2.338817 0.013911
1413394992.255760 2.338728 0.013910
1413394992.455760 2.338356 0.013909
1413394992.605761 2.338401 0.013910
1413394993.005760 2.338229 0.013908
1413394993.405761 2.338172 0.013909
1413394993.655760 2.338116 0.013910
1413394993.855760 2.338128 0.013910
1413394994.005760 2.338225 0.013910
1413394994.155760 2.338368 0.013911
