DelayedMarginalization 0.00104898 5.14869e-08 0.00180391 775
DelayedMarginalizationOnly 0.000475639 3.47836e-08 0.000915404 775
EF-marginalizeFrame 0.00162137 8.28695e-08 0.00261364 775
FullSystem::trackNewCoarse 0.00414698 8.39388e-07 0.0107165 1713
FullSystem::trackNewCoarseNoIMU 0.00464819 0.000150616 0.0830968 43
FullSystemOptimize 0.0459718 8.57501e-05 0.0758401 781
GraphUnrolling 0.0130362 0.000254756 0.0363157 4
IMUInitAddPose 2.90339e-05 4.27265e-11 0.000111384 781
IMUInitOptimize 0.0026285 2.10108e-07 0.00316379 7
IMUIntegration::finishKeyframeOperations 6.1396e-05 1.87698e-10 0.000136044 769
InitializerFirstFrame 0.0502103 -nan 0.0502103 1
InitializerOtherFrames 0.14736 0.000304462 0.162424 8
MainMarginalization 0.00132211 6.35749e-08 0.00223817 775
MarginalizationReplacementBuildGraph 0.00153657 1.17003e-06 0.00230144 2
MarginalizationReplacementReplaceGraph 0.0236022 0.000335469 0.0365535 2
MarginalizeMainGraph 0.000572655 9.80651e-09 0.000974424 775
PGBA 0.0139587 0.000199395 0.0239436 2
PGBAFull 0.00856397 0.000145008 0.0260977 4
PrepareGraphForMainOptimization 0.0131272 0.000257111 0.036514 4
VisualMarginalization 4.56418e-05 9.82077e-11 8.3794e-05 775
activatePointsMT 0.00428772 1.41214e-06 0.0127407 781
addActiveFrame 0.0554528 0.00221047 0.191767 1765
addIMUData 0.000784658 5.11225e-08 0.00159846 1713
addIMUDataToBA 4.07289e-05 3.29722e-10 0.000170558 1764
addKeyframeToBA 4.25394e-05 5.13416e-11 6.9027e-05 781
afterCoarseTracking 8.09342e-05 1.07655e-07 0.00342611 1756
baIteration 0.00762964 1.5779e-06 0.014198 4102
baMatrixInversion 0.000253954 3.86278e-09 0.000730767 4102
baUpdateBuildHessians 0.000591016 9.88682e-09 0.00127003 4102
coarseTrackingIteration 0.000288461 6.49505e-09 0.000863958 15521
computeBAUpdate 0.000946725 2.94254e-08 0.00219861 4102
computeCoarseUpdate 0.000111776 6.41456e-10 0.000462286 14636
computeFactorForCoarseGraphAndMarginalCovariances 0.00369687 6.77021e-07 0.00763636 769
convertHAndBFromDSO 0.000174043 5.61145e-09 0.000764268 7202
debugPlot 0.013905 0.000216293 0.0764515 781
debugPlotIDepthMap 0.00405389 8.62832e-07 0.00785681 781
debugPlotIDepthMapFloat 1.80832e-07 1.94476e-15 4.31e-07 781
deliverTrackedFrame 0.0471572 0.00215201 0.162271 1757
flagFramesForMarginalization 2.05865e-06 3.42834e-13 4.476e-06 781
fullCoarseTracking 0.0051476 4.61491e-06 0.083162 1756
initObjectsAndMakeImage 0.002687 1.04871e-07 0.00465707 1765
makeKeyframe 0.0960431 0.000328362 0.161181 781
makeKeyframeChangeTrackingRef 0.00742153 2.38663e-06 0.0142635 781
makeNewTraces 0.00689905 1.30767e-06 0.0121148 781
makeNonKeyframe 0.00597833 4.28307e-06 0.0128468 976
marginalizeAndRemovePoints 0.00415465 1.60403e-06 0.00962839 781
marginalizeFrame 0.00317531 4.5517e-07 0.00676358 775
marginalizeFrameOverhead 0.00155127 2.83114e-07 0.00500083 775
marginalizeFrames 0.00316002 7.0128e-07 0.00677613 781
newFrameAndNewResidualsForOldPoints 0.00112968 6.48034e-08 0.00245672 781
printBiases 3.42489e-05 2.19826e-10 0.000332673 781
printEigenValLine 1.2691e-07 1.49209e-15 5.26e-07 781
printLogLine 2.15845e-05 2.16455e-11 9.1855e-05 781
publishInMakeKeyframe 0.000408427 1.70351e-08 0.00149313 781
removeOutliers 0.000265153 6.65049e-09 0.000753031 781
swapTrackingRef 3.84293e-05 7.52942e-11 0.000125884 780
timeMeasurement 1.13785e-06 9.01792e-13 1.7621e-05 1765
traceNewCoarse 0.00510227 4.4517e-06 0.0128342 1757
updateBAValues 8.01509e-06 8.18061e-12 8.0941e-05 6807
zero 1.29663e-07 1.50504e-13 1.6316e-05 1765
