1520530315.449640 0.049582 0.027460 0.000005 0.051623 0.048768 0.000000
1520530315.549643 0.014822 0.092726 0.000005 0.049169 0.043517 0.000000
1520530315.699637 -0.094643  0.196077  0.000438 0.042532 0.040938 0.000000
1520530315.849642  0.023235  0.023776 -0.000185 0.049360 0.047134 0.000000
1520530315.999647  0.034838  0.014847 -0.000007 0.048215 0.038267 0.000000
1520530316.150223 0.024095 0.031430 0.000007 0.049633 0.035414 0.000000
1520530316.300227 0.022725 0.031837 0.000002 0.045580 0.030965 0.000000
1520530316.450231 0.015644 0.037391 0.000016 0.041845 0.027691 0.000000
1520530316.650280 0.016213 0.035056 0.000003 0.038054 0.024912 0.000000
1520530316.850286  0.016492  0.034843 -0.000002 0.034496 0.023066 0.000000
1520530316.999775 0.007884 0.033234 0.000004 0.031821 0.022078 0.000000
1520530317.149779 -0.002306  0.022651  0.000004 0.109782 0.158683 0.000000
1520530317.349743  0.005595  0.043764 -0.000004 0.023834 0.021040 0.000000
1520530317.549752  0.012149  0.045124 -0.000006 0.022471 0.020901 0.000000
1520530317.699755 0.005114 0.042121 0.000002 0.022808 0.020736 0.000000
1520530317.800239 0.005023 0.044391 0.000003 0.022453 0.020742 0.000000
1520530317.950243 -0.001186  0.044371 -0.000000 0.023021 0.020723 0.000000
1520530318.100248  0.004034  0.042238 -0.000005 0.022461 0.020710 0.000000
1520530318.200769  0.005044  0.040827 -0.000001 0.022154 0.020548 0.000000
1520530318.350774  0.010724  0.035411 -0.000000 0.021830 0.020102 0.000000
1520530318.500778  0.014868  0.030794 -0.000005 0.021563 0.019212 0.000000
1520530318.650568  0.019053  0.025111 -0.000004 0.021066 0.018005 0.000000
1520530318.850574  0.023543  0.018750 -0.000006 0.020517 0.016045 0.000000
1520530318.999955  0.023309  0.015934 -0.000004 0.019935 0.014543 0.000000
1520530319.049958  0.024065  0.010926 -0.000002 0.019644 0.014120 0.000000
1520530319.199962  0.023377  0.003258 -0.000002 0.018755 0.012780 0.000000
1520530319.349967  0.021683 -0.001152 -0.000001 0.017796 0.011801 0.000000
1520530319.449833  0.022513 -0.000578  0.000001 0.017259 0.011424 0.000000
1520530319.599838  0.023886 -0.002404  0.000001 0.016508 0.010849 0.000000
1520530319.749942  0.026379 -0.002945 -0.000000 0.016133 0.010444 0.000000
1520530319.850343  0.027808 -0.004116 -0.000002 0.016033 0.010351 0.000000
1520530319.950346  0.027697 -0.004514 -0.000000 0.016032 0.010237 0.000000
1520530320.050349  0.026799 -0.003490  0.000002 0.015948 0.010130 0.000000
1520530320.150352  0.027947 -0.006848 -0.000001 0.015811 0.010020 0.000000
1520530320.250402  0.027479 -0.007388 -0.000000 0.015647 0.009915 0.000000
1520530320.400407  0.027598 -0.005234 -0.000000 0.015391 0.009703 0.000000
1520530320.550412  0.028932 -0.006173  0.000000 0.014876 0.009454 0.000000
1520530320.649871  0.027881 -0.005732 -0.000000 0.014362 0.009231 0.000000
1520530320.799876  0.024200 -0.007793 -0.000002 0.013312 0.008724 0.000000
1520530320.949880  0.021833 -0.008295 -0.000001 0.012301 0.008196 0.000000
1520530321.099742  0.023780 -0.007725  0.000000 0.011565 0.007690 0.000000
1520530321.199745  0.022536 -0.008414 -0.000001 0.011198 0.007375 0.000000
1520530321.349750  0.023385 -0.007377  0.000001 0.010604 0.006944 0.000000
1520530321.499857  0.028127 -0.005764  0.000003 0.009920 0.006552 0.000000
1520530321.599860  0.027887 -0.004529  0.000002 0.009579 0.006335 0.000000
1520530321.699863  0.025766 -0.004792  0.000001 0.009266 0.006158 0.000000
1520530321.850152  0.025045 -0.003416  0.000001 0.008883 0.005910 0.000000
1520530322.000157  0.024863 -0.003833  0.000001 0.008547 0.005691 0.000000
1520530322.150162  0.024154 -0.002751 -0.000000 0.008232 0.005487 0.000000
1520530322.300208  0.026379 -0.002414  0.000000 0.008012 0.005313 0.000000
1520530322.550216  0.025270 -0.002704 -0.000001 0.007720 0.005082 0.000000
1520530322.650023  0.024801 -0.002797  0.000000 0.007607 0.004993 0.000000
1520530322.750027  0.023007 -0.002611  0.000000 0.007524 0.004933 0.000000
1520530322.900065  0.023071 -0.001029  0.000001 0.007410 0.004872 0.000000
1520530323.050036  0.023618 -0.000854  0.000000 0.007331 0.004828 0.000000
1520530323.200077  0.023524 -0.000586 -0.000000 0.007246 0.004793 0.000000
1520530323.350082  0.024109 -0.001192 -0.000000 0.007161 0.004770 0.000000
1520530323.450085  0.024442 -0.004644 -0.000002 0.007066 0.004738 0.000000
1520530323.550346  0.024571 -0.004958 -0.000004 0.006961 0.004715 0.000000
1520530323.700351  0.025476 -0.005474 -0.000001 0.006880 0.004691 0.000000
1520530323.850356  0.025784 -0.004888  0.000000 0.006825 0.004679 0.000000
1520530323.950154  0.025933 -0.004833 -0.000000 0.006817 0.004685 0.000000
1520530324.100159  0.025450 -0.004890 -0.000000 0.006801 0.004686 0.000000
1520530324.250163  0.024395 -0.003438 -0.000000 0.006766 0.004666 0.000000
1520530324.349910  0.023728 -0.003410 -0.000000 0.006746 0.004660 0.000000
1520530324.449913  0.023220 -0.003112 -0.000000 0.006718 0.004650 0.000000
1520530324.549915  0.023258 -0.003669  0.000000 0.006684 0.004634 0.000000
1520530324.649919  0.022610 -0.003353 -0.000000 0.006649 0.004617 0.000000
1520530324.750020  0.023208 -0.002976  0.000000 0.006617 0.004595 0.000000
1520530324.900024  0.022806 -0.002879 -0.000000 0.006585 0.004565 0.000000
1520530325.050029  0.022511 -0.002093 -0.000000 0.006528 0.004509 0.000000
1520530325.150817  0.021683 -0.002551  0.000000 0.006483 0.004478 0.000000
1520530325.350824  0.022515 -0.003110 -0.000000 0.006358 0.004417 0.000000
1520530325.600915  0.021540 -0.003151  0.000000 0.006208 0.004357 0.000000
1520530325.800921  0.023056 -0.002968  0.000000 0.006089 0.004308 0.000000
1520530325.950541  0.024896 -0.002719 -0.000000 0.006047 0.004278 0.000000
1520530326.050549  0.026042 -0.003556  0.000000 0.006009 0.004257 0.000000
1520530326.200549  0.027058 -0.004148  0.000000 0.005963 0.004224 0.000000
1520530326.350204  0.024743 -0.004312  0.000000 0.005933 0.004191 0.000000
1520530326.500209  0.025117 -0.004202 -0.000000 0.005895 0.004156 0.000000
1520530326.650213  0.024788 -0.005046 -0.000002 0.005847 0.004117 0.000000
1520530326.800428  0.025458 -0.004511  0.000000 0.005779 0.004067 0.000000
1520530327.000434  0.026947 -0.004939 -0.000000 0.005674 0.003984 0.000000
1520530327.150431  0.027661 -0.005879 -0.000001 0.005611 0.003906 0.000000
1520530327.300436  0.028196 -0.006714  0.000001 0.005589 0.003843 0.000000
1520530327.450441  0.028519 -0.006812  0.000000 0.005578 0.003788 0.000000
1520530327.550090  0.028482 -0.006343  0.000000 0.005567 0.003750 0.000000
1520530327.650103  0.028472 -0.006387  0.000000 0.005559 0.003722 0.000000
1520530327.750096  0.028281 -0.007073 -0.000001 0.005554 0.003696 0.000000
1520530327.800097  0.027876 -0.007377  0.000001 0.005555 0.003685 0.000000
1520530327.900100  0.027651 -0.006641  0.000001 0.005550 0.003720 0.000000
1520530328.000280  0.027781 -0.006151  0.000000 0.005518 0.003706 0.000000
1520530328.100283  0.027570 -0.005990  0.000000 0.005458 0.003676 0.000000
1520530328.150285  0.027276 -0.006137  0.000000 0.005414 0.003647 0.000000
1520530328.300290  0.027640 -0.005503  0.000000 0.005250 0.003519 0.000000
1520530328.400337  0.027796 -0.005595  0.000000 0.005113 0.003405 0.000000
1520530328.450338  0.027953 -0.005460 -0.000000 0.005043 0.003338 0.000000
1520530328.550342  0.027587 -0.005478 -0.000000 0.004912 0.003213 0.000000
1520530328.650346  0.026997 -0.005581 -0.000000 0.004798 0.003101 0.000000
1520530328.700347  0.026995 -0.005333 -0.000000 0.004745 0.003046 0.000000
1520530328.800086  0.026460 -0.005119 -0.000001 0.004659 0.002970 0.000000
1520530328.900089  0.026070 -0.005006  0.000000 0.004583 0.002923 0.000000
1520530329.050093  0.025207 -0.005138 -0.000000 0.004472 0.002887 0.000000
1520530329.150097  0.025215 -0.005382 -0.000000 0.004406 0.002868 0.000000
1520530329.250095  0.025060 -0.005080 -0.000000 0.004347 0.002856 0.000000
1520530329.350049  0.024650 -0.005049  0.000000 0.004286 0.002843 0.000000
1520530329.550055  0.025060 -0.005196 -0.000000 0.004137 0.002800 0.000000
1520530329.650099  0.024688 -0.005355 -0.000000 0.004070 0.002767 0.000000
1520530329.750102  0.024407 -0.005607  0.000000 0.004006 0.002718 0.000000
1520530329.850105  0.024085 -0.005873 -0.000000 0.003968 0.002681 0.000000
1520530329.950109  0.024004 -0.005730  0.000000 0.003946 0.002635 0.000000
1520530330.050161  0.024110 -0.005758  0.000000 0.003934 0.002582 0.000000
1520530330.150164  0.023721 -0.006136 -0.000000 0.003928 0.002537 0.000000
1520530330.250167  0.023846 -0.006674 -0.000000 0.003911 0.002488 0.000000
1520530330.300169  0.023777 -0.007073 -0.000000 0.003899 0.002465 0.000000
1520530330.400172  0.024157 -0.007158  0.000000 0.003864 0.002418 0.000000
1520530330.500788  0.024457 -0.007164 -0.000000 0.003823 0.002371 0.000000
1520530330.600792  0.024586 -0.007340 -0.000001 0.003780 0.002323 0.000000
1520530330.650793  0.024513 -0.007219  0.000001 0.003761 0.002301 0.000000
1520530330.750797  0.024743 -0.006827 -0.000001 0.003740 0.002270 0.000000
1520530330.850367  0.024219 -0.006592 -0.000000 0.003730 0.002245 0.000000
1520530330.900277  0.024226 -0.006424  0.000000 0.003724 0.002232 0.000000
1520530331.000280  0.024241 -0.006398 -0.000000 0.003710 0.002205 0.000000
1520530331.100283  0.023879 -0.005866 -0.000000 0.003700 0.002180 0.000000
1520530331.200286  0.023428 -0.005092 -0.000000 0.003691 0.002154 0.000000
1520530331.300736  0.028632 -0.006192  0.000000 0.005578 0.002915 0.000000
1520530331.400740  0.028912 -0.006341 -0.000001 0.005571 0.002875 0.000000
1520530331.450741  0.028793 -0.006316 -0.000000 0.005567 0.002855 0.000000
1520530331.550744  0.029233 -0.005594  0.000000 0.005553 0.002822 0.000000
1520530331.600746  0.029330 -0.005618 -0.000000 0.005548 0.002805 0.000000
1520530331.700481  0.028608 -0.005494  0.000000 0.005524 0.002771 0.000000
1520530331.750483  0.028724 -0.005509  0.000000 0.005500 0.002754 0.000000
1520530331.850486  0.028727 -0.005154 -0.000000 0.005440 0.002718 0.000000
1520530331.900488  0.028411 -0.004852  0.000000 0.005401 0.002699 0.000000
1520530332.000491  0.028131 -0.004843  0.000000 0.005323 0.002660 0.000000
1520530332.100388  0.028361 -0.004775  0.000000 0.005233 0.002614 0.000000
1520530332.200392  0.028893 -0.005053 -0.000000 0.005135 0.002560 0.000000
1520530332.300399  0.029511 -0.005295  0.000000 0.005031 0.002496 0.000000
1520530332.400401  0.030034 -0.005733 -0.000001 0.004937 0.002429 0.000000
1520530332.500483  0.031023 -0.005613  0.000001 0.004835 0.002356 0.000000
1520530332.600486  0.031540 -0.005250 -0.000000 0.004748 0.002286 0.000000
1520530332.650488  0.031533 -0.005020  0.000000 0.004706 0.002249 0.000000
1520530332.750491  0.031107 -0.005020 -0.000000 0.004628 0.002180 0.000000
1520530332.850494  0.030831 -0.004747 -0.000000 0.004562 0.002117 0.000000
1520530332.950166  0.030676 -0.004615  0.000000 0.004512 0.002062 0.000000
1520530333.050169  0.030906 -0.004362  0.000000 0.004476 0.002015 0.000000
1520530333.150173  0.031146 -0.003715  0.000000 0.004449 0.001977 0.000000
1520530333.250175  0.030897 -0.003519  0.000000 0.004429 0.001946 0.000000
1520530333.300608  0.030775 -0.003682 -0.000000 0.004417 0.001932 0.000000
1520530333.400612  0.030340 -0.003775 -0.000000 0.004398 0.001904 0.000000
1520530333.500615  0.029902 -0.003841  0.000000 0.004372 0.001873 0.000000
1520530333.650619  0.030097 -0.003864 -0.000001 0.004303 0.001819 0.000000
1520530333.750542  0.030520 -0.003862 -0.000000 0.004232 0.001780 0.000000
1520530333.800544  0.030577 -0.004023 -0.000000 0.004189 0.001758 0.000000
1520530333.900547  0.030508 -0.004267 -0.000000 0.004106 0.001716 0.000000
1520530333.950549  0.030546 -0.004384 -0.000000 0.004064 0.001695 0.000000
1520530334.050551  0.029847 -0.004347 -0.000000 0.003983 0.001662 0.000000
1520530334.150218  0.029191 -0.004238  0.000000 0.003892 0.001638 0.000000
1520530334.300222  0.028983 -0.003945  0.000000 0.003781 0.001616 0.000000
1520530334.350224  0.028854 -0.003885 -0.000000 0.003752 0.001612 0.000000
1520530334.450227  0.029202 -0.003757  0.000000 0.003711 0.001605 0.000000
1520530334.550086  0.029188 -0.003686 -0.000000 0.003681 0.001601 0.000000
1520530334.650089  0.028947 -0.003620 -0.000000 0.003665 0.001598 0.000000
1520530334.750092  0.029021 -0.003532 -0.000000 0.003653 0.001596 0.000000
1520530334.850095  0.028643 -0.003651 -0.000000 0.003645 0.001595 0.000000
1520530334.900097  0.028803 -0.003752 -0.000000 0.003638 0.001594 0.000000
1520530335.000929  0.029207 -0.003862 -0.000000 0.003616 0.001593 0.000000
1520530335.100933  0.029495 -0.003960 -0.000000 0.003600 0.001592 0.000000
1520530335.200936  0.029286 -0.004108 -0.000000 0.003576 0.001591 0.000000
1520530335.300938  0.029190 -0.004399 -0.000000 0.003549 0.001590 0.000000
1520530335.401458  0.029352 -0.004611  0.000000 0.003524 0.001590 0.000000
1520530335.501461  0.029587 -0.004611 -0.000000 0.003505 0.001589 0.000000
1520530335.601512  0.030058 -0.004826 -0.000000 0.003494 0.001587 0.000000
1520530335.750223  0.030331 -0.004746 -0.000000 0.003484 0.001585 0.000000
1520530335.800224  0.029974 -0.004726  0.000000 0.003484 0.001584 0.000000
1520530335.900227  0.030204 -0.004709  0.000000 0.003477 0.001582 0.000000
1520530336.000230  0.030178 -0.004836 -0.000001 0.003471 0.001579 0.000000
1520530336.100233  0.030339 -0.004932 -0.000000 0.003468 0.001577 0.000000
1520530336.200179  0.030824 -0.005067 -0.000000 0.003466 0.001574 0.000000
1520530336.300182  0.030854 -0.005245 -0.000000 0.003462 0.001571 0.000000
1520530336.400185  0.030676 -0.005383  0.000000 0.003451 0.001568 0.000000
1520530336.500188  0.030382 -0.005375 -0.000000 0.003436 0.001564 0.000000
1520530336.550582  0.030133 -0.005245  0.000000 0.003428 0.001563 0.000000
1520530336.650586  0.029807 -0.005248 -0.000000 0.003412 0.001558 0.000000
1520530336.750588  0.029407 -0.005352 -0.000000 0.003399 0.001552 0.000000
1520530336.850591  0.029280 -0.005331 -0.000000 0.003387 0.001545 0.000000
1520530336.950594  0.029222 -0.005162  0.000000 0.003377 0.001536 0.000000
1520530337.050259  0.029190 -0.005181 -0.000000 0.003373 0.001529 0.000000
1520530337.150262  0.029121 -0.005300 -0.000000 0.003367 0.001521 0.000000
1520530337.250265  0.029128 -0.005393 -0.000000 0.003365 0.001514 0.000000
1520530337.350269  0.029057 -0.005471 -0.000000 0.003363 0.001506 0.000000
1520530337.450303  0.029173 -0.005349 -0.000000 0.003364 0.001499 0.000000
1520530337.550306  0.029183 -0.005582 -0.000000 0.003362 0.001492 0.000000
1520530337.650309  0.028976 -0.005968 -0.000000 0.003355 0.001486 0.000000
1520530337.750312  0.028847 -0.006164 -0.000000 0.003338 0.001478 0.000000
1520530337.850855  0.028728 -0.006265  0.000000 0.003315 0.001470 0.000000
1520530337.950858  0.028649 -0.006502 -0.000000 0.003287 0.001460 0.000000
1520530338.050862  0.028932 -0.006612  0.000000 0.003257 0.001449 0.000000
1520530338.150864  0.029167 -0.006661 -0.000000 0.003231 0.001437 0.000000
1520530338.250473  0.029437 -0.006399  0.000000 0.003206 0.001423 0.000000
1520530338.350476  0.029458 -0.006241  0.000000 0.003184 0.001409 0.000000
1520530338.450479  0.029568 -0.006315 -0.000000 0.003164 0.001394 0.000000
1520530338.550482  0.029993 -0.006208  0.000000 0.003148 0.001381 0.000000
1520530338.650261  0.029856 -0.006272 -0.000000 0.003131 0.001370 0.000000
1520530338.750266  0.029736 -0.006233 -0.000000 0.003112 0.001360 0.000000
1520530338.850267  0.029959 -0.006197  0.000000 0.003093 0.001352 0.000000
1520530338.950270  0.030001 -0.006074  0.000000 0.003076 0.001346 0.000000
1520530339.050959  0.030263 -0.006073  0.000000 0.003057 0.001341 0.000000
1520530339.100960  0.030264 -0.005968  0.000000 0.003049 0.001340 0.000000
1520530339.200963  0.030246 -0.005905 -0.000000 0.003035 0.001338 0.000000
1520530339.300966  0.030339 -0.005853  0.000000 0.003023 0.001338 0.000000
1520530339.400970  0.030557 -0.005864  0.000000 0.003015 0.001338 0.000000
1520530339.501689  0.030787 -0.005982  0.000000 0.003007 0.001337 0.000000
1520530339.601692  0.030795 -0.006129 -0.000000 0.002996 0.001335 0.000000
1520530339.701695  0.030730 -0.006178  0.000000 0.002983 0.001331 0.000000
1520530339.751697  0.030625 -0.006178  0.000000 0.002973 0.001328 0.000000
1520530339.851056  0.030479 -0.006125  0.000000 0.002950 0.001320 0.000000
1520530339.901057  0.030443 -0.005984 -0.000000 0.002938 0.001315 0.000000
1520530340.001061  0.030258 -0.005923  0.000000 0.002913 0.001304