1520530315.449640 -0.099364 -0.038558 -0.573865 0.227855 0.168236 0.128699
1520530315.549643 -0.262274  0.122508 -0.720933 0.218936 0.168798 0.106393
1520530315.699637 -0.595980  0.455498 -0.765698 0.226706 0.175578 0.111685
1520530315.849642 -0.752306  0.182045 -0.503431 0.217476 0.195595 0.169137
1520530315.999647 -0.778500 -0.004847 -0.009158 0.239570 0.198805 0.118722
1520530316.150223 -0.745220 -0.155792  0.469494 0.292489 0.213577 0.113763
1520530316.300227 -0.700007 -0.227197  0.699077 0.300147 0.218102 0.114955
1520530316.450231 -0.644666 -0.209156  0.662621 0.287302 0.200162 0.121264
1520530316.650280 -0.615842 -0.196749  0.419100 0.259985 0.163929 0.126624
1520530316.850286 -0.605770 -0.291175 -0.015678 0.234997 0.134580 0.117997
1520530316.999775 -0.575794 -0.269148 -0.313774 0.217343 0.122335 0.113209
1520530317.149779 -0.523925 -0.196107 -0.522824 0.559903 2.959174 0.124450
1520530317.349743 -0.542229 -0.101238 -0.668944 0.170265 0.109905 0.101103
1520530317.549752 -0.666601  0.017288 -0.603275 0.153559 0.104537 0.103198
1520530317.699755 -0.756280  0.077523 -0.483573 0.148266 0.103095 0.110483
1520530317.800239 -0.783086  0.084476 -0.353000 0.145828 0.101813 0.113128
1520530317.950243 -0.817951 -0.010979 -0.090522 0.143593 0.101666 0.118367
1520530318.100248 -0.676810 -0.148269  0.243484 0.144836 0.111520 0.118178
1520530318.200769 -0.476288 -0.230829  0.443544 0.146597 0.122682 0.114650
1520530318.350774 -0.155847 -0.310800  0.620959 0.147083 0.142999 0.109581
1520530318.500778  0.149914 -0.293959  0.681076 0.147413 0.163295 0.106599
1520530318.650568  0.441343 -0.185963  0.595957 0.147766 0.172063 0.106726
1520530318.850574  0.738922 -0.057811  0.166229 0.148827 0.167102 0.102897
1520530318.999955  0.868510  0.009221 -0.308744 0.154868 0.160628 0.098269
1520530319.049958  0.888091  0.044511 -0.432697 0.158865 0.160248 0.097757
1520530319.199962  0.904793  0.134074 -0.659416 0.165919 0.153705 0.093765
1520530319.349967  0.895804  0.177532 -0.714498 0.167656 0.146104 0.092337
1520530319.449833  0.881007  0.196137 -0.694235 0.165657 0.141918 0.092313
1520530319.599838  0.852554  0.150378 -0.457691 0.157846 0.130247 0.092696
1520530319.749942  0.951567 -0.044853 -0.100971 0.146414 0.117231 0.092670
1520530319.850343  1.053693 -0.154184  0.250482 0.139930 0.112550 0.093379
1520530319.950346  1.072195 -0.218141  0.605553 0.136831 0.114093 0.093678
1520530320.050349  0.953637 -0.216562  0.830174 0.133838 0.117307 0.094472
1520530320.150352  0.789315 -0.189104  0.911645 0.131085 0.120281 0.096136
1520530320.250402  0.692700 -0.143838  0.917701 0.128701 0.124897 0.097122
1520530320.400407  0.650732 -0.028679  0.716133 0.124105 0.126848 0.098627
1520530320.550412 0.761898 0.033518 0.347587 0.121214 0.126825 0.096795
1520530320.649871 0.833214 0.018123 0.019180 0.122182 0.132258 0.094027
1520530320.799876  0.807549 -0.055475 -0.377330 0.124525 0.135526 0.091324
1520530320.949880  0.582052  0.046004 -0.569256 0.127479 0.138643 0.090478
1520530321.099742  0.329788  0.243311 -0.606698 0.128365 0.139416 0.090031
1520530321.199745  0.207072  0.405394 -0.589731 0.128013 0.138887 0.089729
1520530321.349750  0.092347  0.600934 -0.478698 0.128223 0.138638 0.089728
1520530321.499857  0.005260  0.730812 -0.392421 0.127605 0.138691 0.089882
1520530321.599860 -0.038690  0.766449 -0.253666 0.127516 0.138618 0.090026
1520530321.699863 -0.069551  0.725599  0.098547 0.129253 0.138505 0.090129
1520530321.850152 -0.096022  0.487426  0.492517 0.133058 0.139350 0.090053
1520530322.000157 -0.177828  0.381487  0.726755 0.136170 0.139187 0.091314
1520530322.150162 -0.291718  0.349350  0.542006 0.133595 0.135816 0.092585
1520530322.300208 -0.394005  0.235126  0.190510 0.129462 0.132287 0.091672
1520530322.550216 -0.505521  0.077201 -0.424514 0.125482 0.129189 0.090004
1520530322.650023 -0.560373  0.004792 -0.574318 0.124193 0.127038 0.089780
1520530322.750027 -0.642698 -0.068312 -0.623992 0.123446 0.124235 0.090133
1520530322.900065 -0.688247 -0.135644 -0.580916 0.122165 0.119215 0.090982
1520530323.050036 -0.668854 -0.175912 -0.525096 0.120830 0.114789 0.091611
1520530323.200077 -0.651349 -0.302471 -0.212548 0.118131 0.109741 0.092196
1520530323.350082 -0.601258 -0.601825  0.354718 0.115966 0.107981 0.092254
1520530323.450085 -0.576575 -0.734513  0.635481 0.114914 0.110007 0.091363
1520530323.550346 -0.551775 -0.786543  0.751471 0.112355 0.111221 0.090613
1520530323.700351 -0.564964 -0.671538  0.738375 0.108687 0.111790 0.090768
1520530323.850356 -0.597230 -0.619147  0.582080 0.105091 0.109696 0.091663
1520530323.950154 -0.629496 -0.643978  0.374561 0.103473 0.107999 0.092186
1520530324.100159 -0.645216 -0.693412  0.074102 0.102272 0.105277 0.092633
1520530324.250163 -0.606768 -0.716013 -0.268356 0.101514 0.102482 0.093139
1520530324.349910 -0.581160 -0.716408 -0.472449 0.101894 0.102226 0.093970
1520530324.449913 -0.570863 -0.693056 -0.583544 0.102147 0.102834 0.095116
1520530324.549915 -0.580078 -0.663732 -0.604640 0.101794 0.103330 0.096173
1520530324.649919 -0.582411 -0.640902 -0.605303 0.101291 0.104526 0.096767
1520530324.750020 -0.561476 -0.569251 -0.499854 0.100268 0.105376 0.096295
1520530324.900024 -0.540067 -0.362070 -0.317549 0.099309 0.107583 0.094957
1520530325.050029 -0.498279 -0.089253 -0.270416 0.099271 0.107828 0.093049
1520530325.150817 -0.484168  0.076756 -0.287195 0.099507 0.108267 0.092369
1520530325.350824 -0.425412  0.203871  0.302995 0.100337 0.112984 0.091623
1520530325.600915 -0.251951  0.412286  0.625747 0.102420 0.116051 0.090636
1520530325.800921 -0.111708  0.636762  0.225260 0.099545 0.109403 0.091300
1520530325.950541 -0.012688  0.658248 -0.215338 0.098693 0.107855 0.090521
1520530326.050549  0.046375  0.659538 -0.397027 0.098886 0.109213 0.089879
1520530326.200549  0.088412  0.673584 -0.458040 0.099203 0.111729 0.089428
1520530326.350204  0.085269  0.690871 -0.416260 0.099475 0.114189 0.089745
1520530326.500209  0.055837  0.663329 -0.359197 0.100034 0.116661 0.090153
1520530326.650213  0.093752  0.507505 -0.061606 0.100992 0.117972 0.090094
1520530326.800428 0.195756 0.134569 0.422781 0.104189 0.118839 0.089275
1520530327.000434  0.533254 -0.194308  0.759689 0.109731 0.120751 0.088962
1520530327.150431  0.900473 -0.171036  0.649776 0.110668 0.117258 0.089434
1520530327.300436  1.112299 -0.119454  0.269847 0.110264 0.114049 0.089371
1520530327.450441  1.141217 -0.020037 -0.301028 0.109228 0.111744 0.089147
1520530327.550090  1.179176  0.015731 -0.521422 0.107966 0.109624 0.089104
1520530327.650103  1.202173  0.088224 -0.570060 0.105542 0.107433 0.089045
1520530327.750096  1.166134  0.113239 -0.349134 0.101924 0.103665 0.088847
1520530327.800097  1.111101  0.055275 -0.152237 0.100502 0.101457 0.088678
1520530327.900100  0.967227 -0.133616  0.209993 0.101997 0.109328 0.088706
1520530328.000280  0.795889 -0.265525  0.442908 0.105332 0.117353 0.088721
1520530328.100283  0.587087 -0.379541  0.470233 0.110979 0.126190 0.089022
1520530328.150285  0.477916 -0.410905  0.438203 0.114735 0.131163 0.089247
1520530328.300290  0.206967 -0.531155  0.232432 0.128438 0.147673 0.091002
1520530328.400337  0.049686 -0.558820  0.085353 0.134932 0.154663 0.091803
1520530328.450338 -0.012927 -0.538603  0.020784 0.136246 0.154739 0.091944
1520530328.550342 -0.079334 -0.485270 -0.051380 0.135420 0.153252 0.092059
1520530328.650346 -0.079765 -0.392032 -0.097562 0.128930 0.145831 0.092190
1520530328.700347 -0.060092 -0.356460 -0.102954 0.124327 0.137626 0.092352
1520530328.800086  0.031283 -0.343438 -0.015999 0.115078 0.129025 0.093439
1520530328.900089  0.173973 -0.328964  0.104612 0.108107 0.122831 0.094497
1520530329.050093  0.298254 -0.218140  0.108196 0.101604 0.116870 0.094380
1520530329.150097  0.356734 -0.117586  0.050842 0.099439 0.112555 0.093675
1520530329.250095  0.389160 -0.026100  0.009154 0.099173 0.111435 0.093201
1520530329.350049  0.383993  0.050227 -0.033338 0.100006 0.111321 0.092900
1520530329.550055  0.177859 -0.016686  0.000694 0.105812 0.115960 0.094243
1520530329.650099  0.020744 -0.012681  0.008588 0.107712 0.117043 0.094530
1520530329.750102 -0.170656  0.031945 -0.026623 0.107318 0.114316 0.094258
1520530329.850105 -0.354106  0.054215 -0.168475 0.104995 0.111335 0.094635
1520530329.950109 -0.504859  0.097591 -0.284886 0.101468 0.106589 0.094908
1520530330.050161 -0.667987  0.126900 -0.272184 0.098369 0.102530 0.094795
1520530330.150164 -0.764006  0.182772 -0.157535 0.096781 0.100960 0.094885
1520530330.250167 -0.740361  0.197103  0.024003 0.097021 0.101078 0.095164
1520530330.300169 -0.685189  0.187822  0.100912 0.097710 0.101939 0.095211
1520530330.400172 -0.462373  0.134047  0.208246 0.100780 0.105366 0.094936
1520530330.500788 -0.156787  0.093370  0.222322 0.104691 0.109112 0.093447
1520530330.600792 0.188051 0.051432 0.136824 0.107556 0.108992 0.091233
1520530330.650793 0.342642 0.057050 0.072606 0.107826 0.108840 0.089952
1520530330.750797  0.623358  0.118435 -0.110993 0.108283 0.108083 0.087603
1520530330.850367  0.768372  0.217267 -0.267684 0.107238 0.106189 0.085701
1520530330.900277  0.802818  0.267610 -0.307653 0.105994 0.104746 0.085361
1520530331.000280  0.811444  0.304586 -0.279062 0.103408 0.101115 0.085815
1520530331.100283  0.786076  0.246378 -0.096777 0.101838 0.098733 0.087205
1520530331.200286 0.661317 0.177397 0.155060 0.101745 0.097921 0.089246
1520530331.300736 0.433013 0.053056 0.352856 0.107017 0.100980 0.094388
1520530331.400740  0.124535 -0.093118  0.427045 0.107041 0.103373 0.095827
1520530331.450741 -0.027988 -0.149846  0.403682 0.106755 0.103927 0.095720
1520530331.550744 -0.297711 -0.204419  0.210345 0.104933 0.102959 0.093892
1520530331.600746 -0.409543 -0.207893  0.074545 0.103629 0.101995 0.092575
1520530331.700481 -0.573216 -0.161702 -0.182287 0.100663 0.099296 0.090521
1520530331.750483 -0.630776 -0.120945 -0.295670 0.098942 0.097565 0.090097
1520530331.850486 -0.726248  0.009202 -0.418073 0.095809 0.095082 0.091495
1520530331.900488 -0.747820  0.081313 -0.395788 0.094904 0.094287 0.092999
1520530332.000491 -0.708684  0.173364 -0.244645 0.095359 0.094179 0.096590
1520530332.100388 -0.598062  0.217624  0.015753 0.099652 0.097212 0.099728
1520530332.200392 -0.385711  0.169873  0.298273 0.108114 0.104238 0.101051
1520530332.300399 -0.041473  0.079104  0.496149 0.119257 0.113595 0.100398
1520530332.400401  0.293711 -0.016701  0.495566 0.129352 0.120708 0.097396
1520530332.500483  0.546660 -0.112504  0.303348 0.135646 0.123953 0.093069
1520530332.600486  0.706507 -0.137139  0.000145 0.137113 0.123371 0.089122
1520530332.650488  0.733142 -0.121691 -0.167474 0.135776 0.122156 0.087515
1520530332.750491  0.756109 -0.049218 -0.423246 0.130857 0.118326 0.085864
1520530332.850494  0.767205  0.066558 -0.541420 0.124505 0.113476 0.085996
1520530332.950166  0.734342  0.174280 -0.488311 0.118076 0.108075 0.087399
1520530333.050169  0.632530  0.242823 -0.204549 0.113006 0.103489 0.089594
1520530333.150173 0.432635 0.238871 0.150956 0.108991 0.100529 0.092367
1520530333.250175 0.214673 0.187483 0.404468 0.106022 0.099699 0.094956
1520530333.300608 0.104350 0.162341 0.468481 0.105026 0.099742 0.095960
1520530333.400612 -0.093717  0.106073  0.456240 0.104894 0.101465 0.096832
1520530333.500615 -0.219184 -0.019599  0.311210 0.109108 0.105451 0.095443
1520530333.650619 -0.347800 -0.231536  0.136389 0.124688 0.117543 0.092343
1520530333.750542 -0.460852 -0.264348  0.138435 0.135593 0.126036 0.091211
1520530333.800544 -0.518040 -0.236116  0.150849 0.138854 0.128435 0.090866
1520530333.900547 -0.522071 -0.102877  0.152541 0.139721 0.128602 0.089936
1520530333.950549 -0.479232 -0.019861  0.160311 0.137154 0.126713 0.089320
1520530334.050551 -0.265061  0.104039  0.213481 0.129093 0.122047 0.088386
1520530334.150218 -0.112646  0.123210  0.198815 0.119211 0.116499 0.088656
1520530334.300222 -0.011739 -0.014338 -0.167664 0.106851 0.106541 0.091894
1520530334.350224  0.023240 -0.006799 -0.224108 0.105966 0.105182 0.092644
1520530334.450227  0.051037 -0.008418 -0.291380 0.102830 0.102643 0.092907
1520530334.550086  0.060472  0.003071 -0.320419 0.101143 0.101349 0.091581
1520530334.650089  0.050421  0.034447 -0.337192 0.100302 0.100836 0.089514
1520530334.750092  0.003542  0.033311 -0.335550 0.100015 0.100832 0.087788
1520530334.850095 -0.030441  0.070035 -0.281339 0.101172 0.102301 0.087936
1520530334.900097 -0.030037  0.051980 -0.188320 0.101694 0.103395 0.088504
1520530335.000929  0.000793 -0.035328  0.076537 0.102712 0.106494 0.091029
1520530335.100933  0.010592 -0.070259  0.240877 0.103631 0.108817 0.095191
1520530335.200936  0.028040 -0.033910  0.299779 0.103996 0.109447 0.099682
1520530335.300938 0.053052 0.024591 0.289761 0.103382 0.108522 0.102318
1520530335.401458 0.065899 0.082440 0.259754 0.103328 0.107215 0.101966
1520530335.501461 0.081755 0.113897 0.195719 0.103287 0.106005 0.098875
1520530335.601512 0.084264 0.109902 0.152184 0.103549 0.105804 0.094657
1520530335.750223  0.106585 -0.012981 -0.030277 0.104101 0.105351 0.088855
1520530335.800224  0.138307 -0.048617 -0.101759 0.104344 0.105598 0.088012
1520530335.900227  0.231724 -0.066881 -0.223562 0.104575 0.103408 0.087496
1520530336.000230  0.304996  0.000053 -0.300781 0.104182 0.102018 0.087969
1520530336.100233  0.419264  0.044573 -0.277181 0.103881 0.102058 0.088584
1520530336.200179  0.590970  0.054374 -0.208996 0.103878 0.102673 0.089167
1520530336.300182  0.708638  0.132035 -0.012532 0.104499 0.103691 0.089374
1520530336.400185 0.657290 0.122824 0.317199 0.106523 0.105260 0.089022
1520530336.500188 0.347906 0.034426 0.626043 0.109131 0.107967 0.088266
1520530336.550582  0.158198 -0.015863  0.690148 0.109865 0.109037 0.088197
1520530336.650586 -0.192273 -0.174028  0.629259 0.109603 0.109594 0.088927
1520530336.750588 -0.473208 -0.346532  0.413224 0.108395 0.109193 0.090383
1520530336.850591 -0.700338 -0.400106  0.036037 0.106880 0.108101 0.091693
1520530336.950594 -0.803043 -0.353737 -0.494773 0.106637 0.107166 0.092355
1520530337.050259 -0.877175 -0.225459 -0.959473 0.107971 0.107313 0.092582
1520530337.150262 -0.969084  0.026122 -1.140760 0.109421 0.107214 0.092405
1520530337.250265 -1.013261  0.357967 -1.081903 0.110622 0.106606 0.092249
1520530337.350269 -0.981576  0.629617 -0.842548 0.111268 0.105363 0.092632
1520530337.450303 -0.914972  0.797215 -0.494770 0.112422 0.105083 0.093377
1520530337.550306 -0.788231  0.777281  0.071756 0.112925 0.105461 0.093676
1520530337.650309 -0.647577  0.497413  0.639755 0.113845 0.108157 0.092626
1520530337.750312 -0.395626  0.136814  1.035927 0.115859 0.112140 0.091089
1520530337.850855 -0.153270 -0.164485  1.187393 0.117273 0.115440 0.090323
1520530337.950858  0.102411 -0.388156  1.159726 0.118875 0.117809 0.090870
1520530338.050862  0.344842 -0.518910  0.986250 0.120825 0.119474 0.092283
1520530338.150864  0.533492 -0.577480  0.617851 0.121178 0.119264 0.093837
1520530338.250473  0.700527 -0.559067  0.173457 0.120511 0.117028 0.094629
1520530338.350476  0.843495 -0.497276 -0.272870 0.119414 0.115245 0.094471
1520530338.450479  0.964704 -0.372626 -0.674299 0.119017 0.114509 0.093614
1520530338.550482  1.033357 -0.181131 -0.961183 0.118955 0.114146 0.092314
1520530338.650261  1.080174  0.053563 -1.109166 0.119171 0.113896 0.091163
1520530338.750266  1.077121  0.286791 -1.126358 0.118628 0.112567 0.090424
1520530338.850267  1.070737  0.517675 -1.055948 0.117452 0.111025 0.090639
1520530338.950270  1.015718  0.758874 -0.883627 0.116001 0.109080 0.092060
1520530339.050959  0.968828  0.880194 -0.596127 0.114238 0.107843 0.094569
1520530339.100960  0.941379  0.903027 -0.444250 0.113579 0.108144 0.096100
1520530339.200963  0.873650  0.872133 -0.079042 0.111568 0.107853 0.099285
1520530339.300966 0.804139 0.643867 0.318043 0.109843 0.108383 0.100936
1520530339.400970 0.716688 0.311724 0.691698 0.109357 0.110845 0.101390
1520530339.501689 0.554866 0.001125 0.920623 0.109818 0.114485 0.101520
1520530339.601692  0.341311 -0.244458  0.952009 0.110615 0.116660 0.100937
1520530339.701695  0.116575 -0.487152  0.875410 0.113252 0.121532 0.099112
1520530339.751697  0.026917 -0.599942  0.793666 0.114444 0.122358 0.098181
1520530339.851056 -0.095636 -0.727457  0.682676 0.116593 0.123795 0.096359
1520530339.901057 -0.140633 -0.748187  0.671078 0.117815 0.124900 0.095720
1520530340.001061 -0.305659 -0.711458  0.491339 0.118387 0.124823 0.094677
1520530340.101063