1520530315.499642 1.073265 0.442093
1520530315.649646 1.070009 0.309921
1520530315.799640 1.088998 0.214959
1520530315.899643 1.118142 0.197041
1520530316.100221 1.115265 0.177630
1520530316.250226 1.072405 0.166653
1520530316.400230 1.072653 0.170617
1520530316.550276 1.069845 0.162972
1520530316.750283 1.067161 0.158827
1520530316.949773 1.077250 0.153167
1520530317.049776 1.095802 0.148397
1520530317.199781 1.100541 0.144740
1520530317.349743 1.093348 0.134817
1520530317.549752 1.083630 0.120276
1520530317.699755 1.101271 0.105961
1520530317.800239 1.155456 0.085730
1520530317.950243 1.148484 0.067295
1520530318.100248 1.121597 0.067321
1520530318.200769 1.070808 0.070496
1520530318.350774 1.070627 0.089159
1520530318.500778 1.072840 0.086460
1520530318.650568 1.077385 0.083250
1520530318.800573 1.080120 0.081174
1520530318.950577 1.084345 0.079382
1520530319.049958 1.103908 0.078635
1520530319.149961 1.104309 0.071585
1520530319.249964 1.103197 0.067738
1520530319.399832 1.099717 0.063265
1520530319.549837 1.094322 0.060226
1520530319.699841 1.091250 0.058834
1520530319.800341 1.090011 0.058513
1520530319.900344 1.092188 0.058373
1520530320.000347 1.092319 0.057135
1520530320.100350 1.093141 0.055773
1520530320.200401 1.091335 0.054674
1520530320.300404 1.091577 0.053785
1520530320.450408 1.091302 0.053016
1520530320.599869 1.091802 0.051904
1520530320.649871 1.095644 0.051459
1520530320.749874 1.098708 0.050275
1520530320.899879 1.104081 0.048116
1520530321.049740 1.102872 0.046232
1520530321.149743 1.108062 0.045532
1520530321.249747 1.107230 0.044717
1520530321.399751 1.104918 0.043342
1520530321.549859 1.104682 0.042309
1520530321.649862 1.105572 0.041773
1520530321.799867 1.108325 0.041111
1520530321.950155 1.120516 0.040847
1520530322.050158 1.115071 0.040202
1520530322.150162 1.113638 0.039686
1520530322.300208 1.111889 0.039423
1520530322.550216 1.115931 0.039177
1520530322.700026 1.119608 0.038715
1520530322.850030 1.119450 0.038014
1520530323.050036 1.120880 0.037264
1520530323.200077 1.121695 0.036931
1520530323.350082 1.123874 0.036440
1520530323.450085 1.124671 0.035521
1520530323.550346 1.126914 0.034486
1520530323.650349 1.126409 0.032446
1520530323.800354 1.126926 0.031853
1520530323.950154 1.127240 0.031568
1520530324.100159 1.128260 0.031355
1520530324.250163 1.129814 0.031037
1520530324.349910 1.133368 0.030839
1520530324.449913 1.134469 0.030571
1520530324.549915 1.134925 0.030273
1520530324.649919 1.134424 0.030019
1520530324.750020 1.135854 0.029819
1520530324.900024 1.136277 0.029696
1520530325.050029 1.135249 0.029605
1520530325.150817 1.136023 0.029483
1520530325.300822 1.135759 0.029124
1520530325.450827 1.139609 0.028741
1520530325.650917 1.140861 0.027789
1520530325.850922 1.139869 0.027210
1520530326.000543 1.139124 0.026879
1520530326.150548 1.137984 0.026556
1520530326.300552 1.138837 0.026292
1520530326.400206 1.138364 0.026184
1520530326.600213 1.139525 0.026098
1520530326.800428 1.140060 0.026079
1520530327.000434 1.140567 0.025525
1520530327.150431 1.141907 0.025040
1520530327.300436 1.141836 0.024658
1520530327.450441 1.141306 0.024376
1520530327.550090 1.141443 0.024170
1520530327.650103 1.142716 0.023941
1520530327.750096 1.143688 0.023749
1520530327.800097 1.143172 0.023692
1520530327.900100 1.143124 0.023624
1520530328.000280 1.143291 0.023506
1520530328.100283 1.143018 0.023350
1520530328.250288 1.142805 0.023191
1520530328.350291 1.142542 0.023102
1520530328.400337 1.143026 0.023084
1520530328.500340 1.142451 0.023053
1520530328.600344 1.142794 0.023036
1520530328.700347 1.142805 0.023019
1520530328.800086 1.142799 0.022981
1520530328.900089 1.142793 0.022898
1520530329.050093 1.143393 0.022698
1520530329.150097 1.143235 0.022562
1520530329.250095 1.143436 0.022402
1520530329.350049 1.144490 0.022232
1520530329.500053 1.143870 0.021935
1520530329.600097 1.144073 0.021828
1520530329.700100 1.144082 0.021744
1520530329.800104 1.144709 0.021686
1520530329.900107 1.144571 0.021635
1520530330.000110 1.144827 0.021553
1520530330.050161 1.145176 0.021485
1520530330.150164 1.145562 0.021309
1520530330.250167 1.145790 0.021077
1520530330.300169 1.146862 0.020954
1520530330.400172 1.147345 0.020708
1520530330.450787 1.148052 0.020607
1520530330.550790 1.147764 0.020483
1520530330.650793 1.148051 0.020442
1520530330.700795 1.148700 0.020439
1520530330.800798 1.148811 0.020414
1520530330.850367 1.149334 0.020386
1520530330.950279 1.149220 0.020293
1520530331.050282 1.148692 0.020204
1520530331.150285 1.149136 0.020138
1520530331.250735 1.149806 0.020091
1520530331.350738 1.186004 0.028400
1520530331.450741 1.190443 0.027122
1520530331.500743 1.190414 0.027106
1520530331.600746 1.189450 0.027018
1520530331.650479 1.189165 0.026922
1520530331.750483 1.189340 0.026607
1520530331.800484 1.189736 0.026396
1520530331.900488 1.189987 0.025837
1520530332.000491 1.189928 0.025317
1520530332.100388 1.189292 0.024891
1520530332.200392 1.189280 0.024606
1520530332.300399 1.188631 0.024404
1520530332.400401 1.189029 0.024317
1520530332.450399 1.188930 0.024297
1520530332.550483 1.188127 0.024292
1520530332.600486 1.187892 0.024288
1520530332.700489 1.188246 0.024241
1520530332.800492 1.189049 0.024131
1520530332.900164 1.190253 0.024010
1520530333.000168 1.190530 0.023889
1520530333.100171 1.190264 0.023819
1520530333.200174 1.190684 0.023783
1520530333.250175 1.190878 0.023751
1520530333.350610 1.191304 0.023666
1520530333.400612 1.191221 0.023622
1520530333.500615 1.191335 0.023557
1520530333.650619 1.191547 0.023541
1520530333.750542 1.191741 0.023512
1520530333.850545 1.191691 0.023510
1520530333.900547 1.191602 0.023504
1520530334.000561 1.191549 0.023476
1520530334.100216 1.192310 0.023371
1520530334.150218 1.192394 0.023267
1520530334.300222 1.192081 0.023000
1520530334.400225 1.192234 0.022871
1520530334.500228 1.192411 0.022767
1520530334.600088 1.193024 0.022684
1520530334.700091 1.194156 0.022629
1520530334.800094 1.194432 0.022562
1520530334.900097 1.195084 0.022499
1520530334.950928 1.194945 0.022467
1520530335.050931 1.193939 0.022437
1520530335.150934 1.193335 0.022421
1520530335.250937 1.192889 0.022408
1520530335.351457 1.192508 0.022394
1520530335.451459 1.191783 0.022381
1520530335.551462 1.191676 0.022365
1520530335.651465 1.191972 0.022350
1520530335.750223 1.192390 0.022344
1520530335.850226 1.192704 0.022322
1520530335.900227 1.192902 0.022304
1520530336.000230 1.192768 0.022247
1520530336.100233 1.192406 0.022185
1520530336.200179 1.192639 0.022117
1520530336.300182 1.193065 0.022023
1520530336.400185 1.193186 0.021869
1520530336.500188 1.193393 0.021703
1520530336.550582 1.193483 0.021610
1520530336.650586 1.193883 0.021486
1520530336.750588 1.193292 0.021390
1520530336.850591 1.193382 0.021307
1520530336.950594 1.193467 0.021227
1520530337.050259 1.193785 0.021106
1520530337.150262 1.194646 0.020927
1520530337.250265 1.195940 0.020778
1520530337.350269 1.195303 0.020708
1520530337.450303 1.195345 0.020640
1520530337.550306 1.195166 0.020569
1520530337.650309 1.196292 0.020518
1520530337.750312 1.196861 0.020342
1520530337.850855 1.198147 0.020112
1520530337.950858 1.198859 0.019861
1520530338.050862 1.199229 0.019682
1520530338.150864 1.198403 0.019545
1520530338.250473 1.196905 0.019466
1520530338.350476 1.196519 0.019449
1520530338.450479 1.196745 0.019412
1520530338.550482 1.196547 0.019365
1520530338.650261 1.196772 0.019297
1520530338.750266 1.197272 0.019219
1520530338.850267 1.197097 0.019136
1520530338.950270 1.197320 0.019064
1520530339.050959 1.196618 0.018983
1520530339.100960 1.196747 0.018956
1520530339.200963 1.197136 0.018911
1520530339.300966 1.197060 0.018884
1520530339.400970 1.196911 0.018876
1520530339.501689 1.196898 0.018867
1520530339.601692 1.196854 0.018856
1520530339.701695 1.197013 0.018849
1520530339.801698 1.197221 0.018823
1520530339.851056 1.197481 0.018811
1520530339.951059 1.197627 0.018784
1520530340.051062 1.197691 0.018763
1520530340.151065 1.197976 0.018743
1520530340.250395 1.198537 0.018705
1520530340.300397 1.198587 0.018666
1520530340.400400 1.198816 0.018603
1520530340.500403 1.198971 0.018528
1520530340.600406 1.199527 0.018465
1520530340.700348 1.199461 0.018425
1520530340.850353 1.199312 0.018391
1520530341.050774 1.199909 0.018376
1520530341.300782 1.200992 0.018320
1520530341.500713 1.200658 0.018294
1520530341.750720 1.200525 0.018272
1520530341.900542 1.200164 0.018250
1520530342.050546 1.199801 0.018222
1520530342.150549 1.199513 0.018200
1520530342.250553 1.200057 0.018176
1520530342.400676 1.200356 0.018122
1520530342.500679 1.200399 0.018091
1520530342.650684 1.200280 0.018040
1520530342.750644 1.200144 0.017991
1520530342.900649 1.199956 0.017894
1520530343.000653 1.199682 0.017798
1520530343.101131 1.199502 0.017680
1520530343.201134 1.199353 0.017544
1520530343.301138 1.199403 0.017407
1520530343.401141 1.199512 0.017259
1520530343.451144 1.199483 0.017177
1520530343.551476 1.199408 0.017014
1520530343.651407 1.200059 0.016853
1520530343.751410 1.200677 0.016660
1520530343.851414 1.201089 0.016465
1520530343.951402 1.201091 0.016270
1520530344.051405 1.201132 0.016088
1520530344.151408 1.201407 0.015906
1520530344.251411 1.201606 0.015747
1520530344.351408 1.201572 0.015590
1520530344.451412 1.200419 0.015437
1520530344.551415 1.200523 0.015341
1520530344.651418 1.200488 0.015225
1520530344.751636 1.200029 0.015124
1520530344.851639 1.199900 0.015035
1520530344.951642 1.200239 0.014976
1520530345.051645 1.200242 0.014905
1520530345.151845 1.200250 0.014847
1520530345.251745 1.200311 0.014789
1520530345.401749 1.200372 0.014720
1520530345.501752 1.200330 0.014680
1520530345.601196 1.200265 0.014644
1520530345.701199 1.200174 0.014611
1520530345.751201 1.199878 0.014596
1520530345.851204 1.199582 0.014573
1520530345.951161 1.199544 0.014554
1520530346.001475 1.199465 0.014543
1520530346.101479 1.199442 0.014524
1520530346.201481 1.199880 0.014512
1520530346.301485 1.200108 0.014495
1520530346.401376 1.200090 0.014486
1520530346.501379 1.199995 0.014478
1520530346.601382 1.199648 0.014469
1520530346.701385 1.199468 0.014463
1520530346.801545 1.199521 0.014458
1520530346.901548 1.199906 0.014455
1520530346.951549 1.199951 0.014450
1520530347.051553 1.199790 0.014448
1520530347.151556 1.199729 0.014443
1520530347.251402 1.199716 0.014442
1520530347.351405 1.199767 0.014439
1520530347.451408 1.199665 0.014436
1520530347.551411 1.199518 0.014432
1520530347.651220 1.199241 0.014430
1520530347.751223 1.199030 0.014428
1520530347.851226 1.199188 0.014425
1520530347.951229 1.199170 0.014425
1520530348.051164 1.199075 0.014423
1520530348.151168 1.199207 0.014424
1520530348.251170 1.199223 0.014422
1520530348.351173 1.199085 0.014422
1520530348.451416 1.199148 0.014421
1520530348.551419 1.199166 0.014421
1520530348.651423 1.199079 0.014420
1520530348.701425 1.198949 0.014420
1520530348.801428 1.199146 0.014421
1520530348.851315 1.199088 0.014419
1520530348.951318 1.198986 0.014420
1520530349.001320 1.199102 0.014417
1520530349.101323 1.199230 0.014418
1520530349.201326 1.199416 0.014414
1520530349.301107 1.199518 0.014414
1520530349.351109 1.199570 0.014410
1520530349.451112 1.199600 0.014413
1520530349.501114 1.199342 0.014410
1520530349.601117 1.199382 0.014410
1520530349.700937 1.199547 0.014410
1520530349.800940 1.199614 0.014409
1520530349.900986 1.199570 0.014407
1520530350.000946 1.199575 0.014404
1520530350.051376 1.199603 0.014403
1520530350.151379 1.199659 0.014403
1520530350.201381 1.199681 0.014401
1520530350.301384 1.199662 0.014397
1520530350.401387 1.199754 0.014397
1520530350.501516 1.199837 0.014394
1520530350.551518 1.199747 0.014394
1520530350.651521 1.199915 0.014393
1520530350.751524 1.200031 0.014392
1520530350.851527 1.199982 0.014391
1520530350.951573 1.199972 0.014389
1520530351.051576 1.200005 0.014386
1520530351.151579 1.200087 0.014386
1520530351.251582 1.200123 0.014384
1520530351.351680 1.200096 0.014383
1520530351.451683 1.200068 0.014382
1520530351.551686 1.200051 0.014381
1520530351.651689 1.199998 0.014380
1520530351.751696 1.200084 0.014380
1520530351.851700 1.200102 0.014376
1520530351.951703 1.199986 0.014376
1520530352.051706 1.199919 0.014374
1520530352.151806 1.199833 0.014375
1520530352.251809 1.199989 0.014374
1520530352.351812 1.200035 0.014375
1520530352.451816 1.200056 0.014374
1520530352.551471 1.200065 0.014373
1520530352.651474 1.200066 0.014372
1520530352.751477 1.200026 0.014372
1520530352.851480 1.200027 0.014371
1520530352.951099 1.199886 0.014371
1520530353.051102 1.199853 0.014370
1520530353.151105 1.199797 0.014370
1520530353.251108 1.199831 0.014369
1520530353.351398 1.199755 0.014368
1520530353.401399 1.199749 0.014367
1520530353.501402 1.199750 0.014366
1520530353.601405 1.199974 0.014367
1520530353.701408 1.200337 0.014362
1520530353.801738 1.200094 0.014366
1520530353.901741 1.199906 0.014362
1520530354.001744 1.199835 0.014364
1520530354.101747 1.199846 0.014363
1520530354.201897 1.199928 0.014362
1520530354.251899 1.199859 0.014362
1520530354.351902 1.199747 0.014361
1520530354.451905 1.199702 0.014361
1520530354.551594 1.199777 0.014359
1520530354.651595 1.199766 0.014360
1520530354.751597 1.199816 0.014359
1520530354.901602 1.199795 0.014357
1520530355.001360 1.199721 0.014353
1520530355.101363 1.199617 0.014355
1520530355.201366 1.199518 0.014355
1520530355.301370 1.199451 0.014355
1520530355.401407 1.199461 0.014354
1520530355.501410 1.199405 0.014354
1520530355.601414 1.199382 0.014353
1520530355.701417 1.199251 0.014351
1520530355.801531 1.199110 0.014351
1520530355.901534 1.199307 0.014352
1520530355.951536 1.199344 0.014352
1520530356.051539 1.199375 0.014353
1520530356.101541 1.199414 0.014352
1520530356.201376 1.199402 0.014352
1520530356.301379 1.199356 0.014352
1520530356.401382 1.199500 0.014352
1520530356.451383 1.199469 0.014352
1520530356.551386 1.199336 0.014352
1520530356.651234 1.199106 0.014351
1520530356.751237 1.199287 0.014351
1520530356.801239 1.199389 0.014350
1520530356.901242 1.199359 0.014350
1520530357.001153 1.199445 0.014350
1520530357.101156 1.199470 0.014350
1520530357.201159 1.199352 0.014350
1520530357.301162 1.199313 0.014349
1520530357.351164 1.199325 0.014349
1520530357.451660 1.199363 0.014350
1520530357.501662 1.199287 0.014350
1520530357.601666 1.199408 0.014350
1520530357.701667 1.199363 0.014349
1520530357.801671 1.199362 0.014349
1520530357.851585 1.199354 0.014347
1520530357.951560 1.199390 0.014349
1520530358.001562 1.199424 0.014348
1520530358.101565 1.199366 0.014348
1520530358.201568 1.199338 0.014348
1520530358.301626 1.199313 0.014347
1520530358.401629 1.199392 0.014347
1520530358.501632 1.199374 0.014347
1520530358.601636 1.199386 0.014346
1520530358.701800 1.199400 0.014346
1520530358.801803 1.199424 0.014346
1520530358.901806 1.199428 0.014345
1520530359.001810 1.199528 0.014345
1520530359.101811 1.199547 0.014345
1520530359.201810 1.199518 0.014344
1520530359.301813 1.199460 0.014344
1520530359.401817 1.199472 0.014344
1520530359.501870 1.199477 0.014343
1520530359.601873 1.199580 0.014343
1520530359.701876 1.199449 0.014343
1520530359.801879 1.199516 0.014343
1520530359.901826 1.199589 0.014342
1520530360.001829 1.199739 0.014342
1520530360.101832 1.199909 0.014341
1520530360.201836 1.200132 0.014339
1520530360.301316 1.200270 0.014336
1520530360.351317 1.200016 0.014337
1520530360.451321 1.200142 0.014338
1520530360.551324 1.200212 0.014337
1520530360.651327 1.200315 0.014337
1520530360.700978 1.200358 0.014336
1520530360.800981 1.200353 0.014337
1520530360.900984 1.200695 0.014335
1520530361.000988 1.200774 0.014333
1520530361.101044 1.201291 0.014329
1520530361.201047 1.201359 0.014328
1520530361.301050 1.201248 0.014329
1520530361.401053 1.201239 0.014329
1520530361.501690 1.201129 0.014328
1520530361.551692 1.201187 0.014327
1520530361.651695 1.201012 0.014326
1520530361.751698 1.201005 0.014326
1520530361.801700 1.201064 0.014327
1520530361.901939 1.201124 0.014327
1520530361.951941 1.201098 0.014326
1520530362.051944 1.201333 0.014326
1520530362.151947 1.201676 0.014325
1520530362.251950 1.201577 0.014321
1520530362.351623 1.201831 0.014321
1520530362.451626 1.202126 0.014320
1520530362.551629 1.202434 0.014317
1520530362.651727 1.202561 0.014312
1520530362.751364 1.202824 0.014309
1520530362.851367 1.202628 0.014303
1520530362.951370 1.202569 0.014308
1520530363.051374 1.202537 0.014307
1520530363.151650 1.202501 0.014304
1520530363.251653 1.202569 0.014304
1520530363.351656 1.202577 0.014304
1520530363.451659 1.202339 0.014305
1520530363.551745 1.202569 0.014305
1520530363.601746 1.202576 0.014304
1520530363.701749 1.202630 0.014305
1520530363.751751 1.202648 0.014304
1520530363.851754 1.202697 0.014302
1520530363.901756 1.202809 0.014302
1520530364.001782 1.202789 0.014299
1520530364.051784 1.202606 0.014299
1520530364.151786 1.202839 0.014299
1520530364.201788 1.202836 0.014297
1520530364.301791 1.202878 0.014301
1520530364.351792 1.202967 0.014300
1520530364.451854 1.203034 0.014300
1520530364.501856 1.202891 0.014300
1520530364.601859 1.202925 0.014299
1520530364.651861 1.202927 0.014300
1520530364.751864 1.202959 0.014300
1520530364.852377 1.202940 0.014300
1520530364.952380 1.202992 0.014299
1520530365.052383 1.202961 0.014298
1520530365.201844 1.203064 0.014298
1520530365.301847 1.203060 0.014297
1520530365.401850 1.203151 0.014296
1520530365.501853 1.203264 0.014296
1520530365.601535 1.203343 0.014294
1520530365.701539 1.203233 0.014292
1520530365.801546 1.203215 0.014291
1520530365.901545 1.203126 0.014291
1520530366.001907 1.203153 0.014291
1520530366.051908 1.203160 0.014290
1520530366.151911 1.203114 0.014290
1520530366.201913 1.203068 0.014289
1520530366.301916 1.203132 0.014289
1520530366.351918 1.203134 0.014289
1520530366.452121 1.203157 0.014288
1520530366.552125 1.203233 0.014288
1520530366.652128 1.203244 0.014288
1520530366.702130 1.203302 0.014287
1520530366.802133 1.203292 0.014288
1520530366.902167 1.203304 0.014288
1520530367.002170 1.203257 0.014287
1520530367.052172 1.203240 0.014288
1520530367.152175 1.203197 0.014288
1520530367.202177 1.203239 0.014288
1520530367.302541 1.203269 0.014287
1520530367.402544 1.203290 0.014287
1520530367.502548 1.203285 0.014286
1520530367.602551 1.203304 0.014287
1520530367.702266 1.203450 0.014286
1520530367.802269 1.203484 0.014285
1520530367.902272 1.203512 0.014283
1520530368.002275 1.203494 0.014283
1520530368.102125 1.203436 0.014283
1520530368.202129 1.203434 0.014283
1520530368.302132 1.203385 0.014282
1520530368.402135 1.203341 0.014283
1520530368.502050 1.203332 0.014283
1520530368.552051 1.203362 0.014282
1520530368.652054 1.203352 0.014281
1520530368.752057 1.203439 0.014282
1520530368.851389 1.203726 0.014278
1520530368.901391 1.203487 0.014283
1520530369.001394 1.203412 0.014282
1520530369.051395 1.203231 0.014282
1520530369.151398 1.203346 0.014281
1520530369.201400 1.203421 0.014282
1520530369.301537 1.203409 0.014282
1520530369.351538 1.203532 0.014283
1520530369.451542 1.203611 0.014282
1520530369.551545 1.203587 0.014282
1520530369.651548 1.203521 0.014282
1520530369.701896 1.203418 0.014282
1520530369.801900 1.203530 0.014282
1520530369.901903 1.203490 0.014282
1520530370.051908 1.203510 0.014282
1520530370.201933 1.203581 0.014282
1520530370.351937 1.203623 0.014282
1520530370.551883 1.203762 0.014281
1520530370.701889 1.203823 0.014280
1520530370.901941 1.203645 0.014279
1520530371.051946 1.203701 0.014280
1520530371.151949 1.203745 0.014279
1520530371.301953 1.203749 0.014280
1520530371.401953 1.203756 0.014279
1520530371.501956 1.203806 0.014279
1520530371.651961 1.203823 0.014279
1520530371.801961 1.203734 0.014279
1520530371.851963 1.203683 0.014279
1520530371.951966 1.203666 0.014279
1520530372.051969 1.203714 0.014276
1520530372.201977 1.203881 0.014277
1520530372.351961 1.203934 0.014279
1520530372.501966 1.203965 0.014277
1520530372.601958 1.203952 0.014278
1520530372.701961 1.204016 0.014277
1520530372.801964 1.203928 0.014275
1520530372.901967 1.203905 0.014276
1520530373.001619 1.203843 0.014277
1520530373.201626 1.203937 0.014277
1520530373.301629 1.203750 0.014276
1520530373.401458 1.203770 0.014276
1520530373.451460 1.203815 0.014277
1520530373.551463 1.203774 0.014277
1520530373.651466 1.203785 0.014276
1520530373.751469 1.203792 0.014275
1520530373.851583 1.203778 0.014275
1520530373.901585 1.203758 0.014276
1520530374.001588 1.203720 0.014276
1520530374.101591 1.203744 0.014275
1520530374.201953 1.203723 0.014275
1520530374.301956 1.203789 0.014276
1520530374.401959 1.203791 0.014276
1520530374.501962 1.203805 0.014276
1520530374.652408 1.203865 0.014276
1520530374.802413 1.203944 0.014274
1520530374.902417 1.203958 0.014274
1520530375.002442 1.203989 0.014275
1520530375.102445 1.204074 0.014275
1520530375.202449 1.203934 0.014273
1520530375.302452 1.203900 0.014274
1520530375.402252 1.203840 0.014274
1520530375.502216 1.203991 0.014274
1520530375.602219 1.203943 0.014274
1520530375.702222 1.204014 0.014273
1520530375.802225 1.203946 0.014274
1520530375.852258 1.203698 0.014273
1520530375.952261 1.203899 0.014273
1520530376.052264 1.204105 0.014275
1520530376.152267 1.204052 0.014274
1520530376.202270 1.204019 0.014273
1520530376.301951 1.204103 0.014273
1520530376.401954 1.204101 0.014274
1520530376.501958 1.204084 0.014273
1520530376.601961 1.204064 0.014274
1520530376.652663 1.203959 0.014274
1520530376.752666 1.204061 0.014270
1520530376.802668 1.204038 0.014273
1520530376.902671 1.204043 0.014274
1520530376.952672 1.204067 0.014273
1520530377.052898 1.204055 0.014273
1520530377.152900 1.204047 0.014273
1520530377.252903 1.204090 0.014273
1520530377.352906 1.204066 0.014273
1520530377.451719 1.204085 0.014272
1520530377.501720 1.204255 0.014270
1520530377.601723 1.204158 0.014270
1520530377.701726 1.204158 0.014273
1520530377.801730 1.204202 0.014272
1520530377.901409 1.204188 0.014272
1520530378.001412 1.204168 0.014272
1520530378.101416 1.204158 0.014273
1520530378.151417 1.204204 0.014272
1520530378.251420 1.204181 0.014272
1520530378.351513 1.204164 0.014272
1520530378.401515 1.204143 0.014269
1520530378.501517 1.204237 0.014271
1520530378.551519 1.204189 0.014271
1520530378.651522 1.204216 0.014272
1520530378.702209 1.204250 0.014272
1520530378.802212 1.204163 0.014268
1520530378.902215 1.204136 0.014271
1520530379.002218 1.204109 0.014271
1520530379.102149 1.204138 0.014272
1520530379.202152 1.204131 0.014272
1520530379.302155 1.204167 0.014272
1520530379.402159 1.204062 0.014272
1520530379.501850 1.204051 0.014272
1520530379.601853 1.204152 0.014271
1520530379.701856 1.204147 0.014272
1520530379.801860 1.204143 0.014271
1520530379.901824 1.204132 0.014271
1520530380.001827 1.204131 0.014272
1520530380.101830 1.204164 0.014271
1520530380.201888 1.204241 0.014271
1520530380.301736 1.204207 0.014271
1520530380.352160 1.204293 0.014271
1520530380.452163 1.204393 0.014270
1520530380.552166 1.204474 0.014269
1520530380.602168 1.204367 0.014270
1520530380.702171 1.204383 0.014270
1520530380.802136 1.204412 0.014270
1520530380.902139 1.204341 0.014270
1520530380.952141 1.204218 0.014270
1520530381.052144 1.204252 0.014271
1520530381.102146 1.204319 0.014269
1520530381.202049 1.204225 0.014270
1520530381.252051 1.204145 0.014270
1520530381.352054 1.204149 0.014271
1520530381.452057 1.204121 0.014271
1520530381.552262 1.204084 0.014271
1520530381.652265 1.204074 0.014271
1520530381.752268 1.204113 0.014271
1520530381.852271 1.204087 0.014271
1520530381.952332 1.204146 0.014270
1520530382.052335 1.204151 0.014271
1520530382.152338 1.204149 0.014271
1520530382.252342 1.204141 0.014271
1520530382.352159 1.204180 0.014271
1520530382.452162 1.204207 0.014271
1520530382.552165 1.204198 0.014270
1520530382.652168 1.204185 0.014271
1520530382.752171 1.204174 0.014271
1520530382.902248 1.204180 0.014271
1520530383.052252 1.204166 0.014271
1520530383.202206 1.204230 0.014271
1520530383.302209 1.204242 0.014271
1520530383.402267 1.204196 0.014271
1520530383.452214 1.204188 0.014271
1520530383.552217 1.204204 0.014271
1520530383.652472 1.204202 0.014271
1520530383.752476 1.204258 0.014270
1520530383.852479 1.204361 0.014271
1520530383.952482 1.204441 0.014270
1520530384.052531 1.204723 0.014271
1520530384.152534 1.205109 0.014271
1520530384.252537 1.205308 0.014270
1520530384.352541 1.205019 0.014269
1520530384.452434 1.204668 0.014269
1520530384.502435 1.204550 0.014269
1520530384.602439 1.204968 0.014265
1520530384.702442 1.204906 0.014268
1520530384.802857 1.204826 0.014270
1520530384.902860 1.204741 0.014268
1520530384.952861 1.204699 0.014269
1520530385.052864 1.204681 0.014270
1520530385.102866 1.204657 0.014270
1520530385.202869 1.204582 0.014270
1520530385.252705 1.204613 0.014270
1520530385.352709 1.204742 0.014269
1520530385.402710 1.204762 0.014269
1520530385.502713 1.204706 0.014270
1520530385.552715 1.204699 0.014270
1520530385.652486 1.204661 0.014270
1520530385.752489 1.204555 0.014269
1520530385.802491 1.204639 0.014269
1520530385.902494 1.204866 0.014270
1520530385.952497 1.204701 0.014266
1520530386.052544 1.204670 0.014270
1520530386.152547 1.204673 0.014270
1520530386.252550 1.204618 0.014270
1520530386.352553 1.204596 0.014270
1520530386.452758 1.204614 0.014270
1520530386.602814 1.204668 0.014270
1520530386.702766 1.204651 0.014270
1520530386.802769 1.204623 0.014270
1520530386.902676 1.204620 0.014270
1520530387.002679 1.204616 0.014270
1520530387.102682 1.204638 0.014271
1520530387.202685 1.204735 0.014271
1520530387.302607 1.204800 0.014271
1520530387.352609 1.204619 0.014270
1520530387.452612 1.204640 0.014270
1520530387.502614 1.204713 0.014270
1520530387.602617 1.204897 0.014269
1520530387.652619 1.204937 0.014269
1520530387.752459 1.204966 0.014270
1520530387.802460 1.204916 0.014271
1520530387.902463 1.204859 0.014269
1520530387.952465 1.204804 0.014270
1520530388.052468 1.204868 0.014268
1520530388.102494 1.204745 0.014269
1520530388.202544 1.204748 0.014270
1520530388.252499 1.204751 0.014270
1520530388.352502 1.204731 0.014270
1520530388.452505 1.204749 0.014269
1520530388.552854 1.204654 0.014269
1520530388.702858 1.204740 0.014269
1520530388.802861 1.204733 0.014268
1520530388.902233 1.204679 0.014269
1520530388.952235 1.204672 0.014270
1520530389.052238 1.204625 0.014270
1520530389.152242 1.204676 0.014269
1520530389.252245 1.204684 0.014268
1520530389.352936 1.204704 0.014268
1520530389.452939 1.204750 0.014270
1520530389.552942 1.204756 0.014270
1520530389.602943 1.204737 0.014270
1520530389.702846 1.204814 0.014270
1520530389.803445 1.204915 0.014270
1520530389.853406 1.204738 0.014270
1520530389.953409 1.204699 0.014270
1520530390.003411 1.204762 0.014270
1520530390.103414 1.204618 0.014269
1520530390.152569 1.204785 0.014268
1520530390.252572 1.204643 0.014267
1520530390.302572 1.204761 0.014269
1520530390.402575 1.204761 0.014270
1520530390.452578 1.204719 0.014269
1520530390.553324 1.204874 0.014270
1520530390.603326 1.204810 0.014269
1520530390.703329 1.204807 0.014270
1520530390.753331 1.204714 0.014269
1520530390.853334 1.204677 0.014270
1520530390.953379 1.204698 0.014270
1520530391.003381 1.204702 0.014269
1520530391.103384 1.204727 0.014270
1520530391.203387 1.204730 0.014270
1520530391.303389 1.204817 0.014270
1520530391.352333 1.204896 0.014268
1520530391.452336 1.204802 0.014270
1520530391.552339 1.204725 0.014270
1520530391.652342 1.204619 0.014269
1520530391.752424 1.204657 0.014270
1520530391.902429 1.204743 0.014270
1520530392.002432 1.204852 0.014270
1520530392.052433 1.204851 0.014268
1520530392.152436 1.204793 0.014269
1520530392.203142 1.204928 0.014268
1520530392.303145 1.204789 0.014270
1520530392.353147 1.204660 0.014269
1520530392.453150 1.204664 0.014270
1520530392.553153 1.204692 0.014270
1520530392.602235 1.204763 0.014270
1520530392.702237 1.204655 0.014269
1520530392.802241 1.204708 0.014268
1520530392.852242 1.204500 0.014268
1520530392.952245 1.204657 0.014270
1520530393.052154 1.204669 0.014270
1520530393.152157 1.204705 0.014270
1520530393.252160 1.204769 0.014269
1520530393.352164 1.204807 0.014269
1520530393.402921 1.204846 0.014269
1520530393.502924 1.204863 0.014270
1520530393.602927 1.204880 0.014270
1520530393.652929 1.204821 0.014270
1520530393.752932 1.204733 0.014270
1520530393.852959 1.204742 0.014270
1520530394.002964 1.204897 0.014269
1520530394.102968 1.204764 0.014270
1520530394.152969 1.204556 0.014268
1520530394.252167 1.204727 0.014269
1520530394.302169 1.204697 0.014268
1520530394.402172 1.204630 0.014269
1520530394.502175 1.204644 0.014269
1520530394.602189 1.204662 0.014269
1520530394.702878 1.204756 0.014270
1520530394.802881 1.204761 0.014270
1520530394.902884 1.204795 0.014270
1520530395.002887 1.204674 0.014268
1520530395.053731 1.204791 0.014269
1520530395.153734 1.204800 0.014269
1520530395.253737 1.204865 0.014270
1520530395.353740 1.204870 0.014270
1520530395.452705 1.204902 0.014269
1520530395.502707 1.204806 0.014266
1520530395.602710 1.204807 0.014270
1520530395.702713 1.204770 0.014270
1520530395.853078 1.204945 0.014264
1520530395.953081 1.204887 0.014269
1520530396.053084 1.204852 0.014270
1520530396.153087 1.204775 0.014270
1520530396.253235 1.204718 0.014270
1520530396.353238 1.204744 0.014269
1520530396.403240 1.204742 0.014269
1520530396.503243 1.204686 0.014269
1520530396.553244 1.204633 0.014267
1520530396.653248 1.204673 0.014269
1520530396.753147 1.204720 0.014270
1520530396.853150 1.204710 0.014270
1520530396.953153 1.204814 0.014269
1520530397.053156 1.204785 0.014269
1520530397.152784 1.204756 0.014270
1520530397.252787 1.204776 0.014268
1520530397.352790 1.204710 0.014269
1520530397.452793 1.204726 0.014268
1520530397.502304 1.204737 0.014269
1520530397.602308 1.204823 0.014264
1520530397.652309 1.204769 0.014269
1520530397.752312 1.204821 0.014269
1520530397.852315 1.204827 0.014269
1520530397.952586 1.204709 0.014265
1520530398.052589 1.204669 0.014268
1520530398.152592 1.204684 0.014269
1520530398.252596 1.204608 0.014269
1520530398.303365 1.204803 0.014269
1520530398.403368 1.204997 0.014270
1520530398.453370 1.204918 0.014270
1520530398.553373 1.205028 0.014269
1520530398.603375 1.204890 0.014270
1520530398.703221 1.204883 0.014270
1520530398.753223 1.204680 0.014270
1520530398.853226 1.204586 0.014270
1520530398.903227 1.204631 0.014269
1520530399.003230 1.204677 0.014270
1520530399.053232 1.204580 0.014269
1520530399.152330 1.204809 0.014263
1520530399.202332 1.204544 0.014263
1520530399.302335 1.204631 0.014270
1520530399.352336 1.204657 0.014270
1520530399.452339 1.204661 0.014270
1520530399.502341 1.204640 0.014269
1520530399.603008 1.204712 0.014269
1520530399.653009 1.204738 0.014270
1520530399.753012 1.204729 0.014269
1520530399.853016 1.204730 0.014270
1520530399.953275 1.204750 0.014270
1520530400.003276 1.204639 0.014270
1520530400.103279 1.204637 0.014270
1520530400.153281 1.204704 0.014270
1520530400.253284 1.204700 0.014270
1520530400.303286 1.204680 0.014270
1520530400.402496 1.204794 0.014270
1520530400.452498 1.204682 0.014270
1520530400.552501 1.204658 0.014270
1520530400.652504 1.204674 0.014269
1520530400.752291 1.204719 0.014269
1520530400.802292 1.204713 0.014269
1520530400.902295 1.204638 0.014269
1520530401.002299 1.204695 0.014270
1520530401.102302 1.204758 0.014269
1520530401.152303 1.204731 0.014269
1520530401.252756 1.204717 0.014269
1520530401.302758 1.204706 0.014270
1520530401.402761 1.204789 0.014270
1520530401.452763 1.204734 0.014270
1520530401.552766 1.204791 0.014270
1520530401.603037 1.204867 0.014269
1520530401.703041 1.204813 0.014270
1520530401.803044 1.204779 0.014270
1520530401.853045 1.204737 0.014270
1520530401.953048 1.204683 0.014270
1520530402.052283 1.204653 0.014270
1520530402.102285 1.204636 0.014270
1520530402.202287 1.204656 0.014270
1520530402.252289 1.204655 0.014270
1520530402.352292 1.204646 0.014270
1520530402.402567 1.204650 0.014269
1520530402.502571 1.204638 0.014270
1520530402.552572 1.204618 0.014270
1520530402.652672 1.204643 0.014270
1520530402.752578 1.204606 0.014270
1520530402.803416 1.204610 0.014269
1520530402.903419 1.204624 0.014268
1520530402.953420 1.204767 0.014270
1520530403.053424 1.204837 0.014270
1520530403.103425 1.204769 0.014270
1520530403.202933 1.204757 0.014270
1520530403.302936 1.204697 0.014270
1520530403.402940 1.204464 0.014270
1520530403.452941 1.204387 0.014270
1520530403.552945 1.204384 0.014270
1520530403.602946 1.204450 0.014269
1520530403.702256 1.204665 0.014270
1520530403.752257 1.204759 0.014268
1520530403.852261 1.204659 0.014270
1520530403.902261 1.204605 0.014270
1520530404.002264 1.204587 0.014270
1520530404.052745 1.204611 0.014270
1520530404.152748 1.204621 0.014270
1520530404.202749 1.204635 0.014270
1520530404.302752 1.204643 0.014269
1520530404.402755 1.204637 0.014270
1520530404.503114 1.204679 0.014270
1520530404.553115 1.204663 0.014269
1520530404.653119 1.204661 0.014270
1520530404.703120 1.204711 0.014269
1520530404.803123 1.204711 0.014269
1520530404.852642 1.204670 0.014269
1520530404.952645 1.204646 0.014270
1520530405.002647 1.204626 0.014270
1520530405.102650 1.204624 0.014270
1520530405.202653 1.204590 0.014269
1520530405.252327 1.204640 0.014269
1520530405.352331 1.204652 0.014270
1520530405.402333 1.204665 0.014269
1520530405.502335 1.204632 0.014270
1520530405.552337 1.204671 0.014269
1520530405.652792 1.204787 0.014270
1520530405.702792 1.204703 0.014269
1520530405.802797 1.204668 0.014270
1520530405.852855 1.204627 0.014270
1520530405.952801 1.204591 0.014270
1520530406.052804 1.204604 0.014270
1520530406.103570 1.204616 0.014270
1520530406.203573 1.204626 0.014270
1520530406.253574 1.204630 0.014270
1520530406.353577 1.204665 0.014270
1520530406.403579 1.204659 0.014270
1520530406.503485 1.204749 0.014270
1520530406.603489 1.204777 0.014270
1520530406.703492 1.204824 0.014270
1520530406.803495 1.204670 0.014270
1520530406.902692 1.204609 0.014270
1520530406.952693 1.204534 0.014270
1520530407.052696 1.204570 0.014267
1520530407.102698 1.204654 0.014270
1520530407.202701 1.204870 0.014269
1520530407.252702 1.204795 0.014267
1520530407.353185 1.204678 0.014269
1520530407.403187 1.204606 0.014270
1520530407.503190 1.204546 0.014270
1520530407.553191 1.204564 0.014270
1520530407.653194 1.204568 0.014270
1520530407.703510 1.204556 0.014270
1520530407.803513 1.204600 0.014270
1520530407.853515 1.204610 0.014269
1520530407.953518 1.204616 0.014270
1520530408.003519 1.204605 0.014270
1520530408.103522 1.204621 0.014269
1520530408.153603 1.204676 0.014269
1520530408.253606 1.204602 0.014269
1520530408.353609 1.204597 0.014270
1520530408.453613 1.204583 0.014269
1520530408.553374 1.204553 0.014270
1520530408.653377 1.204534 0.014268
1520530408.753380 1.204528 0.014269
1520530408.853383 1.204490 0.014268
1520530408.952878 1.204557 0.014269
1520530409.052890 1.204614 0.014269
1520530409.152884 1.204593 0.014267
1520530409.252887 1.204497 0.014268
1520530409.302889 1.204495 0.014269
1520530409.402904 1.204569 0.014270
1520530409.502907 1.204692 0.014269
1520530409.602910 1.204931 0.014265
1520530409.702913 1.205141 0.014268
1520530409.802656 1.204715 0.014270
1520530409.902659 1.204628 0.014270
1520530410.002662 1.204680 0.014262
1520530410.102666 1.204616 0.014262
1520530410.203224 1.204583 0.014264
1520530410.303227 1.204558 0.014269
1520530410.403230 1.204553 0.014270
1520530410.503232 1.204596 0.014270
1520530410.603875 1.204734 0.014270
1520530410.703878 1.204688 0.014271
1520530410.803881 1.204540 0.014270
1520530410.903884 1.204560 0.014270
1520530411.003418 1.204553 0.014270
1520530411.103421 1.204506 0.014269
1520530411.253426 1.204646 0.014270
1520530411.403009 1.204649 0.014270
1520530411.453010 1.204563 0.014268
1520530411.553013 1.204581 0.014269
1520530411.653017 1.204517 0.014269
1520530411.753020 1.204503 0.014268
1520530411.852907 1.204501 0.014270
1520530411.902909 1.204478 0.014270
1520530412.002912 1.204490 0.014270
1520530412.052913 1.204513 0.014269
1520530412.152916 1.204503 0.014270
1520530412.203416 1.204557 0.014268
1520530412.303419 1.204512 0.014270
1520530412.403422 1.204561 0.014269
1520530412.503425 1.204552 0.014270
1520530412.553426 1.204509 0.014270
1520530412.653630 1.204643 0.014270
1520530412.753633 1.204609 0.014270
1520530412.853636 1.204578 0.014268
1520530412.953639 1.204552 0.014270
1520530413.003641 1.204516 0.014269
1520530413.103011 1.204508 0.014269
1520530413.153012 1.204464 0.014270
1520530413.253016 1.204547 0.014269
1520530413.353019 1.204559 0.014268
1520530413.452940 1.204584 0.014270
1520530413.552943 1.204551 0.014268
1520530413.652946 1.204530 0.014269
1520530413.853107 1.204632 0.014269
1520530413.953110 1.204515 0.014267
1520530414.053113 1.204528 0.014268
1520530414.153116 1.204564 0.014270
1520530414.252894 1.204573 0.014270
1520530414.352897 1.204605 0.014269
1520530414.452900 1.204527 0.014270
1520530414.552903 1.204537 0.014270
1520530414.652705 1.204586 0.014270
1520530414.752708 1.204588 0.014270
1520530414.852712 1.204572 0.014269
1520530414.952715 1.204442 0.014270
1520530415.052718 1.204531 0.014269
1520530415.153197 1.204523 0.014269
1520530415.253200 1.204538 0.014269
1520530415.353203 1.204526 0.014269
1520530415.453206 1.204580 0.014269
1520530415.553069 1.204553 0.014269
1520530415.653072 1.204554 0.014269
1520530415.753075 1.204536 0.014269
1520530415.853079 1.204602 0.014268
1520530415.953363 1.204522 0.014267
1520530416.103368 1.204566 0.014269
1520530416.453380 1.204506 0.014270
1520530416.603384 1.204683 0.014268
1520530416.703272 1.204712 0.014268
1520530416.753274 1.204693 0.014269
1520530416.853277 1.204673 0.014268
1520530416.953280 1.204574 0.014270
1520530417.053283 1.204547 0.014269
1520530417.153371 1.204546 0.014269
1520530417.253374 1.204551 0.014270
1520530417.503382 1.204702 0.014269
1520530417.603465 1.204548 0.014270
1520530417.703468 1.204665 0.014268
1520530417.803472 1.204776 0.014266
1520530417.903475 1.204687 0.014268
1520530418.003458 1.204610 0.014269
1520530418.103461 1.204535 0.014269
1520530418.203465 1.204557 0.014269
1520530418.303468 1.204571 0.014270
1520530418.453434 1.204616 0.014270
1520530418.603439 1.204669 0.014270
1520530418.753343 1.204516 0.014266
1520530418.853346 1.204421 0.014266
1520530418.953350 1.204431 0.014268
1520530419.053353 1.204472 0.014270
1520530419.153533 1.204486 0.014269
1520530419.253536 1.204507 0.014267
1520530419.353539 1.204509 0.014269
1520530419.453542 1.204521 0.014269
1520530419.603729 1.204594 0.014269
1520530419.753734 1.204573 0.014269
1520530419.853738 1.204544 0.014269
1520530419.953740 1.204520 0.014269
1520530420.053599 1.204509 0.014266
1520530420.153602 1.204521 0.014268
1520530420.253605 1.204509 0.014267
1520530420.353608 1.204512 0.014263
1520530420.453700 1.204452 0.014266
1520530420.603705 1.204488 0.014268
1520530420.803356 1.204562 0.014266
1520530420.903359 1.204542 0.014269
1520530421.003363 1.204532 0.014268
1520530421.103366 1.204536 0.014264
1520530421.203429 1.204568 0.014264
1520530421.253431 1.204470 0.014267
1520530421.353434 1.204494 0.014267
1520530421.453437 1.204524 0.014269
1520530421.553440 1.204527 0.014269
1520530421.653613 1.204520 0.014269
1520530421.753616 1.204516 0.014269
1520530421.903620 1.204489 0.014269
1520530422.053472 1.204503 0.014269
1520530422.153476 1.204473 0.014267
1520530422.253479 1.204441 0.014268
1520530422.353482 1.204500 0.014267
1520530422.453395 1.204512 0.014268
1520530422.503396 1.204518 0.014269
1520530422.603400 1.204529 0.014268
1520530422.703403 1.204522 0.014268
1520530422.803406 1.204467 0.014268
1520530422.903583 1.204489 0.014268
1520530423.053588 1.204604 0.014269
1520530423.153591 1.204630 0.014269
1520530423.253316 1.204560 0.014269
1520530423.303317 1.204564 0.014269
1520530423.403322 1.204597 0.014268
1520530423.503324 1.204600 0.014269
1520530423.603327 1.204652 0.014269
1520530423.702985 1.204583 0.014268
1520530423.752986 1.204602 0.014268
1520530423.852990 1.204555 0.014268
1520530423.902991 1.204568 0.014269
1520530424.002994 1.204595 0.014269
1520530424.052950 1.204587 0.014268
1520530424.153255 1.204577 0.014268
1520530424.253258 1.204614 0.014267
1520530424.353261 1.205294 0.014236
1520530424.453264 1.204488 0.014265
1520530424.504722 1.203558 0.014268
1520530424.604726 1.204754 0.014269
1520530424.704729 1.204667 0.014268
1520530424.854733 1.207113 0.014074
1520530424.903374 1.204800 0.014014
1520530425.003378 1.204303 0.014230
1520530425.053379 1.204262 0.014238
1520530425.153383 1.204223 0.014240
1520530425.253385 1.204267 0.014219
1520530425.353734 1.204591 0.014252
1520530425.453737 1.204528 0.014268
1520530425.603741 1.204567 0.014268
1520530425.703675 1.204628 0.014269
1520530425.753677 1.204639 0.014268
1520530425.853680 1.204608 0.014269
1520530425.903682 1.204590 0.014268
1520530426.003685 1.204655 0.014268
1520530426.103474 1.204752 0.014269
1520530426.203477 1.204680 0.014268
1520530426.303480 1.204442 0.014269
1520530426.353481 1.204619 0.014268
1520530426.453484 1.204569 0.014266
1520530426.503486 1.204537 0.014268
1520530426.653554 1.204705 0.014268
1520530426.753558 1.204726 0.014269
1520530426.803559 1.204647 0.014269
1520530426.903562 1.204613 0.014268
1520530426.953598 1.204549 0.014268
1520530427.053602 1.204584 0.014268
1520530427.153605 1.204590 0.014268
1520530427.253608 1.204573 0.014268
1520530427.353592 1.204529 0.014269
1520530427.453595 1.204581 0.014269
1520530427.803679 1.204766 0.014269
1520530427.903683 1.204703 0.014269
1520530428.003686 1.204612 0.014267
1520530428.053687 1.204376 0.014260
1520530428.153535 1.204390 0.014265
1520530428.203537 1.204491 0.014256
1520530428.303540 1.204502 0.014265
1520530428.353542 1.204555 0.014266
1520530428.453544 1.204543 0.014268
1520530428.503546 1.204519 0.014268
1520530428.603452 1.204339 0.014261
1520530428.703455 1.204420 0.014269
1520530428.753457 1.204471 0.014268
1520530428.853460 1.204516 0.014269
1520530428.903461 1.204546 0.014269
1520530429.003444 1.204655 0.014269
1520530429.053445 1.204678 0.014269
1520530429.153448 1.204733 0.014269
1520530429.203450 1.204685 0.014269
1520530429.303453 1.204660 0.014269
1520530429.353455 1.204624 0.014269
1520530429.453553 1.204639 0.014269
1520530429.503555 1.204662 0.014269
1520530429.603558 1.204571 0.014269
1520530429.653559 1.204561 0.014269
1520530429.753562 1.204553 0.014269
1520530429.803622 1.204574 0.014268
1520530429.903625 1.204578 0.014269
1520530429.953626 1.204555 0.014269
1520530430.053629 1.204552 0.014269
1520530430.103631 1.204573 0.014269
1520530430.203344 1.204547 0.014269
1520530430.253346 1.204534 0.014269
1520530430.353349 1.204524 0.014269
1520530430.403350 1.204544 0.014269
1520530430.503353 1.204516 0.014269
1520530430.603527 1.204458 0.014269
1520530430.703530 1.204525 0.014269
1520530430.753532 1.204526 0.014269
1520530430.853534 1.204555 0.014269
1520530430.953538 1.204548 0.014269
1520530431.053698 1.204555 0.014268
1520530431.103700 1.204559 0.014269
1520530431.203703 1.204585 0.014269
1520530431.253704 1.204516 0.014269
1520530431.353708 1.204633 0.014269
1520530431.403709 1.204656 0.014269
1520530431.503564 1.204651 0.014269
1520530431.553565 1.204620 0.014269
1520530431.653568 1.204732 0.014268
1520530431.703570 1.204850 0.014268
1520530431.803573 1.204808 0.014269
1520530431.853524 1.204765 0.014269
1520530431.953527 1.204856 0.014269
1520530432.003529 1.204585 0.014268
1520530432.103532 1.204549 0.014269
1520530432.153533 1.204535 0.014268
1520530432.253696 1.204501 0.014268
1520530432.303698 1.204515 0.014269
1520530432.403701 1.204541 0.014269
1520530432.503704 1.204508 0.014269
1520530432.603708 1.204546 0.014269
1520530432.653548 1.204577 0.014269
1520530432.753551 1.204634 0.014268
1520530432.803553 1.204552 0.014269
1520530432.903556 1.204679 0.014269
1520530432.953557 1.204848 0.014267
1520530433.053690 1.205178 0.014269
1520530433.103691 1.205037 0.014269
1520530433.203694 1.204994 0.014269
1520530433.303697 1.204923 0.014268
1520530433.403700 1.204788 0.014268
1520530433.503793 1.204697 0.014268
1520530433.603796 1.204639 0.014267
1520530433.653798 1.204566 0.014268
1520530433.753801 1.204532 0.014269
1520530433.853804 1.204527 0.014269
1520530433.953632 1.204548 0.014269
1520530434.003634 1.204538 0.014269
1520530434.103637 1.204565 0.014269
1520530434.153638 1.204542 0.014269
1520530434.253642 1.204516 0.014269
1520530434.303478 1.204460 0.014269
1520530434.403481 1.204483 0.014269
1520530434.453483 1.204451 0.014269
1520530434.553486 1.204499 0.014269
1520530434.603488 1.204508 0.014268
1520530434.703655 1.204494 0.014268
1520530434.753658 1.204496 0.014269
1520530434.853723 1.204491 0.014269
1520530434.903661 1.204497 0.014268
1520530435.003664 1.204502 0.014269
1520530435.103796 1.204545 0.014269
1520530435.153798 1.204541 0.014268
1520530435.253801 1.204510 0.014269
1520530435.303802 1.204490 0.014269
1520530435.403806 1.204500 0.014269
1520530435.453807 1.204536 0.014268
1520530435.554088 1.204492 0.014269
1520530435.604089 1.204502 0.014268
1520530435.704092 1.204525 0.014268
1520530435.754094 1.204496 0.014268
1520530435.854097 1.204477 0.014269
1520530435.904099 1.204476 0.014268
1520530436.003837 1.204465 0.014268
1520530436.053838 1.204481 0.014269
1520530436.153841 1.204486 0.014269
1520530436.203843 1.204484 0.014269
1520530436.303846 1.204474 0.014269
1520530436.403957 1.204477 0.014269
1520530436.553962 1.204461 0.014269
1520530436.703966 1.204571 0.014269
1520530436.804032 1.204594 0.014269
1520530436.904035 1.204556 0.014269
1520530436.954037 1.204502 0.014269
1520530437.054040 1.204534 0.014269
1520530437.104042 1.204502 0.014267
1520530437.203536 1.204526 0.014268
1520530437.253536 1.204537 0.014268
1520530437.353539 1.204534 0.014268
1520530437.453545 1.204539 0.014268
1520530437.503545 1.204532 0.014263
1520530437.603872 1.204543 0.014269
1520530437.653873 1.204525 0.014266
1520530437.753876 1.204521 0.014269
1520530437.803878 1.204512 0.014269
1520530437.903881 1.204527 0.014269
1520530438.004481 1.204551 0.014268
1520530438.104484 1.204534 0.014269
1520530438.154486 1.204539 0.014268
1520530438.254489 1.204544 0.014269
1520530438.304490 1.204580 0.014269
1520530438.403621 1.204518 0.014268
1520530438.453623 1.204822 0.014267
1520530438.553626 1.204493 0.014269
1520530438.653629 1.204480 0.014268
1520530438.703631 1.204504 0.014266
1520530438.804389 1.204438 0.014268
1520530438.854392 1.204639 0.014269
1520530438.954395 1.204707 0.014269
1520530439.104398 1.204748 0.014269
1520530439.204654 1.204618 0.014269
1520530439.354659 1.204430 0.014265
1520530439.604177 1.204179 0.014269
1520530439.704263 1.204352 0.014268
1520530439.804183 1.204448 0.014269
1520530439.904186 1.204493 0.014268
1520530440.004099 1.204570 0.014268
1520530440.154104 1.204598 0.014268
1520530440.304109 1.204681 0.014268
1520530440.404112 1.204784 0.014268
1520530440.503979 1.204840 0.014268
1520530440.603982 1.204900 0.014269
1520530440.753987 1.204855 0.014269
1520530440.853871 1.204814 0.014269
1520530440.953874 1.204743 0.014269
1520530441.053876 1.204660 0.014269
1520530441.153883 1.204691 0.014269
1520530441.253889 1.204643 0.014268
1520530441.353892 1.204669 0.014269
1520530441.453895 1.204598 0.014269
1520530441.553898 1.204546 0.014269
1520530441.704084 1.204562 0.014269
1520530441.854089 1.204642 0.014269
1520530442.004094 1.204491 0.014268
1520530442.104032 1.204433 0.014267
1520530442.204035 1.204481 0.014266
1520530442.304038 1.204438 0.014263
1520530442.404042 1.204387 0.014266
1520530442.503716 1.204424 0.014267
1520530442.553717 1.204457 0.014263
1520530442.653721 1.204463 0.014266
1520530442.703722 1.204417 0.014265
1520530442.803725 1.204412 0.014269
1520530442.904376 1.204399 0.014268
1520530442.954377 1.204415 0.014268
1520530443.054381 1.204527 0.014267
1520530443.154384 1.204445 0.014267
1520530443.254387 1.204530 0.014268
1520530443.454471 1.204623 0.014269
1520530443.554474 1.204594 0.014269
1520530443.654478 1.204581 0.014266
1520530443.754014 1.204507 0.014268
1520530443.854018 1.204460 0.014268
1520530443.954022 1.204480 0.014269
1520530444.054024 1.204485 0.014269
1520530444.154403 1.204495 0.014268
1520530444.254406 1.204493 0.014269
1520530444.354410 1.204477 0.014269
1520530444.454413 1.204489 0.014268
1520530444.505161 1.204425 0.014268
1520530444.605164 1.204457 0.014269
1520530444.705167 1.204481 0.014269
1520530444.805170 1.204577 0.014269
1520530444.905173 1.204853 0.014270
1520530445.004964 1.204490 0.014268
1520530445.054965 1.204510 0.014269
1520530445.154968 1.204553 0.014268
1520530445.204970 1.204491 0.014269
1520530445.304973 1.204481 0.014269
1520530445.403894 1.204463 0.014267
1520530445.453896 1.204434 0.014268
1520530445.553899 1.204484 0.014269
1520530445.603900 1.204460 0.014267
1520530445.703904 1.204459 0.014269
1520530445.753751 1.204476 0.014264
1520530445.853755 1.204459 0.014269
1520530445.903755 1.204463 0.014269
1520530446.003758 1.204458 0.014269
1520530446.103761 1.204456 0.014269
1520530446.154954 1.204621 0.014269
1520530446.254902 1.204622 0.014269
1520530446.354905 1.204526 0.014270
1520530446.454908 1.204453 0.014270
1520530446.554783 1.204521 0.014269
1520530446.654786 1.204659 0.014268
1520530446.754789 1.204718 0.014268
1520530446.854792 1.204669 0.014263
1520530446.954330 1.204611 0.014266
1520530447.054334 1.204541 0.014263
1520530447.154337 1.204476 0.014269
1520530447.254340 1.204523 0.014269
1520530447.354343 1.204422 0.014268
1520530447.454125 1.204416 0.014269
1520530447.604130 1.204422 0.014268
1520530447.754142 1.204423 0.014269
1520530448.203885 1.204507 0.014270
1520530448.353889 1.204514 0.014268
