DelayedMarginalization 0.000963153 2.74635e-08 0.00184346 1381
DelayedMarginalizationOnly 0.000463038 1.76918e-08 0.00108627 1381
EF-marginalizeFrame 0.00141304 4.014e-08 0.00233887 1381
FullSystem::trackNewCoarse 0.00311442 7.46659e-07 0.00923053 2674
FullSystem::trackNewCoarseNoIMU 0.00197968 3.16907e-07 0.00434515 109
FullSystemOptimize 0.0393521 4.79543e-05 0.0566501 1387
GraphUnrolling 0.0131741 0.000294598 0.0491043 13
IMUInitAddPose 2.63797e-05 1.71856e-11 8.6107e-05 1387
IMUInitOptimize 0.00324123 2.44724e-06 0.00476155 3
IMUIntegration::finishKeyframeOperations 5.55444e-05 2.86173e-10 0.000325108 1379
InitializerFirstFrame 0.0346597 -nan 0.0346597 1
InitializerOtherFrames 0.0594247 8.75026e-05 0.0803635 35
MainMarginalization 0.00120559 3.32175e-08 0.00209788 1381
MarginalizationReplacementBuildGraph 0.00089763 4.96403e-07 0.00233945 11
MarginalizationReplacementReplaceGraph 0.0155503 0.000319587 0.0493586 11
MarginalizeMainGraph 0.000499426 6.84743e-09 0.00128702 1381
PGBA 0.0119136 2.12012e-06 0.0129432 2
PGBAFull 0.00239734 2.34265e-05 0.0138402 13
PrepareGraphForMainOptimization 0.0132565 0.000296721 0.049323 13
VisualMarginalization 3.99927e-05 1.01519e-10 0.000225291 1381
activatePointsMT 0.00336404 7.36174e-07 0.00833557 1387
addActiveFrame 0.0436286 0.00103264 0.132087 2819
addIMUData 0.000693965 2.58868e-08 0.00176145 2674
addIMUDataToBA 3.62427e-05 1.683e-10 0.00024404 2818
addKeyframeToBA 3.61793e-05 2.82063e-11 8.2862e-05 1387
afterCoarseTracking 9.25416e-05 1.30199e-07 0.00368274 2783
baIteration 0.00606272 1.25348e-06 0.0106364 7940
baMatrixInversion 0.000229006 1.87923e-09 0.000657711 7940
baUpdateBuildHessians 0.000508358 4.85407e-09 0.00147014 7940
coarseTrackingIteration 0.000198525 5.62322e-09 0.00466282 27651
computeBAUpdate 0.000823306 1.27067e-08 0.0018141 7940
computeCoarseUpdate 9.48499e-05 1.83623e-09 0.00462871 26077
computeFactorForCoarseGraphAndMarginalCovariances 0.00305332 3.47993e-07 0.00644588 1379
convertHAndBFromDSO 0.000150325 3.45614e-09 0.000555743 13468
debugPlot 9.00901e-08 8.97172e-14 1.1177e-05 1387
debugPlotIDepthMap 0.002874 3.28894e-07 0.00842883 1387
debugPlotIDepthMapFloat 1.47924e-07 9.06009e-16 3.8e-07 1387
deliverTrackedFrame 0.0373193 0.00102405 0.125601 2784
flagFramesForMarginalization 1.63555e-06 2.81934e-13 1.2649e-05 1387
fullCoarseTracking 0.00394696 1.0972e-06 0.0104917 2783
initObjectsAndMakeImage 0.00212219 3.81837e-08 0.00382798 2819
makeKeyframe 0.0677059 7.90331e-05 0.124529 1387
makeKeyframeChangeTrackingRef 0.00515967 9.04937e-07 0.0133473 1387
makeNewTraces 0.00536389 6.66842e-07 0.0114441 1387
makeNonKeyframe 0.00500152 2.77894e-06 0.00998148 1397
marginalizeAndRemovePoints 0.00327628 9.20635e-07 0.00821373 1387
marginalizeFrame 0.00260226 2.87362e-07 0.0060355 1381
marginalizeFrameOverhead 0.00118695 2.12962e-07 0.00462128 1381
marginalizeFrames 0.00259889 4.66886e-07 0.00630965 1387
newFrameAndNewResidualsForOldPoints 0.001055 5.57553e-08 0.00185185 1387
printBiases 3.66442e-05 1.78546e-10 0.000330263 1387
printEigenValLine 1.03181e-07 4.30232e-16 3.4e-07 1387
printLogLine 1.64252e-07 2.5937e-13 1.9054e-05 1387
publishInMakeKeyframe 0.000299224 4.86877e-08 0.0037013 1387
removeOutliers 0.000180074 2.0385e-09 0.000504767 1387
swapTrackingRef 2.47966e-05 5.3832e-11 0.000256419 1387
timeMeasurement 8.57061e-07 4.30819e-13 1.2566e-05 2819
traceNewCoarse 0.00416441 2.77927e-06 0.00997068 2784
updateBAValues 6.10151e-06 3.75339e-12 3.5535e-05 13086
zero 1.08407e-07 4.01929e-14 1.0571e-05 2819
