1403636637.363556 -0.016467  0.001323  0.000001 0.019284 0.020200 0.000000
1403636637.663556 -0.017847 -0.000649  0.000000 0.018329 0.018528 0.000000
1403636637.963556 -0.016652 -0.000948  0.000000 0.017338 0.017248 0.000000
1403636638.113555 -0.015313 -0.000898  0.000000 0.016883 0.016743 0.000000
1403636638.263556 -0.014905 -0.000678  0.000000 0.016511 0.016279 0.000000
1403636638.513556 -0.013585 -0.001224  0.000000 0.015877 0.015625 0.000000
1403636638.813555 -0.014124 -0.001630  0.000000 0.015032 0.015023 0.000000
1403636639.063555 -0.015026 -0.002513  0.000000 0.014339 0.014521 0.000000
1403636639.313555 -0.015406 -0.003056  0.000000 0.013756 0.014101 0.000000
1403636639.463556 -0.015666 -0.003506  0.000001 0.013429 0.013849 0.000000
1403636639.613555 -0.015633 -0.003749  0.000000 0.013150 0.013618 0.000000
1403636639.863556 -0.015750 -0.003764  0.000000 0.012744 0.013261 0.000000
1403636640.063555 -0.016079 -0.004331  0.000001 0.012453 0.012999 0.000000
1403636640.313555 -0.016627 -0.004473  0.000000 0.012105 0.012669 0.000000
1403636640.563555 -0.017135 -0.004357 -0.000000 0.011746 0.012312 0.000000
1403636641.013556 -0.017850 -0.004107 -0.000000 0.011023 0.011444 0.000000
1403636641.263556 -0.018340 -0.004050 -0.000000 0.010609 0.010928 0.000000
1403636641.413555 -0.018918 -0.003998 -0.000000 0.010372 0.010617 0.000000
1403636641.963556 -0.019257 -0.004092  0.000001 0.009647 0.009717 0.000000
1403636642.163556 -0.019805 -0.004414  0.000000 0.009405 0.009377 0.000000
1403636642.463556 -0.020410 -0.004989  0.000001 0.009168 0.009052 0.000000
1403636642.913555 -0.020629 -0.005968  0.000001 0.009007 0.008819 0.000000
1403636643.763556 -0.020683 -0.007043  0.000001 0.008865 0.008707 0.000000
1403636644.063555 -0.020437 -0.007771  0.000001 0.008812 0.008685 0.000000
1403636644.363556 -0.020410 -0.007718 -0.000000 0.008770 0.008679 0.000000
1403636644.563555 -0.020388 -0.007690 -0.000000 0.008735 0.008655 0.000000
1403636644.813555 -0.020320 -0.007434 -0.000000 0.008684 0.008624 0.000000
1403636645.013556 -0.020208 -0.007367 -0.000000 0.008649 0.008597 0.000000
1403636645.163556 -0.020133 -0.007310 -0.000000 0.008639 0.008590 0.000000
1403636645.413555 -0.020106 -0.007281  0.000000 0.008619 0.008585 0.000000
1403636645.663556 -0.019904 -0.007358  0.000000 0.008602 0.008565 0.000000
1403636645.863556 -0.019478 -0.007192 -0.000000 0.008589 0.008543 0.000000
1403636646.063555 -0.019367 -0.007269 -0.000000 0.008578 0.008544 0.000000
1403636646.263556 -0.019277 -0.007189 -0.000000 0.008569 0.008547 0.000000
1403636646.413555 -0.019276 -0.007119  0.000000 0.008564 0.008535 0.000000
1403636646.563555 -0.019158 -0.007095  0.000000 0.008571 0.008518 0.000000
1403636646.813555 -0.019130 -0.006976 -0.000000 0.008470 0.008386 0.000000
1403636647.063555 -0.018985 -0.006761 -0.000000 0.008190 0.008096 0.000000
1403636647.413555 -0.018830 -0.004937 -0.000002 0.007553 0.007494 0.000000
1403636647.613555 -0.018774 -0.003640 -0.000002 0.007127 0.007077 0.000000
1403636647.913555 -0.019710 -0.002208 -0.000002 0.006508 0.006447 0.000000
1403636648.113555 -0.020053 -0.001861 -0.000002 0.006125 0.006042 0.000000
1403636648.313555 -0.020857  0.000419 -0.000003 0.005725 0.005622 0.000000
1403636648.513556 -0.020735  0.002911 -0.000003 0.005283 0.005153 0.000000
1403636648.713556 -0.020693  0.003409 -0.000004 0.004839 0.004684 0.000000
1403636649.013556 -0.020141  0.005520 -0.000011 0.004110 0.003933 0.000000
1403636649.263556 -0.018804  0.010278 -0.000007 0.003483 0.003333 0.000000
1403636649.613555 -0.016936  0.013765 -0.000003 0.002834 0.002692 0.000000
1403636649.913555 -0.014700  0.014680 -0.000002 0.002402 0.002264 0.000000
1403636650.113555 -0.012951  0.014507 -0.000001 0.002189 0.002033 0.000000
1403636650.313555 -0.012230  0.014588 -0.000002 0.002000 0.001848 0.000000
1403636650.513556 -0.011506  0.014604 -0.000002 0.001891 0.001750 0.000000
1403636650.713556 -0.010596  0.015094 -0.000004 0.001767 0.001619 0.000000
1403636651.713556 -0.008483  0.016770 -0.000010 0.001281 0.001154 0.000000
1403636651.963556 -0.007573  0.017315 -0.000004 0.001214 0.001094 0.000000
1403636652.113555 -0.006972  0.017518 -0.000003 0.001173 0.001051 0.000000
1403636652.263556 -0.006269  0.017942 -0.000001 0.001142 0.001021 0.000000
1403636652.413555 -0.006001  0.017763 -0.000000 0.001112 0.000992 0.000000
1403636652.613555 -0.005797  0.017618 -0.000001 0.001057 0.000941 0.000000
1403636653.163556 -0.005459  0.017593 -0.000001 0.000886 0.000805 0.000000
1403636653.313555 -0.005195  0.017457 -0.000001 0.000842 0.000770 0.000000
1403636653.813555 -0.004357  0.016012 -0.000000 0.000733 0.000675 0.000000
1403636654.113555 -0.003893  0.015250  0.000000 0.000686 0.000633 0.000000
1403636654.463556 -0.003127  0.014379  0.000000 0.000643 0.000593 0.000000
1403636654.713556 -0.002825  0.014035 -0.000000 0.000617 0.000570 0.000000
1403636654.863556 -0.003432  0.013689  0.000000 0.000603 0.000556 0.000000
1403636655.263556 -0.003753  0.012950  0.000000 0.000567 0.000523 0.000000
1403636655.463556 -0.003204  0.012775 -0.000000 0.000554 0.000510 0.000000
1403636655.663556 -0.003011  0.012637 -0.000000 0.000540 0.000497 0.000000
1403636655.913555 -0.002544  0.012306 -0.000000 0.000522 0.000480 0.000000
1403636656.113555 -0.002353  0.012253 -0.000000 0.000507 0.000466 0.000000
1403636656.413555 -0.002272  0.011788  0.000000 0.000488 0.000448 0.000000
1403636656.663556 -0.002295  0.011709  0.000000 0.000470 0.000434 0.000000
1403636656.863556 -0.002435  0.011536  0.000000 0.000457 0.000423 0.000000
1403636657.163556 -0.002515  0.011407  0.000000 0.000439 0.000408 0.000000
1403636657.413555 -0.002663  0.011145 -0.000000 0.000427 0.000396 0.000000
1403636657.663556 -0.002745  0.010985 -0.000000 0.000416 0.000386 0.000000
1403636657.913555 -0.002818  0.010816 -0.000000 0.000405 0.000377 0.000000
1403636658.113555 -0.003074  0.010739  0.000000 0.000398 0.000371 0.000000
1403636658.313555 -0.003108  0.010541  0.000000 0.000391 0.000364 0.000000
1403636658.513556 -0.003071  0.010316 -0.000000 0.000384 0.000358 0.000000
1403636658.663556 -0.003132  0.010194 -0.000000 0.000380 0.000355 0.000000
1403636658.863556 -0.003217  0.009971  0.000000 0.000374 0.000351 0.000000
1403636659.013556 -0.003378  0.009873  0.000000 0.000370 0.000348 0.000000
1403636659.263556 -0.003493  0.009860  0.000000 0.000365 0.000344 0.000000
1403636659.463556 -0.003573  0.009844  0.000000 0.000360 0.000340 0.000000
1403636659.813555 -0.003727  0.009877  0.000000 0.000354 0.000336 0.000000
1403636660.063555 -0.003917  0.009878  0.000000 0.000350 0.000333 0.000000
1403636660.263556 -0.004082  0.009890  0.000000 0.000347 0.000331 0.000000
1403636660.713556 -0.004271  0.009859  0.000000 0.000342 0.000328 0.000000
1403636660.863556 -0.004413  0.009876  0.000000 0.000341 0.000327 0.000000
1403636661.113555 -0.004576  0.009816  0.000000 0.000338 0.000325 0.000000
1403636661.413555 -0.004775  0.009827  0.000000 0.000336 0.000323 0.000000
1403636661.813555 -0.004919  0.009938 -0.000000 0.000333 0.000322 0.000000
1403636662.113555 -0.004861  0.009945  0.000000 0.000331 0.000320 0.000000
1403636662.513556 -0.004886  0.009943 -0.000000 0.000329 0.000319 0.000000
1403636662.863556 -0.004770  0.009962 -0.000000 0.000327 0.000318 0.000000
1403636663.163556 -0.004782  0.009927 -0.000000 0.000326 0.000316 0.000000
1403636663.513556 -0.004866  0.010072 -0.000000 0.000324 0.000314 0.000000
1403636663.863556 -0.004896  0.010238  0.000000 0.000324 0.000313 0.000000
1403636664.063555 -0.006497  0.010823  0.000000 0.000354 0.000340 0.000000
1403636664.213556 -0.006679  0.010847  0.000000 0.000354 0.000340 0.000000
1403636664.363556 -0.006689  0.010790  0.000000 0.000353 0.000340 0.000000
1403636664.513556 -0.006678  0.010773 -0.000000 0.000353 0.000340 0.000000
1403636664.663556 -0.006664  0.010768  0.000000 0.000353 0.000339 0.000000
1403636664.813555 -0.006599  0.010752 -0.000000 0.000353 0.000339 0.000000
1403636664.963556 -0.006530  0.010729 -0.000000 0.000352 0.000339 0.000000
1403636665.113555 -0.006472  0.010717 -0.000000 0.000352 0.000339 0.000000
1403636665.263556 -0.006406  0.010649  0.000000 0.000352 0.000339 0.000000
1403636665.413555 -0.006428  0.010605 -0.000000 0.000351 0.000338 0.000000
1403636665.563555 -0.006408  0.010541 -0.000000 0.000351 0.000338 0.000000
1403636665.713556 -0.006322  0.010506 -0.000000 0.000351 0.000338 0.000000
1403636665.863556 -0.006284  0.010529 -0.000000 0.000350 0.000338 0.000000
1403636666.013556 -0.006342  0.010529  0.000000 0.000350 0.000338 0.000000
1403636666.163556 -0.006237  0.010505 -0.000000 0.000350 0.000337 0.000000
1403636666.313555 -0.006277  0.010547 -0.000000 0.000349 0.000337 0.000000
1403636666.463556 -0.006265  0.010515 -0.000000 0.000349 0.000337 0.000000
1403636666.663556 -0.006211  0.010471 -0.000000 0.000348 0.000337 0.000000
1403636666.863556 -0.006174  0.010448  0.000000 0.000348 0.000337 0.000000
1403636667.063555 -0.006187  0.010420  0.000000 0.000348 0.000337 0.000000
1403636667.213556 -0.006157  0.010428 -0.000000 0.000348 0.000337 0.000000
1403636667.413555 -0.006142  0.010438 -0.000000 0.000348 0.000337 0.000000
1403636667.613555 -0.006164  0.010406  0.000000 0.000348 0.000336 0.000000
1403636667.863556 -0.006135  0.010359 -0.000000 0.000347 0.000336 0.000000
1403636668.113555 -0.006116  0.010324  0.000000 0.000347 0.000336 0.000000
1403636668.363556 -0.006137  0.010306  0.000000 0.000347 0.000336 0.000000
1403636668.613555 -0.006117  0.010272 -0.000000 0.000347 0.000336 0.000000
1403636668.863556 -0.006128  0.010251 -0.000000 0.000347 0.000336 0.000000
1403636669.063555 -0.006123  0.010202 -0.000000 0.000347 0.000336 0.000000
1403636669.263556 -0.005986  0.010183 -0.000000 0.000347 0.000336 0.000000
1403636669.463556 -0.005934  0.010209 -0.000000 0.000347 0.000336 0.000000
1403636669.663556 -0.005955  0.010206 -0.000000 0.000347 0.000336 0.000000
1403636669.813555 -0.005934  0.010227  0.000000 0.000347 0.000336 0.000000
1403636669.963556 -0.005945  0.010221  0.000000 0.000347 0.000336 0.000000
1403636670.163556 -0.005991  0.010159  0.000000 0.000346 0.000336 0.000000
1403636670.313555 -0.006019  0.010128  0.000000 0.000346 0.000336 0.000000
1403636670.563555 -0.006043  0.010067  0.000000 0.000346 0.000335 0.000000
1403636670.763556 -0.006072  0.010065  0.000000 0.000346 0.000335 0.000000
1403636670.913555 -0.006088  0.010051  0.000000 0.000345 0.000335 0.000000
1403636671.063555 -0.006097  0.010037  0.000000 0.000345 0.000335 0.000000
1403636671.213556 -0.006133  0.010016  0.000000 0.000345 0.000335 0.000000
1403636671.313555 -0.006159  0.009999  0.000000 0.000345 0.000335 0.000000
1403636671.413555 -0.006187  0.010005  0.000000 0.000345 0.000335 0.000000
1403636671.513556 -0.006196  0.010006  0.000000 0.000345 0.000335 0.000000
1403636671.663556 -0.006148  0.010034 -0.000000 0.000344 0.000335 0.000000
1403636671.813555 -0.006140  0.010043 -0.000000 0.000344 0.000335 0.000000
1403636671.963556 -0.006122  0.010068 -0.000000 0.000344 0.000334 0.000000
1403636672.163556 -0.009573  0.010703  0.000007 0.001330 0.001221 0.000000
1403636672.363556 -0.010830  0.010372  0.000004 0.001309 0.001210 0.000000
1403636672.513556 -0.011680  0.010157  0.000003 0.001293 0.001203 0.000000
1403636672.663556 -0.012743  0.009966  0.000000 0.001275 0.001194 0.000000
1403636672.913555 -0.012968  0.010039 -0.000000 0.001251 0.001182 0.000000
1403636673.113555 -0.012590  0.010179 -0.000000 0.001234 0.001172 0.000000
1403636673.363556 -0.012103  0.010302 -0.000000 0.001214 0.001158 0.000000
1403636673.563555 -0.011768  0.010601 -0.000000 0.001198 0.001147 0.000000
1403636673.763556 -0.011482  0.010549 -0.000000 0.001184 0.001137 0.000000
1403636674.063555 -0.010957  0.010550 -0.000000 0.001164 0.001122 0.000000
1403636674.313555 -0.010454  0.010687 -0.000000 0.001149 0.001110 0.000000
1403636674.513556 -0.010277  0.010877 -0.000000 0.001138 0.001101 0.000000
1403636674.713556 -0.010057  0.011000 -0.000000 0.001126 0.001093 0.000000
1403636674.913555 -0.009878  0.011092  0.000000 0.001114 0.001085 0.000000
1403636675.213556 -0.009887  0.011352 -0.000000 0.001097 0.001075 0.000000
1403636675.413555 -0.009691  0.011353 -0.000001 0.001086 0.001066 0.000000
1403636675.563555 -0.009316  0.011223 -0.000000 0.001078 0.001061 0.000000
1403636675.713556 -0.003123  0.012372 -0.000004 0.001880 0.001904 0.000000
1403636675.863556 -0.002243  0.012769 -0.000003 0.001846 0.001869 0.000000
1403636676.013556 -0.001689  0.013094 -0.000002 0.001818 0.001843 0.000000
1403636676.163556 -0.000919  0.013567 -0.000000 0.001789 0.001816 0.000000
1403636676.363556 -0.000325  0.013522 -0.000000 0.001737 0.001776 0.000000
1403636676.563555  0.000421  0.013332 -0.000000 0.001687 0.001735 0.000000
1403636676.763556  0.000878  0.013039 -0.000000 0.001637 0.001689 0.000000
1403636676.963556  0.000954  0.012936 -0.000000 0.001588 0.001645 0.000000
1403636677.263556  0.001375  0.012553 -0.000001 0.001512 0.001582 0.000000
1403636677.463556  0.001555  0.012047 -0.000001 0.001466 0.001541 0.000000
1403636677.663556  0.001676  0.011740 -0.000000 0.001423 0.001506 0.000000
1403636677.813555  0.002118  0.011279 -0.000000 0.001385 0.001479 0.000000
1403636677.963556  0.002377  0.011102 -0.000000 0.001349 0.001453 0.000000
1403636678.163556  0.002557  0.011156 -0.000000 0.001307 0.001421 0.000000
1403636678.413555  0.002409  0.010674 -0.000000 0.001258 0.001384 0.000000
1403636678.613555  0.002400  0.010366 -0.000000 0.001221 0.001356 0.000000
1403636678.813555 0.002507 0.010427 0.000000 0.001186 0.001328 0.000000
1403636679.013556 0.002229 0.010565 0.000000 0.001157 0.001303 0.000000
1403636679.213556 0.001903 0.010935 0.000000 0.001130 0.001280 0.000000
1403636679.413555 0.001670 0.011076 0.000000 0.001104 0.001259 0.000000
1403636679.663556 0.001302 0.011322 0.000001 0.001075 0.001234 0.000000
1403636679.913555 0.000943 0.011936 0.000001 0.001045 0.001208 0.000000
1403636680.163556 0.000655 0.012098 0.000000 0.001018 0.001186 0.000000
1403636680.463556 0.000266 0.012849 0.000000 0.000993 0.001164 0.000000
1403636680.713556 -0.000168  0.013318  0.000001 0.000973 0.001151 0.000000
1403636680.913555 -0.000248  0.013595  0.000000 0.000959 0.001143 0.000000
1403636681.113555 -0.000518  0.013584  0.000001 0.000949 0.001138 0.000000
1403636681.313555 -0.000916  0.013788  0.000001 0.000939 0.001129 0.000000
1403636681.513556 -0.001506  0.014094  0.000000 0.000931 0.001121 0.000000
1403636681.763556 -0.002002  0.014533  0.000000 0.000923 0.001112 0.000000
1403636681.963556 -0.002357  0.014962  0.000000 0.000916 0.001106 0.000000
1403636682.163556 -0.002657  0.015462  0.000000 0.000910 0.001100 0.000000
1403636682.363556 -0.003013  0.015813 -0.000000 0.000904 0.001095 0.000000
1403636682.563555 -0.003544  0.016082  0.000000 0.000899 0.001091 0.000000
1403636682.763556 -0.004050  0.016445  0.000000 0.000895 0.001087 0.000000
1403636683.013556 -0.004444  0.017078 -0.000000 0.000890 0.001081 0.000000
1403636683.263556 -0.004993  0.017450 -0.000000 0.000886 0.001078 0.000000
1403636683.463556 -0.005499  0.017670 -0.000000 0.000883 0.001075 0.000000
1403636683.663556 -0.005921  0.017915  0.000000 0.000880 0.001072 0.000000
1403636683.863556 -0.003089  0.010526 -0.000000 0.001210 0.001483 0.000000
1403636684.113555 -0.003374  0.010720  0.000000 0.001207 0.001480 0.000000
1403636684.363556 -0.003802  0.011203 -0.000000 0.001204 0.001475 0.000000
1403636684.663556 -0.004358  0.011589 -0.000000 0.001201 0.001472 0.000000
1403636684.863556 -0.004666  0.011934 -0.000000 0.001200 0.001471 0.000000
1403636685.113555 -0.004920  0.012347 -0.000000 0.001197 0.001468 0.000000
1403636685.463556 -0.006878  0.011484 -0.000000 0.001230 0.001550 0.000000
1403636685.763556 -0.007342  0.011939 -0.000000 0.001229 0.001548 0.000000
1403636685.963556 -0.007524  0.012278 -0.000000 0.001228 0.001547 0.000000
1403636686.213556 -0.007761  0.012503 -0.000000 0.001227 0.001546 0.000000
1403636686.563555 -0.008070  0.012779  0.000000 0.001225 0.001544 0.000000
1403636686.863556 -0.008309  0.012954  0.000000 0.001224 0.001543 0.000000
1403636687.213556 -0.008559  0.013388 -0.000000 0.001223 0.001541 0.000000
1403636687.613555 -0.008609  0.013851  0.000000 0.001222 0.001539 0.000000
1403636687.913555 -0.008761  0.013938  0.000000 0.001221 0.001539 0.000000
1403636688.163556 -0.008858  0.014113 -0.000000 0.001220 0.001537 0.000000
1403636688.463556 -0.008937  0.014220  0.000000 0.001220 0.001537 0.000000
1403636688.713556 -0.009004  0.014279  0.000000 0.001219 0.001536 0.000000
1403636688.913555 -0.009121  0.014375  0.000000 0.001219 0.001536 0.000000
1403636689.113555 -0.009195  0.014476 -0.000000 0.001219 0.001536 0.000000
1403636689.313555 -0.009271  0.014426  0.000000 0.001219 0.001536 0.000000
1403636689.513556 -0.009383  0.014577 -0.000000 0.001218 0.001535 0.000000
1403636689.713556 -0.009494  0.014668  0.000000 0.001218 0.001535 0.000000
1403636689.963556 -0.009596  0.014864 -0.000000 0.001218 0.001534 0.000000
1403636690.263556 -0.014345  0.010382 -0.000000 0.001334 0.001720 0.000000
1403636690.463556 -0.014397  0.010546 -0.000000 0.001334 0.001718 0.000000
1403636690.713556 -0.015487  0.009866 -0.000000 0.001360 0.001738 0.000000
1403636690.963556 -0.015512  0.009957  0.000000 0.001360 0.001737 0.000000
1403636691.113555 -0.015501  0.010254  0.000000 0.001360 0.001736 0.000000
1403636691.213556 -0.015494  0.010432 -0.000000 0.001360 0.001735 0.000000
1403636691.313555 -0.015515  0.010543 -0.000000 0.001360 0.001735 0.000000
1403636691.413555 -0.018620  0.009687  0.000002 0.001417 0.001779 0.000000
1403636691.513556 -0.018901  0.009745  0.000000 0.001417 0.001779 0.000000
1403636691.613555 -0.018946  0.009725  0.000000 0.001417 0.001778 0.000000
1403636691.713556 -0.019016  0.009635 -0.000000 0.001417 0.001778 0.000000
1403636691.813555 -0.019059  0.009720 -0.000001 0.001417 0.001778 0.000000
1403636691.963556 -0.019017  0.009697 -0.000000 0.001417 0.001778 0.000000
1403636692.113555 -0.019075  0.009777  0.000000 0.001417 0.001777 0.000000
1403636692.263556 -0.019079  0.009854 -0.000000 0.001417 0.001777 0.000000
1403636692.413555 -0.019120  0.009917 -0.000000 0.001417 0.001777 0.000000
1403636692.563555 -0.019136  0.009951 -0.000000 0.001417 0.001777 0.000000
1403636692.713556 -0.019171  0.010041  0.000000 0.001417 0.001777 0.000000
1403636692.913555 -0.019244  0.010168  0.000000 0.001416 0.001777 0.000000
1403636693.213556 -0.019325  0.010352  0.000001 0.001416 0.001777 0.000000
1403636693.513556 -0.019423  0.010503  0.000001 0.001416 0.001777 0.000000
1403636693.913555 -0.019431  0.010237  0.000000 0.001415 0.001777 0.000000
1403636694.163556 -0.019539  0.010209 -0.000000 0.001415 0.001776 0.000000
1403636694.663556 -0.019605  0.010152 -0.000000 0.001415 0.001776 0.000000
1403636695.113555 -0.019732  0.010130  0.000000 0.001415 0.001775 0.000000
1403636695.563555 -0.019837  0.010291 -0.000000 0.001415 0.001776 0.000000
1403636696.263556 -0.019934  0.010369 -0.000000 0.001415 0.001776 0.000000
1403636697.613555 -0.020129  0.010923  0.000001 0.001415 0.001776 0.000000
1403636697.813555 -0.019979  0.010388 -0.000000 0.001415 0.001775 0.000000
1403636698.013556 -0.031534  0.000647  0.000029 0.001734 0.002029 0.000000
1403636698.313555 -0.035001 -0.000395  0.000001 0.001736 0.002015 0.000000
1403636698.513556 -0.035444 -0.001862  0.000000 0.001788 0.002061 0.000000
1403636698.713556 -0.035408 -0.001832 -0.000002 0.001787 0.002061 0.000000
1403636698.863556 -0.035258 -0.002029  0.000000 0.001787 0.002060 0.000000
1403636699.013556 -0.035155 -0.001917 -0.000000 0.001786 0.002061 0.000000
1403636699.213556 -0.034911 -0.001738 -0.000000 0.001785 0.002059 0.000000
1403636699.413555 -0.034584 -0.001580 -0.000000 0.001782 0.002057 0.000000
1403636699.663556 -0.033977 -0.001239 -0.000000 0.001778 0.002054 0.000000
1403636699.963556 -0.033253 -0.000439 -0.000002 0.001769 0.002048 0.000000
1403636700.513556 -0.029725  0.000725 -0.000000 0.001747 0.002031 0.000000
1403636700.763556 -0.028615  0.000493 -0.000000 0.001735 0.002024 0.000000
1403636701.163556 -0.026692  0.001541 -0.000000 0.001714 0.002011 0.000000
1403636701.813555 -0.023325  0.002477 -0.000000 0.001689 0.001994 0.000000
1403636702.113555 -0.022722  0.002478 -0.000000 0.001678 0.001987 0.000000
1403636702.363556 -0.022032  0.003127 -0.000000 0.001670 0.001981 0.000000
1403636702.613555 -0.021185  0.003549  0.000000 0.001663 0.001976 0.000000
1403636702.913555 -0.020175  0.004194  0.000000 0.001655 0.001969 0.000000
1403636703.263556 -0.019269  0.004952 -0.000000 0.001646 0.001962 0.000000
1403636703.913555 -0.017849  0.005574  0.000001 0.001632 0.001951 0.000000
1403636704.163556 -0.017416  0.005609 -0.000000 0.001626 0.001946 0.000000
1403636704.663556 -0.016537  0.005734  0.000000 0.001618 0.001940 0.000000
1403636705.013556 -0.016020  0.005761  0.000000 0.001613 0.001936 0.000000
1403636705.213556 -0.015718  0.005924  0.000000 0.001611 0.001934 0.000000
1403636705.463556 -0.015333  0.006069  0.000000 0.001609 0.001933 0.000000
1403636705.663556 -0.015086  0.006055  0.000000 0.001607 0.001931 0.000000
1403636705.863556 -0.014819  0.006124  0.000000 0.001605 0.001929 0.000000
1403636706.063555 -0.014615  0.006395 -0.000000 0.001603 0.001927 0.000000
1403636706.263556 -0.014571  0.006839 -0.000000 0.001601 0.001925 0.000000
1403636706.463556 -0.014409  0.006611  0.000000 0.001600 0.001924 0.000000
1403636706.663556 -0.014187  0.006523  0.000000 0.001598 0.001923 0.000000
1403636706.863556 -0.014081  0.006649 -0.000000 0.001596 0.001921 0.000000
1403636707.063555 -0.013953  0.006584  0.000000 0.001595 0.001920 0.000000
1403636707.263556 -0.013833  0.006630 -0.000000 0.001593 0.001919 0.000000
1403636707.463556 -0.013683  0.006745 -0.000000 0.001592 0.001918 0.000000
1403636707.663556 -0.013547  0.006866  0.000000 0.001590 0.001917 0.000000
1403636707.913555 -0.013459  0.007072 -0.000000 0.001588 0.001915 0.000000
1403636708.163556 -0.013434  0.007116  0.000000 0.001587 0.001914 0.000000
1403636708.413555 -0.013359  0.007083  0.000000 0.001585 0.001913 0.000000
1403636708.663556 -0.013295  0.007346 -0.000000 0.001584 0.001912 0.000000
1403636708.963556 -0.013324  0.007245  0.000000 0.001582 0.001911 0.000000
1403636709.313555 -0.013225  0.007345 -0.000000 0.001580 0.001910 0.000000
1403636709.663556 -0.013242  0.007500 -0.000000 0.001578 0.001908 0.000000
1403636710.013556 -0.013104  0.007574 -0.000000 0.001576 0.001907 0.000000
1403636710.213556 -0.013013  0.007555  0.000000 0.001575 0.001906 0.000000
1403636710.463556 -0.012938  0.007653  0.000000 0.001574 0.001906 0.000000
1403636710.713556 -0.012801  0.007673 -0.000000 0.001573 0.001905 0.000000
1403636710.963556 -0.012732  0.007681 -0.000000 0.001573 0.001904 0.000000
1403636711.313555 -0.012793  0.007609  0.000000 0.001572 0.001904 0.000000
1403636711.613555 -0.012755  0.007654 -0.000000 0.001571 0.001903 0.000000
1403636711.863556 -0.012737  0.007645 -0.000000 0.001570 0.001903 0.000000
1403636712.063555 -0.012670  0.007720 -0.000000 0.001570 0.001903 0.000000
1403636712.363556 -0.012695  0.007785 -0.000000 0.001570 0.001902 0.000000
1403636712.563555 -0.012728  0.007661  0.000000 0.001569 0.001902 0.000000
1403636712.713556 -0.012775  0.007574  0.000000 0.001570 0.001903 0.000000
1403636713.013556 -0.012757  0.007582  0.000000 0.001570 0.001903 0.000000
1403636713.363556 -0.012770  0.007568 -0.000000 0.001569 0.001903 0.000000
1403636713.513556 -0.012792  0.007583 -0.000000 0.001569 0.001903 0.000000
1403636713.763556 -0.012816  0.007521 -0.000000 0.001569 0.001903 0.000000
1403636714.163556 -0.012810  0.007574 -0.000000 0.001569 0.001903 0.000000
1403636714.413555 -0.012790  0.007597  0.000000 0.001569 0.001903 0.000000
1403636714.663556 -0.012787  0.007601  0.000000 0.001569 0.001903 0.000000
1403636714.863556 -0.012770  0.007560 -0.000000 0.001569 0.001903 0.000000
1403636715.063555 -0.012800  0.007584  0.000000 0.001569 0.001903 0.000000
1403636715.363556 -0.012762  0.007649  0.000000 0.001568 0.001903 0.000000
1403636715.613555 -0.012780  0.007513 -0.000000 0.001568 0.001902 0.000000
1403636715.963556 -0.012725  0.007498 -0.000000 0.001568 0.001902 0.000000
1403636716.163556 -0.012745  0.007482 -0.000000 0.001568 0.001902 0.000000
1403636716.713556 -0.012720  0.007510 -0.000000 0.001568 0.001902 0.000000
1403636716.963556 -0.012708  0.007575 -0.000000 0.001568 0.001902 0.000000
1403636717.113555 -0.012708  0.007590 -0.000000 0.001568 0.001902 0.000000
1403636717.413555 -0.012695  0.007522 -0.000000 0.001568 0.001901 0.000000
1403636717.813555 -0.012639  0.007698 -0.000000 0.001567 0.001901 0.000000
1403636718.063555 -0.012566  0.007676  0.000000 0.001567 0.001901 0.000000
1403636718.263556 -0.012540  0.007757  0.000000 0.001567 0.001900 0.000000
1403636718.463556 -0.012475  0.007839  0.000000 0.001567 0.001900 0.000000
1403636718.663556 -0.012431  0.007918  0.000000 0.001566 0.001900 0.000000
1403636718.963556 -0.012321  0.007909 -0.000000 0.001566 0.001899 0.000000
1403636719.313555 -0.012010  0.007783 -0.000001 0.001565 0.001898 0.000000
1403636719.713556 -0.011674  0.008234  0.000000 0.001564 0.001897 0.000000
1403636720.163556 -0.011200  0.008362  0.000000 0.001563 0.001895 0.000000
1403636720.663556 -0.010745  0.008370  0.000000 0.001562 0.001894 0.000000
1403636721.063555 -0.010448  0.008487  0.000000 0.001561 0.001893 0.000000
1403636721.413555 -0.010130  0.008414  0.000000 0.001561 0.001892 0.000000
1403636721.863556 -0.009835  0.008411  0.000000 0.001560 0.001892 0.000000
1403636722.663556 -0.009653  0.008346  0.000000 0.001560 0.001891 0.000000
1403636723.363556 -0.009693  0.008430  0.000000 0.001560 0.001890 0.000000
1403636723.663556 -0.009696  0.008420 -0.000001 0.001560 0.001890 0.000000
1403636724.013556 -0.009613  0.008744  0.000000 0.001560 0.001890 0.000000
1403636724.263556 -0.009565  0.008796 -0.000000 0.001560 0.001890 0.000000
1403636724.513556 -0.009540  0.008896 -0.000000 0.001560 0.001890 0.000000
1403636725.063555 -0.009645  0.008895  0.000000 0.001560 0.001890 0.000000
1403636725.363556 -0.009713  0.008896 -0.000000 0.001560 0.001890 0.000000
1403636726.413555 -0.009908  0.008886 -0.000000 0.001559 0.001890 0.000000
1403636727.363556 -0.010054  0.008945 -0.000000 0.001559 0.001889 0.000000
1403636728.063555 -0.010074  0.009030 -0.000000 0.001559 0.001889 0.000000
1403636728.613555 -0.010154  0.009244 -0.000000 0.001559 0.001889 0.000000
1403636728.963556 -0.010157  0.009298  0.000000 0.001559 0.001889 0.000000
1403636729.163556 -0.010099  0.009401 -0.000000 0.001559 0.001889 0.000000
1403636729.613555 -0.010170  0.009285  0.000000 0.001559 0.001890 0.000000
1403636729.763556 -0.010176  0.009273  0.000000 0.001559 0.001889 0.000000
1403636730.063555 -0.010148  0.009277 -0.000000 0.001559 0.001889 0.000000
1403636730.363556 -0.010167  0.009310 -0.000000 0.001559 0.001890 0.000000
1403636730.913555 -0.010170  0.009271  0.000000 0.001559 0.001889 0.000000
1403636732.063555 -0.010235  0.009216  0.000000 0.001559 0.001889 0.000000
1403636732.313555 -0.010247  0.009304 -0.000000 0.001559 0.001889 0.000000
1403636733.013556 -0.010244  0.009342  0.000000 0.001559 0.001889 0.000000
1403636733.513556 -0.010287  0.009364 -0.000000 0.001559 0.001889 0.000000
1403636733.863556 -0.010287  0.009366  0.000000 0.001559 0.001889 0.000000
1403636734.413555 -0.010269  0.009396 -0.000000 0.001559 0.001889 0.000000
1403636734.913555 -0.010249  0.009335  0.000000 0.001559 0.001889 0.000000
1403636735.213556 -0.010245  0.009357 -0.000000 0.001559 0.001889 0.000000
1403636735.863556 -0.010246  0.009233  0.000000 0.001559 0.001889 0.000000
1403636736.063555 -0.010251  0.009138 -0.000000 0.001559 0.001889 0.000000
1403636736.413555 -0.010212  0.008986 -0.000000 0.001559 0.001889 0.000000
1403636736.763556 -0.010272  0.009060  0.000000 0.001559 0.001889 0.000000
1403636737.213556 -0.010280  0.009208 -0.000000 0.001559 0.001889 0.000000
1403636737.813555 -0.010253  0.009129  0.000000 0.001559 0.001889 0.000000
1403636738.013556 -0.010256  0.009237  0.000000 0.001559 0.001889 0.000000
1403636738.513556 -0.010250  0.009089 -0.000000 0.001558 0.001889 0.000000
1403636738.863556 -0.010179  0.009074 -0.000000 0.001558 0.001889 0.000000
1403636739.063555 -0.010184  0.009175 -0.000000 0.001558 0.001889 0.000000
1403636739.263556 -0.010206  0.009198 -0.000000 0.001558 0.001889 0.000000
1403636739.463556 -0.010191  0.009260  0.000000 0.001558 0.001889 0.000000
1403636739.813555 -0.010203  0.009316  0.000000 0.001558 0.001889 0.000000
1403636740.413555 -0.010258  0.009221  0.000000 0.001558 0.001889 0.000000
1403636741.113555 -0.010260  0.009288 -0.000000 0.001558 0.001888 0.000000
1403636741.463556 -0.010252  0.009208  0.000000 0.001557 0.001888 0.000000
1403636742.013556 -0.010045  0.009270 -0.000000 0.001557 0.001887 0.000000
1403636742.963556 -0.009992  0.009210 -0.000000 0.001556 0.001886 0.000000
1403636743.213556 -0.009937  0.009246 -0.000000 0.001556 0.001886 0.000000
1403636743.713556 -0.009908  0.009251 -0.000000 0.001555 0.001886 0.000000
1403636744.013556 -0.009870  0.009236 -0.000000 0.001555 0.001886 0.000000
1403636744.313555 -0.009787  0.009403 -0.000000 0.001554 0.001885 0.000000
1403636744.563555 -0.009806  0.009469  0.000000 0.001554 0.001885 0.000000
1403636744.763556 -0.009738  0.009747  0.000000 0.001554 0.001885 0.000000
1403636744.963556 -0.009687  0.009891  0.000001 0.001554 0.001885 0.000000
1403636745.163556 -0.009715  0.009244 -0.000000 0.001554 0.001885 0.000000
1403636745.613555 -0.009642  0.008872  0.000000 0.001553 0.001885 0.000000
1403636746.113555 -0.009488  0.008607 -0.000000 0.001553 0.001884 0.000000
1403636746.413555 -0.009364  0.008640  0.000000 0.001553 0.001884 0.000000
1403636746.663556 -0.009344  0.008685  0.000000 0.001553 0.001884 0.000000
1403636747.363556 -0.009195  0.008939  0.000000 0.001552 0.001884 0.000000
1403636747.813555 -0.009473  0.008681  0.000000 0.001552 0.001883 0.000000
1403636748.113555 -0.009642  0.008741  0.000000 0.001552 0.001883 0.000000
1403636748.613555 -0.009554  0.008698 -0.000000 0.001551 0.001883 0.000000
1403636748.813555 -0.009538  0.008705  0.000000 0.001551 0.001882 0.000000
1403636749.163556 -0.009494  0.008739  0.000000 0.001550 0.001882 0.000000
1403636749.613555 -0.009378  0.008816 -0.000000 0.001550 0.001882 0.000000
1403636750.463556 -0.009224  0.008813 -0.000000 0.001549 0.001882 0.000000
1403636750.713556 -0.009456  0.008863  0.000000 0.001549 0.001881 0.000000
1403636751.063555 -0.009411  0.008781 -0.000000 0.001549 0.001881 0.000000
1403636751.413555 -0.009277  0.008627  0.000000 0.001549 0.001881 0.000000
1403636751.763556 -0.009203  0.008690 -0.000000 0.001549 0.001881 0.000000
1403636752.213556 -0.009178  0.008753  0.000000 0.001548 0.001881 0.000000
1403636752.413555 -0.009139  0.008742 -0.000000 0.001548 0.001881 0.000000
1403636752.613555 -0.009106  0.008726 -0.000000 0.001548 0.001880 0.000000
1403636752.813555 -0.009028  0.008741  0.000000 0.001549 0.001881 0.000000
1403636753.063555 -0.008994  0.008831  0.000000 0.001548 0.001881 0.000000
1403636753.263556 -0.008971  0.008911  0.000000 0.001548 0.001881 0.000000
1403636753.613555 -0.009000  0.009000  0.000000 0.001549 0.001881 0.000000
1403636754.713556 -0.008879  0.009933  0.000001 0.001548 0.001880 0.000000
1403636754.913555 -0.008877  0.010000  0.000001 0.001548 0.001880 0.000000
1403636755.213556 -0.008913  0.010041  0.000001 0.001548 0.001880 0.000000
1403636755.613555 -0.009006  0.010114  0.000001 0.001548 0.001879 0.000000
1403636755.863556 -0.009213  0.009479 -0.000000 0.001548 0.001879 0.000000
1403636756.263556 -0.009345  0.009379 -0.000000 0.001547 0.001879 0.000000
1403636756.513556 -0.009369  0.009333 -0.000000 0.001547 0.001879 0.000000
1403636756.863556 -0.009382  0.009228  0.000000 0.001547 0.001878 0.000000
1403636757.213556 -0.009538  0.009347  0.000000 0.001547 0.001878 0.000000
1403636757.513556 -0.009595  0.009313  0.000000 0.001547 0.001878 0.000000
1403636757.763556 -0.009615  0.009393  0.000000 0.001546 0.001878 0.000000
1403636758.013556 -0.009554  0.009281  0.000000 0.001546 0.001877 0.000000
1403636758.163556 -0.009460  0.009042  0.000000 0.001546 0.001877 0.000000
1403636758.363556 -0.009472  0.009021  0.000000 0.001546 0.001877 0.000000
1403636758.463556 -0.009498  0.008961  0.000000 0.001546 0.001877 0.000000
1403636758.563555 -0.009484  0.008868 -0.000000 0.001546 0.001877 0.000000
1403636758.663556 -0.009513  0.008791  0.000000 0.001545 0.001876 0.000000
1403636758.813555 -0.009515  0.008737 -0.000000 0.001545 0.001876 0.000000
1403636758.963556 -0.009502  0.008684  0.000000 0.001545 0.001876 0.000000
1403636759.163556 -0.009470  0.008660  0.000000 0.001545 0.001876 0.000000
1403636759.363556 -0.009487  0.008673 -0.000000 0.001545 0.001876 0.000000
1403636759.563555 -0.009483  0.008585  0.000000 0.001545 0.001875 0.000000
