1403636637.363556 -0.452212 -0.067394 -0.042374 0.383531 0.146879 0.130578
1403636637.663556 -0.435858 -0.089116  0.190151 0.317092 0.145593 0.127707
1403636637.963556 -0.488434 -0.123552  0.240236 0.283101 0.145657 0.131964
1403636638.113555 -0.465249 -0.121003 -0.012739 0.268564 0.143879 0.130493
1403636638.263556 -0.426470 -0.114022 -0.106403 0.249800 0.143788 0.126260
1403636638.513556 -0.439368 -0.071028 -0.201896 0.228229 0.142821 0.121320
1403636638.813555 -0.601611 -0.034997  0.148935 0.244413 0.140573 0.120288
1403636639.063555 -0.655215 -0.016024  0.149996 0.259069 0.137937 0.120681
1403636639.313555 -0.715308  0.097739 -0.194021 0.265767 0.134032 0.119890
1403636639.463556 -0.749872  0.123843 -0.240079 0.272416 0.131510 0.120608
1403636639.613555 -0.738047  0.103238 -0.273220 0.278763 0.130041 0.122597
1403636639.863556 -0.654261  0.066736 -0.128931 0.293139 0.129067 0.124484
1403636640.063555 -0.612648  0.041655  0.061335 0.296706 0.128625 0.123420
1403636640.313555 -0.533221  0.058134  0.162223 0.290030 0.130371 0.119682
1403636640.563555 -0.490915  0.065947  0.001615 0.272341 0.132236 0.118705
1403636641.013556 -0.387694  0.050504  0.077030 0.243921 0.139524 0.117352
1403636641.263556 -0.356037  0.032354 -0.090848 0.220429 0.136822 0.116672
1403636641.413555 -0.343972  0.049643 -0.151648 0.207829 0.134665 0.116825
1403636641.963556 -0.263777  0.083790  0.169225 0.184957 0.141782 0.114855
1403636642.163556 -0.250348  0.080000  0.135170 0.168940 0.134541 0.113344
1403636642.463556 -0.181389  0.094429 -0.083173 0.149915 0.126991 0.112544
1403636642.913555 -0.176108  0.067832 -0.027013 0.135818 0.123349 0.112391
1403636643.763556 -0.370895  0.090069  0.192986 0.153704 0.141352 0.113391
1403636644.063555 -0.531974  0.046292  0.037378 0.146583 0.127178 0.112243
1403636644.363556 -0.654578  0.032320 -0.096119 0.153697 0.120056 0.111758
1403636644.563555 -0.657581  0.146362 -0.235253 0.158460 0.117293 0.111655
1403636644.813555 -0.618509  0.284722 -0.373815 0.162692 0.117869 0.113974
1403636645.013556 -0.540234  0.263658 -0.299008 0.162527 0.117845 0.116870
1403636645.163556 -0.563413  0.245075 -0.187920 0.164969 0.117250 0.117981
1403636645.413555 -0.803438  0.150671 -0.002089 0.179653 0.117580 0.115888
1403636645.663556 -0.922592  0.106455 -0.128549 0.192383 0.116974 0.116461
1403636645.863556 -0.970164  0.067110  0.075240 0.205604 0.116178 0.115796
1403636646.063555 -0.972008  0.095157  0.247617 0.216170 0.116532 0.113592
1403636646.263556 -1.006812  0.184551  0.164622 0.227824 0.115572 0.113324
1403636646.413555 -0.940875  0.270180  0.070221 0.236397 0.115468 0.112577
1403636646.563555 -0.874741  0.326156  0.074640 0.250108 0.118031 0.112331
1403636646.813555 -0.757997  0.350399  0.276037 0.265534 0.128499 0.112514
1403636647.063555 -0.656465  0.363926  0.197957 0.265109 0.138066 0.113087
1403636647.413555 -0.605292  0.375427  0.027215 0.253375 0.147673 0.112988
1403636647.613555 -0.532697  0.422397  0.029697 0.241842 0.150483 0.111864
1403636647.913555 -0.417019  0.515451  0.023554 0.215258 0.158447 0.111578
1403636648.113555 -0.320368  0.570464 -0.144984 0.199083 0.164372 0.110518
1403636648.313555 -0.243466  0.582126 -0.231301 0.190503 0.172196 0.109102
1403636648.513556 -0.177291  0.590172 -0.268774 0.187418 0.183947 0.108226
1403636648.713556 -0.067068  0.571138 -0.170522 0.187521 0.201380 0.108911
1403636649.013556 -0.113803  0.553647  0.106731 0.191904 0.214559 0.109081
1403636649.263556 -0.138735  0.509450  0.275664 0.191724 0.213657 0.108499
1403636649.613555 -0.053168  0.412780  0.471299 0.189596 0.208014 0.111336
1403636649.913555 0.059456 0.385755 0.252018 0.179334 0.200863 0.113476
1403636650.113555 0.149469 0.383099 0.049431 0.173710 0.197822 0.112906
1403636650.313555  0.247157  0.380993 -0.088388 0.169496 0.192904 0.110787
1403636650.513556  0.300893  0.324005 -0.164599 0.172273 0.191890 0.108771
1403636650.713556  0.287847  0.259706 -0.182142 0.177060 0.186551 0.107672
1403636651.713556  0.281235  0.028572 -0.018424 0.205579 0.191832 0.110847
1403636651.963556  0.413701  0.025162 -0.135182 0.188233 0.169886 0.108861
1403636652.113555  0.514327  0.033553 -0.200474 0.185187 0.161030 0.108232
1403636652.263556  0.572319 -0.035032 -0.277032 0.184518 0.156528 0.107774
1403636652.413555  0.559767 -0.028789 -0.308306 0.192474 0.154919 0.108381
1403636652.613555  0.490149  0.036981 -0.149667 0.206074 0.156564 0.108769
1403636653.163556  0.293363  0.256542 -0.106610 0.214158 0.166757 0.107810
1403636653.313555  0.257898  0.230935 -0.065642 0.201585 0.161004 0.107070
1403636653.813555 0.227091 0.093970 0.034987 0.184737 0.160420 0.106419
1403636654.113555  0.257886 -0.004147 -0.118165 0.173765 0.151755 0.105993
1403636654.463556  0.301361 -0.054786  0.145653 0.172616 0.148695 0.105731
1403636654.713556  0.275986 -0.078595  0.126405 0.171860 0.145001 0.105493
1403636654.863556  0.263136 -0.080020  0.028296 0.170772 0.142267 0.105536
1403636655.263556  0.254602 -0.165903 -0.118859 0.167330 0.141659 0.105464
1403636655.463556  0.296876 -0.256112 -0.048834 0.166030 0.140070 0.105329
1403636655.663556  0.321916 -0.372594 -0.067456 0.164833 0.141293 0.105461
1403636655.913555  0.376889 -0.342188 -0.316861 0.163845 0.142635 0.106029
1403636656.113555  0.413862 -0.305083 -0.135940 0.165029 0.144963 0.106656
1403636656.413555  0.457109 -0.224854  0.164318 0.175050 0.150178 0.105757
1403636656.663556  0.454571 -0.145398  0.184952 0.177319 0.149914 0.105227
1403636656.863556  0.466571 -0.178521  0.032844 0.176535 0.147000 0.105036
1403636657.163556  0.424748 -0.312560 -0.112177 0.176780 0.146850 0.105027
1403636657.413555  0.461209 -0.379112 -0.028830 0.179131 0.149498 0.105106
1403636657.663556  0.524196 -0.359121 -0.115108 0.180991 0.151173 0.105064
1403636657.913555  0.609551 -0.332524 -0.164101 0.184585 0.152053 0.105406
1403636658.113555  0.712499 -0.309224 -0.002486 0.193333 0.153242 0.105381
1403636658.313555  0.733082 -0.254293 -0.029871 0.201145 0.149970 0.105127
1403636658.513556  0.712618 -0.183557 -0.100040 0.208331 0.144754 0.105149
1403636658.663556  0.669659 -0.135339 -0.144376 0.214044 0.141345 0.105368
1403636658.863556  0.583539 -0.087530 -0.190826 0.215591 0.136782 0.106026
1403636659.013556  0.523531 -0.078328 -0.243002 0.214853 0.134711 0.106562
1403636659.263556  0.446621 -0.124607 -0.279027 0.203173 0.132729 0.107998
1403636659.463556  0.401548 -0.115360 -0.141562 0.194274 0.132354 0.108130
1403636659.813555  0.297932 -0.104025 -0.240609 0.175240 0.131809 0.108168
1403636660.063555  0.223856 -0.104314 -0.341584 0.161489 0.130663 0.109326
1403636660.263556  0.182961 -0.032024 -0.371866 0.151474 0.129001 0.110648
1403636660.713556  0.053472  0.251960 -0.264772 0.140177 0.129453 0.110358
1403636660.863556 -0.021864  0.232892 -0.354421 0.133665 0.126909 0.111768
1403636661.113555 -0.171701  0.184996 -0.446039 0.126475 0.125316 0.113530
1403636661.413555 -0.248792  0.077901 -0.257145 0.123218 0.125496 0.114338
1403636661.813555 -0.283265 -0.021767  0.048270 0.125731 0.127735 0.110413
1403636662.113555 -0.215909 -0.130924  0.221509 0.126257 0.126343 0.106269
1403636662.513556 -0.275048 -0.189740 -0.045169 0.127262 0.126286 0.105304
1403636662.863556 -0.212372 -0.113419 -0.177441 0.127559 0.125614 0.105249
1403636663.163556 -0.030847 -0.020699 -0.070207 0.125218 0.124814 0.105375
1403636663.513556  0.010899  0.159030 -0.247828 0.121643 0.123051 0.106116
1403636663.863556 -0.145695  0.482982 -0.138157 0.121506 0.124262 0.107015
1403636664.063555 -0.361610  0.554381  0.005048 0.122017 0.125496 0.107527
1403636664.213556 -0.502287  0.571665  0.078168 0.122822 0.126512 0.106657
1403636664.363556 -0.579993  0.522187 -0.151627 0.123754 0.127473 0.106570
1403636664.513556 -0.636454  0.467736 -0.292653 0.125814 0.128467 0.107116
1403636664.663556 -0.682719  0.397647 -0.222989 0.129040 0.129895 0.107813
1403636664.813555 -0.698564  0.329494 -0.110815 0.133081 0.131355 0.108023
1403636664.963556 -0.726163  0.308181 -0.013351 0.137156 0.131478 0.107676
1403636665.113555 -0.739651  0.257187  0.104087 0.141587 0.132189 0.107201
1403636665.263556 -0.730195  0.287108  0.169624 0.145929 0.132926 0.106488
1403636665.413555 -0.686833  0.313118  0.148027 0.147839 0.133692 0.105462
1403636665.563555 -0.695047  0.264255  0.146521 0.149416 0.133573 0.104934
1403636665.713556 -0.739437  0.272273  0.166959 0.151917 0.132994 0.104813
1403636665.863556 -0.791799  0.265927  0.165279 0.155885 0.132116 0.104810
1403636666.013556 -0.777343  0.234757  0.091919 0.158565 0.131949 0.104814
1403636666.163556 -0.719589  0.209553  0.021437 0.160530 0.131653 0.104751
1403636666.313555 -0.705045  0.164394 -0.075926 0.161767 0.131132 0.104775
1403636666.463556 -0.659006  0.117351 -0.044324 0.163554 0.130412 0.105192
1403636666.663556 -0.589047  0.031732  0.103523 0.164438 0.128829 0.105043
1403636666.863556 -0.595510  0.060171  0.098653 0.163841 0.127415 0.104959
1403636667.063555 -0.492738  0.151179  0.036373 0.163882 0.130364 0.105346
1403636667.213556 -0.441226  0.187511 -0.031781 0.161000 0.129797 0.104911
1403636667.413555 -0.464616  0.164106 -0.133312 0.155690 0.126215 0.104799
1403636667.613555 -0.498628  0.178698 -0.089033 0.151465 0.125454 0.104393
1403636667.863556 -0.439805  0.205996  0.067037 0.150279 0.127113 0.104443
1403636668.113555 -0.387927  0.263592 -0.093712 0.145022 0.124383 0.104203
1403636668.363556 -0.407908  0.309602 -0.204278 0.140619 0.123103 0.104307
1403636668.613555 -0.446815  0.349701 -0.239891 0.138965 0.124014 0.104742
1403636668.863556 -0.528166  0.377501 -0.175664 0.141785 0.128064 0.105408
1403636669.063555 -0.666862  0.313135 -0.030877 0.145259 0.129202 0.105617
1403636669.263556 -0.705237  0.242122 -0.084108 0.147998 0.128935 0.105115
1403636669.463556 -0.744598  0.193646 -0.179016 0.149838 0.127790 0.105132
1403636669.663556 -0.788407  0.095611 -0.167893 0.153712 0.125103 0.105316
1403636669.813555 -0.845142 -0.015993 -0.096509 0.160570 0.124440 0.105614
1403636669.963556 -0.774025 -0.136174  0.043777 0.164650 0.122995 0.105225
1403636670.163556 -0.582365 -0.259856  0.158350 0.171371 0.122341 0.104899
1403636670.313555 -0.375267 -0.358406  0.085114 0.167504 0.121082 0.104450
1403636670.563555  0.070046 -0.525096  0.113847 0.150634 0.121352 0.104136
1403636670.763556  0.486024 -0.609231  0.241456 0.136853 0.123308 0.104222
1403636670.913555  0.769453 -0.667307  0.207113 0.130118 0.125056 0.104391
1403636671.063555  1.140010 -0.721042  0.347055 0.129209 0.128829 0.104769
1403636671.213556  1.504869 -0.736044  0.460341 0.135420 0.133317 0.105413
1403636671.313555  1.706271 -0.755642  0.450139 0.141197 0.136037 0.106018
1403636671.413555  1.785366 -0.742179  0.423492 0.150920 0.138027 0.106169
1403636671.513556  1.788308 -0.726463  0.378791 0.159731 0.138958 0.106358
1403636671.663556  1.728006 -0.660156  0.284621 0.173045 0.140127 0.106634
1403636671.813555  1.619353 -0.536747  0.221537 0.184995 0.139790 0.106864
1403636671.963556  1.452053 -0.352122  0.314322 0.195210 0.138988 0.106614
1403636672.163556  1.138536 -0.107811  0.480739 0.229030 0.144715 0.109482
1403636672.363556 0.783358 0.059208 0.413472 0.222850 0.141101 0.110799
1403636672.513556 0.524780 0.082429 0.217388 0.208347 0.138358 0.111239
1403636672.663556  0.374814  0.072407 -0.091248 0.190924 0.135033 0.109974
1403636672.913555  0.220459  0.032176 -0.195111 0.170003 0.134737 0.107110
1403636673.113555  0.091353  0.062112 -0.063977 0.160928 0.134404 0.105966
1403636673.363556 -0.105685  0.126665  0.116697 0.152560 0.136249 0.105531
1403636673.563555 -0.295636  0.232721  0.050502 0.144220 0.136308 0.105456
1403636673.763556 -0.433391  0.218769  0.003849 0.138349 0.136486 0.105236
1403636674.063555 -0.597502  0.143373 -0.002769 0.135756 0.137521 0.105128
1403636674.313555 -0.651637  0.050774 -0.178807 0.134722 0.136088 0.105130
1403636674.513556 -0.657195  0.047948 -0.297237 0.134934 0.134435 0.105167
1403636674.713556 -0.580477  0.076887 -0.400347 0.135473 0.132801 0.105560
1403636674.913555 -0.544049  0.172220 -0.318612 0.136973 0.132252 0.105972
1403636675.213556 -0.700985  0.442902  0.000044 0.142085 0.136305 0.105960
1403636675.413555 -0.903664  0.467436  0.119942 0.145510 0.138356 0.106286
1403636675.563555 -0.991018  0.422356  0.011642 0.147211 0.137983 0.105569
1403636675.713556 -1.044078  0.333352 -0.087231 0.176842 0.150337 0.106866
1403636675.863556 -1.056309  0.242810 -0.207468 0.182705 0.149624 0.106933
1403636676.013556 -1.000579  0.234632 -0.285669 0.188155 0.149471 0.106893
1403636676.163556 -0.966504  0.273349 -0.319633 0.198750 0.149926 0.107315
1403636676.363556 -0.987844  0.226648 -0.306628 0.205607 0.150604 0.107907
1403636676.563555 -1.054313  0.091732 -0.157135 0.213808 0.153181 0.108584
1403636676.763556 -1.089806  0.053912 -0.022024 0.222609 0.154711 0.107940
1403636676.963556 -1.048657  0.068606 -0.042749 0.231280 0.154129 0.107353
1403636677.263556 -0.973928  0.038697 -0.343308 0.237329 0.152891 0.107994
1403636677.463556 -0.923447 -0.075495 -0.182214 0.236246 0.152706 0.108273
1403636677.663556 -0.773911 -0.168766 -0.072615 0.235591 0.152437 0.107863
1403636677.813555 -0.630371 -0.179027 -0.001534 0.224334 0.151773 0.106839
1403636677.963556 -0.559425 -0.111953  0.041010 0.209566 0.151405 0.105956
1403636678.163556 -0.538028  0.019107 -0.052348 0.198580 0.151102 0.105467
1403636678.413555 -0.491157  0.024252  0.011437 0.189231 0.152498 0.105317
1403636678.613555 -0.433886  0.012270  0.118959 0.181475 0.152467 0.105068
1403636678.813555 -0.378663 -0.015382 -0.008027 0.174177 0.151087 0.104828
1403636679.013556 -0.281892 -0.139275 -0.122801 0.169150 0.150833 0.104766
1403636679.213556 -0.172108 -0.239502 -0.195357 0.164179 0.151458 0.104845
1403636679.413555 -0.095290 -0.223109 -0.065746 0.159884 0.153471 0.104795
1403636679.663556 -0.010482 -0.117068  0.100880 0.156234 0.155362 0.104589
1403636679.913555  0.024526 -0.038606  0.294111 0.154900 0.155688 0.104987
1403636680.163556  0.232553 -0.013500  0.311914 0.151434 0.153928 0.105782
1403636680.463556  0.518648 -0.072291  0.119490 0.148146 0.151230 0.106032
1403636680.713556  0.747198 -0.213332 -0.022455 0.149036 0.150037 0.105868
1403636680.913555  0.833521 -0.231424 -0.109109 0.154271 0.149103 0.105821
1403636681.113555  0.779953 -0.222332 -0.178723 0.161021 0.148269 0.105285
1403636681.313555  0.720647 -0.277042 -0.108493 0.167433 0.148658 0.105303
1403636681.513556  0.790316 -0.280220 -0.002667 0.173092 0.149150 0.105115
1403636681.763556  0.849408 -0.276269 -0.098781 0.180056 0.150765 0.105552
1403636681.963556  0.909104 -0.275205 -0.019581 0.187590 0.151983 0.105497
1403636682.163556  0.963667 -0.221210  0.102241 0.196214 0.152505 0.105313
1403636682.363556  0.955724 -0.198471 -0.026164 0.200449 0.151178 0.105682
1403636682.563555  0.919421 -0.211468 -0.072659 0.202881 0.150257 0.105604
1403636682.763556  0.949083 -0.204517 -0.054812 0.203105 0.148833 0.105597
1403636683.013556  1.016627 -0.167461  0.051579 0.206139 0.149171 0.105427
1403636683.263556  1.093983 -0.169331 -0.100079 0.211566 0.147382 0.105528
1403636683.463556  1.123016 -0.149502 -0.190920 0.215016 0.145207 0.105406
1403636683.663556  1.139253 -0.130142 -0.247944 0.218032 0.143121 0.105993
1403636683.863556  1.114419 -0.138864 -0.112691 0.224779 0.144677 0.109015
1403636684.113555  1.072805 -0.133255  0.090761 0.229112 0.144840 0.108861
1403636684.363556  1.050210 -0.107680  0.135621 0.223680 0.142447 0.107828
1403636684.663556  1.038863 -0.037043 -0.043934 0.216584 0.139092 0.107443
1403636684.863556  1.024678  0.045435 -0.180658 0.211619 0.135174 0.106906
1403636685.113555  1.032262  0.090390 -0.060567 0.208836 0.132549 0.106950
1403636685.463556 1.052581 0.067192 0.021485 0.204535 0.131127 0.106899
1403636685.763556  1.053024  0.031542 -0.147087 0.199789 0.128442 0.106930
1403636685.963556  1.070308  0.011363 -0.225767 0.198741 0.127055 0.107131
1403636686.213556  1.041024 -0.003547 -0.045010 0.199695 0.126992 0.107000
1403636686.563555  0.938332 -0.036752 -0.034093 0.196644 0.126715 0.106495
1403636686.863556  0.862574 -0.057216 -0.030588 0.189719 0.125799 0.106388
1403636687.213556  0.784271 -0.036982  0.117171 0.179290 0.125851 0.105980
1403636687.613555  0.719896  0.000113 -0.155525 0.167023 0.124747 0.106010
1403636687.913555  0.680451  0.052151 -0.330752 0.158973 0.121865 0.106409
1403636688.163556  0.683774  0.057930 -0.296858 0.153188 0.120582 0.107258
1403636688.463556  0.704017  0.043732 -0.241881 0.150642 0.120341 0.107882
1403636688.713556  0.709614 -0.000941 -0.339445 0.148189 0.119350 0.108608
1403636688.913555  0.752430 -0.067508 -0.235776 0.148181 0.119708 0.109345
1403636689.113555  0.741879 -0.130085 -0.059974 0.149908 0.120101 0.108661
1403636689.313555  0.706751 -0.143225  0.091013 0.150922 0.120777 0.107395
1403636689.513556  0.658704 -0.162237  0.258446 0.149930 0.121546 0.105913
1403636689.713556  0.594409 -0.186416  0.252654 0.148079 0.122425 0.105265
1403636689.963556  0.372896 -0.250141  0.164852 0.141719 0.124065 0.105293
1403636690.263556  0.105415 -0.275551  0.176402 0.130304 0.125946 0.106133
1403636690.463556 -0.008025 -0.328854  0.220558 0.123332 0.124874 0.106252
1403636690.713556 -0.169340 -0.319567  0.033675 0.117879 0.125713 0.106486
1403636690.963556 -0.399612 -0.122086 -0.141263 0.115566 0.126225 0.105863
1403636691.113555 -0.502708  0.129682  0.002009 0.116491 0.125849 0.105745
1403636691.213556 -0.542284  0.296039  0.077982 0.118607 0.124607 0.105669
1403636691.313555 -0.502493  0.475568  0.139682 0.121308 0.123742 0.105833
1403636691.413555 -0.474045  0.529032  0.191809 0.123181 0.125322 0.106498
1403636691.513556 -0.443937  0.596092  0.297231 0.124864 0.125920 0.106517
1403636691.613555 -0.446042  0.633538  0.390899 0.126381 0.126724 0.106468
1403636691.713556 -0.438122  0.652422  0.395923 0.128317 0.129593 0.106876
1403636691.813555 -0.406580  0.644337  0.313490 0.128640 0.130787 0.107086
1403636691.963556 -0.379698  0.662113  0.245007 0.132129 0.144009 0.107661
1403636692.113555 -0.350753  0.687300  0.236555 0.133911 0.148409 0.107357
1403636692.263556 -0.298958  0.686887  0.338367 0.135716 0.154143 0.107760
1403636692.413555 -0.245387  0.691650  0.442334 0.137859 0.160124 0.108252
1403636692.563555 -0.203737  0.684149  0.527757 0.139326 0.165041 0.109459
1403636692.713556 -0.170892  0.672878  0.540907 0.138752 0.167658 0.110709
1403636692.913555 -0.100480  0.570686  0.439730 0.137635 0.168825 0.112144
1403636693.213556 -0.013812  0.372343  0.264437 0.134448 0.163050 0.112501
1403636693.513556 -0.057079  0.228012  0.118771 0.132346 0.154762 0.110712
1403636693.913555 -0.250314 -0.055692  0.058176 0.133913 0.145540 0.109046
1403636694.163556 -0.225953 -0.044543  0.038991 0.132402 0.139260 0.107608
1403636694.663556 -0.178890 -0.029493 -0.003242 0.133817 0.138008 0.107025
1403636695.113555 -0.199465  0.030380 -0.082038 0.130969 0.134205 0.105715
1403636695.563555 -0.161175  0.043907  0.088335 0.130569 0.132733 0.105700
1403636696.263556 -0.051595 -0.009901 -0.180639 0.134951 0.136648 0.106224
1403636697.613555  0.420614 -0.123488  0.251924 0.183819 0.188075 0.112025
1403636697.813555  0.436952 -0.126788  0.129749 0.153961 0.157242 0.109665
1403636698.013556  0.461529 -0.173560  0.004457 0.139853 0.141188 0.108761
1403636698.313555  0.449482 -0.187096 -0.117901 0.130611 0.130944 0.107542
1403636698.513556  0.437320 -0.181401 -0.183489 0.128303 0.129360 0.106680
1403636698.713556  0.424853 -0.189983 -0.242883 0.127308 0.127893 0.105950
1403636698.863556  0.424623 -0.194167 -0.285118 0.127233 0.127686 0.105696
1403636699.013556  0.414970 -0.191220 -0.197717 0.127865 0.128108 0.105708
1403636699.213556  0.413314 -0.150753 -0.040285 0.128467 0.130990 0.105614
1403636699.413555  0.373852 -0.070937  0.046220 0.129433 0.133524 0.105299
1403636699.663556  0.321350  0.079928 -0.047285 0.129898 0.134654 0.105114
1403636699.963556  0.345931  0.193714 -0.141616 0.132804 0.136216 0.105317
1403636700.513556  0.349445  0.368736 -0.401759 0.140896 0.142314 0.107334
1403636700.763556  0.397932  0.440725 -0.387300 0.140037 0.140614 0.108532
1403636701.163556  0.395732  0.428950 -0.060238 0.145855 0.146770 0.108982
1403636701.813555 0.183211 0.476985 0.004518 0.147713 0.156534 0.106807
1403636702.113555  0.224661  0.515063 -0.154434 0.140909 0.154335 0.106246
1403636702.363556  0.219402  0.502335 -0.273049 0.138280 0.152608 0.106167
1403636702.613555  0.140288  0.468174 -0.387733 0.135542 0.147742 0.106653
1403636702.913555 -0.017534  0.428859 -0.450420 0.135209 0.144534 0.109085
1403636703.263556 -0.126010  0.436956 -0.150889 0.138854 0.143601 0.109078
1403636703.913555 -0.022206  0.431107 -0.044544 0.147725 0.151647 0.106430
1403636704.163556 -0.004349  0.424950 -0.166629 0.139321 0.145223 0.105871
1403636704.663556 -0.187849  0.451579  0.009649 0.139795 0.146557 0.105525
1403636705.013556 -0.431365  0.489563 -0.172891 0.138622 0.143066 0.105434
1403636705.213556 -0.589542  0.516716 -0.121882 0.141626 0.143592 0.105602
1403636705.463556 -0.661131  0.455790 -0.047276 0.147581 0.142718 0.105369
1403636705.663556 -0.732995  0.445903 -0.158130 0.153346 0.141718 0.105272
1403636705.863556 -0.787774  0.444117 -0.133927 0.159771 0.140925 0.105690
1403636706.063555 -0.744360  0.471147  0.022374 0.166703 0.140117 0.105151
1403636706.263556 -0.675515  0.512115 -0.069288 0.169429 0.139050 0.104779
1403636706.463556 -0.668455  0.473206 -0.150233 0.171256 0.137604 0.104705
1403636706.663556 -0.705022  0.432591 -0.028695 0.172572 0.137455 0.104762
1403636706.863556 -0.755171  0.392987  0.091926 0.174005 0.136859 0.104486
1403636707.063555 -0.815095  0.378649  0.123782 0.176679 0.136194 0.104168
1403636707.263556 -0.857096  0.344844  0.176674 0.180386 0.134889 0.103953
1403636707.463556 -0.911580  0.296164  0.338749 0.184348 0.133776 0.103964
1403636707.663556 -0.948804  0.293128  0.285558 0.187747 0.132176 0.104483
1403636707.913555 -0.982863  0.341359 -0.007814 0.193330 0.130060 0.104507
1403636708.163556 -0.991287  0.359912 -0.176875 0.197740 0.129027 0.103990
1403636708.413555 -0.932663  0.397121 -0.205269 0.199771 0.128165 0.104001
1403636708.663556 -0.822779  0.496556 -0.080687 0.197762 0.128948 0.104483
1403636708.963556 -0.719706  0.398911 -0.110656 0.189032 0.128948 0.104475
1403636709.313555 -0.630083  0.175192  0.085496 0.178188 0.127432 0.104180
1403636709.663556 -0.624942  0.012304 -0.128031 0.167017 0.122114 0.104081
1403636710.013556 -0.643086 -0.146055  0.010264 0.162624 0.119554 0.104126
1403636710.213556 -0.655669 -0.219649 -0.102192 0.158708 0.117203 0.104034
1403636710.463556 -0.636039 -0.292161 -0.244419 0.155872 0.116547 0.104300
1403636710.713556 -0.575828 -0.221037 -0.304776 0.153058 0.115878 0.104957
1403636710.963556 -0.511721 -0.193745 -0.133984 0.148332 0.115727 0.105171
1403636711.313555 -0.408444 -0.287639  0.001088 0.143176 0.117249 0.104858
1403636711.613555 -0.285568 -0.389200  0.084142 0.137276 0.118020 0.104363
1403636711.863556 -0.119651 -0.487160  0.106147 0.130802 0.118365 0.104365
1403636712.063555 -0.025692 -0.489351  0.200908 0.125295 0.118919 0.103807
1403636712.363556  0.070323 -0.462966  0.323165 0.120416 0.121651 0.104317
1403636712.563555  0.158119 -0.521787  0.392317 0.117303 0.122010 0.104835
1403636712.713556  0.250213 -0.542527  0.297087 0.115101 0.122460 0.105178
1403636713.013556  0.411955 -0.543022  0.164720 0.114288 0.125020 0.105343
1403636713.363556  0.537894 -0.566437  0.434678 0.117229 0.128640 0.106023
1403636713.513556  0.578078 -0.549208  0.450439 0.116949 0.128282 0.106625
1403636713.763556  0.620546 -0.476903  0.317743 0.118653 0.128329 0.107275
1403636714.163556  0.646102 -0.319902  0.117411 0.123949 0.127430 0.106606
1403636714.413555  0.643115 -0.252043  0.008172 0.124619 0.124155 0.105769
1403636714.663556  0.554037 -0.209797 -0.010184 0.126249 0.121100 0.104967
1403636714.863556  0.472206 -0.175438  0.132212 0.126977 0.118948 0.104553
1403636715.063555  0.368660 -0.163339  0.282125 0.125451 0.117171 0.104660
1403636715.363556  0.217994 -0.159899  0.197024 0.126296 0.116967 0.105340
1403636715.613555  0.169593 -0.072726 -0.001776 0.124037 0.115712 0.104999
1403636715.963556 0.251451 0.029780 0.119592 0.126768 0.117309 0.104285
1403636716.163556 0.333944 0.043737 0.205118 0.127701 0.116710 0.104481
1403636716.713556  0.328056  0.039055 -0.062759 0.134285 0.121503 0.105026
1403636716.963556 0.331350 0.005714 0.008892 0.135681 0.119340 0.104171
1403636717.113555 0.319147 0.007312 0.110300 0.135040 0.117655 0.103767
1403636717.413555 0.316845 0.010853 0.131642 0.137012 0.117974 0.103902
1403636717.813555  0.354247 -0.163284 -0.067054 0.141021 0.118757 0.103734
1403636718.063555  0.396093 -0.327752  0.118392 0.143294 0.118805 0.103673
1403636718.263556  0.407301 -0.357012  0.031733 0.145073 0.118247 0.103526
1403636718.463556  0.394870 -0.380796 -0.102208 0.148579 0.118766 0.103304
1403636718.663556  0.325075 -0.348138 -0.167515 0.149196 0.119035 0.103224
1403636718.963556  0.170068 -0.268235 -0.090306 0.146194 0.120718 0.103728
1403636719.313555  0.176772 -0.259546  0.028730 0.145605 0.123021 0.103513
1403636719.713556  0.208198 -0.153026  0.007472 0.147240 0.123990 0.103930
1403636720.163556  0.130268 -0.114611 -0.018934 0.148869 0.123974 0.103981
1403636720.663556  0.050108 -0.063619  0.056168 0.147619 0.125183 0.104422
1403636721.063555 -0.051788 -0.024224 -0.024831 0.136937 0.122181 0.103982
1403636721.413555 -0.032424  0.026625  0.099185 0.132537 0.120602 0.103744
1403636721.863556  0.050926  0.044372 -0.087446 0.131895 0.120449 0.103840
1403636722.663556  0.138793 -0.020524 -0.066656 0.146028 0.135995 0.105263
1403636723.363556  0.177996 -0.051573 -0.048625 0.141543 0.131928 0.104896
1403636723.663556  0.187636 -0.100689  0.053755 0.132503 0.123489 0.103961
1403636724.013556  0.219249 -0.086341 -0.047899 0.129609 0.119308 0.103598
1403636724.263556  0.124724 -0.070632 -0.150724 0.125332 0.116604 0.103252
1403636724.513556  0.114304 -0.104383 -0.032148 0.123997 0.115692 0.103143
1403636725.063555  0.106188 -0.158691  0.373070 0.132266 0.124346 0.104093
1403636725.363556  0.072665 -0.083553  0.274465 0.126091 0.119385 0.105128
1403636726.413555 -0.017426 -0.073467 -0.026847 0.152405 0.148894 0.107133
1403636727.363556 0.103131 0.000994 0.160626 0.147943 0.145000 0.109042
1403636728.063555  0.183601 -0.163639  0.233113 0.136759 0.131957 0.109630
1403636728.613555  0.238950 -0.158433 -0.042171 0.130025 0.124071 0.106945
1403636728.963556  0.259297 -0.163977  0.106006 0.127501 0.120688 0.105731
1403636729.163556  0.283696 -0.152569 -0.012451 0.125267 0.117907 0.104883
1403636729.613555  0.346944 -0.166916  0.107227 0.131134 0.120215 0.103899
1403636729.763556  0.356045 -0.167901  0.120194 0.130385 0.119065 0.103721
1403636730.063555  0.337098 -0.185270 -0.028285 0.130336 0.117374 0.103369
1403636730.363556  0.298927 -0.172418 -0.129630 0.130513 0.116481 0.102979
1403636730.913555  0.050449 -0.193140  0.212568 0.136243 0.124378 0.103912
1403636732.063555  0.014827  0.091554 -0.254296 0.158441 0.155763 0.107690
1403636732.313555  0.073008  0.094413 -0.187208 0.136291 0.134306 0.105986
1403636733.013556  0.373749 -0.103373  0.032170 0.133913 0.130302 0.104836
1403636733.513556  0.413135 -0.170144  0.271956 0.132503 0.123594 0.104169
1403636733.863556  0.386990 -0.186856  0.058306 0.130095 0.118193 0.103907
1403636734.413555  0.380876 -0.218712  0.190411 0.136561 0.122393 0.103975
1403636734.913555  0.286016 -0.208335 -0.048151 0.135507 0.120722 0.103865
1403636735.213556  0.205280 -0.201804 -0.009885 0.131045 0.117811 0.103174
1403636735.863556  0.038336 -0.164448  0.182355 0.133943 0.126343 0.104897
1403636736.063555  0.032550 -0.168961  0.186623 0.126898 0.121906 0.104833
1403636736.413555  0.063330 -0.153280  0.200201 0.121468 0.118005 0.105119
1403636736.763556  0.133392 -0.210218 -0.011588 0.118843 0.116352 0.104206
1403636737.213556  0.212314 -0.261484 -0.150806 0.120597 0.118796 0.103295
1403636737.813555  0.151090 -0.157728  0.176932 0.127597 0.126391 0.103789
1403636738.013556  0.083512 -0.086491  0.346007 0.122294 0.121624 0.103925
1403636738.513556 -0.045249 -0.009537  0.071862 0.118862 0.120175 0.105036
1403636738.863556 -0.093027  0.078607 -0.140813 0.115127 0.116008 0.103732
1403636739.063555 -0.121313  0.164202 -0.228788 0.112405 0.113252 0.103135
1403636739.263556 -0.106442  0.238150 -0.296436 0.111470 0.112231 0.102988
1403636739.463556 -0.086260  0.250738 -0.197726 0.111326 0.111874 0.103003
1403636739.813555 -0.106170  0.186050 -0.098833 0.112466 0.113450 0.102958
1403636740.413555 -0.071901  0.124169 -0.337842 0.119730 0.121063 0.105123
1403636741.113555  0.060596  0.104479 -0.364658 0.126307 0.128477 0.107358
1403636741.463556  0.152386  0.025379 -0.412312 0.119408 0.121905 0.110806
1403636742.013556  0.006301  0.051937 -0.283845 0.121745 0.123763 0.109105
1403636742.963556 -0.063790  0.014509 -0.308607 0.143262 0.144773 0.108395
1403636743.213556 -0.084298  0.051851 -0.315372 0.131987 0.132132 0.108274
1403636743.713556 -0.334404  0.134865 -0.231203 0.128817 0.128268 0.106685
1403636744.013556 -0.324704  0.119014 -0.405150 0.125406 0.123204 0.107337
1403636744.313555 -0.269333  0.081865 -0.564146 0.125400 0.120835 0.109398
1403636744.563555 -0.201009  0.111425 -0.662234 0.124836 0.119958 0.112918
1403636744.763556 -0.112776  0.153873 -0.686862 0.124081 0.120239 0.115994
1403636744.963556 -0.013482  0.118169 -0.498722 0.125519 0.121086 0.118779
1403636745.163556 -0.044927  0.118172 -0.359483 0.125832 0.121482 0.117628
1403636745.613555 -0.015776  0.083084 -0.040076 0.132098 0.127809 0.112213
1403636746.113555  0.045764 -0.100133  0.280349 0.135039 0.130018 0.105280
1403636746.413555  0.070117 -0.255629  0.227764 0.129582 0.125212 0.102978
1403636746.663556  0.091747 -0.324242 -0.004299 0.125900 0.122210 0.102809
1403636747.363556 -0.228224 -0.021448  0.361713 0.138817 0.136682 0.104071
1403636747.813555 -0.226174 -0.131549  0.380738 0.128829 0.127555 0.104038
1403636748.113555 -0.207772 -0.086833  0.333875 0.122688 0.122475 0.104867
1403636748.613555 -0.163522 -0.020262  0.284429 0.122687 0.122686 0.104828
1403636748.813555 -0.129251  0.002806  0.231535 0.119014 0.118794 0.104968
1403636749.163556 -0.042479  0.112605  0.117893 0.116983 0.116834 0.104691
1403636749.613555 0.035473 0.118013 0.275226 0.118225 0.118769 0.105209
1403636750.463556  0.184401 -0.116830  0.336166 0.136344 0.138074 0.106439
1403636750.713556  0.174047 -0.124516  0.524127 0.125050 0.126453 0.106741
1403636751.063555  0.174599 -0.175699  0.552297 0.118818 0.120086 0.109067
1403636751.413555  0.103495 -0.187862  0.410373 0.115748 0.117296 0.109568
1403636751.763556  0.103036 -0.075113  0.323774 0.114028 0.116250 0.110728
1403636752.213556 -0.044080  0.030636  0.295041 0.115267 0.117502 0.110107
1403636752.413555 -0.045455 -0.014918  0.376727 0.113765 0.116684 0.109821
1403636752.613555 -0.011709 -0.019371  0.335702 0.112067 0.115098 0.109987
1403636752.813555  0.019526 -0.028862  0.176176 0.112189 0.114736 0.109108
1403636753.063555  0.032232 -0.062036  0.010250 0.111847 0.114359 0.107387
1403636753.263556  0.039020 -0.136506 -0.104964 0.111694 0.114435 0.105614
1403636753.613555  0.097863 -0.195923  0.031624 0.117623 0.120440 0.103881
1403636754.713556  0.351257 -0.190089  0.016134 0.160553 0.162914 0.107035
1403636754.913555  0.404607 -0.190014 -0.076910 0.144491 0.145483 0.105428
1403636755.213556  0.512727 -0.187613 -0.017243 0.136418 0.134524 0.104256
1403636755.613555  0.456586 -0.238667  0.063194 0.138971 0.131026 0.103616
1403636755.863556  0.439713 -0.264461 -0.066377 0.137908 0.128461 0.103202
1403636756.263556  0.425684 -0.300164  0.122855 0.144122 0.135101 0.103174
1403636756.513556  0.439928 -0.302786 -0.013073 0.143499 0.134752 0.102913
1403636756.863556  0.523059 -0.261461  0.051831 0.146482 0.137610 0.102754
1403636757.213556  0.572338 -0.236834  0.020410 0.149677 0.137840 0.102862
1403636757.513556  0.592581 -0.246064 -0.051222 0.151369 0.136444 0.102556
1403636757.763556  0.525662 -0.319444  0.138548 0.154589 0.136184 0.102484
1403636758.013556  0.391586 -0.380070  0.336454 0.154530 0.137820 0.103703
1403636758.163556  0.381625 -0.386036  0.236361 0.152199 0.137740 0.104096
1403636758.363556  0.396018 -0.324682  0.050401 0.148773 0.138119 0.104226
1403636758.463556  0.386638 -0.322685 -0.034890 0.147758 0.138481 0.103698
1403636758.563555  0.339140 -0.305925 -0.057678 0.147056 0.139270 0.103497
1403636758.663556  0.208068 -0.285052 -0.026160 0.145455 0.139736 0.103192
1403636758.813555  0.088897 -0.248563 -0.029353 0.139437 0.140003 0.102715
1403636758.963556  0.069432 -0.188769 -0.112867 0.134771 0.139014 0.102293
1403636759.163556  0.077529 -0.135995 -0.166537 0.130712 0.137915 0.102162
1403636759.363556  0.008532  0.047051 -0.230944 0.126160 0.133802 0.102356
1403636759.563555  0.016601  0.130317 -0.275649 0.123544 0.129952 0.102824
