1403636630.51356 -0.00037846355499202 0.000147822663634375 6.19886759166757e-05 5.83850696820876e-05 1.21072776937403e-06 1.23689727647425e-05 0.999999998218363
1403636630.91356  0.0295907795943691 -0.0306491204430689  0.0505163512790955 -0.00336828291060781 -0.0104464792791192 -0.00222916987711003 0.999937276304151
1403636631.31356  0.0558768501171627 -0.0456607463971958   0.109159275957961 0.00441835518930125 -0.0150579208899894 -0.0013305426167407 0.999875975715107
1403636631.81356  0.0845095345669806 -0.0517760108673825   0.181846704365138 0.00282822296975943 -0.0178084923424497 -0.0107241071407479 0.999779901919095
1403636632.01356  0.0940145559976519 -0.0591895983021931   0.206062406953582 0.00362941613953352 -0.0174123969541814 -0.0123127451659304 0.999765988657983
1403636632.56356   0.106619393054302 -0.0702019797086527   0.273873054193761 -0.00965158360587548 -0.0259794406058302 0.00142425181417832 0.999614869390445
1403636632.81356   0.10649718411958 -0.071830892158127  0.308495673221333 -0.0130716990468364 -0.0709636352216711 -0.012376733862157 0.997316454100232
1403636632.96356   0.107035603922103 -0.0793877365088718   0.329658650829158 -0.00203133063986158 -0.0973435290299665 -0.0355595913610548 0.994613305015602
1403636633.31356   0.105530911918986 -0.0941243371773698    0.38189120317497 -0.00256117204799397 -0.12909482564045 -0.0489980339457595 0.990417668996294
1403636633.61356  0.102845214544271 -0.100385323816798  0.434105822679669 -0.0149231616150101 -0.129620786619343 -0.0427937819413244 0.990527356083997
1403636634.01356  0.103059066954763 -0.123909901623034  0.509081070721549 -0.0113867295484239 -0.124522573438607 -0.0231385258021822 0.991881585532325
1403636634.21356  0.105934393305861 -0.137693168206749  0.547676659403654 -0.0117603792307591 -0.123815170578598 -0.0285671363458224 0.991824286724186
1403636634.46356  0.111876914758176 -0.161736135383922  0.600018494233851 0.00779642282916332 -0.123706506335957 -0.0407121045679184 0.991452692075054
1403636634.71356  0.114929381358998 -0.178025210700783  0.652531296948592 0.0125396880620844 -0.134376865271531 -0.0511152663590152 0.989531628523389
1403636634.96356  0.118658101606166 -0.197040475680112  0.700419196718566 0.00386549941984646 -0.150075589761542 -0.0592220516800591 0.986891647480495
1403636635.21356 0.119784803411345 -0.21496115593309 0.746069110687311 -0.00169368795271665 -0.159434185553907 -0.062290575398491 0.985239948497018
1403636635.51356  0.117257197939223 -0.233483553478812  0.803361997596225 -0.00819210513479143 -0.166367709323451 -0.0509658476239351 0.984711712677321
1403636635.71356  0.118571610145409 -0.256666183370599   0.84031200584687 -0.00335535644748339 -0.167447272836035 -0.0444868250008514 0.984871095526835
1403636635.91356  0.119356357539515 -0.286478662831622  0.878799763175408 -0.00303223005379077 -0.168847857659563 -0.0323971544265915 0.985104883212816
1403636636.11356  0.127794824309068 -0.316916242640168  0.915167700380789 -0.0106403527793941 -0.163817162448773 -0.0456914820233429 0.985374552467473
1403636636.26356  0.133716856863881 -0.345432277374112  0.945660017992072 0.00571341166796885 -0.161145055437666 -0.0531457408849892 0.985482195811213
1403636636.41356  0.135875014563259 -0.371204165815223  0.977118961123976 0.0282608466433274 -0.159941101451007 -0.0545312867835414 0.985213939901062
1403636636.61356  0.143446340814703 -0.393902453500451   1.01769049657477 0.0381149002849231 -0.155392568678538 -0.0668178217865294 0.984853178228847
1403636636.81356  0.144109656725344 -0.409963934716848   1.05203693551074 0.0372904511273432 -0.149742022266879 -0.0833895653660178 0.984496282070284
1403636637.11356  0.141762206987676 -0.416729575098149   1.09187441551295 0.0181514315017192 -0.162980023050426 -0.06106285616783 0.98457065019101
1403636637.36356  0.134259070394376 -0.421176001921597   1.12309241042824 0.00423440633773878 -0.16560980841342 -0.0620000297404426 0.984231404433135
1403636637.66356   0.12507395598075 -0.439382990591038   1.15344190334855 0.000120206101452469 -0.169865647475293 -0.0608670067839237 0.983585713013085
1403636637.96356  0.113089429848411 -0.472409703210406   1.18262317263117 0.0115304748142122 -0.172282175280836 -0.0598220233833563 0.983161851247994
1403636638.11356  0.106401972176934 -0.481972159260176   1.20063407470235 0.0163922926792704 -0.173512366595777 -0.0586628458525273 0.982946296547036
1403636638.26356 0.0997069890820154  -0.48436074688371   1.21819209349738 0.0156205726461286 -0.17426203317605 -0.0584132500195366 0.982841102989548
1403636638.51356  0.091390241683821 -0.483332073791832   1.25167016366777 -0.0264074971320249 -0.179957920712844 -0.0469692287468205 0.982197374471578
1403636638.81356 0.0843161199422493 -0.497952695505512   1.29749507963201 -0.00898252159708662 -0.177214803901899 -0.0574157428312029 0.982454915026084
1403636639.06356 0.0771926258226187 -0.524070046013774   1.34019856987882 -0.0047574150096153 -0.185029877610038 -0.0373960344216397 0.982009596696273
1403636639.31356 0.0764443475913128 -0.534849084037999    1.3906828680722 -0.00629799947666229 -0.18463824434001 -0.037839210388771 0.982057660265824
1403636639.46356 0.0800863370825342 -0.536090652601856   1.42602399543124 -0.00191900663687111 -0.178429440162845 -0.0560066641693299 0.982355590336475
1403636639.61356  0.084803074921792 -0.535367379594385   1.46150535034864 0.00791548293848354 -0.174202703982002 -0.0708102121608463 0.982128645804075
1403636639.86356 0.0866641155434533 -0.542038462514511   1.51850431893139 0.0184594361281649 -0.178931386012626 -0.0594970034181523 0.981887424759932
1403636640.06356 0.0859982462851194 -0.553442151773091   1.55476713034133 0.0204848781872793 -0.184174752613498 -0.0617571832080903 0.980737518700907
1403636640.31356 0.0905058068864013 -0.574847927449324   1.59618397583668 0.0199952683461547 -0.202239786580706 -0.0710768262883997 0.976548689381295
1403636640.56356  0.093937340197709 -0.587312978378106   1.63437356160136 0.0196728564103129 -0.211029574321948 -0.075775755516032 0.974339536485168
1403636641.01356 0.0987434646455409 -0.601782693612507   1.69343304786632 0.0158368001530176 -0.213869356637745 -0.0784768369093846 0.973576129596946
1403636641.26356 0.0987380285160908 -0.606990850825801   1.72116294499139 0.0171753741195464 -0.213380573235628 -0.0733202399683584 0.974062564674606
1403636641.41356 0.0984361336485841 -0.606192536426076   1.73830657168718 0.0148877440029894 -0.215079913821489 -0.0650401846213515 0.974314507812268
1403636641.96356   0.10869870300115 -0.622615457247322   1.78499044645345 0.0196542770543123 -0.204109771181357 -0.0692989241381666 0.976294304917866
1403636642.16356  0.113687978270408 -0.636642381929252   1.79858584522002 0.0224965904101179 -0.187899155330435 -0.0633515419293798 0.979884887617519
1403636642.46356  0.11871328467789 -0.64375817121943  1.81534242349296 0.0221513530101927 -0.165660770073156 -0.0531919743958654 0.984498065350286
1403636642.91356  0.126875364043306 -0.635416605475248   1.83936024997325 -0.00437597694994019 -0.153759776814382 -0.0514167639088879 0.986759898987014
1403636643.76356  0.147345646770948 -0.666404213199705   1.89069179845677 -0.0182448295559434 -0.158480090633465 -0.0550912506161718 0.985655183709206
1403636644.06356  0.153497045116589 -0.686525128073986   1.92177359824938 -0.0258438419750798 -0.158228294734774 -0.0596102959805802 0.985262663044937
1403636644.36356  0.153350455072031 -0.703413625410227   1.96929079522252 0.00234155978676898 -0.166581162844879 -0.0319753943088403 0.985506371081287
1403636644.56356  0.156618005136516 -0.707235935836695   2.00637888856254 0.0141568351402058 -0.171210994678752 -0.0168778414088761 0.984988080023968
1403636644.81356  0.171175059054416 -0.701713263774898   2.05586023722801 0.0187868099566056 -0.159010049954458 -0.0467732613061095 0.98598941262669
1403636645.01356  0.186112715441211 -0.689598645242825   2.09254153907946 0.00318084958173329 -0.154821678321564 -0.0539701938780396 0.98646203590934
1403636645.16356  0.193191928652291 -0.686214572726055   2.12010715359164 -0.0309344358548569 -0.152350395557637 -0.0574497639541574 0.986170341408311
1403636645.41356  0.204596781490871 -0.699455643075401   2.17350629612248 -0.027269199342588 -0.151249499869255 -0.056785799700118 0.986486367117626
1403636645.66356    0.2105966322937 -0.709980480653957   2.23389302594298 -0.0164549215684662 -0.150136719559392 -0.0562934460478792 0.986924135345861
1403636645.86356  0.212045341243447 -0.724517288715757   2.28194258785829 -0.0157304735090427 -0.150773227290096 -0.0532961011959928 0.987005325078349
1403636646.06356  0.214711715937626 -0.750465579800194   2.32073062801832 -0.00546981888796849 -0.143508178952696 -0.0391436672059641 0.988859573939942
1403636646.26356  0.223372565490241 -0.780800922951764   2.37585404533662 0.00472108954450609 -0.111340829375859 -0.0127370930833577 0.993689437141804
1403636646.41356  0.229581610328352 -0.798665452155375   2.41519575621248 0.0153331899790476 -0.0727389586612958 0.00715838690140053 0.997207448164577
1403636646.56356    0.2395844265213 -0.814979020337395   2.45699270239059 0.0281553448497784 -0.0367008263250696 0.00932667920503916 0.998886049035852
1403636646.81356  0.259242925649135 -0.848400557670203   2.51223876189377 0.0233285653227706 -0.00721138975713764 0.0111330702070589 0.999639849468556
1403636647.06356  0.280973572750882 -0.878670198856839   2.55150951113571 0.0145397491480557 -0.00163323298769649 0.0111173206381354 0.999831152458528
1403636647.41356  0.307606328682153 -0.914320374479659   2.61216768363519 0.013869038400442 -0.00783130589415573 0.0139502303971288 0.999775830620898
1403636647.61356  0.325412890578268 -0.927111407574885    2.6423274581175 0.0263787077367843 -0.0132305783079136 0.0211344147556445 0.999341008909728
1403636647.91356  0.359944601169224 -0.945606238876761   2.67590413049694 0.0197988946422684 0.000583589830767894 0.018903224470898 0.999625095372489
1403636648.11356  0.389009359403584 -0.948755278807232    2.6968822045577 0.0172851725291585 0.0339426633022175 0.03003811294311 0.99882272210308
1403636648.31356  0.416462958678759 -0.944271293949576   2.71988783324637 0.0166136807521445 0.084685940123336 0.0487439348879181 0.995076030245395
1403636648.51356  0.441950190091968 -0.934651580340001    2.7420000480104 0.0147770320047772 0.139415535945382 0.0676509731607611 0.987809846829132
1403636648.71356 0.467191955838864 -0.92346272850757  2.75732162619517 0.00951855912621616 0.178783348434972 0.0782823003927764 0.980723096903379
1403636649.01356  0.505939450065103 -0.922323108854065   2.76770342012286 -0.016760144955931 0.195343227929959 0.083865639741334 0.976998810292898
1403636649.26356  0.541792009770215 -0.943916797352926   2.77149485134305 0.0124963798641907 0.195454985431926 0.0749229140478418 0.977766713541975
1403636649.61356  0.584231902605919 -0.987659547784256   2.77778060556437 0.0139572068640392 0.186199731970891 0.0746045917696835 0.979575934309026
1403636649.91356 0.620658034345031  -1.0140695500641  2.76779246331846 0.024198961589231 0.205655336875475 0.080337241141119 0.975021138416225
1403636650.11356 0.643717668516425 -1.02621819537004  2.76942137930273 0.0235911115425052 0.218325465798212 0.0827783390397567 0.972072629501521
1403636650.31356 0.666022694401536 -1.02164292301421  2.75871500066421 0.0203875318499032 0.252173524657811 0.0945576788352084 0.962835244151367
1403636650.51356 0.687038683028286 -1.01583618002952  2.75996383373187 0.00784558407298755 0.30166251630611 0.114046575160554 0.946536608779908
1403636650.71356 0.700919812779817 -1.00343602175066  2.75078415304769 -0.000968682052749525 0.334983486594795 0.129138913469654 0.93333180937529
1403636651.71356  0.742996228042621 -0.998373506383518   2.69019042875455 0.0172000712340816 0.339420809405974 0.126010020882971 0.931997396095509
1403636651.96356  0.749584245794946 -0.986892341116143   2.67032509748243 0.0279905469107113 0.358460674824368 0.146399764716088 0.921569087360883
1403636652.11356   0.75596794939672 -0.973111545961716   2.65566510126741 0.0226943065371565 0.393209385690463 0.154378573525699 0.906111805182946
1403636652.26356 0.758263776696806 -0.96022981631054  2.64240874399591 0.00658131013264016 0.440961248385518 0.167766280868772 0.881682674652669
1403636652.41356  0.761616655412602 -0.942167046675737   2.62448483606495 -0.0102150898870588 0.482926419909349 0.188841310816701 0.854995136957613
1403636652.61356  0.765766728259825 -0.920440283637672   2.60107712701759 -0.0233407763896437 0.514309973007064 0.209886764665053 0.831196731130145
1403636653.16356  0.799430270106021 -0.900345958502786   2.54330980109291 -0.0133877449330366 0.527305836999492 0.197749476778166 0.826235116044964
1403636653.31356  0.810296220798664 -0.890049918007715   2.53008901686457 -0.000552992533681851 0.526524241135171 0.185232361518029 0.829735433703265
1403636653.81356  0.844987152429928 -0.886932305468881   2.49396574247583 0.0100804383786283 0.51734752010367 0.173097270601045 0.838025812916969
1403636654.11356  0.854566963752324 -0.876046903755004   2.47218866337475 0.011002491607926 0.516575026062625 0.181842284100338 0.83663765833244
1403636654.46356  0.863342085334705 -0.864804366144526   2.44378537976966 0.00249155142221019 0.552499209691153 0.193907344853545 0.810640707757765
1403636654.71356  0.864002682495316 -0.865751655584001   2.42022737603745 -0.0053424219664569 0.585539550531848 0.214112589604436 0.781838021756026
1403636654.86356  0.860378336994797 -0.862235521813971     2.403785381423 -0.00811168762653691 0.597343942403254 0.219166749462053 0.771414513039666
1403636655.26356 0.854429113927185 -0.84571725114989  2.37527909875175 0.0145092900025601 0.61506407709409 0.209685146501694 0.759945919726253
1403636655.46356  0.848537821293814 -0.835134882613855   2.36051099002962 0.0188402522062132 0.626415590389921 0.214775597706128 0.74907943213202
1403636655.66356  0.834148121764456 -0.829005948788745   2.34512166344324 0.0066797089583559 0.641985436376583 0.236115088592775 0.729424256456711
1403636655.91356   0.81673407573887 -0.808507497264282   2.32549074494962 -0.00205135262261757 0.664926299976949 0.260348340134966 0.700062532450031
1403636656.11356  0.803158103496741 -0.791901059768881   2.30818418041146 -0.00263774359193258 0.688044930474497 0.267317967512887 0.674631988718195
1403636656.41356 0.786081985882234 -0.78039561454468  2.26711849551194 -0.0131521520580283 0.700177795317866 0.271110481374406 0.660361403118772
1403636656.66356  0.775602898423848 -0.781801919824045   2.22980563076238 -0.00937836256951119 0.701929862478177 0.26180284967474 0.662318490138292
1403636656.86356  0.768398939006081 -0.775518203913341   2.20257849780499 0.00517325957947884 0.705381022372423 0.241504029818226 0.666398269988538
1403636657.16356  0.751352756438697 -0.758770872185101   2.16769031423767 0.0154719085925801 0.70178353199031 0.243247025582461 0.669396279357
1403636657.41356  0.729989986432381 -0.745315128916489   2.13727465800257 0.00975250142951944 0.695911712542458 0.259312403598603 0.669603505368667
1403636657.66356  0.704817604710682 -0.727222935828557   2.10262726672663 0.0019156458897524 0.692463845003147 0.270209440212145 0.668937225817582
1403636657.91356  0.682616411589855 -0.705463954138201    2.0670211575015 0.00568039278261107 0.693589225350464 0.283508892838325 0.662211769222781
1403636658.11356  0.663833483753082 -0.687834483439893   2.02901746679382 -0.00297710197029166 0.697493312430926 0.281481412421903 0.658985910652848
1403636658.31356  0.646653874054927 -0.665249514180306   1.97015522309811 -0.0169853695736466 0.703875590012416 0.271572048052896 0.656139675466646
1403636658.51356  0.637852429110141 -0.652974888450995   1.94649645004816 -0.0265408966109896 0.707176906019829 0.264890968144979 0.655003190369728
1403636658.66356  0.631752896441349 -0.636610690243704   1.91682067677173 -0.0331189595390452 0.709716142831912 0.257597737764068 0.654866044792123
1403636658.86356  0.621867008732869 -0.606808174476557   1.86352461716088 -0.0317762903137821 0.714390648953956 0.245596299730426 0.654460637181307
1403636659.01356  0.622543706223944 -0.596862177204094    1.8604433178169 -0.0163674204643263 0.714970071039774 0.244374174091361 0.654852020002909
1403636659.26356  0.615998679819374 -0.569603819132024   1.83268192617159 -0.00787772559389566 0.714877264371191 0.244320977462171 0.655130291084574
1403636659.46356  0.604807942626946 -0.549688445061241   1.80819770155696 -0.0199156576514529 0.711801915033824 0.253102633048157 0.654889652902366
1403636659.81356  0.594162563873238 -0.523374506207291   1.78396378280506 -0.0172432866134392 0.715670074991832 0.248508437283277 0.65250484245481
1403636660.06356  0.580154630249696 -0.498967858135476   1.76959130778031 -0.0280034140958613 0.713708638886405 0.260753693358345 0.649494648921662
1403636660.26356  0.570500784591595 -0.473169525578301   1.75909725113661 -0.0363874792619407 0.711475243718506 0.268961652337482 0.648180961229614
1403636660.71356  0.582658537030395 -0.444140910688849    1.7562670283255 -0.0350826423950621 0.716826352730527 0.2521104792233 0.649129797882849
1403636660.86356  0.588298457804126 -0.428320999902394   1.75961382726191 -0.0328764373678669 0.722592278963612 0.23488871262633 0.649312583374846
1403636661.11356  0.594704633266038 -0.390661027056122   1.75911000700219 -0.0186735116313718 0.721628422191353 0.239380285649855 0.64930793857088
1403636661.41356  0.605204144338675 -0.382817672561364   1.79883188317174 -0.0107144879807883 0.72011177769567 0.242109915960568 0.650159223548246
1403636661.81356  0.604882532644665 -0.380549117211632    1.8300217863339 0.00451309833927077 0.714908217024916 0.252435083653582 0.652044785052717
1403636662.11356  0.596274100586176 -0.396011850179032   1.84589981189475 0.00448787618604723 0.714954662898739 0.249767547282072 0.653020567280532
1403636662.51356  0.572106798834411 -0.396823071291924   1.86221507544065 -0.0253626694762324 0.715159138364958 0.254208046822819 0.6506015760361
1403636662.86356   0.55770970840027 -0.405270315055324   1.89581182757662 -0.00115639262889983 0.707940402494687 0.282122712121465 0.647476505038583
1403636663.16356  0.547980062216039 -0.395449503867456   1.90872021823573 -0.00681507633390116 0.702393962521826 0.300224761959454 0.645338181462897
1403636663.51356  0.549203857702357 -0.375626304861984   1.91503616530748 -0.0557791574575245 0.709250454366117 0.280323248758159 0.64441551407493
1403636663.86356  0.571456502482628 -0.356779482052806   1.92884209577985 -0.0694778836878713 0.715659900204165 0.254601611672083 0.646669738160057
1403636664.06356  0.591459172200364 -0.355780299869681   1.94203944405547 -0.0606424110598988 0.720794504995866 0.230503790023355 0.65088077428472
1403636664.21356  0.610561842278902 -0.360885262061796   1.95874263173942 -0.0407494200375994 0.718819720006225 0.230277908358894 0.654682961301594
1403636664.36356  0.631399703846165 -0.363232354806709   1.98069699079279 -0.0242950361215233 0.715700631332155 0.230550407652564 0.658808672576376
1403636664.51356  0.652473825404041 -0.356508045781836   2.00369378851322 -0.0163943582979421 0.711500430057809 0.231723985715435 0.663175962688413
1403636664.66356  0.668500260699088 -0.357730196573555   2.03787013107401 -0.00434185843890744 0.706120665663459 0.235198491719359 0.667874556545785
1403636664.81356 0.684518490228742 -0.35945224224706  2.06688920633503 -0.00983206223762439 0.70204074370346 0.23588671771904 0.671862769571425
1403636664.96356  0.699392815995096 -0.366835947526983   2.09492965144014 -0.0127602050887625 0.697560687297049 0.239784532867136 0.675092321465332
1403636665.11356  0.713314876244349 -0.377854603690273   2.12220871844641 -0.0200810605616644 0.691649523858032 0.249570614982971 0.677445344873443
1403636665.26356  0.727006645520667 -0.392879139125016   2.14882558454875 -0.0117391722401103 0.688550747877241 0.255713284439923 0.678506282648699
1403636665.41356  0.742966499329006 -0.404728486627394   2.17480216487378 -0.00670767404235623 0.690598167633744 0.250916216178266 0.67828477089541
1403636665.56356  0.757269596160116 -0.421021499963706   2.19424355443859 -0.0215760742398296 0.693360911689881 0.244953340329953 0.677335205213913
1403636665.71356   0.77021412334601 -0.435560637410961   2.22412275264086 -0.0264591997291485 0.698636938244383 0.238078408004509 0.674184700888596
1403636665.86356  0.783792887434695 -0.451413773963069   2.25014403982106 -0.0137044753007058 0.700699004208184 0.237869305514095 0.672496309545735
1403636666.01356  0.796583257099072 -0.468424872439324   2.27653518393588 0.00445404578552899 0.697263447853255 0.252004450882125 0.671042176393951
1403636666.16356   0.80765817619138 -0.480352090355383    2.3026001026834 0.00232381895229122 0.69925110997799 0.247371507308388 0.670708448159111
1403636666.31356 0.815817921126437 -0.49067747373782   2.3270339454462 0.00497496935109881 0.699568196028097 0.246754525901197 0.670590629768434
1403636666.46356  0.823556679106185 -0.494329415756358   2.35621038633816 0.00931661642677845 0.695956877144456 0.251284587763295 0.672616742109743
1403636666.66356  0.829435080337971 -0.507248529283714   2.38467282269246 -0.00773374837338498 0.69323657793517 0.251133698481079 0.675496189209123
1403636666.86356 0.835824318021178 -0.52521370316659   2.4101751845774 -0.0220275746573403 0.686180357934468 0.263871298267964 0.677527298557054
1403636667.06356  0.845023389035922 -0.537967353223875   2.43569806597124 -0.0114119345424386 0.678336375800434 0.282757717141189 0.678069024814609
1403636667.21356  0.855925300083922 -0.542668570990917   2.45143310176332 -0.00935131424463975 0.689311481615257 0.250987472460753 0.679534784174467
1403636667.41356  0.867286912343474 -0.546959052642068   2.47380802024416 -0.0144336392460141 0.692705368745727 0.23732811392412 0.680901100388435
1403636667.61356  0.876341796673594 -0.550083620553923   2.49901765434037 -0.0208606555634478 0.684785087272711 0.257053444807973 0.681584729737047
1403636667.86356  0.891179935021182 -0.560207382877376   2.52740484549385 -0.0138846194339872 0.682714667627686 0.265003115798574 0.680794571487052
1403636668.11356  0.910373357795888 -0.565199625822404   2.55307748776444 -0.0194191107622426 0.687444891560887 0.259763539494778 0.677912474256957
1403636668.36356  0.932245482097597 -0.561097183872676   2.57886919219978 -0.0272140787068272 0.693205039935213 0.256897830512497 0.672851893960723
1403636668.61356  0.953897824222738 -0.554601948489266   2.61028661246832 -0.0270387867117306 0.697982645255333 0.252742384185713 0.669485188911336
1403636668.86356  0.978362296992286 -0.551137211108428   2.64240939047692 -0.0357713241291747 0.707055559170285 0.231531711120571 0.667222538110054
1403636669.06356  0.999189744218493 -0.556550235450632   2.67345389710519 -0.0201327344647147 0.708433682792193 0.232608949048523 0.666040139114006
1403636669.26356   1.01300588881148 -0.571958458535946   2.70969902874071 -0.0113228225145836 0.708465247635943 0.236263547379447 0.664927306374257
1403636669.46356    1.0248860786096 -0.579716196476225   2.74841686523881 -0.0072421317925277 0.709656199960882 0.234126625494846 0.664469978718811
1403636669.66356    1.0344770764452 -0.580458513187096   2.78871587264296 0.0042529111584898 0.713416796275447 0.220236702046687 0.665217394999825
1403636669.81356   1.03077688343823 -0.594212618899174   2.81339461564368 0.018187968043577 0.710632443713909 0.22355670332999 0.666853153367269
1403636669.96356    1.0300643439889 -0.602081752677246   2.84948972064269 0.0386712512470436 0.696790122277073 0.25750995328178 0.668338749276821
1403636670.16356   1.01802145822391 -0.618516174542707   2.87821511951494 0.0478569712895465 0.685979783510215 0.2757196170389 0.671654777169189
1403636670.31356   1.00195840823856 -0.633466436601437   2.88566092591469 0.0729332576463767 0.675670205707559 0.281338532540951 0.6774947550763
1403636670.56356  0.973679635379959 -0.637110821292862   2.89627131392537 0.0805691019202373 0.647469552790924 0.289347227669695 0.700407010147921
1403636670.76356  0.939698931331332 -0.644734591047156   2.87086462701315 0.0786129458457623 0.616892670195046 0.281273685460367 0.730854672334124
1403636670.91356  0.912207964849238 -0.645772833424034   2.83964706176861 0.0876092507051345 0.585055537182765 0.278982528139167 0.756441264471836
1403636671.06356   0.88397845188399 -0.640351789048856   2.79492064287138 0.098476997784176 0.547226023518916 0.268472690202576 0.786618315771049
1403636671.21356  0.854427866203932 -0.633728201903163   2.73326629538911 0.0836603706932058 0.515236607717486 0.244989160588621 0.817014376640543
1403636671.31356   0.83422190333265 -0.628567132651946   2.68345178506543 0.0594475488740169 0.501413527619179 0.229557019062597 0.832078144318463
1403636671.41356  0.813006722016308 -0.622128648584995   2.63328907388437 0.0229503015526352 0.493786341507186 0.204246635777492 0.844944758178408
1403636671.51356    0.7925797425989 -0.617223825313199   2.58095100158695 -0.0072181778079437 0.480882575834974 0.189586712193842 0.856012105479229
1403636671.66356  0.763970292850114 -0.606026087284555   2.50435534889818 -0.03762747756558 0.461673486400161 0.187601085020445 0.866168342636883
1403636671.81356 0.740924596142634 -0.59397605196024  2.43556256743109 -0.0563192883254544 0.452317932110249 0.189321312216499 0.869709185184707
1403636671.96356  0.725913883057385 -0.581676646071523   2.36993429775448 -0.0763019618614119 0.449177268758325 0.193566254244235 0.868878528371352
1403636672.16356  0.718334628356488 -0.575113928434294   2.28683960375112 -0.0946122421279491 0.457764949448579 0.174872070772441 0.866556134107665
1403636672.36356  0.719632125866598 -0.586060278096117   2.23272605809506 -0.0940107962817709 0.469019109206039 0.153468680619452 0.86465623773322
1403636672.51356  0.726592341587504 -0.588040529768448   2.20138334257674 -0.067289823945063 0.476972842380971 0.134001551383828 0.866032661884751
1403636672.66356     0.734464104654 -0.578585052738385   2.17168159450799 -0.0231999279955484 0.473664154710457 0.142924228853744 0.868721299779159
1403636672.91356  0.738808095955827 -0.558985038767978   2.16209709605399 -0.0282849803008459 0.454804755316045 0.158288962630636 0.875955020957475
1403636673.11356  0.736329103560803 -0.548571406878044   2.15627875025495 -0.0358474084246657 0.429898920512417 0.144037615016117 0.890592525744497
1403636673.36356  0.744948927355554 -0.544695376097323     2.142973850517 -0.0668119016973673 0.40120579182068 0.14892451401523 0.901327671563705
1403636673.56356  0.756453810100528 -0.550576525755484   2.14839314699416 -0.0604934412338315 0.395450894221482 0.142652248456291 0.905322853924214
1403636673.76356  0.768618803179353 -0.554010421161296   2.16428606089082 -0.0320337951622887 0.397288727992671 0.127606432421809 0.908213686850206
1403636674.06356  0.781719550927566 -0.564765006808871   2.19904324261738 -0.0260626578090169 0.39645835314765 0.126962391213012 0.908857559414487
1403636674.31356  0.786903234468729 -0.569773940781329   2.23731583822003 -0.0122113964754674 0.392310627539062 0.139882811258526 0.909052282561591
1403636674.51356   0.78859344649027 -0.570472979758552   2.27360881466588 6.96236417345175e-05 0.372556846996782 0.155092626035256 0.914957741241558
1403636674.71356  0.788307798683062 -0.569135645608914   2.31874040811301 0.00022734987085804 0.356073271934507 0.146742620868266 0.922864224329128
1403636674.91356  0.796144073664669 -0.557350802885021   2.34719927855495 -0.0266746963098053 0.340055349225412 0.155597624406047 0.927059976117596
1403636675.21356  0.823112123013831 -0.563801667378616   2.39931894136656 -0.0550261793731659 0.343372390875283 0.136179729441089 0.927643574902309
1403636675.41356 0.842941160582837 -0.58282867922931  2.43525212904392 -0.0444441605442799 0.348788689410734 0.111756557277866 0.929452332633608
1403636675.56356  0.860354644428935 -0.594135946341482   2.46970154821568 -0.0266207354241718 0.341029208665498 0.0939297001078333 0.93496931859827
1403636675.71356  0.87467753770126 -0.60230940590531  2.50847535467785 -0.0142606778471954 0.328062965175877 0.0810021509546088 0.941068528582311
1403636675.86356   0.88503695582439 -0.613233616900032   2.55020466999319 0.00458742477979737 0.298980214335794 0.0919273067157537 0.949810063775701
1403636676.01356  0.895603763365354 -0.617369861221195   2.59113790971877 0.0065996576703688 0.259964365513645 0.110344544509488 0.95927006347468
1403636676.16356  0.904993000240304 -0.616318835695114   2.63050289134711 -0.00435839808801552 0.232148314265593 0.091232388411458 0.968382577215478
1403636676.36356  0.916611527021041 -0.613824946313072   2.68080810124208 -0.0193488475430688 0.198162923048502 0.0409848113593181 0.979120688814954
1403636676.56356  0.925064920766615 -0.615339597838639   2.72919572392613 -0.0208419531417375 0.150993887538625 0.0243443320884878 0.988015087137022
1403636676.76356  0.925573608585092 -0.630751670608519   2.78631044308669 -0.0111220540024939 0.115914343122405 0.0355068067272964 0.99256205430658
1403636676.96356 0.924596580280048 -0.65004641671474  2.83437613742788 -0.00723750514867347 0.0962630969517704 0.0428877938212394 0.994405184935006
1403636677.26356  0.928156996342032 -0.657271307635353   2.91249571368259 0.000114727300995238 0.099839120058839 0.0191810161553745 0.994818689793658
1403636677.46356 0.920651601561981 -0.66117783024831  2.96402837059073 0.0242374575050448 0.0847803656081605 0.00824360118681688 0.99607071952774
1403636677.66356  0.912927891059188 -0.672065980899866   3.00519875972091 0.0318967879870408 0.0487608648820917 0.0105031142489451 0.998245790155478
1403636677.81356  0.905000603342488 -0.680007337066349   3.02678199512155 0.0217868554780597 0.0113098895763282 0.0139687253424067 0.999601067445638
1403636677.96356 0.898249954881011 -0.68804772652389  3.04508949940237 0.00571657581268789 -0.0324620620493805 0.016332912457975 0.999323156571047
1403636678.16356  0.894989775649077 -0.698081795056984   3.07472714045445 0.00483181587944678 -0.0712837526495665 -0.0117685186568744 0.99737494561079
1403636678.41356  0.893968065024656 -0.706639133390468   3.10162322449584 0.00655216658827915 -0.106778812113241 -0.0361722416547502 0.993603000866219
1403636678.61356  0.89381400559611 -0.71779762926876  3.12079772653668 0.00829565956174275 -0.143514937527482 -0.0512066009758009 0.988287675100435
1403636678.81356  0.893030332526805 -0.727821495574584   3.14351252052175 0.016301421157621 -0.181105507222656 -0.0950808765822212 0.978720943798702
1403636679.01356  0.890476283859819 -0.729392671341844   3.15919555148341 0.022066809530479 -0.217229593099215 -0.12553671446039 0.967762828962544
1403636679.21356  0.878735016512011 -0.728312145226306   3.17388187937972 0.0281638429144967 -0.268271862350636 -0.11780116066495 0.955698640979048
1403636679.41356 0.862843019354345 -0.72954085418048  3.18669567532772 0.0303378349132488 -0.322923899922059 -0.113962054881551 0.939048678546048
1403636679.66356  0.850728819386646 -0.733370707437074   3.18780989533744 0.0250156747356423 -0.37015617525797 -0.129178941660102 0.919603948973409
1403636679.91356  0.846124347422385 -0.749166736195204   3.18719671717509 0.0413798932322303 -0.382966376545056 -0.1419122141631 0.911858202980796
1403636680.16356 0.844019407752124 -0.76830597138377  3.17950810981568 0.0593928280646684 -0.372086924376682 -0.168384096859048 0.910862562962901
1403636680.46356  0.839941221159315 -0.775188581168392   3.15462494197597 0.0599516729910733 -0.359612387261454 -0.184491887053799 0.912714342740936
1403636680.71356  0.828004874876805 -0.767577233052408   3.11736065440207 0.0487971805529216 -0.35908731393225 -0.172076881686621 0.91600473957945
1403636680.91356  0.815719185613497 -0.752681006771375   3.07464960709768 0.0222928445573645 -0.370007121555471 -0.138059514073713 0.918442883174292
1403636681.11356  0.799441247342041 -0.728755991115551   3.03958018682591 -0.0040834198095083 -0.366766205778771 -0.142344857208915 0.919349671021574
1403636681.31356  0.785170909603993 -0.709949187883361     3.011025152369 0.0188271021621041 -0.366135076860551 -0.147669680194081 0.918577330042427
1403636681.51356  0.764080861988376 -0.695126380974012   2.97549798092513 0.0364207025722285 -0.371498401167395 -0.138590991862449 0.917308567129294
1403636681.76356  0.743772749829022 -0.680753191270278   2.93043350607382 0.0404818574614424 -0.374310058531185 -0.145300969449619 0.914954002983677
1403636681.96356   0.72360343467894 -0.662957760649178   2.89563585247604 0.0428355173651138 -0.377377737075779 -0.142090529976643 0.914090500608437
1403636682.16356  0.720385494804055 -0.652850460257143   2.85043666482147 0.0330523403436635 -0.383596865674082 -0.140952626628323 0.912081873786232
1403636682.36356  0.691415374042362 -0.638994643406247   2.81120303307084 0.0224948608752296 -0.381482873670098 -0.140675006165285 0.913331999314053
1403636682.56356  0.673948379447467 -0.625275623894493   2.77247664918827 0.0349698158728866 -0.378676413008751 -0.139941567451937 0.914219691271052
1403636682.76356 0.657698298590167 -0.60802410017371   2.7376938986281 0.0411479391654652 -0.377286917511038 -0.134439082128751 0.915361984230192
1403636683.01356  0.633721735082704 -0.590030593359206   2.68706052363339 0.0493587916137441 -0.370889308113573 -0.140247097595461 0.916698195936654
1403636683.26356  0.624676041485607 -0.572073565700085   2.62995824433715 0.0419964467906864 -0.375944283501482 -0.137727965208961 0.915386913692191
1403636683.46356 0.596652120824698 -0.54640135116725  2.58405960240767 0.0408851184839955 -0.378976996206123 -0.133780400410088 0.91477191031385
1403636683.66356   0.58366956068607 -0.521057784395239   2.53944667382879 0.035054666201044 -0.381124912001638 -0.135427244056047 0.913878784848768
1403636683.86356  0.573314587296667 -0.494243328981063   2.49547577934251 0.0253868703064456 -0.384524274635041 -0.136638778183202 0.912593246374879
1403636684.11356  0.551206538232059 -0.474866581064476   2.43710200696336 0.0326466283809623 -0.388174577430826 -0.135627079687239 0.910966514394062
1403636684.36356  0.559712894621489 -0.469891941880701   2.39209551155585 0.0375668630806492 -0.39476233420035 -0.132544565173957 0.908396041678858
1403636684.66356  0.517903884506127 -0.446014355399877   2.31186114960884 0.0409642926681962 -0.398898816276945 -0.124328794735617 0.90760344418619
1403636684.86356  0.512048992117548 -0.426414331496728     2.274309002606 0.0429021787190039 -0.396566989505836 -0.128042165083415 0.908019399493311
1403636685.11356  0.508590165823295 -0.398974639471587   2.22726936935207 0.0419640196690196 -0.388545254185251 -0.141175031353305 0.909582990730219
1403636685.46356  0.513098259356422 -0.379807848427879   2.15502592777893 0.0349525023479226 -0.380057354415415 -0.146894573840706 0.91255504716731
1403636685.76356  0.496878671537634 -0.342016866997797   2.08933943612323 0.0401623757586883 -0.376854792518672 -0.143707911799248 0.914174756277718
1403636685.96356   0.49250928370659 -0.318248675485323   2.04954278388176 0.0378730665130155 -0.378087779072407 -0.141679283174313 0.914079998068117
1403636686.21356  0.507374742525038 -0.299512424349384   2.01154755001653 0.0258349904149432 -0.382901492293994 -0.134494441919725 0.913581001095138
1403636686.56356  0.475314143167942 -0.266156014560708   1.92008321777295 0.0208400502970923 -0.380128773551569 -0.136480760500098 0.91457138039363
1403636686.86356  0.463593629652109 -0.240980996440619   1.86729792092747 0.0262404498669148 -0.382868868624367 -0.13415537673218 0.913632969590593
1403636687.21356  0.466673954116365 -0.234625976207038   1.82277154524824 0.0289710727951514 -0.386889641670658 -0.129880583477723 0.912473624903501
1403636687.61356 0.439759878462648 -0.20358312138828  1.75056283583463 0.0351869483545651 -0.388851407225255 -0.129802297007962 0.911431744814656
1403636687.91356  0.435847000986871 -0.166551017470565   1.71506464426193 0.0353704441044636 -0.389280417281159 -0.132186326529125 0.910898711978448
1403636688.16356   0.43447817724761 -0.130067624048331   1.68912492942275 0.0386820000143497 -0.385982190565477 -0.142006590249239 0.910689617689227
1403636688.46356   0.433812664951611 -0.0963471453022408    1.65167689898398 0.0352090178863203 -0.386471811360012 -0.140007361623853 0.910932381011192
1403636688.71356   0.433166219667206 -0.0640455056557056    1.62475367285569 0.0387261583140681 -0.38270628257969 -0.155023835329845 0.909947139352552
1403636688.91356   0.440830282901979 -0.0411960653640592    1.61191769704338 0.0329787354362496 -0.391274794779698 -0.154482598517468 0.906615444791463
1403636689.11356   0.422606884292615 -0.0173262209778368    1.56694875382406 0.023811897106019 -0.40539140580875 -0.154043771105968 0.90075597041378
1403636689.31356    0.414081950791079 -0.00370783483016348      1.5332400785598 0.0184740364782077 -0.416144531937228 -0.154122834851004 0.895951220933616
1403636689.51356   0.402625770438445 -0.0057323365887675    1.50191753324671 0.0153087463580012 -0.420924999071219 -0.154100648270515 0.893778931081085
1403636689.71356   0.388500474240774 -0.0117823869607562    1.47267899145575 0.000421576889643199 -0.42282280598974 -0.150236650231986 0.893672001315338
1403636689.96356    0.36739795511483 -0.0172656241855213    1.44805307870163 -0.00807218204959961 -0.426659759151374 -0.129746787613509 0.89502070417495
1403636690.26356   0.342218449907214 -0.0252757535015483    1.43956353801934 -0.000264774182666933 -0.41615345436383 -0.147998571423233 0.89716924555647
1403636690.46356   0.324999639159463 -0.0387237429053088    1.44375131272365 0.00242498645481587 -0.415357655495615 -0.148056651378738 0.897525133600388
1403636690.71356   0.299976090494948 -0.0557300623375565    1.45472536228465 -0.0031657965727786 -0.426206948704735 -0.117289081305809 0.8969843287451
1403636690.96356    0.28053679390063 -0.0586879439945887    1.48407700425522 0.0132167248152149 -0.438960302950759 -0.0792716733660826 0.894905119227886
1403636691.11356   0.279279917093214 -0.0688215569546635    1.51500118039312 0.035518649004839 -0.442802603323551 -0.0691719892068668 0.893241017851242
1403636691.21356   0.284441851650053 -0.0715811450705928    1.52515797354621 0.0523545072363423 -0.44010172666405 -0.0774922215418009 0.893064628881851
1403636691.31356   0.293950026165909 -0.0836024972688329    1.55102120063467 0.0666014955493018 -0.433738740385757 -0.0978656890682865 0.89322855573608
1403636691.41356   0.307036072739605 -0.0893006041186547     1.5581834955899 0.0619529671084652 -0.430448861521874 -0.11386669671899 0.893258071813116
1403636691.51356   0.32443738672904 -0.106501728307287   1.58020641408231 0.0465776991078736 -0.42986797915084 -0.124582028905591 0.89304163201967
1403636691.61356  0.341610356396981 -0.115014071476843    1.5849672605454 0.0403041800771119 -0.430700142080367 -0.130427574138071 0.892110760267312
1403636691.71356  0.362696904874952 -0.133161776787376   1.60088423764125 0.0402327385058447 -0.425637763802932 -0.145025335599751 0.892290016088569
1403636691.81356 0.380652552670452 -0.14713779782591  1.61327097022127 0.0395193686614042 -0.424975405446097 -0.15134862001777 0.89158719118505
1403636691.96356  0.412941190209259 -0.170355596764662   1.63893378538462 0.041426407504971 -0.429004078898452 -0.143252041769161 0.890908640422064
1403636692.11356  0.436516986527567 -0.176575365280132   1.64452716671132 0.0440470414901462 -0.428402497282126 -0.140121108903126 0.891570094439109
1403636692.26356  0.476291187496165 -0.217469482369193    1.6877402111915 0.0408461753631184 -0.425409330560316 -0.151487460672536 0.891296830853457
1403636692.41356  0.494268624600108 -0.213190785674181   1.66744961298155 0.0403658074695466 -0.423333703168604 -0.147815482517278 0.892922034937582
1403636692.56356  0.523346106263592 -0.241141132524439   1.67965001753829 0.0407412156960183 -0.420302291105572 -0.154696007591237 0.893171474393551
1403636692.71356  0.544329079094622 -0.292417375329602   1.61542039125733 0.0302160924709777 -0.420795777364605 -0.157187816771177 0.892922108454379
1403636692.91356  0.593491346003753 -0.309195722979293   1.70487898564136 0.0375756271563979 -0.405009601184493 -0.185133847200832 0.894584123385163
1403636693.21356  0.625616346595183 -0.335513761404928   1.69426069950955 0.0287905080689903 -0.413727017499923 -0.169530944453457 0.894013601970612
1403636693.51356  0.648156836263134 -0.386226517705558   1.62245103746323 -0.0135571129946695 -0.422204318488959 -0.167307371806256 0.890824315718766
1403636693.91356  0.648196186084084 -0.377782898968819   1.72291146022311 0.0188575637563576 -0.423157417180449 -0.157614097162174 0.89204259368603
1403636694.16356   0.64541850411344 -0.393351375391317    1.7508090327445 0.0393543771004904 -0.427884435680199 -0.148631393314128 0.890659784444751
1403636694.66356  0.636226571513996 -0.417184749830569   1.78186256565289 0.0290754431891153 -0.425376589802162 -0.154763666527616 0.891211300968838
1403636695.11356  0.621002645705311 -0.426262817533632   1.79275258174586 0.0252322129014128 -0.426179066777008 -0.136927036176446 0.893860014340675
1403636695.56356  0.632464931186781 -0.445305085055887   1.85374837407202 0.0358682493508417 -0.415404652796176 -0.152996012503407 0.895960190679168
1403636696.26356  0.619703004378806 -0.473883469105459   1.83041383141617 0.0191259819720886 -0.410293570043085 -0.160867201154703 0.897449233543355
1403636697.61356  0.607716999869501 -0.444624195693812   1.85431895815888 0.034025159474174 -0.393982332709089 -0.151015804095312 0.905988099783495
1403636697.81356 0.595090189860707 -0.44905632972885  1.82062907041237 0.032168606444444 -0.361118585798463 -0.139005858787251 0.921539971446252
1403636698.01356   0.57321803931258 -0.452351183363735   1.73929742033579 0.0240658275096275 -0.331820498643598 -0.127303352974841 0.934403472247162
1403636698.31356  0.553076232076789 -0.424639263168045   1.74456127086369 0.02863650834185 -0.302606526380542 -0.110583756900879 0.946245461437769
1403636698.51356  0.536231282987603 -0.407061838526058   1.71886593957795 0.0258289280017644 -0.268163028561527 -0.0997683098873666 0.957845363789588
1403636698.71356  0.516206651799995 -0.385775085352739   1.69484021593986 0.0214071676728943 -0.223920439531021 -0.0803898707399544 0.971050379030291
1403636698.86356 0.500587346841048 -0.36869897013253  1.67606660332877 0.0176278749370348 -0.185483659275302 -0.0621826358228996 0.980519449051963
1403636699.01356  0.484588560813202 -0.353471365393948   1.65894715894402 0.0152942777876307 -0.147146810693172 -0.0433362652433583 0.988046491459051
1403636699.21356  0.464767499137888 -0.342220023663338   1.64028571849247 0.012672566542687 -0.0969355040582346 -0.010853675527181 0.995150798541481
1403636699.41356  0.447653849130243 -0.342776359441317   1.60992997904284 0.00395104288685089 -0.0450009813480056 0.0206920504650748 0.998764807141989
1403636699.66356    0.4363593967732 -0.342073695733191   1.58575441628753 0.000377672766147474 0.0154418160932309 0.0518929536725106 0.998533188751464
1403636699.96356  0.446204844839119 -0.368498591261407   1.56490677444212 0.00116427604635624 0.0689924220044141 0.0506053692428223 0.996332166885648
1403636700.51356   0.45120094753502 -0.286230839054484   1.55200237688885 0.00882316841460309 0.0977397470007084 0.0697889125940919 0.992722821957015
1403636700.76356  0.476880773484053 -0.251256172204249   1.55214803013234 0.0160559943259385 0.130444357463553 0.0683052047410381 0.98896960198856
1403636701.16356  0.517270319481776 -0.236742082542959   1.53845709295024 -0.0143336143211059 0.141166394203615 0.0659092783016318 0.987685457866927
1403636701.81356  0.588099751360839 -0.230925068226065   1.52543803049081 0.00637861857991975 0.135550587977128 0.0614596916478017 0.988841775829998
1403636702.11356  0.623878871397548 -0.241484942773129   1.54355714836849 0.00242515746380917 0.181337606054476 0.0803988281511745 0.980125920315153
1403636702.36356  0.644310210333545 -0.209781916090302   1.54101607431323 -0.00414734501729117 0.226776960434555 0.0958191074726391 0.969212932429463
1403636702.61356 0.668713968239822 -0.18295763796245  1.55366578323782 -0.0153244510056702 0.247792736709192 0.0954337741363348 0.963979416579856
1403636702.91356 0.697196142723544 -0.14168527971584  1.58372332543618 -0.0232014645140545 0.250148420520887 0.0941834443993866 0.963336357954155
1403636703.26356   0.7407311297494 -0.13417836203855  1.63476033067408 0.00627664045254333 0.237977492991604 0.113014079584473 0.964652856954114
1403636703.91356 0.812093351760328  -0.1321176693642  1.66558244887701 0.00435799560097269 0.240190521142616 0.0987298606350002 0.96568210920912
1403636704.16356  0.844600922503672 -0.128333704299733   1.68700011367672 -0.000884980369225102 0.235013486168903 0.0998915878701205 0.96684515244235
1403636704.66356  0.914641388015063 -0.130954613284982   1.73142503507617 -0.0278588552066274 0.232757639256924 0.0895646823907744 0.968000998564753
1403636705.01356  0.959020633364182 -0.128815207608521   1.77739341728087 -0.0467519513524783 0.229842706343298 0.0888194453630444 0.968038063048621
1403636705.21356  0.992601854923352 -0.132768828166177    1.8247839737974 -0.0211857210685494 0.230726085633717 0.0792784432685268 0.969552250816771
1403636705.46356  1.03171667362039 -0.14808884029188  1.88903821550634 -0.0177818427653927 0.229390920714065 0.0786857601377136 0.969985650777047
1403636705.66356   1.05444398911351 -0.153300279641027   1.93813643117995 -0.0224661854680414 0.23057885827979 0.0822790958586104 0.969308418930525
1403636705.86356    1.0800340748968 -0.162208238107376   1.99705969502457 -0.00770509835108785 0.228828452888808 0.0873717084738621 0.969507274426692
1403636706.06356   1.11071791893774 -0.183264469997632   2.05578665344019 0.00935208970055149 0.218319706617133 0.105037193817915 0.970162992509867
1403636706.26356  1.13403871094814 -0.20031808814846  2.10369771967317 0.00588423704869917 0.222659281536338 0.0899669466171735 0.970718377603133
1403636706.46356   1.16405524097504 -0.203195401917096   2.15683384856913 -0.00634504530212618 0.225766298253896 0.0737723520409269 0.971363453629586
1403636706.66356   1.18989834873857 -0.211088669298343   2.20782682554902 -0.0130527127661474 0.226516115891885 0.0719998076785835 0.971254911763614
1403636706.86356   1.21284495435057 -0.228706071790956   2.25823493886951 -0.0206540029114208 0.22826897941555 0.0755441123402542 0.970443080397321
1403636707.06356   1.23695183625883 -0.254468237496989   2.31005001745761 -0.0138045461173653 0.232977463955223 0.0750359509316714 0.969484678508777
1403636707.26356  1.25827011036994 -0.28214044902055   2.3677359844894 -0.0149207291035181 0.239252833473718 0.07668838042237 0.967809044091866
1403636707.46356   1.27677909043016 -0.316933125594521   2.42278603533449 -0.0175172482085368 0.242053788297354 0.0783612448845874 0.96693465388631
1403636707.66356   1.29345773678843 -0.359185943119408    2.4778332003653 -0.0183420292439395 0.237346008066065 0.0925878370033562 0.966828803282855
1403636707.91356   1.31251022730807 -0.393531580234266   2.55798144057675 -0.0120505668178515 0.232471447515087 0.0982679213173884 0.96755114881311
1403636708.16356   1.33441168305934 -0.413159756239011   2.64485993574346 -0.00570250523815208 0.229890360874519 0.0869002957722095 0.969312252066224
1403636708.41356     1.361918337652 -0.421609111836792   2.73351605540516 0.0105894692475135 0.218888124098944 0.109826044560408 0.969491666908858
1403636708.66356   1.38766465716148 -0.435930935825523   2.80843692413631 0.0131618454380066 0.226119631882084 0.0971511383044799 0.969153411090484
1403636708.96356   1.43055681269946 -0.446966474095592   2.89025813759432 0.0146845671375699 0.243535529221324 0.0705077155582552 0.967214284190235
1403636709.31356   1.45706213396739 -0.472402590357983   2.96878613217203 0.00397706369619349 0.251726769789479 0.072175073408656 0.965095111952271
1403636709.66356   1.45976371501684 -0.492680018301147   3.04183138203629 -0.0054720971338896 0.250994357608164 0.0713025118034121 0.965343379535151
1403636710.01356   1.44708276476837 -0.512385808455619   3.12254807307081 -0.00258543676067152 0.24485745179378 0.0692751196822645 0.967077608887116
1403636710.21356  1.43347417348806 -0.52689421677307  3.16633533224823 -0.000111446687891342 0.239998462138208 0.06735503718002 0.968433799863165
1403636710.46356    1.4055637739674 -0.535117747601569     3.226828203763 0.0081986075996576 0.217152493105543 0.0906999869470251 0.971880182913143
1403636710.71356   1.37654910980449 -0.531207108026305   3.28918529472911 0.0130190381497795 0.182866556469198 0.0875382727531283 0.979146249532802
1403636710.96356   1.35727979931593 -0.526834813619469    3.3436669647215 0.0110118118488055 0.145742583131615 0.0481844233659117 0.988087091711467
1403636711.31356   1.33311099845369 -0.540595473908462   3.39752835243591 0.0139368158516498 0.118443409750155 0.0251919580021109 0.992543343689682
1403636711.61356   1.29419833189281 -0.563256166940816     3.431835068472 0.0419300641890636 0.120825673603222 0.0269072546380539 0.991422728185748
1403636711.86356   1.25759094490336 -0.577953554189045   3.44431925405823 0.0319491129891493 0.123116315217519 0.0336045359584665 0.991308409259945
1403636712.06356   1.22280157761992 -0.588659690936698   3.44674957717487 0.0229127782562003 0.115906178126304 0.0581332975736358 0.991292732838262
1403636712.36356  1.17169765135368 -0.61288837558447  3.43393256246644 0.0250358652840005 0.102658026297446 0.0318043935650122 0.99389285923391
1403636712.56356   1.13967750194078 -0.632727236195289   3.41507523906918 0.030508498003228 0.0812480420315368 0.0144247907165159 0.996122438572896
1403636712.71356   1.11368080876273 -0.647614341254526   3.39554471989907 0.0397615433102068 0.0648461202326632 0.0153175121832303 0.996985142409293
1403636713.01356    1.0528863256954 -0.657698500967315    3.3540776406223 0.0300175152994023 0.0547803973518791 0.0132979534541009 0.997958526831227
1403636713.36356  0.982075217964298 -0.669363989703605    3.2847760893592 0.0212142341170856 0.0509752297596813 0.0192741715978082 0.998288529700202
1403636713.51356  0.953426823358726 -0.680921515330026   3.24874645119145 0.0187378913569575 0.0501979076614715 0.0258687140653278 0.998228366220131
1403636713.76356 0.910299594562759 -0.69481479829737  3.18560205425326 0.0118097140546134 0.049590258902761 0.0410781874981102 0.997854658448702
1403636714.16356   0.86137946958048 -0.687897015160209   3.09456454727792 0.0105527607589598 0.0625142808969043 0.0323035080108501 0.99746533137473
1403636714.41356  0.840760356800651 -0.676347561538314   3.04276081566311 0.00473799087898905 0.0635548904375243 0.0382188598170957 0.997235000437804
1403636714.66356   0.82023011444538 -0.658902944602712   2.99371153529865 -0.0128921584828362 0.0434618583671027 0.0313297942064364 0.998480497111443
1403636714.86356 0.806466650405737 -0.65215459852841  2.95517432091528 -0.0149382590741983 0.00520489736945917 0.0065917644187008 0.99985314226693
1403636715.06356  0.799121493915812 -0.653466506670517   2.92208378089731 -0.0150354772063387 -0.0387321578488514 -0.0162289935407693 0.999004691751847
1403636715.36356  0.785959452784089 -0.667493720776295    2.8793390817766 -0.010608731444057 -0.0708439232668215 -0.0256184642149664 0.997101944459331
1403636715.61356  0.778555595063023 -0.667945704527748   2.85923743193487 0.00101350164616215 -0.0821842246622563 -0.00198625187469059 0.996614660154348
1403636715.96356  0.774511021472282 -0.660631053136483   2.83318127229204 0.0331331808065058 -0.0674634513253785 -0.0182274302138573 0.997004832411915
1403636716.16356  0.776133437584344 -0.659314680399678   2.80878052611659 0.0239203981483957 -0.0636002393738967 -0.01384556602208 0.997592664570832
1403636716.71356  0.780206541611681 -0.647911947348334   2.74434433835212 0.00876042565477902 -0.0635424377977638 -0.0177300780383489 0.997783171773216
1403636716.96356  0.780692207124666 -0.634049900687928   2.71465291674593 0.00652564385481169 -0.103171870976328 -0.0322200818408763 0.994120137276019
1403636717.11356  0.783539710565074 -0.626738737654687   2.69341131352105 0.0068871955009118 -0.135367466018791 -0.0459634405012557 0.989704793268716
1403636717.41356  0.799293415484917 -0.618593245039128   2.65094638536384 0.0125736511375468 -0.164383964212582 -0.0811953394470782 0.982968530757166
1403636717.81356  0.791675685654982 -0.600286497996586   2.59590450074596 0.00984930003547882 -0.173910112578255 -0.0836204560549213 0.981155381864155
1403636718.06356  0.778765781375187 -0.581836193076214   2.55157256974527 0.0130916250417818 -0.202207617935603 -0.0952653496052851 0.97461028199335
1403636718.26356  0.761520631455796 -0.577889240669945   2.52009944973217 0.00638362976914147 -0.240408150916467 -0.0942059854565305 0.966068528908824
1403636718.46356  0.742932888442562 -0.551663839795853     2.481679066959 0.00546419356348934 -0.271652467610807 -0.0936674594744524 0.957810778006419
1403636718.66356  0.728728102040098 -0.540252252860339   2.45712554316193 -0.00412714852196264 -0.302814497346098 -0.0902822942604283 0.948754685988523
1403636718.96356  0.707048786111434 -0.507844279805501   2.42301445502795 0.00342585430586018 -0.31456953884868 -0.111465428406729 0.942660982018938
1403636719.31356  0.680633114507522 -0.479962341794887   2.37990095452297 0.0241004292101877 -0.314912336988911 -0.105025323019135 0.942984130751304
1403636719.71356  0.670392584456244 -0.456837228393501   2.32869656877306 0.00782773245703605 -0.310213365128741 -0.101424326458646 0.945208707483428
1403636720.16356   0.64830867933979 -0.415410502503738   2.26820102428081 0.00362793676243775 -0.297761671460307 -0.0978473573444232 0.949605560085199
1403636720.66356  0.654228677939266 -0.404106567584717   2.22474462040732 -0.00200238212216261 -0.30423061816412 -0.0973112898042612 0.947612913754317
1403636721.06356  0.660254697637164 -0.399323540128797    2.1990731611139 0.000199343777691541 -0.272461067148233 -0.0837496749345569 0.958514955073138
1403636721.41356  0.664027432674958 -0.385164616837793   2.17758108088848 0.00791200722844487 -0.223476705326427 -0.0657247063465396 0.972458649657518
1403636721.86356 0.670643734088198 -0.35266965828892  2.14158661949732 0.0100706132031593 -0.185576780827649 -0.0619174821493684 0.980625344650872
1403636722.66356  0.696966750743185 -0.332552587981618   2.08460094209573 0.00837223267372686 -0.175817221449725 -0.064782988297886 0.982253213173137
1403636723.36356  0.715724257988958 -0.326242024624008   2.02657419307696 0.00647048598078837 -0.169186135377697 -0.06422607781968 0.983467943216774
1403636723.66356  0.698947218259276 -0.291024885177351    1.9777675801959 0.027145749519197 -0.138621476153447 -0.046936210383057 0.98886004408458
1403636724.01356  0.712416116160785 -0.307659685541623   1.96002914905179 -0.00572080236126415 -0.120420450850862 -0.0411932015391581 0.991851454394343
1403636724.26356  0.711640463152741 -0.290612223809593   1.94356653202669 -0.0108880114887074 -0.0865440222380161 -0.0298986273810435 0.995739752898024
1403636724.51356  0.707879225430138 -0.273687245929787   1.92402582654817 0.0019808773551003 -0.0424987436436819 -0.0158270268098674 0.998969187781071
1403636725.06356  0.698685374457429 -0.288684417728274   1.87135271735022 -0.00121458053269252 -0.0319450249374189 0.000174358872737757 0.999488874262671
1403636725.36356  0.696858731259416 -0.307133990025652   1.84061576274062 -0.00239414167245219 -0.0333951573863739 -0.00351906876163111 0.999433163199942
1403636726.41356  0.688183972523745 -0.289981506243885   1.77188535355184 0.00674052656885779 -0.0372773418876397 -0.00932272693606051 0.999238736161605
1403636727.36356   0.70998675265168 -0.342495858348025   1.72006309633407 0.00937930255693242 -0.0483943187671751 -0.0303481945162867 0.99832309684
1403636728.06356  0.703373701840304 -0.373004071507843   1.64315778909276 0.0118853295996267 -0.0472354243620456 -0.0303898390221179 0.998350645469745
1403636728.61356  0.679153179596095 -0.377436854996882   1.59331282719238 0.00930902375455628 -0.0599926609904838 -0.00366693734316692 0.998148674434094
1403636728.96356  0.666378972285799 -0.373832764245368   1.55316737038277 0.0150532271257497 -0.0929760665912393 -0.0388922346434736 0.994794574512125
1403636729.16356  0.658389454276304 -0.358180680778941   1.50501137298052 0.019100717432007 -0.108810234114714 -0.0446757271126276 0.992874400391329
1403636729.61356  0.644830235415168 -0.349037598259268   1.47521786537161 0.01398885668995 -0.117970152823322 -0.0450464607280371 0.991896250273801
1403636729.76356  0.638795909017124 -0.347009775104554    1.4532060312302 0.0104032135846746 -0.117532458800734 -0.0444617963967049 0.992018670659249
1403636730.06356  0.628940048390127 -0.331654860834101    1.4012589920623 0.00188152100681915 -0.117946085032064 -0.0435143415828162 0.992064354253757
1403636730.36356 0.611729935403994 -0.31192267644132  1.35528156407882 -0.00100597443578621 -0.1193085511417 -0.0423838922091297 0.991951643640509
1403636730.91356  0.589951301514196 -0.305107348428497   1.30377228720988 -0.0209760663122423 -0.123882174560944 -0.0358551151108488 0.991427063473912
1403636732.06356  0.57433029915705 -0.27319507275307  1.26661698521669 0.00915643690652906 -0.121253621372218 -0.0342402497521389 0.991988570631845
1403636732.31356  0.578306572943365 -0.255518543293617   1.26203698143113 0.0133751644231563 -0.121157906135284 -0.0380082973861064 0.991815121929171
1403636733.01356  0.575336202966175 -0.233980239618165   1.18701069066392 0.026117478101456 -0.120401613614126 -0.0491720995837792 0.991162667476564
1403636733.51356  0.566578485716136 -0.238355551738901   1.13190533042645 0.00700299165321247 -0.125196895141499 -0.0478343810437757 0.990953362951553
1403636733.86356  0.554456329312762 -0.233385601324258   1.07506574607773 0.00151482667117669 -0.126076875934269 -0.0494544793154769 0.990785840194765
1403636734.41356  0.526724029487076 -0.215242353761567   0.98832859196705 0.00722572650230532 -0.128948065735548 -0.04385625076131 0.990654740304984
1403636734.91356  0.505513154420243 -0.208283900599456  0.931489371445484 -0.00328329778282413 -0.134009071260583 -0.0479689387364116 0.989812997334369
1403636735.21356  0.479193078904846 -0.180612549335917  0.851225321304926 -0.00477643219148929 -0.134142455408646 -0.0434871762176524 0.9899958852728
1403636735.86356 0.461163679940972 -0.20896305367915 0.837244336812066 -0.00143510199244729 -0.120346468977525 -0.0374715183721296 0.992023464035907
1403636736.06356  0.453672203808478 -0.211338833478804  0.819859792477827 0.00215541074261116 -0.125354873749442 -0.0412008780642512 0.991253750297333
1403636736.41356  0.438280606128462 -0.226243134591637  0.794283971270687 0.0103255641840785 -0.161128842412642 -0.0568155002605904 0.985242547699388
1403636736.76356  0.423162765524763 -0.224477930335555  0.771790155538361 0.0170172186630449 -0.168497547307575 -0.0759775277003191 0.982622209246694
1403636737.21356  0.378765100943207 -0.194809120989656  0.680412829776656 0.0125967264426947 -0.184245158232957 -0.0630090413127559 0.980777704101948
1403636737.81356  0.356280717194777 -0.200240143653617  0.696281180551936 -0.00761614728170443 -0.197761538056811 -0.0513473903687938 0.978874769246967
1403636738.01356  0.34147330773193 -0.20797316183272 0.656972122068279 -0.00664630689475551 -0.195506957894809 -0.0509352671436252 0.979356142871625
1403636738.51356  0.313510824135296 -0.222837073120402  0.527721392532073 -0.00599201195996638 -0.181740966371776 -0.0519429492537463 0.981955318208394
1403636738.86356  0.334906037261323 -0.237402154943719  0.652873038724333 -0.000527821287562208 -0.126634602153829 -0.0202322654002939 0.991742937650076
1403636739.06356  0.335523223691612 -0.228509373986366  0.654968726755846 0.00207139227648626 -0.0794560316136036 0.00934125847471362 0.996792450445108
1403636739.26356  0.341210609445647 -0.217388062752275  0.668830085741087 0.00319727783365303 -0.0177286012698707 0.0160935949896739 0.999708192580103
1403636739.46356  0.352899868999319 -0.202621461900668  0.671807384725568 0.0036684320987973 0.0424413632393861 0.019224287044011 0.998907252991972
1403636739.81356  0.366498868735054 -0.194997693543311  0.675889484771415 0.00282524759255318 0.093556893910164 0.0467694955342833 0.994510804297968
1403636740.41356   0.38983346219367 -0.154499021831644  0.684768539614493 0.00741771999503835 0.0911408951102619 0.0357359345477102 0.9951689593484
1403636741.11356   0.413714873299465 -0.0963682877988661   0.699798095415071 0.0146866176728243 0.0937154552192188 0.0170217418999984 0.995345154716231
1403636741.46356   0.421056859062788 -0.0520729846876605    0.71229970657945 0.00241878847714003 0.105918201928274 0.0477724558690521 0.993223678947912
1403636742.01356   0.428336214789437 0.00999453074690691   0.624964196832267 -0.00503215822141989 0.108603419068106 0.0272465930637276 0.993698947325985
1403636742.96356  0.449242377752101 0.0169796621052032  0.761926622822112 0.0125542799972061 0.088531430710566 0.039064850905466 0.995227870014614
1403636743.21356    0.4536942155174 0.0392500028216183  0.769209689075187 -0.0247655725519446 0.100694934445585 0.0504385126840463 0.993329327580433
1403636743.71356  0.472802283257303 0.0518853669229772    0.8188423061348 -0.00511550236086875 0.113895851220716 0.0452436830250806 0.992448777447295
1403636744.01356  0.489305546798344 0.0737180787119494  0.800230961591879 0.00692658482716277 0.129101157697807 0.0498786742370786 0.990351973472093
1403636744.31356  0.500996971370281 0.0930983807316347  0.906355482772198 0.0156431668330955 0.148026027579564 0.0621364906904712 0.986905589717233
1403636744.56356 0.510120808246209 0.126339088112405 0.925639167098621 0.0202511128286885 0.143299610731695 0.0793853831784121 0.986282451902578
1403636744.76356 0.517129570363449 0.185696752743505  0.88353728359045 0.0226222783359463 0.144809659331777 0.0715593914148221 0.986609167090721
1403636744.96356 0.527134175520805 0.192384714786927 0.969233643990917 0.0133884088369133 0.148263918133425 0.0596416289477359 0.987056957416846
1403636745.16356 0.537576751504227 0.217153811282919  0.97930540297621 -0.000428290347475796 0.139592621213375 0.0611427591063657 0.988319421886982
1403636745.61356 0.561874954745767 0.240360880779514  1.00449814864127 0.0189684390808695 0.136129503350047 0.0522180583016676 0.989132059445911
1403636746.11356 0.576114754277976 0.223546557974959  1.01622668277283 0.0126568179486559 0.172589526125923 0.0422183046960338 0.984007253621454
1403636746.41356 0.569402339930507 0.203170952077317   1.0092032249966 0.0337286755674387 0.177347608892966 0.0447625364226071 0.982551025340378
1403636746.66356 0.553718234752104 0.200796190385737  1.00283470199951 -0.00659519909434617 0.163025418225137 0.0644946648736953 0.984489540098957
1403636747.36356 0.530017846154989  0.17194118345947  1.01597658979996 0.0035538953433035 0.158011490078062 0.05460405784357 0.985919943858636
1403636747.81356 0.511219807260539 0.138288275481854  1.02758142030144 -0.000137291602333556 0.16662675416893 0.0627852325331781 0.984019065121148
1403636748.11356 0.497126615017443 0.103027975501669  1.03347704565614 0.00746132823401935 0.162547305728848 0.0957256717915883 0.982017972208923
1403636748.61356  0.488579075871544 0.0692547314267544   1.04901144441003 0.00543204346848641 0.173499590183337 0.0684250677763684 0.982439003302378
1403636748.81356 0.484429211777019  0.05026534047076  1.05015482248589 0.00934113247874979 0.170489807733139 0.0854297777614652 0.981604666744591
1403636749.16356  0.485927159611421 0.0312731318748372   1.05771226434589 0.0143831814455506 0.175583536626359 0.100069548495882 0.979259736342261
1403636749.61356   0.501657041031403 -0.0011251115134008    1.05342780401644 0.00909007089893207 0.192593758976971 0.0602592184717322 0.979384419522461
1403636750.46356   0.497298420425235 -0.0341419670551867    1.03121413914434 0.0138523386320011 0.167104770037957 0.061110792844339 0.983945923078561
1403636750.71356   0.487395771789022 -0.0481036201877652   0.983712436939965 0.0110637084083853 0.159833016857223 0.0563492517874403 0.985472355219348
1403636751.06356 0.475562657909302 -0.10434975032251 0.974119170152812 0.00237464374612079 0.159950753534553 0.0505192714375822 0.985828545297925
1403636751.41356  0.458176483218118 -0.138183018721958  0.948219545116269 -0.00570338293488307 0.157998784051399 0.0664914828088472 0.985181576347862
1403636751.76356  0.442817302269185 -0.163657660710832    0.9009119848467 -0.00434871766620934 0.138153667902261 0.0805565172607718 0.987119699036863
1403636752.21356  0.440563669383519 -0.211336959223363  0.895492507154696 -0.00377863221870225 0.132858222424666 0.0533313556971028 0.989691962770348
1403636752.41356  0.436293928255004 -0.228258730719034  0.887278172202662 0.0135028538511027 0.110188611212679 0.0448842199135354 0.992804890046202
1403636752.61356  0.439678314053618 -0.248910630785388   0.86915537383924 0.00959431527911919 0.0708395704077137 0.0294719394461408 0.997006072781936
1403636752.81356  0.439431497030345 -0.260007520089309  0.873484634559402 0.0080864356046505 0.028879599343527 0.0104736200134629 0.999495313438129
1403636753.06356   0.43809747996654 -0.268757506645437  0.866188651520741 0.00842436053587825 -0.0255832680190046 -0.0237989499217148 0.999353859516064
1403636753.26356  0.437986975779563 -0.267901829591908  0.848480980645523 0.00913460904418095 -0.074562802753321 -0.0487350106480892 0.99598285432045
1403636753.61356 0.426435725017027 -0.26367381797384 0.850728073833235 0.015515013037955 -0.134644580454461 -0.0537692228821403 0.989312383423621
1403636754.71356  0.391170500633089 -0.260515527039751   0.78323226925861 0.0274675055042805 -0.158183095179846 -0.0659636677513744 0.984821018803662
1403636754.91356  0.378861988286405 -0.253248238363431  0.763183425835404 0.0282771759416643 -0.187578805532528 -0.0751292504338357 0.978963834247723
1403636755.21356  0.356399656771874 -0.238424016839484  0.725039021075213 0.0255048901774033 -0.20851531820063 -0.0808857493410648 0.974334828591416
1403636755.61356  0.330240171444857 -0.232128218773168  0.671849338132642 0.00751109715602522 -0.208151689001756 -0.0854898902691885 0.974324348688357
1403636755.86356 0.304920893638415 -0.22384781020925  0.63882557473721 0.0153272197748144 -0.208225340946229 -0.0783837773125682 0.974814478337296
1403636756.26356  0.265621544714498 -0.214905870076263  0.595968921370071 0.0230154628434723 -0.209921617793615 -0.0752659409363988 0.974545145690014
1403636756.51356  0.239698414998274 -0.207011184989417  0.564274687441949 0.0247381744583085 -0.212036791679049 -0.0760658800780564 0.973982753228658
1403636756.86356  0.202537772048607 -0.194054186172945  0.512387121265102 0.0268639527621468 -0.216141804182707 -0.0752130526062791 0.973089947149945
1403636757.21356  0.171359872852448 -0.184041538833236  0.459484606163246 0.0253765192053366 -0.218550364136586 -0.074555368763341 0.972642415072132
1403636757.51356  0.147255753401702 -0.163874028440099  0.412700878911672 0.0175106912313166 -0.219937368827955 -0.0850975959258243 0.971637447123814
1403636757.76356  0.125236200572926 -0.154103789762785  0.370251022047298 -0.0090126118541203 -0.236062716618446 -0.0967227082312929 0.966870148656318
1403636758.01356 0.097357895631775  -0.1647095994998 0.324110976227679 -0.000959157112073422 -0.249116130141314 -0.0943320114727778 0.963868095401311
1403636758.16356 0.0771699335221112 -0.167562015343936  0.299918151005849 0.0161046283183978 -0.254784784179783 -0.0872781287401232 0.962916342649147
1403636758.36356  0.054179868822649 -0.166411636445433  0.274437725293375 0.0157763674113817 -0.258098756754123 -0.0811863602779221 0.962572029979108
1403636758.46356 0.0427391916454928 -0.162243956944044   0.26230031096337 -0.00137024894674512 -0.259418407616333 -0.079110764173995 0.962518414992376
