DelayedMarginalization 0.000980173 7.32862e-08 0.00194336 457
DelayedMarginalizationOnly 0.000431136 4.91924e-08 0.000865244 457
EF-marginalizeFrame 0.00148795 9.62219e-08 0.00271317 457
FullSystem::trackNewCoarse 0.00564227 3.78852e-06 0.0143491 2447
FullSystem::trackNewCoarseNoIMU 0.00446697 0.000172212 0.118571 160
FullSystemOptimize 0.0451747 5.84704e-05 0.0620897 473
GraphUnrolling 0.0297931 0.000362593 0.0510043 24
IMUInitAddPose 2.72783e-05 2.44247e-11 5.5374e-05 473
IMUInitOptimize 0.00509751 2.84148e-06 0.00916539 19
IMUIntegration::finishKeyframeOperations 5.7844e-05 2.34816e-10 0.000232493 439
InitializerFirstFrame 0.0565925 1.5916e-05 0.0613787 5
InitializerOtherFrames 0.210744 0.00107199 0.259043 38
MainMarginalization 0.00124561 8.09632e-08 0.00239812 457
MarginalizationReplacementBuildGraph 0.00234458 5.04433e-07 0.00404921 15
MarginalizationReplacementReplaceGraph 0.044211 0.000120809 0.0512324 14
MarginalizeMainGraph 0.00054818 1.2676e-08 0.00112192 457
PGBA 0.0561742 0.000406146 0.0870683 10
PGBAFull 0.0257722 0.00112469 0.0956629 25
PrepareGraphForMainOptimization 0.0299439 0.000365173 0.0511927 24
VisualMarginalization 4.51171e-05 2.47578e-10 0.000310916 457
activatePointsMT 0.00438427 1.44231e-06 0.00952217 473
addActiveFrame 0.030101 0.00149457 0.299015 2650
addIMUData 0.000797916 6.12641e-08 0.0017699 2447
addIMUDataToBA 3.23263e-05 1.34776e-10 0.000280802 2645
addKeyframeToBA 3.4372e-05 8.48205e-11 5.4473e-05 473
afterCoarseTracking 1.82874e-05 1.05613e-08 0.00138434 2607
baIteration 0.00672352 2.03535e-06 0.0116988 2823
baMatrixInversion 0.000225448 5.21719e-09 0.000611417 2823
baUpdateBuildHessians 0.00052548 1.90939e-08 0.00119044 2823
coarseTrackingIteration 0.000288732 7.74459e-09 0.00880682 36263
computeBAUpdate 0.000835514 5.0576e-08 0.00165467 2823
computeCoarseUpdate 0.000111302 5.71379e-10 0.00117119 33427
computeFactorForCoarseGraphAndMarginalCovariances 0.00358294 4.26115e-07 0.00619641 439
convertHAndBFromDSO 0.000158779 4.48053e-09 0.000505147 4649
debugPlot 9.64693e-08 1.70159e-15 4.76e-07 473
debugPlotIDepthMap 0.00386017 5.71913e-07 0.00752567 473
debugPlotIDepthMapFloat 1.7956e-07 1.54077e-15 4.13e-07 473
deliverTrackedFrame 0.0183847 0.000941794 0.19336 2612
flagFramesForMarginalization 1.72627e-06 2.30109e-13 3.303e-06 473
fullCoarseTracking 0.00645789 1.46537e-05 0.118637 2607
initObjectsAndMakeImage 0.00249426 6.2015e-08 0.0058679 2650
makeKeyframe 0.0802708 0.000341088 0.192281 473
makeKeyframeChangeTrackingRef 0.00698174 1.64109e-06 0.0116367 473
makeNewTraces 0.00672312 7.80509e-07 0.010754 473
makeNonKeyframe 0.00337261 3.4945e-06 0.0100551 2139
marginalizeAndRemovePoints 0.00347406 1.30687e-06 0.00943527 473
marginalizeFrame 0.00266635 3.02955e-07 0.00553712 457
marginalizeFrameOverhead 0.00117563 1.41898e-07 0.00304874 457
marginalizeFrames 0.00258375 6.36297e-07 0.00580482 473
newFrameAndNewResidualsForOldPoints 0.00108812 5.22724e-08 0.00235533 473
printBiases 3.18529e-07 7.32179e-15 9.95e-07 473
printEigenValLine 1.32575e-07 1.13529e-15 3.11e-07 473
printLogLine 2.03951e-05 8.1159e-12 3.5514e-05 473
publishInMakeKeyframe 0.000317869 1.04477e-08 0.00136819 473
removeOutliers 0.000202273 3.12745e-09 0.000392465 473
swapTrackingRef 4.08769e-05 6.82176e-11 6.1773e-05 469
timeMeasurement 8.81918e-07 9.43189e-14 1.276e-05 2650
traceNewCoarse 0.00316752 3.15488e-06 0.0100429 2612
updateBAValues 6.34059e-06 4.58789e-12 2.172e-05 4483
zero 9.73702e-08 4.45401e-16 4e-07 2650
