1520530315.549643 1.177967 0.318319
1520530315.699637 1.154734 0.234348
1520530315.849642 1.147334 0.190103
1520530315.999647 1.159571 0.178681
1520530316.150223 1.145129 0.183160
1520530316.300227 1.145939 0.165841
1520530316.450231 1.145133 0.154821
1520530316.650280 1.151314 0.149136
1520530316.900287 1.151377 0.145275
1520530316.999775 1.167063 0.140470
1520530317.149779 1.181681 0.132033
1520530317.299784 1.187496 0.115222
1520530317.449747 1.181531 0.105410
1520530317.649755 1.175733 0.096473
1520530317.800239 1.167623 0.092168
1520530317.950243 1.161011 0.090412
1520530318.100248 1.158367 0.089924
1520530318.200769 1.158696 0.092993
1520530318.350774 1.161285 0.090480
1520530318.500778 1.170964 0.087057
1520530318.650568 1.180805 0.083873
1520530318.850574 1.186260 0.080819
1520530318.999955 1.202261 0.076587
1520530319.099959 1.207514 0.074564
1520530319.199962 1.211331 0.071495
1520530319.349967 1.207907 0.064122
1520530319.449833 1.200800 0.061419
1520530319.549837 1.200944 0.059615
1520530319.699841 1.198201 0.058382
1520530319.800341 1.194863 0.058177
1520530319.900344 1.195553 0.058083
1520530320.000347 1.195118 0.056943
1520530320.100350 1.196057 0.055409
1520530320.200401 1.196549 0.054270
1520530320.300404 1.194027 0.053320
1520530320.450408 1.194707 0.052519
1520530320.599869 1.197222 0.051390
1520530320.649871 1.199657 0.050949
1520530320.799876 1.207366 0.049183
1520530320.949880 1.213441 0.047242
1520530321.099742 1.215239 0.045802
1520530321.199745 1.217823 0.045079
1520530321.299749 1.219009 0.044242
1520530321.449856 1.213298 0.042806
1520530321.599860 1.211058 0.041729
1520530321.699863 1.213155 0.041252
1520530321.850152 1.219276 0.040775
1520530322.000157 1.220867 0.039955
1520530322.150162 1.224986 0.039384
1520530322.350210 1.222180 0.039135
1520530322.550216 1.223309 0.038909
1520530322.700026 1.229760 0.038519
1520530322.850030 1.230104 0.037832
1520530323.050036 1.228648 0.037169
1520530323.200077 1.227094 0.036776
1520530323.350082 1.228947 0.036412
1520530323.450085 1.232122 0.035805
1520530323.550346 1.231246 0.034814
1520530323.650349 1.230474 0.034025
1520530323.800354 1.231385 0.033339
1520530323.950154 1.229714 0.032999
1520530324.100159 1.231299 0.032827
1520530324.250163 1.230803 0.032587
1520530324.349910 1.234831 0.032429
1520530324.449913 1.234550 0.032186
1520530324.549915 1.235346 0.031921
1520530324.649919 1.234682 0.031664
1520530324.800021 1.232157 0.031434
1520530324.950026 1.231894 0.031313
1520530325.100816 1.234190 0.031114
1520530325.300822 1.237116 0.030700
1520530325.550913 1.247927 0.028785
1520530325.750919 1.249977 0.027955
1520530325.950541 1.248004 0.027456
1520530326.050549 1.250043 0.027335
1520530326.200549 1.251014 0.027040
1520530326.350204 1.252995 0.026857
1520530326.500209 1.253760 0.026703
1520530326.650213 1.255303 0.026684
1520530326.800428 1.254924 0.026616
1520530327.000434 1.251752 0.026105
1520530327.150431 1.250678 0.025588
1520530327.300436 1.253494 0.025314
1520530327.450441 1.253584 0.025052
1520530327.550090 1.254292 0.024924
1520530327.650103 1.253619 0.024661
1520530327.750096 1.255395 0.024461
1520530327.850099 1.254604 0.024312
1520530327.950102 1.255832 0.024215
1520530328.050282 1.255184 0.024040
1520530328.100283 1.253656 0.023910
1520530328.250288 1.253883 0.023741
1520530328.350291 1.253343 0.023647
1520530328.450338 1.252920 0.023589
1520530328.500340 1.253376 0.023583
1520530328.600344 1.253911 0.023571
1520530328.650346 1.253890 0.023562
1520530328.750348 1.253421 0.023547
1520530328.850087 1.253563 0.023492
1520530329.000092 1.255005 0.023334
1520530329.100095 1.255598 0.023199
1520530329.200044 1.255750 0.023036
1520530329.250095 1.255914 0.022954
1520530329.350049 1.256940 0.022755
1520530329.500053 1.256561 0.022467
1520530329.600097 1.257137 0.022367
1520530329.700100 1.257297 0.022283
1520530329.800104 1.257684 0.022221
1520530329.900107 1.257746 0.022166
1520530330.000110 1.258215 0.022081
1520530330.100162 1.258717 0.021940
1520530330.200165 1.259859 0.021745
1520530330.300169 1.260583 0.021483
1520530330.350170 1.261335 0.021355
1520530330.450787 1.261005 0.021146
1520530330.550790 1.260746 0.021045
1520530330.650793 1.260766 0.021005
1520530330.750797 1.260628 0.020986
1520530330.800798 1.260826 0.020967
1520530330.900277 1.261058 0.020893
1520530331.000280 1.261992 0.020787
1520530331.100283 1.294742 0.027023
1520530331.200286 1.295560 0.025841
1520530331.300736 1.296473 0.025788
1520530331.400740 1.297152 0.025757
1520530331.450741 1.296786 0.025755
1520530331.550744 1.295537 0.025719
1520530331.600746 1.295116 0.025680
1520530331.700481 1.295235 0.025489
1520530331.750483 1.295046 0.025328
1520530331.850486 1.294175 0.024867
1520530331.900488 1.294452 0.024609
1520530332.000491 1.295184 0.024172
1520530332.100388 1.295179 0.023785
1520530332.200392 1.294934 0.023493
1520530332.300399 1.294105 0.023305
1520530332.400401 1.294567 0.023228
1520530332.500483 1.294651 0.023186
1520530332.550483 1.294813 0.023171
1520530332.650488 1.294474 0.023159
1520530332.750491 1.294752 0.023110
1520530332.850494 1.296162 0.023012
1520530332.950166 1.296847 0.022910
1520530333.050169 1.297095 0.022827
1520530333.150173 1.297641 0.022782
1520530333.250175 1.298380 0.022731
1520530333.300608 1.298559 0.022684
1520530333.400612 1.299597 0.022597
1520530333.500615 1.300269 0.022524
1520530333.650619 1.299641 0.022492
1520530333.750542 1.299292 0.022474
1520530333.800544 1.299087 0.022472
1520530333.900547 1.299244 0.022460
1520530333.950549 1.299546 0.022452
1520530334.050551 1.300060 0.022379
1520530334.150218 1.301658 0.022187
1520530334.300222 1.302312 0.021921
1520530334.400225 1.302838 0.021798
1520530334.500228 1.302726 0.021703
1520530334.600088 1.302395 0.021623
1520530334.700091 1.303316 0.021572
1520530334.800094 1.303069 0.021518
1520530334.900097 1.303285 0.021455
1520530334.950928 1.303357 0.021426
1520530335.050931 1.302381 0.021380
1520530335.150934 1.302106 0.021362
1520530335.250937 1.302466 0.021342
1520530335.351457 1.302962 0.021328
1520530335.451459 1.303095 0.021320
1520530335.551462 1.303279 0.021310
1520530335.651465 1.303180 0.021298
1520530335.750223 1.303521 0.021287
1520530335.850226 1.304475 0.021280
1520530335.950229 1.304122 0.021239
1520530336.050232 1.304218 0.021204
1520530336.150177 1.304072 0.021174
1520530336.250180 1.303825 0.021111
1520530336.350183 1.304281 0.021032
1520530336.450186 1.304831 0.020940
1520530336.550582 1.305056 0.020835
1520530336.650586 1.304713 0.020756
1520530336.750588 1.304368 0.020699
1520530336.850591 1.304586 0.020669
1520530336.950594 1.304676 0.020649
1520530337.000258 1.305090 0.020639
1520530337.100266 1.305704 0.020608
1520530337.200351 1.306130 0.020575
1520530337.300267 1.306346 0.020560
1520530337.400301 1.306119 0.020565
1520530337.500304 1.306018 0.020547
1520530337.600307 1.306155 0.020522
1520530337.700310 1.307055 0.020477
1520530337.800854 1.307104 0.020380
1520530337.900857 1.307645 0.020297
1520530338.000860 1.307289 0.020212
1520530338.100863 1.307357 0.020145
1520530338.200470 1.306533 0.020068
1520530338.250473 1.305917 0.020064
1520530338.350476 1.305495 0.020036
1520530338.450479 1.305074 0.020012
1520530338.550482 1.304201 0.019990
1520530338.650261 1.303831 0.019958
1520530338.750266 1.303768 0.019935
1520530338.850267 1.303458 0.019905
1520530338.950270 1.303301 0.019873
1520530339.050959 1.302662 0.019835
1520530339.150962 1.302694 0.019801
1520530339.250965 1.302689 0.019778
1520530339.350968 1.302461 0.019763
1520530339.451687 1.302313 0.019751
1520530339.551690 1.302141 0.019740
1520530339.651693 1.301936 0.019726
1520530339.751697 1.302596 0.019704
1520530339.801698 1.302977 0.019687
1520530339.901057 1.303407 0.019661
1520530340.001061 1.303969 0.019628
1520530340.101063 1.304371 0.019600
1520530340.201067 1.305249 0.019570
1520530340.250395 1.305318 0.019548
1520530340.350399 1.305584 0.019511
1520530340.450401 1.305855 0.019469
1520530340.550404 1.306103 0.019431
1520530340.650347 1.306313 0.019398
1520530340.750350 1.306138 0.019381
1520530340.900354 1.306444 0.019367
1520530341.050774 1.306707 0.019357
1520530341.300782 1.307714 0.019344
1520530341.500713 1.307440 0.019332
1520530341.750720 1.307141 0.019313
1520530341.900542 1.307350 0.019295
1520530342.050546 1.307605 0.019277
1520530342.150549 1.308110 0.019258
1520530342.250553 1.308585 0.019238
1520530342.400676 1.307816 0.019189
1520530342.550681 1.307659 0.019153
1520530342.700643 1.307364 0.019100
1520530342.850648 1.307244 0.019026
1520530342.950651 1.306726 0.018955
1520530343.050654 1.306315 0.018869
1520530343.151133 1.306057 0.018784
1520530343.251136 1.306024 0.018675
1520530343.351140 1.305356 0.018541
1520530343.401141 1.305272 0.018490
1520530343.501404 1.304725 0.018346
1520530343.601407 1.304924 0.018217
1520530343.701410 1.305526 0.018070
1520530343.801413 1.305693 0.017893
1520530343.901416 1.306174 0.017742
1520530344.001403 1.306180 0.017571
1520530344.101406 1.306138 0.017401
1520530344.201410 1.305935 0.017236
1520530344.301413 1.305921 0.017092
1520530344.401411 1.305739 0.016954
1520530344.451412 1.305801 0.016892
1520530344.551415 1.305753 0.016765
1520530344.651418 1.305570 0.016658
1520530344.751636 1.305173 0.016544
1520530344.851639 1.304738 0.016450
1520530344.951642 1.305452 0.016397
1520530345.051645 1.305491 0.016314
1520530345.151845 1.305525 0.016242
1520530345.251745 1.305596 0.016174
1520530345.351748 1.305591 0.016123
1520530345.451751 1.305782 0.016074
1520530345.551195 1.305544 0.016034
1520530345.651198 1.305686 0.016001
1520530345.751201 1.305190 0.015947
1520530345.851204 1.304829 0.015926
1520530345.901206 1.304908 0.015911
1520530346.001475 1.304950 0.015886
1520530346.051476 1.304526 0.015866
1520530346.151479 1.304686 0.015850
1520530346.251483 1.305333 0.015836
1520530346.351486 1.305480 0.015814
1520530346.451378 1.305422 0.015795
1520530346.551380 1.305089 0.015785
1520530346.651383 1.304942 0.015774
1520530346.751386 1.304766 0.015759
1520530346.801545 1.304867 0.015755
1520530346.901548 1.305149 0.015745
1520530347.001551 1.304990 0.015736
1520530347.101554 1.304841 0.015730
1520530347.201400 1.304928 0.015722
1520530347.301403 1.305041 0.015719
1520530347.351405 1.305147 0.015714
1520530347.451408 1.304992 0.015708
1520530347.551411 1.304760 0.015704
1520530347.651220 1.304423 0.015700
1520530347.751223 1.304373 0.015698
1520530347.851226 1.304566 0.015692
1520530347.951229 1.304500 0.015688
1520530348.051164 1.304480 0.015678
1520530348.151168 1.304340 0.015684
1520530348.251170 1.304304 0.015681
1520530348.351173 1.304158 0.015678
1520530348.451416 1.304335 0.015674
1520530348.551419 1.304165 0.015672
1520530348.651423 1.304095 0.015674
1520530348.701425 1.303960 0.015673
1520530348.801428 1.303973 0.015672
1520530348.851315 1.303949 0.015672
1520530348.951318 1.304020 0.015670
1520530349.001320 1.304081 0.015671
1520530349.101323 1.304176 0.015669
1520530349.201326 1.304198 0.015669
1520530349.301107 1.304035 0.015668
1520530349.351109 1.304096 0.015667
1520530349.451112 1.304344 0.015668
1520530349.501114 1.304054 0.015665
1520530349.601117 1.303993 0.015667
1520530349.700937 1.304061 0.015667
1520530349.800940 1.304080 0.015666
1520530349.900986 1.304085 0.015666
1520530349.950944 1.304091 0.015664
1520530350.051376 1.304154 0.015665
1520530350.101378 1.304125 0.015664
1520530350.201381 1.304106 0.015664
1520530350.251384 1.304073 0.015662
1520530350.351387 1.304121 0.015663
1520530350.451515 1.304109 0.015662
1520530350.551518 1.304131 0.015662
1520530350.601520 1.304136 0.015661
1520530350.701523 1.304216 0.015659
1520530350.801526 1.304190 0.015659
1520530350.901571 1.304176 0.015658
1520530351.001574 1.304149 0.015657
1520530351.101578 1.304234 0.015656
1520530351.201581 1.304306 0.015655
1520530351.301683 1.304379 0.015654
1520530351.401685 1.304338 0.015652
1520530351.501759 1.304312 0.015652
1520530351.601688 1.304501 0.015651
1520530351.701695 1.304230 0.015649
1520530351.801698 1.304270 0.015646
1520530351.901701 1.304267 0.015646
1520530352.001704 1.304212 0.015647
1520530352.101805 1.304277 0.015645
1520530352.201808 1.304302 0.015644
1520530352.301811 1.304393 0.015642
1520530352.401814 1.304407 0.015641
1520530352.501469 1.304378 0.015641
1520530352.601472 1.304345 0.015641
1520530352.701475 1.304379 0.015640
1520530352.801478 1.304478 0.015640
1520530352.901098 1.304546 0.015636
1520530353.001101 1.304380 0.015639
1520530353.101208 1.304395 0.015636
1520530353.201107 1.304327 0.015635
1520530353.301110 1.304335 0.015635
1520530353.351398 1.304261 0.015636
1520530353.451401 1.304138 0.015635
1520530353.501402 1.304139 0.015635
1520530353.601405 1.304268 0.015635
1520530353.701408 1.304529 0.015632
1520530353.801738 1.304647 0.015631
1520530353.901741 1.304492 0.015633
1520530354.001744 1.304297 0.015632
1520530354.101747 1.303902 0.015632
1520530354.201897 1.304189 0.015632
1520530354.301900 1.304058 0.015630
1520530354.351902 1.303938 0.015629
1520530354.451905 1.304189 0.015629
1520530354.551594 1.304091 0.015628
1520530354.601593 1.304151 0.015630
1520530354.701596 1.304254 0.015629
1520530354.801599 1.304323 0.015629
1520530354.951359 1.304348 0.015626
1520530355.051362 1.304252 0.015627
1520530355.151365 1.304189 0.015626
1520530355.251368 1.304103 0.015626
1520530355.351371 1.304158 0.015625
1520530355.451408 1.304205 0.015626
1520530355.551411 1.304086 0.015626
1520530355.651416 1.304004 0.015624
1520530355.751418 1.304090 0.015625
1520530355.851533 1.304185 0.015624
1520530355.901534 1.304290 0.015622
1520530356.001537 1.304094 0.015624
1520530356.051539 1.304171 0.015623
1520530356.151542 1.304134 0.015622
1520530356.201376 1.304174 0.015621
1520530356.301379 1.304187 0.015622
1520530356.351380 1.304284 0.015621
1520530356.451383 1.304392 0.015622
1520530356.551386 1.304339 0.015621
1520530356.651234 1.304138 0.015620
1520530356.701236 1.304122 0.015622
1520530356.801239 1.304098 0.015619
1520530356.851240 1.304093 0.015619
1520530356.951243 1.304043 0.015619
1520530357.051154 1.304113 0.015620
1520530357.151157 1.304170 0.015620
1520530357.251160 1.304204 0.015619
1520530357.301162 1.304254 0.015619
1520530357.401658 1.304253 0.015619
1520530357.451660 1.304240 0.015617
1520530357.551663 1.304157 0.015620
1520530357.651666 1.304192 0.015619
1520530357.751669 1.304214 0.015619
1520530357.851585 1.304247 0.015617
1520530357.901559 1.304191 0.015617
1520530358.001562 1.304202 0.015618
1520530358.101565 1.304136 0.015618
1520530358.201568 1.304087 0.015617
1520530358.351628 1.304075 0.015617
1520530358.451631 1.304131 0.015616
1520530358.551634 1.304156 0.015617
1520530358.651798 1.304172 0.015616
1520530358.751801 1.304179 0.015617
1520530358.851805 1.304179 0.015616
1520530358.951808 1.304280 0.015616
1520530359.051806 1.304252 0.015616
1520530359.151809 1.304245 0.015616
1520530359.251812 1.304254 0.015614
1520530359.351815 1.304264 0.015615
1520530359.451919 1.304180 0.015614
1520530359.551871 1.304262 0.015614
1520530359.651874 1.304210 0.015615
1520530359.751878 1.304271 0.015614
1520530359.851881 1.304260 0.015614
1520530359.951828 1.304312 0.015614
1520530360.051831 1.304423 0.015614
1520530360.151834 1.304565 0.015612
1520530360.201836 1.304564 0.015613
1520530360.301316 1.304677 0.015612
1520530360.351317 1.304670 0.015612
1520530360.451321 1.304623 0.015613
1520530360.551324 1.304676 0.015611
1520530360.651327 1.304693 0.015611
1520530360.700978 1.304657 0.015611
1520530360.800981 1.304572 0.015611
1520530360.900984 1.304766 0.015609
1520530361.000988 1.304723 0.015612
1520530361.101044 1.305343 0.015607
1520530361.201047 1.305400 0.015607
1520530361.301050 1.304961 0.015609
1520530361.401053 1.304849 0.015612
1520530361.501690 1.304785 0.015612
1520530361.551692 1.304818 0.015611
1520530361.651695 1.304778 0.015607
1520530361.751698 1.304736 0.015608
1520530361.801700 1.304845 0.015611
1520530361.901939 1.304847 0.015612
1520530361.951941 1.304815 0.015612
1520530362.051944 1.305001 0.015611
1520530362.151947 1.305009 0.015611
1520530362.251950 1.305252 0.015610
1520530362.351623 1.305013 0.015610
1520530362.451626 1.305276 0.015609
1520530362.551629 1.305384 0.015610
1520530362.651727 1.305442 0.015608
1520530362.751364 1.305565 0.015607
1520530362.851367 1.305494 0.015608
1520530362.951370 1.305461 0.015608
1520530363.051374 1.305414 0.015608
1520530363.151650 1.305426 0.015607
1520530363.251653 1.305438 0.015607
1520530363.351656 1.305506 0.015608
1520530363.451659 1.305357 0.015607
1520530363.501661 1.305208 0.015606
1520530363.601746 1.305617 0.015606
1520530363.701749 1.305590 0.015606
1520530363.751751 1.305575 0.015606
1520530363.851754 1.305658 0.015606
1520530363.901756 1.306045 0.015605
1520530364.001782 1.305819 0.015603
1520530364.051784 1.305590 0.015604
1520530364.151786 1.305623 0.015603
1520530364.201788 1.305577 0.015600
1520530364.301791 1.305608 0.015606
1520530364.351792 1.305543 0.015605
1520530364.451854 1.305649 0.015605
1520530364.501856 1.305555 0.015604
1520530364.601859 1.305330 0.015606
1520530364.651861 1.305409 0.015606
1520530364.751864 1.305436 0.015606
1520530364.852377 1.305458 0.015606
1520530364.952380 1.305408 0.015606
1520530365.052383 1.305450 0.015606
1520530365.201844 1.305570 0.015606
1520530365.301847 1.305572 0.015606
1520530365.401850 1.305601 0.015606
1520530365.501853 1.305628 0.015606
1520530365.601535 1.305663 0.015605
1520530365.701539 1.305583 0.015604
1520530365.801546 1.305618 0.015605
1520530365.901545 1.305576 0.015605
1520530366.001907 1.305738 0.015606
1520530366.051908 1.305669 0.015604
1520530366.151911 1.305651 0.015604
1520530366.201913 1.305595 0.015605
1520530366.301916 1.305606 0.015604
1520530366.351918 1.305627 0.015604
1520530366.452121 1.305631 0.015604
1520530366.552125 1.305705 0.015603
1520530366.652128 1.305727 0.015604
1520530366.702130 1.305739 0.015603
1520530366.802133 1.305789 0.015604
1520530366.902167 1.305745 0.015604
1520530367.002170 1.305738 0.015604
1520530367.102178 1.305741 0.015604
1520530367.152175 1.305692 0.015603
1520530367.252540 1.305808 0.015603
1520530367.352543 1.305729 0.015603
1520530367.452546 1.305675 0.015603
1520530367.552549 1.305679 0.015603
1520530367.652264 1.305707 0.015604
1520530367.752267 1.305883 0.015603
1520530367.852271 1.305878 0.015604
1520530367.952274 1.305829 0.015603
1520530368.052124 1.305827 0.015602
1520530368.152127 1.305879 0.015602
1520530368.252130 1.305814 0.015603
1520530368.352134 1.305861 0.015602
1520530368.452048 1.305825 0.015603
1520530368.502050 1.305751 0.015601
1520530368.602053 1.305813 0.015603
1520530368.652054 1.305807 0.015601
1520530368.752057 1.305734 0.015602
1520530368.802058 1.305868 0.015597
1520530368.901391 1.305952 0.015602
1520530368.951392 1.305851 0.015600
1520530369.051395 1.305717 0.015601
1520530369.101397 1.305656 0.015601
1520530369.201400 1.305746 0.015603
1520530369.251401 1.305737 0.015602
1520530369.351538 1.305784 0.015602
1520530369.451542 1.305996 0.015602
1520530369.551545 1.306024 0.015602
1520530369.651548 1.306000 0.015602
1520530369.751899 1.305964 0.015601
1520530369.851902 1.305980 0.015602
1520530369.951905 1.306048 0.015602
1520530370.051908 1.305899 0.015602
1520530370.201933 1.305980 0.015602
1520530370.351937 1.306010 0.015602
1520530370.551883 1.306100 0.015602
1520530370.701889 1.306160 0.015596
1520530370.901941 1.306082 0.015602
1520530371.051946 1.306155 0.015602
1520530371.151949 1.306166 0.015602
1520530371.301953 1.306167 0.015601
1520530371.401953 1.306122 0.015601
1520530371.501956 1.306131 0.015601
1520530371.651961 1.306116 0.015601
1520530371.801961 1.306060 0.015600
1520530371.901964 1.306005 0.015601
1520530372.001968 1.306006 0.015598
1520530372.101971 1.305993 0.015595
1520530372.251958 1.305989 0.015598
1520530372.401963 1.306186 0.015599
1520530372.551956 1.306143 0.015601
1520530372.651960 1.306120 0.015601
1520530372.751963 1.306066 0.015598
1520530372.851966 1.306014 0.015600
1520530372.951617 1.306024 0.015600
1520530373.051620 1.306044 0.015601
1520530373.201626 1.306170 0.015602
1520530373.251627 1.306014 0.015600
1520530373.351457 1.306024 0.015600
1520530373.451460 1.305774 0.015600
1520530373.501461 1.305823 0.015600
1520530373.601465 1.305901 0.015601
1520530373.701467 1.306037 0.015601
1520530373.801615 1.305946 0.015601
1520530373.901585 1.306009 0.015601
1520530374.001588 1.305994 0.015601
1520530374.101591 1.306012 0.015601
1520530374.201953 1.306084 0.015601
1520530374.301956 1.306044 0.015601
1520530374.401959 1.306051 0.015601
1520530374.501962 1.306069 0.015600
1520530374.652408 1.306085 0.015601
1520530374.802413 1.306069 0.015601
1520530374.902417 1.306032 0.015601
1520530375.002442 1.306080 0.015601
1520530375.102445 1.306127 0.015601
1520530375.202449 1.306117 0.015600
1520530375.302452 1.305973 0.015601
1520530375.402252 1.305885 0.015600
1520530375.502216 1.306094 0.015600
1520530375.602219 1.306103 0.015601
1520530375.652220 1.306093 0.015601
1520530375.752223 1.306049 0.015600
1520530375.802225 1.306045 0.015595
1520530375.902259 1.305918 0.015599
1520530376.002262 1.306265 0.015601
1520530376.102265 1.306010 0.015602
1520530376.202270 1.306123 0.015601
1520530376.251950 1.306103 0.015600
1520530376.351954 1.306113 0.015600
1520530376.451957 1.306089 0.015600
1520530376.551960 1.306128 0.015601
1520530376.601961 1.306120 0.015601
1520530376.702664 1.306138 0.015601
1520530376.752666 1.306164 0.015601
1520530376.852669 1.306114 0.015599
1520530376.902671 1.306080 0.015600
1520530377.002721 1.306106 0.015601
1520530377.052898 1.306084 0.015600
1520530377.152900 1.306101 0.015601
1520530377.252903 1.306110 0.015600
1520530377.352906 1.306103 0.015601
1520530377.451719 1.306181 0.015599
1520530377.551722 1.306171 0.015597
1520530377.651725 1.306122 0.015601
1520530377.751728 1.306164 0.015601
1520530377.851407 1.306232 0.015601
1520530377.901409 1.306209 0.015599
1520530378.001412 1.306207 0.015600
1520530378.101416 1.306147 0.015601
1520530378.201419 1.306149 0.015601
1520530378.251420 1.306174 0.015601
1520530378.351513 1.306070 0.015601
1520530378.401515 1.305996 0.015598
1520530378.501517 1.306112 0.015600
1520530378.551519 1.306118 0.015599
1520530378.651522 1.306189 0.015601
1520530378.702209 1.306166 0.015600
1520530378.802212 1.306224 0.015600
1520530378.902215 1.306152 0.015600
1520530379.002218 1.306158 0.015601
1520530379.102149 1.306163 0.015601
1520530379.202152 1.306172 0.015600
1520530379.302155 1.306105 0.015601
1520530379.402159 1.306119 0.015601
1520530379.501850 1.306116 0.015601
1520530379.601853 1.306025 0.015601
1520530379.701856 1.306032 0.015600
1520530379.801860 1.306082 0.015600
1520530379.901824 1.306053 0.015600
1520530380.001827 1.306053 0.015600
1520530380.101830 1.306036 0.015600
1520530380.151832 1.306192 0.015600
1520530380.251835 1.306323 0.015600
1520530380.301736 1.306150 0.015600
1520530380.402163 1.306084 0.015599
1520530380.502165 1.306193 0.015598
1520530380.602168 1.306236 0.015599
1520530380.652170 1.306229 0.015599
1520530380.752135 1.306278 0.015599
1520530380.852138 1.306140 0.015599
1520530380.902139 1.306119 0.015599
1520530381.002143 1.306105 0.015599
1520530381.052144 1.306076 0.015598
1520530381.152048 1.306208 0.015599
1520530381.202049 1.306079 0.015598
1520530381.302052 1.306015 0.015600
1520530381.402056 1.305950 0.015599
1520530381.502058 1.305945 0.015600
1520530381.602264 1.305942 0.015600
1520530381.702267 1.305966 0.015600
1520530381.802324 1.305988 0.015600
1520530381.902273 1.306024 0.015600
1520530382.002334 1.306071 0.015600
1520530382.102337 1.306035 0.015600
1520530382.202340 1.306044 0.015600
1520530382.302343 1.306122 0.015600
1520530382.402160 1.306099 0.015600
1520530382.502164 1.306049 0.015598
1520530382.602167 1.306057 0.015600
1520530382.702170 1.306180 0.015596
1520530382.802244 1.306129 0.015600
1520530382.902248 1.306061 0.015600
1520530383.052252 1.306091 0.015600
1520530383.202206 1.306575 0.015600
1520530383.302209 1.306313 0.015600
1520530383.402267 1.306118 0.015600
1520530383.502216 1.306076 0.015600
1520530383.602472 1.306061 0.015600
1520530383.702475 1.306122 0.015600
1520530383.802478 1.306090 0.015600
1520530383.902481 1.306305 0.015600
1520530384.002530 1.306349 0.015600
1520530384.102533 1.306840 0.015599
1520530384.202536 1.307239 0.015599
1520530384.252537 1.306503 0.015600
1520530384.352541 1.306520 0.015600
1520530384.452434 1.306659 0.015597
1520530384.552437 1.306584 0.015599
1520530384.652440 1.306706 0.015599
1520530384.702442 1.306360 0.015600
1520530384.802857 1.306445 0.015600
1520530384.852858 1.306397 0.015598
1520530384.952861 1.306400 0.015600
1520530385.002916 1.306479 0.015600
1520530385.102866 1.306504 0.015600
1520530385.202869 1.306293 0.015600
1520530385.252705 1.306256 0.015600
1520530385.352709 1.306383 0.015600
1520530385.402710 1.306416 0.015599
1520530385.502713 1.306427 0.015600
1520530385.552715 1.306506 0.015599
1520530385.652486 1.306476 0.015600
1520530385.702487 1.306341 0.015600
1520530385.802491 1.306338 0.015600
1520530385.902494 1.306299 0.015600
1520530385.952497 1.306301 0.015599
1520530386.052544 1.306181 0.015600
1520530386.152547 1.306197 0.015600
1520530386.252550 1.306212 0.015600
1520530386.352553 1.306208 0.015600
1520530386.452758 1.306270 0.015600
1520530386.552761 1.306386 0.015599
1520530386.652764 1.306381 0.015600
1520530386.752767 1.306282 0.015600
1520530386.852674 1.306246 0.015600
1520530386.952678 1.306212 0.015600
1520530387.052681 1.306244 0.015601
1520530387.152684 1.306226 0.015601
1520530387.252606 1.306207 0.015600
1520530387.302607 1.306214 0.015600
1520530387.402611 1.306195 0.015600
1520530387.452612 1.306182 0.015601
1520530387.552615 1.306300 0.015600
1520530387.602617 1.306325 0.015599
1520530387.702457 1.306367 0.015599
1520530387.752459 1.306380 0.015600
1520530387.852464 1.306461 0.015600
1520530387.902463 1.306233 0.015600
1520530388.002466 1.306228 0.015601
1520530388.052468 1.306276 0.015600
1520530388.152496 1.306355 0.015599
1520530388.202544 1.306322 0.015599
1520530388.302501 1.306210 0.015601
1520530388.402504 1.306199 0.015600
1520530388.502852 1.306188 0.015600
1520530388.602855 1.306241 0.015600
1520530388.702858 1.306257 0.015598
1520530388.852863 1.306249 0.015600
1520530388.952235 1.306311 0.015600
1520530389.052238 1.306309 0.015600
1520530389.152242 1.306280 0.015600
1520530389.252245 1.306287 0.015600
1520530389.302934 1.306361 0.015598
1520530389.402938 1.306297 0.015600
1520530389.502940 1.306292 0.015601
1520530389.602943 1.306260 0.015600
1520530389.702846 1.306332 0.015600
1520530389.803445 1.306327 0.015601
1520530389.903408 1.306208 0.015600
1520530389.953409 1.306236 0.015600
1520530390.053412 1.306304 0.015599
1520530390.103414 1.306306 0.015600
1520530390.202569 1.306298 0.015601
1520530390.252572 1.306297 0.015600
1520530390.352575 1.306311 0.015600
1520530390.452578 1.306330 0.015601
1520530390.553324 1.306450 0.015599
1520530390.603326 1.306423 0.015600
1520530390.703329 1.306468 0.015601
1520530390.753331 1.306327 0.015600
1520530390.853334 1.306347 0.015601
1520530390.953379 1.306330 0.015601
1520530391.003381 1.306289 0.015600
1520530391.103384 1.306351 0.015601
1520530391.203387 1.306324 0.015601
1520530391.303389 1.306463 0.015601
1520530391.352333 1.306415 0.015601
1520530391.452336 1.306274 0.015601
1520530391.502338 1.306312 0.015600
1520530391.602341 1.306297 0.015601
1520530391.702344 1.306333 0.015599
1520530391.802426 1.306277 0.015600
1520530391.902429 1.306274 0.015599
1520530392.002432 1.306350 0.015601
1520530392.052433 1.306413 0.015599
1520530392.152436 1.306411 0.015599
1520530392.203142 1.306499 0.015599
1520530392.303145 1.306364 0.015600
1520530392.353147 1.306270 0.015601
1520530392.453150 1.306269 0.015601
1520530392.553153 1.306211 0.015600
1520530392.602235 1.306480 0.015601
1520530392.702237 1.306342 0.015600
1520530392.802241 1.306188 0.015601
1520530392.852242 1.306197 0.015601
1520530392.952245 1.306375 0.015600
1520530393.002174 1.306357 0.015600
1520530393.102156 1.306531 0.015599
1520530393.202159 1.306633 0.015599
1520530393.302161 1.306706 0.015597
1520530393.402921 1.306894 0.015599
1520530393.502924 1.306646 0.015599
1520530393.602927 1.306744 0.015599
1520530393.652929 1.306497 0.015599
1520530393.752932 1.306586 0.015599
1520530393.852959 1.306575 0.015600
1520530394.002964 1.306579 0.015601
1520530394.102968 1.306306 0.015600
1520530394.202165 1.306302 0.015600
1520530394.252167 1.306312 0.015596
1520530394.352170 1.306364 0.015600
1520530394.452173 1.306341 0.015599
1520530394.552176 1.306354 0.015598
1520530394.652876 1.306460 0.015601
1520530394.702878 1.306478 0.015597
1520530394.802881 1.306459 0.015597
1520530394.902884 1.306500 0.015597
1520530395.002887 1.306240 0.015598
1520530395.103732 1.306358 0.015598
1520530395.203735 1.306429 0.015600
1520530395.303738 1.306265 0.015601
1520530395.403742 1.306273 0.015597
1520530395.452705 1.306366 0.015601
1520530395.552709 1.306256 0.015600
1520530395.652712 1.306259 0.015601
1520530395.802716 1.306406 0.015601
1520530395.903079 1.306478 0.015602
1520530396.003083 1.306283 0.015599
1520530396.103085 1.306192 0.015598
1520530396.203089 1.306239 0.015600
1520530396.253235 1.306245 0.015600
1520530396.353238 1.306247 0.015601
1520530396.453241 1.306232 0.015600
1520530396.553244 1.306218 0.015600
1520530396.603246 1.306281 0.015600
1520530396.703145 1.306191 0.015599
1520530396.803148 1.306269 0.015600
1520530396.903152 1.306268 0.015600
1520530397.003155 1.306274 0.015600
1520530397.102782 1.306268 0.015600
1520530397.202785 1.306142 0.015597
1520530397.302788 1.306170 0.015597
1520530397.402791 1.306283 0.015598
1520530397.502304 1.306286 0.015599
1520530397.602308 1.306237 0.015600
1520530397.652309 1.306223 0.015599
1520530397.752312 1.306409 0.015600
1520530397.852315 1.306331 0.015601
1520530397.952586 1.306279 0.015600
1520530398.002588 1.306224 0.015598
1520530398.102591 1.306205 0.015600
1520530398.202594 1.306171 0.015599
1520530398.303365 1.306113 0.015599
1520530398.403368 1.306358 0.015601
1520530398.453370 1.306338 0.015601
1520530398.553373 1.306322 0.015601
1520530398.603375 1.306330 0.015601
1520530398.703221 1.306356 0.015601
1520530398.753223 1.306130 0.015601
1520530398.853226 1.306044 0.015600
1520530398.903227 1.306018 0.015601
1520530399.003230 1.306194 0.015599
1520530399.053232 1.306074 0.015599
1520530399.152330 1.306239 0.015596
1520530399.202332 1.306104 0.015591
1520530399.302335 1.306162 0.015600
1520530399.352336 1.306232 0.015598
1520530399.452339 1.306217 0.015599
1520530399.502341 1.306213 0.015599
1520530399.603008 1.306346 0.015598
1520530399.703011 1.306365 0.015600
1520530399.803014 1.306342 0.015600
1520530399.903017 1.306306 0.015600
1520530399.953275 1.306212 0.015600
1520530400.053278 1.306167 0.015600
1520530400.103279 1.305999 0.015599
1520530400.203283 1.306103 0.015600
1520530400.253284 1.306166 0.015600
1520530400.352494 1.306246 0.015599
1520530400.402496 1.306253 0.015597
1520530400.502500 1.306219 0.015597
1520530400.552501 1.306217 0.015597
1520530400.652504 1.306221 0.015600
1520530400.752291 1.306311 0.015599
1520530400.852294 1.306204 0.015599
1520530400.902295 1.306120 0.015597
1520530401.002299 1.306139 0.015600
1520530401.102302 1.306277 0.015598
1520530401.152303 1.306230 0.015599
1520530401.252756 1.306246 0.015599
1520530401.302758 1.306283 0.015599
1520530401.402761 1.306505 0.015599
1520530401.452763 1.306401 0.015600
1520530401.552766 1.306353 0.015600
1520530401.603037 1.306389 0.015600
1520530401.703041 1.306438 0.015600
1520530401.803044 1.306372 0.015600
1520530401.903047 1.306275 0.015600
1520530401.953048 1.306189 0.015600
1520530402.052283 1.306190 0.015600
1520530402.102285 1.306160 0.015600
1520530402.202287 1.306170 0.015600
1520530402.252289 1.306193 0.015600
1520530402.352292 1.306201 0.015600
1520530402.402567 1.306340 0.015598
1520530402.502571 1.306181 0.015600
1520530402.552572 1.306119 0.015600
1520530402.652672 1.306208 0.015600
1520530402.752578 1.306180 0.015600
1520530402.853417 1.306152 0.015598
1520530402.903419 1.306276 0.015599
1520530403.003422 1.306436 0.015599
1520530403.053424 1.306351 0.015600
1520530403.153427 1.306148 0.015599
1520530403.252935 1.306136 0.015600
1520530403.352938 1.306394 0.015599
1520530403.402940 1.306180 0.015599
1520530403.502943 1.305930 0.015599
1520530403.552945 1.305975 0.015599
1520530403.652254 1.306071 0.015599
1520530403.702256 1.306123 0.015596
1520530403.802258 1.306133 0.015599
1520530403.852261 1.306035 0.015598
1520530403.952263 1.306108 0.015599
1520530404.002264 1.306210 0.015599
1520530404.102746 1.306299 0.015597
1520530404.152748 1.306246 0.015600
1520530404.252829 1.306232 0.015600
1520530404.302752 1.306191 0.015600
1520530404.402755 1.306080 0.015599
1520530404.503114 1.306097 0.015599
1520530404.553115 1.306140 0.015599
1520530404.653119 1.306135 0.015599
1520530404.753122 1.306134 0.015599
1520530404.803123 1.306171 0.015599
1520530404.902643 1.306156 0.015599
1520530404.952645 1.306161 0.015600
1520530405.052648 1.306158 0.015599
1520530405.152651 1.306139 0.015598
1520530405.202653 1.306175 0.015598
1520530405.302330 1.306269 0.015599
1520530405.352331 1.306211 0.015600
1520530405.452334 1.306206 0.015600
1520530405.502335 1.306199 0.015599
1520530405.602339 1.306215 0.015599
1520530405.652792 1.306321 0.015599
1520530405.752795 1.306210 0.015599
1520530405.802797 1.306178 0.015599
1520530405.902800 1.306169 0.015599
1520530405.952801 1.306175 0.015599
1520530406.052804 1.306166 0.015600
1520530406.153570 1.306255 0.015600
1520530406.203573 1.306192 0.015599
1520530406.303576 1.306146 0.015599
1520530406.353577 1.306176 0.015600
1520530406.453580 1.306242 0.015599
1520530406.553487 1.306369 0.015599
1520530406.603489 1.306488 0.015598
1520530406.703492 1.306100 0.015599
1520530406.803495 1.306178 0.015599
1520530406.902692 1.306081 0.015599
1520530407.002694 1.306287 0.015586
1520530407.052696 1.305943 0.015597
1520530407.152699 1.305840 0.015598
1520530407.202701 1.306201 0.015598
1520530407.303185 1.306208 0.015600
1520530407.353185 1.306190 0.015599
1520530407.453221 1.306202 0.015599
1520530407.503190 1.306239 0.015598
1520530407.603193 1.306160 0.015599
1520530407.653194 1.306194 0.015599
1520530407.753511 1.306204 0.015599
1520530407.803513 1.306173 0.015598
1520530407.903516 1.306189 0.015599
1520530407.953518 1.306201 0.015599
1520530408.053521 1.306187 0.015599
1520530408.103522 1.306182 0.015599
1520530408.203605 1.306138 0.015599
1520530408.303608 1.306108 0.015599
1520530408.403612 1.306080 0.015598
1520530408.503614 1.306073 0.015599
1520530408.553374 1.306055 0.015598
1520530408.653377 1.305974 0.015598
1520530408.753380 1.305886 0.015597
1520530408.853383 1.305939 0.015598
1520530408.952878 1.306049 0.015599
1520530409.052890 1.306078 0.015598
1520530409.152884 1.306030 0.015598
1520530409.202886 1.305905 0.015598
1520530409.302889 1.305957 0.015597
1520530409.402904 1.305993 0.015598
1520530409.502907 1.305974 0.015599
1520530409.602910 1.306011 0.015600
1520530409.702913 1.305963 0.015599
1520530409.802656 1.305994 0.015599
1520530409.902659 1.306000 0.015595
1520530410.002662 1.305932 0.015589
1520530410.102666 1.306148 0.015585
1520530410.203224 1.306126 0.015599
1520530410.303227 1.306120 0.015599
1520530410.403230 1.306121 0.015599
1520530410.503232 1.306134 0.015599
1520530410.603875 1.306315 0.015600
1520530410.703878 1.306179 0.015600
1520530410.803881 1.306050 0.015599
1520530410.903884 1.306085 0.015600
1520530411.003418 1.306130 0.015600
1520530411.103421 1.306153 0.015599
1520530411.253426 1.306208 0.015600
1520530411.403009 1.306171 0.015600
1520530411.453010 1.306100 0.015599
1520530411.553013 1.306133 0.015599
1520530411.653017 1.306115 0.015599
1520530411.753020 1.306183 0.015600
1520530411.852907 1.306181 0.015599
1520530411.902909 1.306169 0.015600
1520530412.002912 1.306136 0.015600
1520530412.052913 1.306124 0.015599
1520530412.152916 1.306129 0.015600
1520530412.203416 1.306157 0.015598
1520530412.303419 1.306107 0.015599
1520530412.403422 1.306130 0.015599
1520530412.503425 1.306138 0.015600
1520530412.603428 1.306156 0.015598
1520530412.703631 1.306131 0.015599
1520530412.753633 1.306053 0.015596
1520530412.853636 1.306068 0.015599
1520530412.903637 1.306138 0.015600
1520530413.003641 1.306120 0.015599
1520530413.053009 1.306067 0.015597
1520530413.153012 1.306065 0.015597
1520530413.203014 1.306072 0.015600
1520530413.303017 1.306110 0.015599
1520530413.403021 1.306009 0.015599
1520530413.502941 1.306081 0.015600
1520530413.602944 1.306060 0.015599
1520530413.802951 1.306084 0.015599
1520530413.903189 1.306223 0.015596
1520530414.003112 1.306183 0.015599
1520530414.103115 1.306167 0.015600
1520530414.203118 1.306177 0.015600
1520530414.302896 1.306149 0.015599
1520530414.402899 1.306170 0.015599
1520530414.502902 1.306114 0.015598
1520530414.602906 1.306096 0.015599
1520530414.702707 1.306234 0.015599
1520530414.802710 1.306233 0.015600
1520530414.902714 1.306155 0.015599
1520530415.002717 1.306101 0.015600
1520530415.103195 1.305961 0.015596
1520530415.203199 1.306125 0.015600
1520530415.303202 1.306098 0.015599
1520530415.453206 1.306042 0.015598
1520530415.553069 1.306160 0.015599
1520530415.653072 1.306096 0.015599
1520530415.803077 1.306203 0.015599
1520530415.953363 1.306426 0.015597
1520530416.153369 1.306127 0.015599
1520530416.503381 1.306237 0.015597
1520530416.603384 1.306208 0.015599
1520530416.703272 1.306210 0.015597
1520530416.753274 1.306314 0.015594
1520530416.853277 1.306265 0.015598
1520530416.953280 1.306160 0.015599
1520530417.053283 1.306139 0.015599
1520530417.153371 1.306090 0.015598
1520530417.253374 1.306198 0.015600
1520530417.453381 1.306281 0.015600
1520530417.603465 1.306216 0.015600
1520530417.703468 1.306177 0.015597
1520530417.803472 1.306205 0.015598
1520530417.903475 1.306260 0.015598
1520530418.003458 1.306154 0.015599
1520530418.103461 1.306107 0.015597
1520530418.203465 1.306081 0.015599
1520530418.303468 1.306126 0.015599
1520530418.453434 1.306077 0.015599
1520530418.603439 1.306116 0.015599
1520530418.753343 1.306132 0.015597
1520530418.853346 1.306056 0.015598
1520530418.953350 1.306029 0.015598
1520530419.053353 1.306061 0.015598
1520530419.153533 1.306092 0.015599
1520530419.253536 1.306116 0.015598
1520530419.353539 1.306122 0.015599
1520530419.453542 1.306096 0.015599
1520530419.603729 1.306139 0.015599
1520530419.753734 1.306194 0.015600
1520530419.853738 1.306202 0.015599
1520530419.953740 1.306153 0.015599
1520530420.053599 1.306134 0.015595
1520530420.153602 1.306108 0.015596
1520530420.253605 1.306140 0.015597
1520530420.353608 1.306090 0.015595
1520530420.453700 1.306028 0.015597
1520530420.603705 1.306026 0.015599
1520530420.803356 1.306188 0.015595
1520530420.903359 1.306143 0.015598
1520530421.003363 1.306189 0.015599
1520530421.103366 1.306201 0.015599
1520530421.203429 1.306167 0.015600
1520530421.303432 1.306134 0.015599
1520530421.403435 1.306128 0.015599
1520530421.503439 1.306050 0.015597
1520530421.603611 1.306010 0.015598
1520530421.703614 1.306011 0.015598
1520530421.853618 1.306082 0.015597
1520530422.003623 1.306149 0.015599
1520530422.103474 1.306201 0.015598
1520530422.203477 1.306109 0.015599
1520530422.303480 1.306011 0.015598
1520530422.403483 1.306122 0.015599
1520530422.503396 1.306208 0.015599
1520530422.553398 1.306184 0.015598
1520530422.653400 1.306180 0.015598
1520530422.753403 1.306176 0.015598
1520530422.853580 1.306216 0.015598
1520530423.053588 1.306227 0.015599
1520530423.153591 1.306205 0.015598
1520530423.253316 1.306192 0.015599
1520530423.303317 1.306143 0.015598
1520530423.403322 1.306214 0.015598
1520530423.503324 1.306208 0.015599
1520530423.603327 1.306293 0.015594
1520530423.702985 1.306165 0.015598
1520530423.752986 1.306233 0.015598
1520530423.852990 1.306193 0.015598
1520530423.952993 1.306188 0.015598
1520530424.002994 1.306191 0.015598
1520530424.103253 1.306219 0.015596
1520530424.153255 1.306249 0.015595
1520530424.253258 1.306243 0.015598
1520530424.353261 1.306654 0.015546
1520530424.453264 1.306206 0.015597
1520530424.504722 1.307017 0.015600
1520530424.604726 1.306417 0.015599
1520530424.704729 1.306293 0.015599
1520530424.854733 1.307086 0.015418
1520530424.903374 1.306275 0.015496
1520530425.003378 1.306166 0.015593
1520530425.103381 1.306101 0.015593
1520530425.203384 1.306331 0.015568
1520530425.303732 1.306392 0.015595
1520530425.403735 1.306387 0.015597
1520530425.553740 1.306441 0.015599
1520530425.653743 1.306437 0.015598
1520530425.703675 1.306262 0.015599
1520530425.803679 1.306242 0.015599
1520530425.853680 1.306210 0.015598
1520530425.953683 1.306248 0.015598
1520530426.103474 1.306357 0.015599
1520530426.203477 1.306324 0.015598
1520530426.253478 1.306207 0.015598
1520530426.353481 1.306258 0.015599
1520530426.403483 1.306306 0.015595
1520530426.503486 1.306316 0.015598
1520530426.653554 1.306459 0.015597
1520530426.703556 1.306375 0.015595
1520530426.803559 1.306296 0.015599
1520530426.853560 1.306285 0.015597
1520530426.953598 1.306291 0.015598
1520530427.003600 1.306244 0.015598
1520530427.103603 1.306236 0.015597
1520530427.203606 1.306290 0.015598
1520530427.303609 1.306299 0.015597
1520530427.403594 1.306320 0.015598
1520530427.503597 1.306292 0.015598
1520530427.803679 1.306440 0.015599
1520530427.903683 1.306492 0.015600
1520530427.953684 1.306304 0.015597
1520530428.053687 1.306298 0.015598
1520530428.103692 1.306148 0.015596
1520530428.203537 1.306189 0.015595
1520530428.253538 1.306250 0.015597
1520530428.353542 1.306250 0.015598
1520530428.403618 1.306253 0.015598
1520530428.503546 1.306231 0.015598
1520530428.553451 1.306183 0.015598
1520530428.653454 1.306178 0.015598
1520530428.703455 1.306179 0.015598
1520530428.803458 1.306206 0.015599
1520530428.853460 1.306180 0.015598
1520530428.953463 1.306178 0.015598
1520530429.003444 1.306342 0.015598
1520530429.103447 1.306374 0.015598
1520530429.153448 1.306226 0.015598
1520530429.253451 1.306113 0.015597
1520530429.303453 1.306015 0.015597
1520530429.403551 1.306066 0.015598
1520530429.453553 1.306224 0.015598
1520530429.553556 1.306257 0.015598
1520530429.603558 1.306323 0.015597
1520530429.703560 1.306291 0.015598
1520530429.753562 1.306237 0.015598
1520530429.853626 1.306246 0.015598
1520530429.903625 1.306290 0.015598
1520530430.003663 1.306234 0.015598
1520530430.053629 1.306195 0.015598
1520530430.153632 1.306195 0.015598
1520530430.203344 1.306164 0.015598
1520530430.303347 1.306161 0.015598
1520530430.353349 1.306207 0.015597
1520530430.453352 1.306139 0.015598
1520530430.553355 1.306058 0.015598
1520530430.653528 1.306115 0.015598
1520530430.703530 1.306198 0.015598
1520530430.803533 1.306169 0.015598
1520530430.853534 1.306188 0.015598
1520530430.953538 1.306215 0.015598
1520530431.053698 1.306243 0.015598
1520530431.153701 1.306221 0.015598
1520530431.203703 1.306204 0.015598
1520530431.303706 1.306203 0.015598
1520530431.353708 1.306308 0.015596
1520530431.453562 1.306162 0.015598
1520530431.503564 1.306109 0.015597
1520530431.603567 1.305825 0.015595
1520530431.653568 1.305856 0.015597
1520530431.753571 1.305913 0.015597
1520530431.803573 1.306033 0.015598
1520530431.903526 1.306369 0.015598
1520530431.953527 1.306344 0.015597
1520530432.053530 1.306201 0.015598
1520530432.103532 1.306190 0.015598
1520530432.203536 1.306170 0.015597
1520530432.253696 1.306136 0.015597
1520530432.353700 1.306090 0.015597
1520530432.453702 1.306112 0.015598
1520530432.503704 1.306132 0.015598
1520530432.603708 1.306207 0.015598
1520530432.653548 1.306172 0.015598
1520530432.753551 1.306245 0.015596
1520530432.803553 1.306155 0.015597
1520530432.903556 1.306271 0.015598
1520530433.003559 1.306478 0.015597
1520530433.053690 1.306665 0.015597
1520530433.153693 1.306616 0.015596
1520530433.203694 1.306410 0.015598
1520530433.303697 1.306423 0.015597
1520530433.403700 1.306298 0.015596
1520530433.503793 1.306220 0.015596
1520530433.603796 1.306134 0.015598
1520530433.703799 1.306101 0.015598
1520530433.803803 1.306082 0.015598
1520530433.903631 1.306113 0.015598
1520530433.953632 1.306129 0.015597
1520530434.053635 1.306151 0.015598
1520530434.103637 1.306121 0.015597
1520530434.203641 1.306090 0.015598
1520530434.253642 1.305986 0.015597
1520530434.353481 1.306019 0.015598
1520530434.403481 1.306101 0.015597
1520530434.503485 1.306102 0.015598
1520530434.553486 1.306116 0.015597
1520530434.653489 1.306162 0.015597
1520530434.703655 1.306061 0.015596
1520530434.803658 1.306098 0.015598
1520530434.853723 1.306098 0.015596
1520530434.953663 1.306098 0.015597
1520530435.053667 1.306083 0.015597
1520530435.103796 1.306061 0.015597
1520530435.203799 1.306078 0.015597
1520530435.253801 1.306077 0.015597
1520530435.353804 1.306103 0.015597
1520530435.403806 1.306086 0.015597
1520530435.504086 1.306107 0.015597
1520530435.554088 1.306090 0.015597
1520530435.654091 1.306087 0.015598
1520530435.704092 1.306071 0.015596
1520530435.804096 1.306078 0.015598
1520530435.854097 1.306091 0.015598
1520530435.953835 1.306084 0.015598
1520530436.003837 1.306068 0.015596
1520530436.103839 1.306071 0.015598
1520530436.153841 1.306087 0.015598
1520530436.253844 1.305988 0.015598
1520530436.353956 1.305998 0.015597
1520530436.453978 1.306049 0.015597
1520530436.653965 1.306345 0.015597
1520530436.754031 1.306306 0.015597
1520530436.854034 1.306274 0.015597
1520530436.904035 1.306287 0.015596
1520530437.004039 1.306299 0.015597
1520530437.054040 1.306067 0.015597
1520530437.153533 1.306005 0.015596
1520530437.203536 1.305959 0.015572
1520530437.303539 1.306000 0.015593
1520530437.353539 1.306140 0.015597
1520530437.453545 1.306300 0.015596
1520530437.503545 1.306243 0.015594
1520530437.603872 1.306131 0.015596
1520530437.653873 1.306079 0.015595
1520530437.753876 1.306054 0.015597
1520530437.803878 1.306067 0.015597
1520530437.903881 1.306052 0.015596
1520530438.004481 1.306008 0.015597
1520530438.104484 1.306021 0.015597
1520530438.204487 1.306027 0.015597
1520530438.254489 1.306017 0.015597
1520530438.354492 1.306038 0.015598
1520530438.403621 1.306026 0.015595
1520530438.503624 1.305990 0.015597
1520530438.553626 1.306012 0.015598
1520530438.653629 1.305969 0.015597
1520530438.703631 1.305991 0.015596
1520530438.804389 1.305947 0.015597
1520530438.854392 1.306098 0.015598
1520530438.954395 1.306162 0.015597
1520530439.104398 1.306156 0.015598
1520530439.204654 1.306129 0.015597
1520530439.354659 1.306002 0.015596
1520530439.604177 1.305693 0.015597
1520530439.704263 1.305876 0.015597
1520530439.804183 1.305911 0.015597
1520530439.904186 1.305991 0.015597
1520530440.004099 1.306093 0.015596
1520530440.104102 1.306087 0.015596
1520530440.204106 1.306220 0.015595
1520530440.304109 1.306281 0.015597
1520530440.404112 1.306549 0.015596
1520530440.503979 1.306691 0.015597
1520530440.603982 1.306740 0.015597
1520530440.703986 1.306643 0.015597
1520530440.853871 1.306427 0.015597
1520530440.953874 1.306299 0.015597
1520530441.053876 1.306251 0.015597
1520530441.153883 1.306262 0.015597
1520530441.253889 1.306241 0.015597
1520530441.353892 1.306266 0.015597
1520530441.453895 1.306240 0.015597
1520530441.553898 1.306242 0.015598
1520530441.654083 1.306211 0.015598
1520530441.804088 1.306198 0.015598
1520530441.954092 1.306082 0.015597
1520530442.054030 1.306135 0.015597
1520530442.154034 1.306038 0.015596
1520530442.254038 1.306036 0.015596
1520530442.354040 1.305990 0.015592
1520530442.453714 1.305974 0.015591
1520530442.553717 1.306015 0.015591
1520530442.603719 1.306079 0.015596
1520530442.703722 1.306093 0.015597
1520530442.753723 1.306023 0.015595
1520530442.853726 1.305968 0.015596
1520530442.904376 1.305943 0.015595
1520530443.004379 1.305963 0.015595
1520530443.104382 1.305924 0.015594
1520530443.204385 1.305857 0.015596
1520530443.354468 1.306029 0.015597
1520530443.504473 1.306079 0.015598
1520530443.604476 1.306152 0.015596
1520530443.704013 1.306186 0.015592
1520530443.754014 1.305805 0.015597
1520530443.854018 1.306047 0.015597
1520530443.954022 1.306181 0.015597
1520530444.054024 1.306158 0.015596
1520530444.154403 1.306077 0.015592
1520530444.204406 1.306115 0.015594
1520530444.304409 1.306002 0.015597
1520530444.404412 1.305942 0.015597
1520530444.505161 1.305826 0.015597
1520530444.555263 1.305845 0.015596
1520530444.655166 1.305904 0.015597
1520530444.755169 1.305958 0.015598
1520530444.855172 1.306051 0.015599
1520530444.954962 1.306067 0.015598
1520530445.054965 1.305996 0.015597
1520530445.104967 1.305970 0.015596
1520530445.204970 1.305933 0.015597
1520530445.304973 1.305980 0.015597
1520530445.353892 1.306013 0.015598
1520530445.453896 1.305934 0.015594
1520530445.503898 1.305991 0.015596
1520530445.603900 1.305975 0.015596
1520530445.653902 1.305959 0.015596
1520530445.753751 1.305966 0.015596
1520530445.803752 1.305959 0.015596
1520530445.903755 1.305967 0.015597
1520530445.953757 1.305967 0.015596
1520530446.053761 1.305954 0.015597
1520530446.103761 1.305931 0.015597
1520530446.204900 1.306029 0.015597
1520530446.304903 1.306131 0.015597
1520530446.404906 1.306092 0.015598
1520530446.504909 1.306098 0.015597
1520530446.604785 1.306082 0.015597
1520530446.704788 1.306071 0.015597
1520530446.804791 1.306049 0.015597
1520530446.904794 1.306103 0.015596
1520530447.004332 1.306057 0.015593
1520530447.104335 1.306015 0.015595
1520530447.204338 1.305998 0.015597
1520530447.304342 1.305950 0.015594
1520530447.404124 1.305982 0.015597
1520530447.504127 1.306065 0.015596
1520530447.654131 1.306310 0.015597
1520530447.804072 1.306404 0.015596
1520530447.954077 1.306425 0.015596
1520530448.253886 1.306464 0.015597
