1520530315.549643 1.707529 0.570072
1520530315.649646 1.854755 0.307140
1520530315.749639 1.822243 0.248577
1520530315.849642 1.792254 0.242927
1520530315.949645 1.614135 0.310160
1520530316.049648 1.538484 0.206288
1520530316.250226 1.470030 0.224350
1520530316.400230 1.463301 0.219378
1520530316.550276 1.571912 0.261474
1520530316.700281 1.583288 0.230726
1520530316.850286 1.595041 0.228019
1520530316.999775 1.601304 0.218636
1520530317.099778 1.638825 0.223095
1520530317.249782 1.664517 0.198742
1520530317.399745 1.669203 0.187027
1520530317.499748 1.655235 0.180282
1520530317.649755 1.641839 0.171502
1520530317.800239 1.642245 0.170061
1520530317.900242 1.653979 0.169762
1520530318.050246 1.653323 0.170717
1520530318.200769 1.653543 0.170897
1520530318.300772 1.654832 0.169778
1520530318.450777 1.659338 0.167479
1520530318.600567 1.665445 0.164899
1520530318.700570 1.673135 0.162919
1520530318.850574 1.674445 0.157283
1520530318.950577 1.675041 0.155841
1520530319.049958 1.683014 0.155234
1520530319.149961 1.675019 0.152932
1520530319.249964 1.682907 0.149015
1520530319.349967 1.669615 0.146770
1520530319.499835 1.668701 0.144925
1520530319.599838 1.648795 0.138007
1520530319.749942 1.641451 0.142237
1520530319.850343 1.640712 0.141863
1520530319.950346 1.632332 0.141250
1520530320.050349 1.627845 0.144725
1520530320.150352 1.624901 0.143345
1520530320.250402 1.630285 0.143060
1520530320.350405 1.633084 0.142912
1520530320.450408 1.631844 0.142624
1520530320.550412 1.627196 0.141610
1520530320.649871 1.630386 0.141263
1520530320.749874 1.637598 0.140763
1520530320.849877 1.642708 0.140087
1520530320.949880 1.644213 0.139069
1520530321.049740 1.645363 0.137886
1520530321.149743 1.647665 0.137855
1520530321.249747 1.663164 0.135454
1520530321.399751 1.637807 0.136281
1520530321.549859 1.629392 0.134947
1520530321.649862 1.629502 0.134667
1520530321.749865 1.627174 0.135444
1520530321.850152 1.626860 0.134430
1520530321.950155 1.628199 0.134627
1520530322.050158 1.631647 0.134204
1520530322.200163 1.633268 0.133853
1520530322.450214 1.634000 0.133783
1520530322.700026 1.633845 0.133032
1520530322.850030 1.634661 0.132773
1520530323.000035 1.635187 0.132193
1520530323.150076 1.634895 0.132007
1520530323.250079 1.633807 0.131751
1520530323.450085 1.633907 0.130977
1520530323.550346 1.629544 0.130627
1520530323.650349 1.628420 0.130420
1520530323.700351 1.629679 0.130032
1520530323.800354 1.627507 0.129882
1520530323.950154 1.626972 0.129808
1520530324.100159 1.628101 0.129669
1520530324.250163 1.628246 0.129591
1520530324.349910 1.632261 0.129233
1520530324.449913 1.631484 0.129052
1520530324.549915 1.630479 0.128829
1520530324.649919 1.629021 0.128877
1520530324.750020 1.632860 0.128930
1520530324.800021 1.630613 0.128673
1520530324.900024 1.629347 0.128604
1520530325.050029 1.635128 0.128549
1520530325.250820 1.635409 0.128344
1520530325.400825 1.633755 0.128293
1520530325.550913 1.637537 0.127702
1520530325.700918 1.638389 0.127534
1520530325.900924 1.637845 0.127212
1520530326.050549 1.639442 0.127209
1520530326.250551 1.642179 0.127168
1520530326.400206 1.641984 0.127052
1520530326.550210 1.642785 0.126999
1520530326.700216 1.643115 0.126888
1520530326.950432 1.642992 0.126687
1520530327.100437 1.644716 0.126580
1520530327.250435 1.646604 0.126447
1520530327.400439 1.645436 0.126241
1520530327.500442 1.645215 0.126099
1520530327.600091 1.644848 0.126257
1520530327.700094 1.644117 0.126169
1520530327.750096 1.643192 0.126175
1520530327.850099 1.644784 0.126228
1520530327.950102 1.644990 0.126197
1520530328.050282 1.646021 0.126041
1520530328.100283 1.645263 0.126081
1520530328.200287 1.644693 0.125893
1520530328.250288 1.644229 0.125809
1520530328.350291 1.644509 0.125713
1520530328.450338 1.643146 0.125245
1520530328.550342 1.643405 0.125429
1520530328.600344 1.644517 0.124967
1520530328.700347 1.643289 0.125370
1520530328.750348 1.644923 0.125336
1520530328.850087 1.645007 0.125294
1520530329.000092 1.644939 0.125160
1520530329.100095 1.646106 0.125081
1520530329.200044 1.648395 0.125012
1520530329.300047 1.649628 0.124894
1520530329.400050 1.650168 0.124800
1520530329.600097 1.650184 0.124646
1520530329.700100 1.648618 0.124554
1520530329.750102 1.653541 0.124498
1520530329.850105 1.651198 0.124484
1520530329.900107 1.650838 0.124447
1520530330.000110 1.651451 0.124436
1520530330.050161 1.651676 0.124410
1520530330.150164 1.652710 0.124403
1520530330.200165 1.651642 0.124270
1520530330.300169 1.650738 0.124242
1520530330.350170 1.652456 0.124108
1520530330.450787 1.653909 0.124161
1520530330.550790 1.655179 0.124012
1520530330.650793 1.655940 0.123904
1520530330.700795 1.656081 0.123816
1520530330.800798 1.655680 0.123788
1520530330.850367 1.655073 0.123852
1520530330.950279 1.654757 0.123841
1520530331.000280 1.654381 0.123788
1520530331.100283 1.654516 0.123755
1520530331.200286 1.654491 0.123731
1520530331.300736 1.654062 0.123726
1520530331.400740 1.654046 0.123776
1520530331.450741 1.654032 0.123743
1520530331.550744 1.654244 0.123761
1520530331.600746 1.653002 0.123700
1520530331.700481 1.653349 0.123736
1520530331.750483 1.654064 0.123652
1520530331.850486 1.653832 0.123603
1520530331.900488 1.653982 0.123576
1520530332.000491 1.654772 0.123282
1520530332.100388 1.654908 0.123328
1520530332.200392 1.654966 0.123145
1520530332.300399 1.655249 0.123178
1520530332.400401 1.655127 0.123125
1520530332.450399 1.655026 0.123041
1520530332.550483 1.654760 0.123016
1520530332.600486 1.655639 0.122971
1520530332.700489 1.655360 0.123064
1520530332.800492 1.656288 0.123023
1520530332.850494 1.656615 0.122962
1520530332.950166 1.657717 0.122963
1520530333.050169 1.656787 0.122738
1520530333.150173 1.657211 0.122635
1520530333.200174 1.656675 0.122809
1520530333.300608 1.657050 0.122886
1520530333.400612 1.657464 0.122726
1520530333.500615 1.657668 0.122831
1520530333.650619 1.656130 0.122288
1520530333.700541 1.655230 0.122498
1520530333.800544 1.654464 0.122632
1520530333.850545 1.654658 0.122710
1520530333.950549 1.655009 0.122690
1520530334.000561 1.654815 0.122656
1520530334.100216 1.655856 0.122619
1520530334.200219 1.656709 0.122505
1520530334.250221 1.657776 0.122474
1520530334.350224 1.657381 0.122322
1520530334.400225 1.657121 0.122360
1520530334.500228 1.657599 0.122305
1520530334.550086 1.658021 0.122303
1520530334.650089 1.656562 0.122295
1520530334.700091 1.656902 0.122287
1520530334.800094 1.656546 0.122232
1520530334.850095 1.656324 0.122193
1520530334.950928 1.656139 0.122116
1520530335.050931 1.655673 0.122200
1520530335.100933 1.655907 0.122173
1520530335.200936 1.654670 0.122188
1520530335.300938 1.653941 0.122181
1520530335.401458 1.652996 0.122142
1520530335.501461 1.653121 0.122130
1520530335.601512 1.652798 0.122111
1520530335.701467 1.653298 0.122117
1520530335.800224 1.652924 0.122093
1520530335.850226 1.653373 0.122113
1520530335.950229 1.653468 0.122086
1520530336.000230 1.654169 0.122091
1520530336.100233 1.653930 0.122056
1520530336.150177 1.653931 0.122081
1520530336.250180 1.654213 0.122035
1520530336.300182 1.654227 0.122033
1520530336.400185 1.653031 0.122019
1520530336.450186 1.653959 0.121982
1520530336.550582 1.654329 0.121884
1520530336.600584 1.652703 0.121892
1520530336.700586 1.654144 0.121931
1520530336.750588 1.652948 0.121787
1520530336.850591 1.653835 0.121853
1520530336.900594 1.654003 0.121768
1520530337.000258 1.655034 0.121661
1520530337.100266 1.654701 0.121807
1520530337.200351 1.654259 0.121852
1520530337.250265 1.652201 0.121719
1520530337.350269 1.654259 0.121699
1520530337.400301 1.651946 0.121814
1520530337.500304 1.653026 0.121807
1520530337.600307 1.654672 0.121805
1520530337.650309 1.656091 0.121739
1520530337.750312 1.655789 0.121655
1520530337.850855 1.660734 0.121693
1520530337.950858 1.656954 0.121591
1520530338.050862 1.658249 0.121238
1520530338.150864 1.659296 0.120931
1520530338.250473 1.659995 0.121201
1520530338.350476 1.660002 0.121522
1520530338.450479 1.660239 0.121539
1520530338.550482 1.659966 0.121529
1520530338.600260 1.659901 0.121316
1520530338.700263 1.659549 0.121416
1520530338.750266 1.658871 0.121361
1520530338.850267 1.658663 0.121471
1520530338.950270 1.660140 0.121473
1520530339.000272 1.660369 0.121373
1520530339.100960 1.660494 0.121432
1520530339.150962 1.660433 0.121352
1520530339.250965 1.659942 0.121301
1520530339.300966 1.659667 0.121160
1520530339.400970 1.659698 0.121348
1520530339.451687 1.659986 0.121161
1520530339.551690 1.660025 0.121371
1520530339.651693 1.659479 0.121273
1520530339.751697 1.658938 0.121344
1520530339.851056 1.659781 0.121311
1520530339.901057 1.659694 0.121329
1520530340.001061 1.660911 0.121283
1520530340.051062 1.660257 0.121250
1520530340.151065 1.660093 0.121219
1520530340.250395 1.660556 0.121239
1520530340.350399 1.660902 0.121045
1520530340.450401 1.660513 0.121167
1520530340.550404 1.660504 0.121167
1520530340.650347 1.659194 0.121110
1520530340.750350 1.663572 0.120791
1520530340.850353 1.662137 0.120784
1520530341.000358 1.661222 0.121035
1520530341.200779 1.663648 0.120846
1520530341.350784 1.662824 0.121018
1520530341.500713 1.661973 0.121086
1520530341.700719 1.661720 0.121005
1520530341.850723 1.661137 0.120885
1520530342.000545 1.661186 0.121065
1520530342.100548 1.660911 0.121048
1520530342.200551 1.660987 0.121048
1520530342.300673 1.660915 0.121035
1520530342.400676 1.661394 0.121012
1520530342.500679 1.661191 0.121008
1520530342.600683 1.660980 0.120991
1520530342.700643 1.661804 0.120974
1520530342.800646 1.661952 0.120957
1520530342.900649 1.661616 0.120922
1520530343.000653 1.662912 0.120886
1520530343.101131 1.662432 0.120848
1520530343.201134 1.664160 0.120783
1520530343.251136 1.663396 0.120648
1520530343.351140 1.664494 0.120694
1520530343.451144 1.664250 0.120595
1520530343.551476 1.664731 0.120487
1520530343.651407 1.664720 0.120444
1520530343.751410 1.665745 0.120423
1520530343.851414 1.666341 0.120263
1520530343.951402 1.666260 0.120121
1520530344.051405 1.664511 0.119567
1520530344.151408 1.665947 0.119838
1520530344.251411 1.667419 0.119916
1520530344.301413 1.667667 0.119821
1520530344.401411 1.668226 0.119756
1520530344.501414 1.668724 0.119724
1520530344.601418 1.669391 0.119624
1520530344.701421 1.670002 0.119491
1520530344.801638 1.670802 0.119353
1520530344.901641 1.671995 0.119351
1520530345.001644 1.672705 0.119290
1520530345.101647 1.671681 0.119041
1520530345.251745 1.671535 0.119067
1520530345.351748 1.671855 0.119014
1520530345.501752 1.672789 0.119012
1520530345.601196 1.671959 0.118630
1520530345.701199 1.673651 0.118856
1520530345.801203 1.673353 0.118934
1520530345.851204 1.672911 0.118705
1520530345.951161 1.673076 0.118853
1520530346.001475 1.672494 0.118555
1520530346.101479 1.671765 0.118690
1520530346.201481 1.672017 0.118824
1520530346.251483 1.672784 0.118817
1520530346.351486 1.674349 0.118689
1520530346.451378 1.673048 0.118807
1520530346.551380 1.674303 0.118588
1520530346.651383 1.673632 0.118740
1520530346.751386 1.673334 0.118779
1520530346.851546 1.673696 0.118748
1520530346.951549 1.673763 0.118458
1520530347.051553 1.674916 0.118716
1520530347.101554 1.674775 0.118662
1520530347.201400 1.674616 0.118419
1520530347.301403 1.674124 0.118587
1520530347.401407 1.675048 0.118665
1520530347.451408 1.675051 0.118666
1520530347.551411 1.675103 0.118706
1520530347.651220 1.675391 0.118687
1520530347.751223 1.674979 0.118586
1520530347.851226 1.675282 0.118688
1520530347.901227 1.675056 0.118653
1520530348.001163 1.674883 0.118678
1520530348.101166 1.674925 0.118583
1520530348.201169 1.675438 0.118617
1520530348.301184 1.675187 0.118509
1520530348.401175 1.675505 0.118494
1520530348.501419 1.674657 0.118591
1520530348.601422 1.675203 0.118552
1520530348.701425 1.675002 0.118638
1520530348.751426 1.676786 0.118424
1520530348.851315 1.676843 0.118622
1520530348.901315 1.676311 0.118360
1520530349.001320 1.674516 0.118607
1520530349.051321 1.675021 0.118661
1520530349.151325 1.674727 0.118691
1520530349.251106 1.675220 0.118609
1520530349.301107 1.675084 0.118654
1520530349.401110 1.674821 0.118672
1520530349.451112 1.674988 0.118657
1520530349.551115 1.674630 0.118594
1520530349.650935 1.675723 0.118568
1520530349.700937 1.675472 0.118561
1520530349.800940 1.676237 0.118562
1520530349.850941 1.676158 0.118536
1520530349.950944 1.676181 0.118624
1520530350.051376 1.676980 0.118647
1520530350.151379 1.676215 0.118467
1520530350.251384 1.675746 0.118492
1520530350.351387 1.675550 0.118588
1520530350.451515 1.675846 0.118418
1520530350.551518 1.675379 0.118325
1520530350.651521 1.675228 0.118510
1520530350.751524 1.675268 0.118557
1520530350.851527 1.675255 0.118488
1520530350.951573 1.675506 0.118634
1520530351.051576 1.675259 0.118227
1520530351.151579 1.675155 0.118380
1520530351.201581 1.675018 0.118467
1520530351.301683 1.674633 0.118483
1520530351.401685 1.674631 0.118589
1520530351.501759 1.674840 0.118621
1520530351.601688 1.674828 0.118384
1520530351.701695 1.674799 0.118299
1520530351.801698 1.674891 0.118577
1520530351.901701 1.675012 0.118583
1520530352.001704 1.674530 0.118533
1520530352.101805 1.675155 0.118560
1520530352.201808 1.675452 0.118638
1520530352.301811 1.675463 0.118601
1520530352.401814 1.676238 0.118522
1520530352.501469 1.675484 0.118590
1520530352.601472 1.674514 0.118582
1520530352.701475 1.675068 0.118616
1520530352.801478 1.675486 0.118645
1520530352.901098 1.675713 0.118574
1520530353.001101 1.675236 0.118487
1520530353.101208 1.675433 0.118607
1520530353.201107 1.676986 0.118422
1520530353.251108 1.674673 0.118523
1520530353.351398 1.677035 0.118567
1520530353.401399 1.676548 0.118097
1520530353.501402 1.675581 0.118365
1520530353.601405 1.675162 0.118525
1520530353.701408 1.674557 0.118611
1520530353.801738 1.676339 0.118385
1520530353.901741 1.676016 0.118453
1520530354.001744 1.675258 0.118632
1520530354.101747 1.675573 0.118422
1520530354.201897 1.675772 0.118531
1520530354.301900 1.674959 0.118600
1520530354.401904 1.675058 0.118611
1520530354.501907 1.675156 0.118611
1520530354.551594 1.675196 0.118610
1520530354.651595 1.675879 0.118546
1520530354.701596 1.675167 0.118619
1520530354.801599 1.674926 0.118601
1520530354.901602 1.675325 0.118488
1520530355.001360 1.675267 0.118380
1520530355.101363 1.675210 0.118620
1520530355.201366 1.674913 0.118606
1520530355.301370 1.675141 0.118617
1520530355.401407 1.675370 0.118601
1520530355.501410 1.675135 0.118455
1520530355.601414 1.674970 0.118488
1520530355.701417 1.675112 0.118402
1520530355.801531 1.674723 0.118582
1520530355.901534 1.674570 0.118570
1520530355.951536 1.674948 0.118637
1520530356.051539 1.675729 0.118603
1520530356.101541 1.675483 0.118646
1520530356.201376 1.676025 0.118613
1520530356.301379 1.676138 0.118588
1520530356.401382 1.674925 0.118563
1520530356.451383 1.674219 0.118516
1520530356.551386 1.676338 0.118549
1520530356.601233 1.676719 0.118547
1520530356.701236 1.676827 0.118560
1520530356.751237 1.675833 0.118573
1520530356.851240 1.674320 0.118602
1520530356.901242 1.674694 0.118581
1520530357.001153 1.676299 0.118567
1520530357.101156 1.675841 0.118501
1520530357.201159 1.675245 0.118552
1520530357.301162 1.674636 0.118566
1520530357.401658 1.676016 0.118537
1520530357.501662 1.675562 0.118578
1520530357.601666 1.674856 0.118530
1520530357.701667 1.675325 0.118509
1520530357.801671 1.674573 0.118370
1520530357.901559 1.675101 0.118587
1520530358.001562 1.674986 0.118545
1520530358.101565 1.674674 0.118558
1520530358.201568 1.674823 0.118524
1520530358.351628 1.675070 0.118572
1520530358.451631 1.675403 0.118535
1520530358.551634 1.675412 0.118556
1520530358.651798 1.675819 0.118592
1520530358.751801 1.675090 0.118586
1520530358.851805 1.675232 0.118589
1520530358.951808 1.674205 0.118430
1520530359.051806 1.675587 0.118601
1520530359.151809 1.676010 0.118551
1520530359.251812 1.674466 0.118524
1520530359.351815 1.673641 0.118356
1520530359.451919 1.675126 0.118592
1520530359.551871 1.674849 0.118426
1520530359.651874 1.675362 0.118401
1520530359.751878 1.675081 0.118566
1520530359.851881 1.674572 0.118385
1520530359.951828 1.674144 0.118584
1520530360.051831 1.674514 0.118564
1520530360.151834 1.676860 0.118491
1520530360.251837 1.681070 0.118345
1520530360.301316 1.678747 0.118318
1520530360.401319 1.679475 0.118449
1520530360.501323 1.678250 0.118480
1520530360.551324 1.677206 0.118450
1520530360.651327 1.676391 0.118356
1520530360.750980 1.676360 0.118293
1520530360.800981 1.675722 0.118491
1520530360.900984 1.677638 0.118386
1520530361.000988 1.679545 0.118443
1520530361.101044 1.681913 0.118476
1520530361.151045 1.682497 0.118240
1520530361.251048 1.680393 0.118219
1520530361.351051 1.676987 0.118526
1520530361.451055 1.675304 0.118363
1520530361.551692 1.675703 0.118407
1520530361.651695 1.675562 0.118474
1520530361.751698 1.675587 0.118603
1520530361.801700 1.674961 0.118604
1520530361.901939 1.674720 0.118572
1520530361.951941 1.674925 0.118539
1520530362.051944 1.675248 0.118556
1520530362.101945 1.675463 0.118520
1520530362.201949 1.675622 0.118607
1520530362.301951 1.675086 0.118635
1520530362.351623 1.674890 0.118354
1520530362.451626 1.675372 0.118585
1520530362.551629 1.675385 0.118604
1520530362.651727 1.675310 0.118592
1520530362.751364 1.675294 0.118533
1520530362.851367 1.675108 0.118583
1520530362.951370 1.675226 0.118579
1520530363.051374 1.675229 0.118515
1520530363.151650 1.675106 0.118545
1520530363.251653 1.675184 0.118506
1520530363.351656 1.675148 0.118580
1520530363.451659 1.675548 0.118607
1520530363.551745 1.675136 0.118618
1520530363.601746 1.675255 0.118625
1520530363.701749 1.675172 0.118611
1520530363.751751 1.674838 0.118541
1520530363.851754 1.675196 0.118535
1520530363.901756 1.675254 0.118521
1520530364.001782 1.675488 0.118502
1520530364.051784 1.675044 0.118618
1520530364.151786 1.674913 0.118599
1520530364.201788 1.674854 0.118596
1520530364.301791 1.675084 0.118385
1520530364.351792 1.674981 0.118560
1520530364.451854 1.674961 0.118595
1520530364.501856 1.675165 0.118461
1520530364.601859 1.674835 0.118578
1520530364.651861 1.674969 0.118579
1520530364.751864 1.674630 0.118611
1520530364.852377 1.674451 0.118605
1520530364.952380 1.673353 0.118609
1520530365.052383 1.675014 0.118619
1520530365.152386 1.675027 0.118608
1520530365.251846 1.675018 0.118594
1520530365.351849 1.674832 0.118431
1520530365.451852 1.675492 0.118446
1520530365.551855 1.675012 0.118599
1520530365.601535 1.675749 0.118354
1520530365.701539 1.675310 0.118502
1520530365.801546 1.675214 0.118446
1520530365.901545 1.674352 0.118620
1520530366.001907 1.673782 0.118488
1520530366.101910 1.675003 0.118556
1520530366.151911 1.675414 0.118613
1520530366.251915 1.676360 0.118579
1520530366.301916 1.676422 0.118469
1520530366.402120 1.676726 0.118419
1520530366.502124 1.675244 0.118558
1520530366.602127 1.675810 0.118523
1520530366.702130 1.676030 0.118530
1520530366.802133 1.675770 0.118402
1520530366.902167 1.675546 0.118264
1520530366.952169 1.675015 0.118591
1520530367.052172 1.675368 0.118610
1520530367.102178 1.675505 0.118549
1520530367.202177 1.675104 0.118595
1520530367.302541 1.675618 0.118596
1520530367.402544 1.675627 0.118370
1520530367.502548 1.675820 0.118558
1520530367.602551 1.675219 0.118582
1520530367.702266 1.675359 0.118551
1520530367.802269 1.675353 0.118541
1520530367.902272 1.675410 0.118341
1520530368.002275 1.675087 0.118595
1520530368.152127 1.675138 0.118563
1520530368.252130 1.675640 0.118585
1520530368.352134 1.676942 0.118564
1520530368.402135 1.677211 0.118519
1520530368.502050 1.678206 0.118588
1520530368.552051 1.676995 0.118339
1520530368.652054 1.675990 0.118477
1520530368.702056 1.676608 0.118236
1520530368.802058 1.675923 0.118524
1520530368.851389 1.675390 0.117303
1520530368.951392 1.675034 0.118534
1520530369.001394 1.675201 0.118482
1520530369.101397 1.676362 0.118481
1520530369.151398 1.676422 0.118575
1520530369.251401 1.675263 0.118594
1520530369.301537 1.674733 0.118554
1520530369.401540 1.674608 0.118601
1520530369.501543 1.675358 0.118582
1520530369.551545 1.675306 0.118595
1520530369.651548 1.675200 0.118599
1520530369.751899 1.675021 0.118581
1520530369.851902 1.675071 0.118608
1520530369.951905 1.674938 0.118603
1520530370.051908 1.675178 0.118546
1520530370.151931 1.675559 0.118343
1520530370.251934 1.675069 0.118596
1520530370.351937 1.674979 0.118607
1520530370.451940 1.674583 0.118435
1520530370.601899 1.674983 0.118448
1520530370.751889 1.674472 0.118082
1520530370.901941 1.674625 0.118533
1520530371.051946 1.675173 0.118414
1520530371.151949 1.675100 0.118490
1520530371.301953 1.674804 0.118534
1520530371.401953 1.674206 0.118517
1520530371.501956 1.675004 0.118519
1520530371.651961 1.675515 0.118570
1520530371.751959 1.675246 0.118591
1520530371.801961 1.674877 0.118595
1520530371.901964 1.675155 0.118611
1520530372.001968 1.674294 0.118495
1520530372.051969 1.673715 0.118532
1520530372.151955 1.672799 0.118527
1520530372.251958 1.673466 0.118445
1520530372.351961 1.673969 0.118555
1520530372.451964 1.675281 0.118400
1520530372.601958 1.674644 0.118544
1520530372.701961 1.675592 0.118571
1520530372.801964 1.675744 0.118588
1520530372.901967 1.676720 0.118589
1520530373.001619 1.675556 0.118360
1520530373.151624 1.675193 0.118622
1520530373.251627 1.675785 0.118608
1520530373.301629 1.675403 0.118470
1520530373.401458 1.678461 0.118299
1520530373.501461 1.677829 0.118265
1520530373.551463 1.677847 0.116924
1520530373.651466 1.677018 0.117154
1520530373.751469 1.676818 0.118104
1520530373.851583 1.676635 0.117397
1520530373.951586 1.676376 0.118038
1520530374.051589 1.676580 0.117809
1520530374.151592 1.675154 0.118378
1520530374.251955 1.674868 0.118388
1520530374.351958 1.674480 0.117921
1520530374.451961 1.674634 0.118374
1520530374.551964 1.674899 0.118609
1520530374.652408 1.675344 0.118577
1520530374.752412 1.674948 0.118534
1520530374.802413 1.674403 0.118293
1520530374.902417 1.674146 0.118588
1520530375.002442 1.676494 0.118336
1520530375.102445 1.676934 0.118609
1520530375.202449 1.675569 0.118586
1520530375.302452 1.675302 0.118597
1520530375.402252 1.674715 0.118578
1520530375.502216 1.675446 0.118607
1520530375.602219 1.675935 0.118576
1520530375.652220 1.676843 0.118388
1520530375.752223 1.676791 0.118592
1520530375.802225 1.674265 0.118405
1520530375.902259 1.673690 0.118610
1520530376.002262 1.673873 0.118495
1520530376.102265 1.674476 0.118546
1520530376.152267 1.674617 0.118581
1520530376.251950 1.675524 0.118580
1520530376.301951 1.675331 0.118572
1520530376.401954 1.675155 0.118371
1520530376.451957 1.674946 0.118558
1520530376.551960 1.674933 0.118565
1520530376.601961 1.674663 0.118534
1520530376.702664 1.675456 0.118554
1520530376.752666 1.675386 0.118507
1520530376.852669 1.675479 0.118560
1520530376.902671 1.675709 0.118591
1520530377.002721 1.674653 0.118562
1520530377.102900 1.673626 0.118466
1520530377.202903 1.672315 0.118545
1520530377.302906 1.679224 0.117482
1520530377.352906 1.677135 0.118151
1520530377.451719 1.673710 0.117776
1520530377.551722 1.673205 0.118207
1520530377.601723 1.673441 0.118251
1520530377.701726 1.673918 0.118458
1520530377.801730 1.674813 0.118563
1520530377.901409 1.675609 0.118441
1520530377.951411 1.676190 0.118543
1520530378.051414 1.676797 0.118440
1520530378.101416 1.676518 0.118160
1520530378.201419 1.676079 0.118284
1520530378.251420 1.675702 0.118130
1520530378.351513 1.675252 0.118357
1520530378.401515 1.673681 0.118274
1520530378.501517 1.673089 0.118176
1520530378.551519 1.674549 0.118035
1520530378.651522 1.674824 0.118507
1520530378.702209 1.679702 0.118516
1520530378.802212 1.675368 0.118597
1520530378.902215 1.675011 0.118585
1520530379.002218 1.674318 0.118508
1520530379.102149 1.674029 0.118448
1520530379.202152 1.674727 0.118584
1520530379.252154 1.674470 0.118607
1520530379.352157 1.673178 0.118605
1520530379.402159 1.674504 0.118549
1520530379.501850 1.674935 0.118541
1520530379.601853 1.674463 0.118599
1520530379.651855 1.674236 0.118553
1520530379.751858 1.674702 0.118576
1520530379.851861 1.674595 0.118615
1520530379.951826 1.675100 0.118593
1520530380.001827 1.674956 0.118605
1520530380.101830 1.674644 0.118575
1520530380.201888 1.674650 0.118577
1520530380.251835 1.674608 0.118464
1520530380.352160 1.674837 0.118522
1520530380.402163 1.674554 0.118282
1520530380.502165 1.675249 0.118475
1520530380.552166 1.675683 0.118402
1520530380.652170 1.675432 0.118181
1520530380.702171 1.675314 0.118562
1520530380.802136 1.674728 0.118490
1520530380.852138 1.674853 0.118528
1520530380.952141 1.674688 0.118567
1520530381.002143 1.674726 0.118543
1520530381.102146 1.674228 0.118476
1520530381.152048 1.674970 0.118438
1520530381.252051 1.674621 0.118576
1520530381.302052 1.674318 0.118497
1520530381.402056 1.674738 0.118571
1520530381.502058 1.674671 0.118615
1520530381.602264 1.675145 0.118618
1520530381.702267 1.674789 0.118610
1520530381.802324 1.675042 0.118579
1520530381.902273 1.674585 0.118528
1520530382.002334 1.675436 0.118599
1520530382.052335 1.675099 0.118472
1520530382.152338 1.674909 0.118547
1520530382.252342 1.675123 0.118591
1520530382.352159 1.674727 0.118588
1520530382.452162 1.674347 0.118537
1520530382.552165 1.674911 0.118611
1520530382.652168 1.676671 0.118575
1520530382.752171 1.677435 0.118567
1520530382.902248 1.677245 0.118607
1520530383.002250 1.675780 0.118612
1520530383.102253 1.678139 0.118544
1520530383.202206 1.676415 0.118423
1520530383.302209 1.675551 0.118605
1520530383.402267 1.672468 0.118586
1520530383.502216 1.673186 0.118593
1520530383.602472 1.674575 0.118603
1520530383.702475 1.675976 0.118602
1520530383.802478 1.678451 0.118534
1520530383.902481 1.681416 0.118396
1520530384.002530 1.683069 0.118463
1520530384.102533 1.684150 0.118455
1520530384.152534 1.686011 0.118207
1520530384.252537 1.689748 0.117899
1520530384.352541 1.693736 0.118576
1520530384.452434 1.682845 0.115797
1520530384.552437 1.679751 0.118065
1520530384.652440 1.679198 0.118383
1520530384.702442 1.680093 0.118541
1520530384.802857 1.680117 0.118546
1520530384.852858 1.678439 0.118281
1520530384.952861 1.677207 0.118468
1520530385.052864 1.675815 0.118505
1520530385.152867 1.675966 0.118499
1520530385.252705 1.675035 0.118569
1520530385.302707 1.676268 0.118569
1520530385.402710 1.676498 0.118574
1520530385.502713 1.675396 0.118601
1520530385.602716 1.674144 0.118550
1520530385.652486 1.674665 0.118606
1520530385.752489 1.675532 0.118579
1520530385.802491 1.675487 0.118293
1520530385.902494 1.675385 0.118500
1520530385.952497 1.675289 0.118578
1520530386.052544 1.674837 0.118533
1520530386.152547 1.675087 0.118556
1520530386.252550 1.675020 0.118591
1520530386.352553 1.675010 0.118587
1520530386.452758 1.674858 0.118600
1520530386.552761 1.674891 0.118602
1520530386.652764 1.675267 0.118462
1520530386.752767 1.675014 0.118617
1520530386.852674 1.674949 0.118533
1520530386.952678 1.674629 0.118616
1520530387.052681 1.675194 0.118552
1520530387.102682 1.674967 0.118606
1520530387.202685 1.675220 0.118580
1520530387.302607 1.675542 0.118581
1520530387.352609 1.675828 0.118542
1520530387.452612 1.675206 0.118603
1520530387.502614 1.674872 0.118618
1520530387.602617 1.674672 0.118619
1520530387.652619 1.675194 0.118597
1520530387.752459 1.675133 0.118568
1520530387.802460 1.675061 0.118591
1520530387.902463 1.674485 0.118547
1520530387.952465 1.674521 0.118485
1520530388.052468 1.674416 0.118484
1520530388.102494 1.674678 0.118449
1520530388.202544 1.674785 0.118536
1520530388.252499 1.674916 0.118588
1520530388.352502 1.674977 0.118614
1520530388.452505 1.674867 0.118583
1520530388.502852 1.674481 0.118535
1520530388.602855 1.675134 0.118596
1520530388.702858 1.675319 0.118524
1520530388.802861 1.675319 0.118530
1520530388.902233 1.674959 0.118555
1520530389.002237 1.675005 0.118547
1520530389.102240 1.675217 0.118577
1520530389.202243 1.674502 0.118608
1520530389.302934 1.674419 0.118501
1520530389.402938 1.674690 0.118564
1520530389.502940 1.674954 0.118550
1520530389.602943 1.675082 0.118599
1520530389.702846 1.674981 0.118601
1520530389.803445 1.674911 0.118608
1520530389.853406 1.674959 0.118583
1520530389.953409 1.674926 0.118566
1520530390.003411 1.675019 0.118540
1520530390.103414 1.675050 0.118519
1520530390.152569 1.675004 0.118482
1520530390.252572 1.674916 0.118559
1520530390.302572 1.675174 0.118583
1520530390.402575 1.674983 0.118582
1520530390.452578 1.675117 0.118568
1520530390.553324 1.674667 0.118481
1520530390.653327 1.674593 0.118611
1520530390.703329 1.674958 0.118544
1520530390.803333 1.675207 0.118603
1520530390.853334 1.674650 0.118603
1520530390.953379 1.676247 0.118612
1520530391.003381 1.675986 0.118590
1520530391.103384 1.675071 0.118516
1520530391.153385 1.675301 0.118536
1520530391.253388 1.675186 0.118606
1520530391.352333 1.675324 0.118475
1520530391.402366 1.674911 0.118420
1520530391.502338 1.674951 0.118566
1520530391.552339 1.674807 0.118595
1520530391.652342 1.675020 0.118583
1520530391.752424 1.674646 0.118602
1520530391.852427 1.674449 0.118574
1520530391.952430 1.674484 0.118552
1520530392.002432 1.673973 0.118583
1520530392.102435 1.675114 0.118521
1520530392.203142 1.677090 0.118537
1520530392.253143 1.676047 0.118496
1520530392.353147 1.675713 0.118536
1520530392.403148 1.674927 0.118550
1520530392.503151 1.673285 0.118550
1520530392.602235 1.674587 0.118580
1520530392.702237 1.674577 0.118603
1520530392.752239 1.675203 0.118599
1520530392.852242 1.675294 0.118581
1520530392.902243 1.674977 0.118592
1520530393.002174 1.674996 0.118583
1520530393.102156 1.675247 0.118455
1520530393.152157 1.677120 0.118433
1520530393.252160 1.680978 0.118157
1520530393.352164 1.679179 0.118407
1520530393.452923 1.679118 0.118549
1520530393.552926 1.676861 0.117883
1520530393.602927 1.675794 0.118490
1520530393.702931 1.674781 0.118556
1520530393.752932 1.674965 0.118616
1520530393.852959 1.675460 0.118568
1520530393.952963 1.675590 0.118615
1520530394.052965 1.674645 0.118607
1520530394.152969 1.674148 0.118373
1520530394.202165 1.673687 0.118439
1520530394.302169 1.674553 0.118559
1520530394.352170 1.673726 0.118550
1520530394.452173 1.673613 0.118505
1520530394.502175 1.672960 0.118374
1520530394.602189 1.673715 0.118581
1520530394.702878 1.674544 0.118459
1520530394.752879 1.673998 0.118357
1520530394.852882 1.675243 0.118579
1520530394.952885 1.674966 0.118492
1520530395.053731 1.674319 0.118598
1520530395.153734 1.674813 0.118569
1520530395.253737 1.675093 0.118587
1520530395.353740 1.674852 0.118271
1520530395.403742 1.674553 0.118442
1520530395.502707 1.674280 0.118565
1520530395.602710 1.675163 0.118584
1520530395.702713 1.674878 0.118580
1520530395.802716 1.674928 0.118499
1520530395.903079 1.674216 0.118423
1520530396.003083 1.674871 0.118498
1520530396.103085 1.674850 0.118592
1520530396.203089 1.674936 0.118589
1520530396.303237 1.674770 0.118551
1520530396.403240 1.674763 0.118578
1520530396.503243 1.674966 0.118548
1520530396.603246 1.674771 0.118398
1520530396.703145 1.674665 0.118343
1520530396.803148 1.674788 0.118529
1520530396.903152 1.675054 0.118227
1520530397.003155 1.675054 0.118331
1520530397.102782 1.675133 0.118372
1520530397.202785 1.674830 0.118577
1520530397.302788 1.675091 0.118614
1520530397.402791 1.675121 0.118619
1520530397.502304 1.675050 0.118562
1520530397.552306 1.674962 0.118551
1520530397.652309 1.675212 0.118363
1520530397.752312 1.673709 0.118591
1520530397.802315 1.674507 0.117470
1520530397.902585 1.675602 0.118591
1520530397.952586 1.675131 0.118466
1520530398.052589 1.674811 0.118598
1520530398.102591 1.674888 0.118364
1520530398.202594 1.675662 0.118600
1520530398.303365 1.675430 0.118598
1520530398.353367 1.675888 0.118593
1520530398.453370 1.676113 0.118593
1520530398.503371 1.675349 0.118565
1520530398.603375 1.674802 0.118597
1520530398.653376 1.675568 0.118290
1520530398.753223 1.675222 0.118111
1520530398.803225 1.674632 0.118035
1520530398.903227 1.674949 0.118536
1520530399.003230 1.674908 0.118577
1520530399.053232 1.675001 0.118579
1520530399.152330 1.675002 0.118499
1520530399.202332 1.674987 0.118548
1520530399.302335 1.675241 0.118533
1520530399.352336 1.674771 0.118520
1520530399.452339 1.674348 0.118343
1520530399.502341 1.674976 0.118602
1520530399.603008 1.676204 0.118606
1520530399.653009 1.675233 0.118565
1520530399.753012 1.675157 0.118603
1520530399.853016 1.675028 0.118549
1520530399.953275 1.674919 0.118611
1520530400.003276 1.675074 0.118609
1520530400.103279 1.675561 0.118603
1520530400.153281 1.675414 0.118564
1520530400.253284 1.675354 0.118603
1520530400.303286 1.675362 0.118564
1520530400.402496 1.675135 0.118508
1520530400.452498 1.674814 0.118451
1520530400.552501 1.674820 0.118558
1520530400.602502 1.675006 0.118565
1520530400.702505 1.675460 0.118234
1520530400.752291 1.674318 0.118274
1520530400.852294 1.674726 0.118578
1520530400.902295 1.675410 0.118555
1520530401.002299 1.675558 0.118388
1520530401.102302 1.675308 0.118584
1520530401.152303 1.675106 0.118375
1520530401.252756 1.673821 0.118490
1520530401.302758 1.676303 0.118563
1520530401.402761 1.676575 0.118607
1520530401.452763 1.676238 0.118608
1520530401.552766 1.676315 0.118605
1520530401.603037 1.677302 0.118520
1520530401.703041 1.677081 0.118582
1520530401.753042 1.676108 0.118613
1520530401.853045 1.674524 0.118513
1520530401.953048 1.674818 0.118610
1520530402.002281 1.675075 0.118588
1520530402.102285 1.674627 0.118561
1520530402.152286 1.674201 0.118511
1520530402.252289 1.674838 0.118588
1520530402.302290 1.674218 0.118082
1520530402.402567 1.674322 0.118602
1520530402.452569 1.674935 0.118459
1520530402.552572 1.675444 0.118581
1520530402.652672 1.675406 0.118575
1520530402.752578 1.675379 0.118542
1520530402.853417 1.675066 0.118602
1520530402.903419 1.675009 0.118427
1520530403.003422 1.674959 0.118502
1520530403.053424 1.675171 0.118475
1520530403.153427 1.675957 0.118544
1520530403.202933 1.675030 0.118462
1520530403.302936 1.675075 0.118545
1520530403.352938 1.674784 0.118573
1520530403.452941 1.674483 0.118562
1520530403.502943 1.675016 0.118336
1520530403.602946 1.674809 0.118521
1520530403.652254 1.674471 0.118584
1520530403.752257 1.674119 0.118552
1520530403.802258 1.674193 0.118553
1520530403.902261 1.674889 0.118583
1520530403.952263 1.674886 0.118529
1520530404.052745 1.674928 0.118514
1520530404.102746 1.675162 0.118580
1520530404.202749 1.675083 0.118517
1520530404.302752 1.675213 0.118606
1520530404.352754 1.674796 0.118606
1520530404.453112 1.675063 0.118602
1520530404.503114 1.674597 0.118599
1520530404.603117 1.674602 0.118605
1520530404.653119 1.674695 0.118566
1520530404.753122 1.675006 0.118459
1520530404.803123 1.676069 0.118570
1520530404.902643 1.676305 0.118602
1520530404.952645 1.675037 0.118572
1520530405.052648 1.674007 0.118586
1520530405.102650 1.674633 0.118538
1520530405.202653 1.674959 0.118519
1520530405.252327 1.674584 0.118552
1520530405.352331 1.676104 0.118407
1520530405.402333 1.674705 0.118540
1520530405.502335 1.674978 0.118557
1520530405.552337 1.675047 0.118549
1520530405.652792 1.674747 0.118584
1520530405.702792 1.675119 0.118456
1520530405.802797 1.675002 0.118594
1520530405.852855 1.674985 0.118599
1520530405.952801 1.674934 0.118588
1520530406.052804 1.675054 0.118578
1520530406.103570 1.675077 0.118291
1520530406.203573 1.675097 0.118507
1520530406.303576 1.675276 0.118572
1520530406.353577 1.675700 0.118602
1520530406.453580 1.676228 0.118600
1520530406.553487 1.675655 0.118592
1520530406.603489 1.674937 0.118606
1520530406.703492 1.675605 0.118609
1520530406.803495 1.675527 0.118546
1520530406.853497 1.675537 0.118598
1520530406.952693 1.675558 0.118560
1520530407.002694 1.674980 0.118611
1520530407.102698 1.674324 0.118501
1520530407.152699 1.674518 0.118453
1520530407.252702 1.674527 0.118523
1520530407.303185 1.674768 0.118599
1520530407.403187 1.675197 0.118396
1520530407.453221 1.674897 0.118441
1520530407.553191 1.674885 0.118539
1520530407.603193 1.674956 0.118484
1520530407.703510 1.674696 0.118614
1520530407.753511 1.674813 0.118527
1520530407.853515 1.674749 0.118397
1520530407.903516 1.674798 0.118586
1520530408.003519 1.674630 0.118514
1520530408.103522 1.674452 0.118536
1520530408.203605 1.674487 0.118575
1520530408.303608 1.674217 0.118482
1520530408.403612 1.674498 0.118541
1520530408.503614 1.674562 0.118544
1520530408.603376 1.674486 0.118385
1520530408.703379 1.674660 0.118579
1520530408.803382 1.674716 0.118586
1520530408.853383 1.675315 0.118504
1520530408.952878 1.675868 0.118577
1520530409.052890 1.675271 0.118597
1520530409.152884 1.674819 0.118548
1520530409.202886 1.674142 0.118446
1520530409.302889 1.675630 0.118565
1520530409.352902 1.676161 0.118538
1520530409.452906 1.678609 0.118361
1520530409.502907 1.680996 0.118127
1520530409.602910 1.681301 0.118351
1520530409.652912 1.683385 0.118114
1520530409.752654 1.681236 0.118480
1520530409.802656 1.680287 0.118038
1520530409.902659 1.682126 0.117237
1520530410.002662 1.674727 0.118456
1520530410.052664 1.673462 0.118477
1520530410.153223 1.672767 0.118474
1520530410.203224 1.674590 0.118529
1520530410.303227 1.674913 0.118550
1520530410.353231 1.674842 0.118477
1520530410.453232 1.674867 0.118589
1520530410.503232 1.675040 0.118562
1520530410.603875 1.674808 0.118594
1520530410.703878 1.674791 0.118594
1520530410.803881 1.674654 0.118591
1520530410.903884 1.674553 0.118589
1520530411.003418 1.674678 0.118559
1520530411.103421 1.674882 0.118575
1520530411.203424 1.674870 0.118571
1520530411.353429 1.674688 0.118528
1520530411.453010 1.674712 0.118514
1520530411.503012 1.675090 0.118298
1520530411.603015 1.675121 0.118521
1520530411.653017 1.675332 0.118571
1520530411.753020 1.675906 0.118594
1520530411.802907 1.675271 0.118419
1520530411.902909 1.674808 0.118598
1520530411.952910 1.675065 0.118596
1520530412.052913 1.674847 0.118556
1520530412.102915 1.674667 0.117879
1520530412.203416 1.676098 0.118571
1520530412.303419 1.675030 0.118598
1520530412.403422 1.675526 0.118573
1520530412.503425 1.675628 0.118480
1520530412.603428 1.675671 0.118568
1520530412.653630 1.675215 0.118586
1520530412.753633 1.675031 0.118601
1520530412.803634 1.675224 0.118562
1520530412.903637 1.677273 0.118593
1520530412.953639 1.675192 0.118566
1520530413.053009 1.674666 0.118591
1520530413.103011 1.674594 0.118556
1520530413.203014 1.674775 0.118445
1520530413.253016 1.675070 0.118382
1520530413.353019 1.673245 0.118524
1520530413.452940 1.672966 0.118315
1520530413.552943 1.674126 0.118525
1520530413.652946 1.675307 0.118557
1520530413.853107 1.674713 0.118425
1520530413.903189 1.676390 0.118294
1520530414.003112 1.676328 0.118519
1520530414.103115 1.675866 0.118592
1520530414.203118 1.675713 0.118586
1520530414.302896 1.675820 0.118460
1520530414.402899 1.676908 0.118366
1520530414.502902 1.676173 0.118552
1520530414.602906 1.674957 0.118487
1520530414.702707 1.674874 0.115999
1520530414.802710 1.671854 0.117775
1520530414.852712 1.671866 0.118199
1520530414.952715 1.673504 0.118357
1520530415.052718 1.674012 0.117820
1520530415.153197 1.684152 0.118358
1520530415.253200 1.674876 0.118401
1520530415.353203 1.674831 0.118568
1520530415.453206 1.674854 0.118563
1520530415.553069 1.674943 0.118538
1520530415.653072 1.674843 0.118599
1520530415.803077 1.674734 0.118569
1520530415.953363 1.675125 0.116754
1520530416.153369 1.675362 0.118447
1520530416.403378 1.675082 0.118526
1520530416.553383 1.675007 0.118568
1520530416.653386 1.674338 0.118458
1520530416.703272 1.674160 0.118547
1520530416.803277 1.674651 0.118554
1520530416.903278 1.675309 0.118530
1520530417.003283 1.674959 0.118457
1520530417.103391 1.674951 0.117818
1520530417.203373 1.676581 0.118384
1520530417.353378 1.675563 0.118317
1520530417.503382 1.676336 0.118547
1520530417.603465 1.675120 0.118416
1520530417.703468 1.675906 0.118319
1520530417.803472 1.674857 0.118565
1520530417.903475 1.674759 0.118524
1520530418.003458 1.675282 0.118518
1520530418.103461 1.675387 0.118529
1520530418.203465 1.674893 0.118338
1520530418.303468 1.674679 0.118248
1520530418.453434 1.674932 0.118565
1520530418.553437 1.674974 0.118394
1520530418.653440 1.675112 0.118592
1520530418.753343 1.674936 0.118362
1520530418.853346 1.675026 0.118514
1520530418.953350 1.675027 0.118561
1520530419.053353 1.675013 0.118588
1520530419.153533 1.674977 0.118538
1520530419.253536 1.674723 0.118607
1520530419.353539 1.675289 0.118264
1520530419.453542 1.675265 0.118589
1520530419.553545 1.675768 0.118575
1520530419.703733 1.675503 0.118499
1520530419.803736 1.674772 0.118500
1520530419.903739 1.674621 0.118375
1520530419.953740 1.674866 0.118348
1520530420.053599 1.674963 0.118387
1520530420.153602 1.674785 0.118457
1520530420.203604 1.674472 0.118225
1520530420.303607 1.674381 0.118568
1520530420.353608 1.674357 0.118564
1520530420.453700 1.674110 0.118437
1520530420.603705 1.674854 0.118432
1520530420.753710 1.674893 0.118526
1520530420.853358 1.675959 0.118401
1520530420.953361 1.674704 0.118155
1520530421.053364 1.674381 0.118281
1520530421.153367 1.673688 0.116473
1520530421.203429 1.674267 0.116704
1520530421.303432 1.674252 0.118488
1520530421.403435 1.673427 0.118379
1520530421.503439 1.674380 0.116999
1520530421.603611 1.673670 0.118427
1520530421.703614 1.673289 0.118581
1520530421.853618 1.675556 0.118596
1520530421.953693 1.675746 0.118179
1520530422.053472 1.674908 0.118366
1520530422.153476 1.674431 0.118322
1520530422.253479 1.674668 0.118523
1520530422.353482 1.675335 0.118558
1520530422.453395 1.675026 0.118517
1520530422.503396 1.674811 0.118373
1520530422.603400 1.674724 0.118559
1520530422.703403 1.674621 0.118547
1520530422.803406 1.674674 0.118602
1520530422.903583 1.669935 0.118391
1520530423.003587 1.675173 0.118336
1520530423.103590 1.674951 0.118527
1520530423.153591 1.675110 0.118244
1520530423.253316 1.674237 0.118595
1520530423.353319 1.673777 0.118460
1520530423.453322 1.674285 0.118503
1520530423.603327 1.674487 0.118531
1520530423.652983 1.674049 0.118553
1520530423.752986 1.674332 0.118517
1520530423.852990 1.674326 0.118524
1520530423.902991 1.674112 0.118509
1520530424.002994 1.674289 0.118592
1520530424.052950 1.674585 0.118571
1520530424.153255 1.675186 0.118553
1520530424.203257 1.676224 0.118574
1520530424.303260 1.675340 0.118573
1520530424.554724 1.675144 0.118582
1520530424.604726 1.674979 0.118601
1520530424.704729 1.674794 0.118582
1520530424.804732 1.674695 0.118492
1520530424.903374 1.674655 0.118506
1520530425.003378 1.674860 0.118563
1520530425.053379 1.674782 0.118517
1520530425.153383 1.675001 0.118279
1520530425.253385 1.674806 0.118574
1520530425.353734 1.673968 0.118593
1520530425.453737 1.675020 0.118585
1520530425.553740 1.675064 0.118601
1520530425.653743 1.674933 0.118604
1520530425.703675 1.675335 0.118594
1520530425.803679 1.675133 0.118604
1520530425.853680 1.674588 0.118557
1520530425.953683 1.674597 0.118588
1520530426.103474 1.673696 0.118288
1520530426.203477 1.674381 0.118455
1520530426.303480 1.674955 0.118600
1520530426.353481 1.674575 0.118540
1520530426.453484 1.674766 0.118544
1520530426.503486 1.674285 0.118603
1520530426.603553 1.673802 0.118567
1520530426.703556 1.673656 0.118594
1520530426.753558 1.675008 0.118538
1520530426.853560 1.674870 0.118591
1520530426.903562 1.675167 0.118509
1520530427.003600 1.674925 0.118589
1520530427.053602 1.674857 0.118557
1520530427.153605 1.674322 0.118595
1520530427.253608 1.674656 0.118575
1520530427.353592 1.674132 0.118489
1520530427.453595 1.673868 0.118512
1520530427.703603 1.674752 0.118435
1520530427.753678 1.675773 0.118509
1520530427.853681 1.674615 0.118547
1520530427.903683 1.674328 0.118561
1520530428.003686 1.672313 0.118583
1520530428.053687 1.672149 0.117558
1520530428.153535 1.672442 0.117904
1520530428.203537 1.672619 0.116385
1520530428.303540 1.673871 0.118070
1520530428.353542 1.674181 0.118398
1520530428.453544 1.672615 0.118167
1520530428.503546 1.672852 0.117779
1520530428.603452 1.673144 0.118575
1520530428.653454 1.674390 0.118568
1520530428.753457 1.674770 0.118579
1520530428.803458 1.673341 0.118524
1520530428.903461 1.672725 0.118532
1520530428.953463 1.673130 0.118592
1520530429.053445 1.673228 0.118531
1520530429.103447 1.674284 0.118390
1520530429.203450 1.674778 0.118373
1520530429.253451 1.674888 0.118586
1520530429.353455 1.674606 0.118562
1520530429.403551 1.674742 0.118325
1520530429.503555 1.676145 0.118491
1520530429.553556 1.676220 0.118561
1520530429.653559 1.674649 0.118545
1520530429.703560 1.674695 0.118506
1520530429.803622 1.673976 0.118425
1520530429.853626 1.674155 0.118553
1520530429.953626 1.673998 0.118309
1520530430.003663 1.673925 0.118467
1520530430.103631 1.674176 0.118587
1520530430.153632 1.674347 0.118564
1520530430.253346 1.673665 0.118451
1520530430.303347 1.673139 0.118562
1520530430.403350 1.673173 0.118597
1520530430.453352 1.672958 0.118478
1520530430.553355 1.673290 0.118484
1520530430.603527 1.674104 0.118557
1520530430.703530 1.674601 0.118586
1520530430.753532 1.674907 0.118054
1520530430.853534 1.674003 0.118499
1520530430.903536 1.674503 0.118568
1520530431.003696 1.675574 0.118429
1520530431.053698 1.676363 0.118458
1520530431.153701 1.676330 0.118552
1520530431.253704 1.676636 0.118509
1520530431.353708 1.677346 0.118550
1520530431.453562 1.676111 0.118483
1520530431.503564 1.675722 0.118535
1520530431.603567 1.675345 0.118583
1520530431.653568 1.674586 0.118554
1520530431.753571 1.676008 0.118567
1520530431.803573 1.677611 0.118397
1520530431.903526 1.676309 0.118490
1520530431.953527 1.675116 0.118459
1520530432.053530 1.675473 0.118585
1520530432.103532 1.675481 0.118532
1520530432.203536 1.675773 0.118542
1520530432.253696 1.675305 0.118225
1520530432.353700 1.674641 0.118379
1520530432.403701 1.674843 0.118578
1520530432.503704 1.675048 0.118546
1520530432.553705 1.675309 0.118431
1520530432.653548 1.675050 0.118523
1520530432.703550 1.675129 0.118579
1520530432.803553 1.674983 0.118527
1520530432.853554 1.675122 0.118581
1520530432.953557 1.676420 0.118588
1520530433.003559 1.676802 0.118578
1520530433.103691 1.677880 0.117937
1520530433.203694 1.675928 0.118415
1520530433.303697 1.675020 0.118490
1520530433.403700 1.675288 0.118582
1520530433.503793 1.676321 0.118497
1520530433.603796 1.676122 0.118560
1520530433.653798 1.675890 0.118434
1520530433.753801 1.675728 0.118591
1520530433.853804 1.675279 0.118568
1520530433.903631 1.675642 0.118565
1520530434.003634 1.675895 0.118579
1520530434.053635 1.675868 0.118567
1520530434.153638 1.675548 0.118581
1520530434.203641 1.675376 0.118512
1520530434.303478 1.675883 0.118585
1520530434.353481 1.675379 0.118538
1520530434.453483 1.674901 0.118589
1520530434.503485 1.675457 0.118531
1520530434.603488 1.675732 0.118573
1520530434.653489 1.675130 0.118565
1520530434.753658 1.675070 0.118590
1520530434.803658 1.675239 0.118607
1520530434.903661 1.675192 0.118607
1520530434.953663 1.675177 0.118602
1520530435.053667 1.675315 0.118598
1520530435.153798 1.675111 0.118616
1520530435.203799 1.675276 0.118599
1520530435.303802 1.676462 0.118574
1520530435.353804 1.676109 0.118527
1520530435.453807 1.676386 0.118528
1520530435.504086 1.676635 0.117970
1520530435.604089 1.676289 0.118579
1520530435.654091 1.674848 0.118517
1520530435.754094 1.674656 0.118548
1520530435.804096 1.674996 0.118383
1520530435.904099 1.674975 0.118424
1520530436.003837 1.674953 0.118573
1520530436.053838 1.674966 0.118553
1520530436.153841 1.674756 0.118591
1520530436.203843 1.674790 0.118593
1520530436.303846 1.673156 0.118461
1520530436.403957 1.674141 0.118569
1520530436.553962 1.675367 0.118590
1520530436.703966 1.676138 0.118597
1520530436.754031 1.675663 0.118589
1520530436.854034 1.677830 0.118540
1520530436.904035 1.678023 0.118567
1520530437.004039 1.678162 0.118577
1520530437.054040 1.677334 0.118540
1520530437.153533 1.677351 0.118525
1520530437.203536 1.677675 0.117970
1520530437.303539 1.676408 0.118309
1520530437.353539 1.676507 0.118555
1520530437.453545 1.676065 0.118583
1520530437.503545 1.677180 0.118606
1520530437.603872 1.676525 0.118586
1520530437.653873 1.676399 0.118597
1520530437.753876 1.675819 0.118577
1520530437.803878 1.675593 0.118582
1520530437.903881 1.675833 0.118603
1520530438.004481 1.675797 0.118593
1520530438.104484 1.675343 0.118616
1520530438.154486 1.675374 0.118610
1520530438.254489 1.675560 0.118598
1520530438.304490 1.675299 0.118574
1520530438.403621 1.675459 0.118441
1520530438.453623 1.675137 0.118538
1520530438.553626 1.674845 0.118532
1520530438.653629 1.674794 0.118601
1520530438.753632 1.674879 0.118456
1520530438.854392 1.676604 0.118553
1520530438.954395 1.675175 0.118541
1520530439.054398 1.674853 0.118614
1520530439.154401 1.674265 0.118548
1520530439.254655 1.674763 0.118571
1520530439.404660 1.674384 0.118596
1520530439.554665 1.674596 0.118599
1520530439.654178 1.675029 0.118573
1520530439.754182 1.676019 0.118548
1520530439.854185 1.676588 0.118560
1520530439.954188 1.677399 0.118549
1520530440.054101 1.677519 0.118427
1520530440.204106 1.677589 0.118605
1520530440.304109 1.679217 0.118553
1520530440.404112 1.680172 0.118543
1520530440.503979 1.681710 0.118567
1520530440.603982 1.681744 0.118586
1520530440.703986 1.681081 0.118587
1520530440.803989 1.680163 0.118586
1520530440.903872 1.680237 0.118593
1520530441.003875 1.679459 0.118606
1520530441.103878 1.678686 0.118617
1520530441.203881 1.678102 0.118601
1520530441.303927 1.677943 0.118592
1520530441.403893 1.677021 0.118558
1520530441.503896 1.676084 0.118593
1520530441.603899 1.675764 0.118293
1520530441.704084 1.675308 0.118564
1520530441.854089 1.674958 0.118574
1520530441.954092 1.674735 0.118571
1520530442.054030 1.674297 0.118538
1520530442.154034 1.673913 0.118541
1520530442.254038 1.673662 0.118573
1520530442.354040 1.673336 0.118508
1520530442.404042 1.673052 0.118554
1520530442.503716 1.672413 0.118509
1520530442.553717 1.671747 0.118516
1520530442.653721 1.672737 0.118216
1520530442.703722 1.673176 0.118521
1520530442.803725 1.672959 0.118263
1520530442.853726 1.673539 0.118205
1520530442.954377 1.673480 0.118586
1520530443.054381 1.673833 0.118483
1520530443.154384 1.674561 0.118556
1520530443.304466 1.674694 0.118598
1520530443.504473 1.676422 0.118397
1520530443.604476 1.674602 0.118366
1520530443.704013 1.675155 0.117755
1520530443.804016 1.674409 0.118479
1520530443.904020 1.673826 0.118443
1520530444.004023 1.673209 0.118420
1520530444.104403 1.673862 0.118538
1520530444.204406 1.674704 0.118340
1520530444.254406 1.674649 0.118139
1520530444.354410 1.674049 0.118517
1520530444.454413 1.673828 0.118199
1520530444.555263 1.674504 0.118422
1520530444.655166 1.675196 0.118400
1520530444.755169 1.674871 0.118603
1520530444.855172 1.675043 0.118593
1520530444.954962 1.675570 0.118593
1520530445.054965 1.675219 0.118584
1520530445.104967 1.675130 0.118562
1520530445.204970 1.674872 0.118570
1520530445.254971 1.674929 0.118609
1520530445.353892 1.675359 0.118429
1520530445.403894 1.675042 0.118558
1520530445.503898 1.675340 0.118605
1520530445.553899 1.674935 0.118578
1520530445.653902 1.674593 0.118612
1520530445.703904 1.674357 0.118475
1520530445.803752 1.674820 0.118576
1520530445.853755 1.674741 0.118436
1520530445.953757 1.674794 0.118500
1520530446.053761 1.674758 0.118488
1520530446.454908 1.675436 0.118565
1520530446.554783 1.675798 0.118603
1520530446.654786 1.675327 0.118563
1520530446.704788 1.674765 0.118617
1520530446.804791 1.675312 0.118590
1520530446.904794 1.675283 0.118558
1520530446.954330 1.675963 0.118564
1520530447.054334 1.676220 0.118498
1520530447.154337 1.675088 0.118621
1520530447.254340 1.676323 0.118381
1520530447.354343 1.675848 0.118593
1520530447.504127 1.675770 0.118606
1520530447.654131 1.676411 0.118341
1520530447.854074 1.675635 0.118560
1520530448.054080 1.677370 0.118458
1520530448.253886 1.677270 0.118519
1520530448.403891 1.681912 0.117434
