DelayedMarginalization 0.000954498 2.69206e-08 0.00186439 1386
DelayedMarginalizationOnly 0.000458577 1.73231e-08 0.000913393 1386
EF-marginalizeFrame 0.00137079 4.25891e-08 0.00235746 1386
FullSystem::trackNewCoarse 0.00249939 6.64743e-07 0.00816438 2673
FullSystem::trackNewCoarseNoIMU 0.00141076 1.28777e-07 0.00335977 110
FullSystemOptimize 0.0387155 4.74301e-05 0.0581585 1392
GraphUnrolling 0.0167888 0.000373498 0.0483458 9
IMUInitAddPose 2.48951e-05 2.21293e-11 0.000118173 1392
IMUInitOptimize 0.00333729 3.90646e-06 0.00593596 4
IMUIntegration::finishKeyframeOperations 5.94782e-05 2.49219e-10 0.000316485 1383
InitializerFirstFrame 0.0343907 -nan 0.0343907 1
InitializerOtherFrames 0.0587908 0.000102744 0.0819092 35
MainMarginalization 0.00119177 3.27267e-08 0.00208444 1386
MarginalizationReplacementBuildGraph 0.00118122 7.32011e-07 0.00238628 7
MarginalizationReplacementReplaceGraph 0.0213816 0.00039622 0.0485686 7
MarginalizeMainGraph 0.00049524 6.96598e-09 0.0013705 1386
PGBA 0.0151533 1.15003e-07 0.0153931 2
PGBAFull 0.00414042 5.10831e-05 0.0169822 9
PrepareGraphForMainOptimization 0.0168767 0.000375935 0.0485359 9
VisualMarginalization 3.91187e-05 6.21051e-11 9.4396e-05 1386
activatePointsMT 0.00338814 7.57199e-07 0.00937131 1392
addActiveFrame 0.0397017 0.000901943 0.108766 2819
addIMUData 0.0006805 2.38967e-08 0.0018512 2673
addIMUDataToBA 3.577e-05 1.53751e-10 0.00025179 2818
addKeyframeToBA 3.54269e-05 4.58861e-11 0.000110718 1392
afterCoarseTracking 2.64262e-07 3.94414e-15 7.45e-07 2783
baIteration 0.00594183 1.3456e-06 0.0190825 8004
baMatrixInversion 0.000224339 1.63725e-09 0.00069121 8004
baUpdateBuildHessians 0.000501533 4.5483e-09 0.00155198 8004
coarseTrackingIteration 0.00019837 4.29424e-09 0.00244864 27901
computeBAUpdate 0.000811143 1.20965e-08 0.00192913 8004
computeCoarseUpdate 9.50994e-05 6.58572e-10 0.00227796 26244
computeFactorForCoarseGraphAndMarginalCovariances 0.00296507 3.18826e-07 0.00581904 1383
convertHAndBFromDSO 0.000147872 3.25171e-09 0.000557095 13551
debugPlot 7.03664e-08 3.96383e-15 2.049e-06 1392
debugPlotIDepthMap 3.82642e-07 1.24647e-13 1.0525e-05 1392
debugPlotIDepthMapFloat 7.99066e-08 9.99042e-16 4.08e-07 1392
deliverTrackedFrame 0.0340966 0.000891162 0.103701 2784
flagFramesForMarginalization 1.67597e-06 3.82016e-13 1.1717e-05 1392
fullCoarseTracking 0.00322776 8.7573e-07 0.00918729 2783
initObjectsAndMakeImage 0.0020958 4.65329e-08 0.00393629 2819
makeKeyframe 0.0632944 7.35679e-05 0.103698 1392
makeKeyframeChangeTrackingRef 0.0022566 1.67852e-07 0.00485698 1392
makeNewTraces 0.00530719 5.91688e-07 0.00992303 1392
makeNonKeyframe 0.00489447 2.81637e-06 0.00803188 1392
marginalizeAndRemovePoints 0.00310302 9.1596e-07 0.0065047 1392
marginalizeFrame 0.0024529 1.46125e-07 0.00411212 1386
marginalizeFrameOverhead 0.00107972 6.8076e-08 0.00206922 1386
marginalizeFrames 0.00245023 2.94736e-07 0.00547444 1392
newFrameAndNewResidualsForOldPoints 0.00104057 5.44282e-08 0.00196737 1392
printBiases 3.80785e-05 1.24932e-10 0.000106565 1392
printEigenValLine 1.12582e-07 3.72337e-14 7.27e-06 1392
printLogLine 2.05514e-07 3.57769e-15 5.04e-07 1392
publishInMakeKeyframe 1.96897e-07 5.91261e-15 8.02e-07 1392
removeOutliers 0.000180698 3.56944e-09 0.000628512 1392
swapTrackingRef 2.40816e-05 2.1184e-11 5.6714e-05 1392
timeMeasurement 8.53842e-07 5.98233e-13 1.2854e-05 2819
traceNewCoarse 0.00408153 2.76585e-06 0.00802094 2784
updateBAValues 6.20923e-06 7.41399e-12 0.000122158 13162
zero 1.03819e-07 2.22635e-15 6.65e-07 2819
