1520530315.449640 2.113768 0.414396
1520530315.549643 2.220187 0.266453
1520530315.699637 2.267472 0.252711
1520530315.849642 2.266626 0.214340
1520530315.949645 2.258955 0.196781
1520530316.049648 2.236938 0.208664
1520530316.200224 2.208055 0.203260
1520530316.350229 2.204322 0.170231
1520530316.500233 2.202183 0.163279
1520530316.650280 2.204734 0.160133
1520530316.850286 2.200439 0.170181
1520530316.999775 2.218568 0.162364
1520530317.149779 2.253954 0.152074
1520530317.299784 2.271138 0.135901
1520530317.399745 2.289559 0.130613
1520530317.549752 2.285477 0.124343
1520530317.750237 2.259932 0.116607
1520530317.900242 2.245432 0.115212
1520530318.050246 2.242911 0.115048
1520530318.200769 2.249325 0.115027
1520530318.350774 2.246589 0.114040
1520530318.500778 2.253758 0.112876
1520530318.650568 2.263569 0.110965
1520530318.800573 2.267898 0.109623
1520530318.950577 2.271099 0.108677
1520530319.049958 2.285356 0.107724
1520530319.149961 2.281580 0.104632
1520530319.249964 2.289368 0.101785
1520530319.349967 2.285101 0.099305
1520530319.499835 2.285053 0.096775
1520530319.599838 2.289036 0.095883
1520530319.749942 2.282952 0.095356
1520530319.850343 2.279719 0.095028
1520530319.950346 2.284572 0.094302
1520530320.050349 2.293564 0.093537
1520530320.150352 2.296181 0.092537
1520530320.250402 2.298869 0.091696
1520530320.300404 2.303452 0.091331
1520530320.400407 2.314164 0.087871
1520530320.500410 2.317125 0.087366
1520530320.599869 2.315603 0.086722
1520530320.699873 2.324235 0.086074
1520530320.799876 2.321825 0.084552
1520530320.899879 2.326242 0.083608
1520530320.999882 2.333426 0.082616
1520530321.099742 2.334472 0.081856
1520530321.199745 2.334421 0.081300
1520530321.299749 2.346037 0.081336
1520530321.399751 2.344996 0.080628
1520530321.549859 2.353226 0.079855
1520530321.649862 2.356579 0.077356
1520530321.749865 2.354817 0.077092
1520530321.850152 2.355528 0.076499
1520530321.950155 2.353767 0.075797
1520530322.050158 2.356355 0.075312
1520530322.200163 2.372587 0.074690
1520530322.450214 2.345330 0.074706
1520530322.650023 2.342221 0.074582
1520530322.800029 2.344916 0.074190
1520530323.000035 2.344024 0.073353
1520530323.150076 2.344256 0.073082
1520530323.250079 2.346208 0.072683
1520530323.400084 2.342687 0.071847
1520530323.500345 2.345829 0.071379
1520530323.600348 2.344861 0.070723
1520530323.700351 2.346052 0.070368
1520530323.800354 2.347757 0.069965
1520530323.900153 2.344951 0.069865
1520530324.000156 2.345095 0.069812
1520530324.150160 2.350070 0.069773
1520530324.250163 2.346757 0.069608
1520530324.399911 2.353913 0.069371
1520530324.499994 2.351630 0.068945
1520530324.649919 2.352215 0.068668
1520530324.750020 2.352225 0.068552
1520530324.850023 2.355613 0.068523
1520530325.000028 2.360655 0.068391
1520530325.200819 2.359858 0.068097
1520530325.350824 2.357883 0.067605
1520530325.550913 2.369089 0.067110
1520530325.750919 2.370036 0.066327
1520530325.950541 2.375940 0.066011
1520530326.100546 2.382333 0.065965
1520530326.250551 2.384324 0.065798
1520530326.400206 2.381831 0.065667
1520530326.550210 2.377189 0.065359
1520530326.700216 2.378714 0.065459
1520530326.950432 2.382766 0.065232
1520530327.100437 2.383744 0.064918
1520530327.250435 2.385840 0.064744
1520530327.400439 2.383911 0.064555
1520530327.550090 2.387967 0.064537
1520530327.650103 2.390742 0.064405
1520530327.700094 2.389432 0.064348
1520530327.800097 2.390342 0.064338
1520530327.850099 2.388558 0.064248
1520530327.950102 2.390341 0.064251
1520530328.000280 2.392276 0.064201
1520530328.100283 2.392984 0.064078
1520530328.200287 2.390907 0.063990
1520530328.300290 2.390913 0.063907
1520530328.400337 2.390067 0.063827
1520530328.450338 2.388362 0.063783
1520530328.550342 2.389509 0.063754
1520530328.600344 2.391018 0.063748
1520530328.700347 2.390349 0.063723
1520530328.750348 2.390206 0.063685
1520530328.850087 2.389246 0.063596
1520530328.950091 2.390071 0.063521
1520530329.050093 2.392254 0.063407
1520530329.150097 2.395066 0.063335
1520530329.250095 2.397060 0.063262
1520530329.300047 2.398144 0.063203
1520530329.400050 2.401570 0.063102
1520530329.450052 2.489030 0.092427
1520530329.550055 2.522805 0.090860
1520530329.650099 2.522409 0.091181
1520530329.750102 2.524750 0.091180
1520530329.850105 2.529582 0.091116
1520530329.900107 2.531333 0.091042
1520530330.000110 2.532298 0.091020
1520530330.050161 2.532723 0.090966
1520530330.150164 2.535866 0.090665
1520530330.200165 2.533848 0.090569
1520530330.300169 2.536660 0.090439
1520530330.400172 2.540429 0.090162
1520530330.500788 2.570333 0.094439
1520530330.600792 2.572060 0.094463
1520530330.650793 2.571311 0.094292
1520530330.750797 2.569656 0.094298
1520530330.800798 2.569685 0.094191
1520530330.900277 2.571643 0.094194
1520530330.950279 2.573930 0.094160
1520530331.050282 2.575008 0.094084
1520530331.100283 2.574629 0.094033
1520530331.200286 2.575314 0.094006
1520530331.300736 2.574006 0.093934
1520530331.400740 2.574387 0.094009
1520530331.500743 2.573967 0.094022
1520530331.550744 2.571978 0.093985
1520530331.650479 2.573105 0.093940
1520530331.700481 2.573309 0.093849
1520530331.800484 2.573504 0.093656
1520530331.850486 2.573683 0.093619
1520530331.950489 2.574687 0.093264
1520530332.000491 2.574178 0.093073
1520530332.100388 2.573325 0.092970
1520530332.200392 2.572369 0.092795
1520530332.300399 2.573085 0.092740
1520530332.400401 2.572850 0.092540
1520530332.500483 2.573082 0.092570
1520530332.550483 2.574236 0.092533
1520530332.650488 2.573254 0.092513
1520530332.700489 2.573318 0.092479
1520530332.800492 2.572614 0.092439
1520530332.850494 2.571179 0.092398
1520530332.950166 2.572131 0.092325
1520530333.000168 2.572377 0.092284
1520530333.100171 2.571852 0.092211
1520530333.200174 2.572053 0.092227
1520530333.250175 2.572355 0.092217
1520530333.350610 2.573296 0.092183
1520530333.450613 2.574618 0.092181
1520530333.650619 2.572178 0.092070
1520530333.750542 2.573469 0.092073
1520530333.800544 2.573766 0.092110
1520530333.900547 2.573192 0.092005
1520530333.950549 2.572154 0.091950
1520530334.050551 2.573254 0.091973
1520530334.150218 2.574652 0.091866
1520530334.250221 2.574237 0.091749
1520530334.300222 2.575835 0.091698
1520530334.400225 2.577099 0.091614
1520530334.450227 2.577672 0.091614
1520530334.550086 2.577204 0.091508
1520530334.600088 2.577991 0.091459
1520530334.700091 2.578550 0.091379
1520530334.750092 2.576564 0.091375
1520530334.850095 2.575092 0.091422
1520530334.900097 2.574823 0.091448
1520530335.100933 2.574649 0.091329
1520530335.200936 2.574973 0.091398
1520530335.300938 2.571667 0.091332
1520530335.401458 2.572491 0.091322
1520530335.501461 2.572611 0.091320
1520530335.601512 2.571735 0.091303
1520530335.701467 2.570874 0.091296
1520530335.850226 2.571414 0.091295
1520530335.900227 2.570995 0.091262
1520530336.000230 2.571284 0.091254
1520530336.050232 2.569948 0.091225
1520530336.150177 2.570053 0.091153
1520530336.250180 2.569835 0.091162
1520530336.350183 2.569687 0.091128
1520530336.400185 2.569269 0.091028
1520530336.500188 2.568562 0.091025
1520530336.550582 2.568987 0.091087
1520530336.650586 2.570559 0.090994
1520530336.750588 2.571731 0.090965
1520530336.850591 2.570517 0.090918
1520530336.900594 2.569320 0.090911
1520530337.000258 2.569159 0.090937
1520530337.100266 2.568577 0.090929
1520530337.200351 2.567721 0.090845
1520530337.250265 2.567010 0.090789
1520530337.350269 2.565485 0.090826
1520530337.400301 2.567189 0.090824
1520530337.500304 2.567213 0.090827
1520530337.550306 2.568089 0.090817
1520530337.650309 2.571045 0.090807
1520530337.750312 2.568888 0.090783
1520530337.900857 2.572226 0.090725
1520530338.000860 2.573749 0.090678
1520530338.100863 2.574864 0.090628
1520530338.200470 2.572735 0.090329
1520530338.300474 2.571545 0.090355
1520530338.400477 2.572144 0.090539
1520530338.500480 2.571491 0.090414
1520530338.550482 2.571512 0.090431
1520530338.650261 2.572693 0.090491
1520530338.700263 2.571227 0.090280
1520530338.800266 2.571794 0.090263
1520530338.900269 2.571716 0.090430
1520530339.000272 2.573305 0.090421
1520530339.250965 2.574476 0.090289
1520530339.300966 2.574063 0.090291
1520530339.400970 2.574393 0.090368
1520530339.501689 2.574002 0.090350
1520530339.601692 2.573959 0.090305
1520530339.701695 2.574853 0.090332
1520530339.751697 2.573918 0.090207
1520530339.851056 2.574470 0.090291
1520530339.901057 2.574650 0.090228
1520530340.001061 2.574747 0.090173
1520530340.051062 2.574328 0.090205
1520530340.151065 2.574178 0.090199
1520530340.250395 2.574222 0.090164
1520530340.350399 2.575032 0.090147
1520530340.450401 2.574706 0.090048
1520530340.550404 2.573361 0.090005
1520530340.650347 2.573023 0.090036
1520530340.750350 2.574510 0.090041
1520530340.850353 2.574576 0.089948
1520530341.000358 2.574373 0.090023
1520530341.200779 2.574188 0.089726
1520530341.350784 2.574329 0.089952
1520530341.500713 2.574184 0.089990
1520530341.750720 2.574524 0.089954
1520530341.900542 2.576199 0.089949
1520530342.000545 2.574627 0.089878
1520530342.100548 2.575092 0.089947
1520530342.200551 2.574562 0.089812
1520530342.300673 2.574463 0.089908
1520530342.350675 2.574089 0.089928
1520530342.450678 2.573232 0.089905
1520530342.550681 2.572293 0.089886
1520530342.650684 2.573960 0.089839
1520530342.750644 2.575169 0.089788
1520530342.850648 2.575008 0.089787
1520530342.950651 2.575972 0.089744
1520530343.050654 2.574912 0.089683
1520530343.101131 2.576140 0.089649
1520530343.201134 2.576969 0.089545
1520530343.301138 2.577113 0.089501
1520530343.401141 2.577653 0.089433
1520530343.501404 2.577822 0.089334
1520530343.601407 2.578731 0.089289
1520530343.701410 2.579471 0.089199
1520530343.801413 2.579629 0.089064
1520530343.901416 2.579835 0.088980
1520530344.001403 2.578957 0.088725
1520530344.101406 2.580095 0.088791
1520530344.201410 2.581370 0.088622
1520530344.301413 2.582081 0.088525
1520530344.401411 2.581864 0.088350
1520530344.501414 2.582249 0.088317
1520530344.601418 2.581797 0.088248
1520530344.701421 2.582607 0.088174
1520530344.801638 2.584590 0.088135
1520530344.901641 2.584868 0.087917
1520530345.001644 2.586220 0.087989
1520530345.101647 2.585993 0.087934
1520530345.201744 2.586610 0.087821
1520530345.351748 2.587591 0.087744
1520530345.451751 2.588706 0.087602
1520530345.551195 2.586972 0.087520
1520530345.651198 2.588775 0.087540
1520530345.701199 2.590435 0.087467
1520530345.801203 2.590763 0.087532
1520530345.851204 2.589513 0.087384
1520530345.951161 2.590288 0.087481
1520530346.001475 2.590694 0.087468
1520530346.101479 2.589734 0.087481
1520530346.201481 2.589908 0.087465
1520530346.301485 2.593059 0.087456
1520530346.351486 2.591859 0.087427
1520530346.451378 2.591220 0.087437
1520530346.551380 2.593336 0.087351
1520530346.651383 2.592756 0.087409
1520530346.751386 2.592205 0.087415
1520530346.851546 2.592207 0.087314
1520530346.951549 2.594177 0.087193
1520530347.051553 2.595282 0.087368
1520530347.101554 2.595706 0.087379
1520530347.201400 2.596412 0.087356
1520530347.301403 2.595843 0.087331
1520530347.401407 2.596821 0.087326
1520530347.501410 2.596517 0.087330
1520530347.601218 2.596806 0.087334
1520530347.701222 2.596861 0.087320
1520530347.801224 2.597072 0.087265
1520530347.851226 2.596515 0.087237
1520530347.951229 2.596598 0.087283
1520530348.051164 2.596399 0.087319
1520530348.151168 2.596554 0.087297
1520530348.251170 2.596718 0.087257
1520530348.301184 2.596547 0.087196
1520530348.401175 2.596427 0.087273
1520530348.501419 2.595838 0.087082
1520530348.601422 2.596920 0.087259
1520530348.701425 2.596875 0.087307
1520530348.751426 2.597159 0.087284
1520530348.851315 2.599375 0.087298
1520530348.901315 2.599505 0.087207
1520530349.001320 2.596118 0.087317
1520530349.051321 2.597085 0.087282
1520530349.151325 2.596970 0.087299
1520530349.201326 2.598179 0.087250
1520530349.301107 2.598031 0.087231
1520530349.351109 2.598085 0.087155
1520530349.451112 2.596838 0.087306
1520530349.501114 2.596948 0.087263
1520530349.601117 2.596967 0.087297
1520530349.700937 2.597259 0.087306
1520530349.800940 2.597349 0.087271
1520530349.850941 2.597609 0.087216
1520530349.950944 2.597463 0.087251
1520530350.051376 2.597834 0.087272
1520530350.101378 2.597165 0.087292
1520530350.201381 2.598459 0.087244
1520530350.251384 2.598296 0.086954
1520530350.351387 2.598550 0.087135
1520530350.401387 2.598325 0.087175
1520530350.501516 2.597972 0.087226
1520530350.601520 2.597799 0.087243
1520530350.701523 2.597665 0.087279
1520530350.801526 2.597842 0.087224
1520530350.901571 2.597740 0.087239
1520530351.001574 2.597723 0.087228
1520530351.101578 2.597367 0.087267
1520530351.201581 2.597568 0.087141
1520530351.301683 2.597290 0.087135
1520530351.401685 2.596918 0.086963
1520530351.501759 2.596652 0.086475
1520530351.601688 2.597387 0.087268
1520530351.701695 2.597311 0.087181
1520530351.801698 2.597440 0.087268
1520530351.901701 2.597497 0.087280
1520530352.001704 2.597762 0.087199
1520530352.101805 2.597664 0.087241
1520530352.201808 2.597616 0.087230
1520530352.301811 2.597510 0.087261
1520530352.401814 2.597618 0.087268
1520530352.501469 2.598104 0.087203
1520530352.601472 2.596980 0.087254
1520530352.701475 2.598111 0.087210
1520530352.801478 2.597876 0.087255
1520530352.901098 2.598822 0.087158
1520530353.001101 2.597276 0.087258
1520530353.101208 2.597508 0.087272
1520530353.201107 2.597534 0.087253
1520530353.251108 2.597212 0.087204
1520530353.351398 2.598554 0.087256
1520530353.451401 2.597201 0.087238
1520530353.501402 2.596666 0.087197
1520530353.601405 2.597406 0.087249
1520530353.701408 2.597424 0.087237
1520530353.801738 2.600348 0.087076
1520530353.901741 2.597630 0.087158
1520530354.001744 2.597552 0.087257
1520530354.101747 2.598681 0.087178
1520530354.201897 2.598715 0.087166
1520530354.301900 2.598236 0.087217
1520530354.401904 2.601894 0.087252
1520530354.501907 2.601333 0.086886
1520530354.601593 2.598146 0.087194
1520530354.651595 2.597341 0.087252
1520530354.751597 2.596923 0.087140
1520530354.901602 2.596984 0.086870
1520530355.051362 2.597396 0.087262
1520530355.151365 2.598293 0.087223
1520530355.251368 2.597691 0.087233
1520530355.301370 2.597232 0.087001
1520530355.401407 2.597283 0.087137
1520530355.501410 2.597310 0.087242
1520530355.601414 2.597364 0.087250
1520530355.701417 2.597344 0.087247
1520530355.801531 2.597432 0.087251
1520530355.901534 2.597823 0.087264
1520530356.001537 2.598137 0.087219
1520530356.051539 2.598085 0.087186
1520530356.151542 2.598525 0.087226
1520530356.251380 2.598171 0.087225
1520530356.301379 2.597713 0.087201
1520530356.401382 2.597645 0.087240
1520530356.451383 2.597733 0.087213
1520530356.551386 2.598618 0.087121
1520530356.651234 2.597875 0.087221
1520530356.701236 2.598270 0.087219
1520530356.801239 2.597605 0.087230
1520530356.851240 2.597766 0.087219
1520530356.951243 2.597498 0.087204
1520530357.051154 2.597551 0.087186
1520530357.151157 2.597407 0.087194
1520530357.251160 2.597671 0.086980
1520530357.351164 2.596817 0.087139
1520530357.451660 2.596375 0.087165
1520530357.551663 2.598055 0.087192
1520530357.651666 2.598132 0.087189
1520530357.701667 2.597650 0.087156
1520530357.801671 2.597604 0.087218
1520530357.901559 2.597992 0.087131
1520530358.001562 2.597653 0.087183
1520530358.101565 2.597790 0.087221
1520530358.201568 2.597662 0.087239
1520530358.351628 2.597568 0.087226
1520530358.451631 2.597652 0.087231
1520530358.601636 2.598513 0.087215
1520530358.701800 2.597700 0.087235
1520530358.801803 2.596944 0.087195
1520530358.901806 2.596446 0.087083
1520530359.001810 2.598472 0.087232
1520530359.101811 2.599505 0.087191
1520530359.201810 2.597553 0.087236
1520530359.301813 2.596631 0.087165
1520530359.401817 2.597303 0.087199
1520530359.501870 2.597774 0.087163
1520530359.601873 2.597721 0.087229
1520530359.651874 2.598008 0.087185
1520530359.751878 2.597222 0.087213
1520530359.851881 2.597455 0.087227
1520530359.951828 2.598370 0.087202
1520530360.051831 2.599390 0.087137
1520530360.151834 2.602515 0.087032
1520530360.251837 2.604577 0.087056
1520530360.351317 2.602530 0.087197
1520530360.451321 2.600753 0.087186
1520530360.551324 2.599772 0.087173
1520530360.651327 2.599726 0.087137
1520530360.700978 2.600352 0.086737
1520530360.800981 2.598867 0.087083
1520530360.900984 2.602464 0.087025
1520530361.000988 2.605944 0.087085
1520530361.051064 2.609328 0.087074
1520530361.151045 2.610499 0.087143
1520530361.251048 2.606451 0.087024
1520530361.351051 2.604096 0.087091
1520530361.451055 2.599852 0.087176
1520530361.551692 2.599527 0.087141
1520530361.651695 2.598125 0.087119
1520530361.751698 2.596633 0.087197
1520530361.801700 2.595174 0.087197
1520530361.901939 2.597276 0.087223
1520530362.001942 2.597994 0.087225
1520530362.051944 2.598249 0.087217
1520530362.151947 2.599068 0.087229
1520530362.201949 2.599502 0.087172
1520530362.301951 2.598766 0.087230
1520530362.401625 2.598924 0.087212
1520530362.501628 2.598655 0.087211
1520530362.601631 2.598733 0.087223
1520530362.651727 2.598436 0.087234
1520530362.751364 2.598090 0.087212
1520530362.851367 2.598119 0.087233
1520530362.951370 2.598522 0.087221
1520530363.051374 2.598415 0.087233
1520530363.151650 2.598312 0.087192
1520530363.251653 2.597951 0.087181
1520530363.351656 2.598433 0.087230
1520530363.451659 2.598609 0.087226
1520530363.501661 2.598347 0.087227
1520530363.601746 2.599023 0.087226
1520530363.701749 2.597831 0.087175
1520530363.751751 2.597592 0.087159
1520530363.851754 2.597871 0.087180
1520530363.901756 2.597526 0.087198
1520530364.001782 2.597858 0.087165
1520530364.051784 2.598556 0.087203
1520530364.151786 2.598165 0.087200
1520530364.201788 2.598159 0.087206
1520530364.301791 2.597952 0.087216
1520530364.351792 2.597921 0.087230
1520530364.451854 2.597731 0.087193
1520530364.501856 2.597866 0.087229
1520530364.601859 2.597550 0.087196
1520530364.651861 2.597747 0.087203
1520530364.751864 2.597757 0.087205
1520530364.852377 2.597504 0.087211
1520530364.902379 2.597330 0.087151
1520530365.002383 2.597623 0.087207
1520530365.102386 2.597892 0.087220
1520530365.201844 2.597788 0.087229
1520530365.301847 2.597739 0.087019
1520530365.401850 2.598156 0.087217
1520530365.501853 2.598054 0.087225
1520530365.601535 2.598817 0.087194
1520530365.701539 2.599057 0.086968
1520530365.801546 2.599391 0.086993
1520530365.901545 2.598813 0.087151
1520530366.001907 2.597449 0.087199
1520530366.101910 2.598386 0.087213
1520530366.151911 2.597879 0.087212
1520530366.251915 2.597945 0.087209
1520530366.301916 2.597977 0.087188
1520530366.402120 2.600597 0.087072
1520530366.502124 2.599978 0.087156
1520530366.602127 2.599010 0.087204
1520530366.702130 2.599174 0.087126
1520530366.752132 2.599498 0.087092
1520530366.852166 2.598786 0.087139
1520530366.952169 2.597510 0.087176
1520530367.002170 2.598639 0.087217
1520530367.102178 2.598987 0.087207
1520530367.152175 2.598544 0.087190
1520530367.252540 2.599330 0.087204
1520530367.352543 2.599363 0.087189
1520530367.502548 2.598590 0.087182
1520530367.652264 2.598062 0.087127
1520530367.752267 2.598339 0.087226
1520530367.802269 2.598278 0.087196
1520530367.902272 2.598144 0.087212
1520530368.002275 2.597919 0.087179
1520530368.152127 2.598278 0.087220
1520530368.252130 2.598160 0.087209
1520530368.352134 2.599105 0.087157
1520530368.452048 2.599981 0.087206
1520530368.502050 2.600265 0.087100
1520530368.602053 2.602487 0.086984
1520530368.652054 2.601839 0.086659
1520530368.752057 2.601017 0.087128
1520530368.802058 2.600909 0.087079
1520530368.901391 2.600312 0.087061
1520530368.951392 2.599452 0.087115
1520530369.051395 2.596827 0.087181
1520530369.101397 2.597619 0.087221
1520530369.201400 2.598656 0.087202
1520530369.251401 2.599985 0.087173
1520530369.351538 2.600129 0.087217
1520530369.401540 2.599400 0.087204
1520530369.501543 2.598517 0.087186
1520530369.601546 2.599166 0.087206
1520530369.651548 2.598748 0.087165
1520530369.751899 2.598988 0.087194
1520530369.801900 2.599367 0.087174
1520530369.901903 2.599122 0.087220
1520530370.001906 2.598485 0.087218
1520530370.101930 2.598120 0.087218
1520530370.201933 2.598187 0.087217
1520530370.301935 2.598240 0.087216
1520530370.401938 2.598437 0.087224
1520530370.451940 2.598001 0.087209
1520530370.551883 2.599016 0.087197
1520530370.701889 2.599525 0.087090
1520530370.851892 2.598396 0.087200
1520530371.001944 2.598357 0.087215
1520530371.101947 2.598496 0.087217
1520530371.251952 2.598373 0.087222
1520530371.401953 2.598349 0.087221
1520530371.501956 2.598216 0.087215
1520530371.601959 2.599140 0.087170
1520530371.701962 2.598989 0.087219
1520530371.801961 2.598771 0.087214
1520530371.851963 2.598421 0.087225
1520530371.951966 2.597585 0.087221
1520530372.051969 2.598927 0.087175
1520530372.151955 2.597230 0.087169
1520530372.301960 2.597676 0.087181
1520530372.401963 2.598137 0.087197
1520530372.501966 2.598268 0.087199
1520530372.601958 2.598392 0.087208
1520530372.701961 2.598336 0.087209
1520530372.801964 2.597817 0.087185
1520530372.901967 2.598473 0.087232
1520530373.001619 2.598380 0.087230
1520530373.151624 2.598728 0.087220
1520530373.251627 2.598972 0.087207
1520530373.351457 2.599818 0.087127
1520530373.451460 2.599835 0.087053
1520530373.551463 2.598282 0.086914
1520530373.651466 2.598689 0.086882
1520530373.751469 2.598575 0.086912
1520530373.851583 2.598765 0.086963
1520530373.951586 2.598606 0.087089
1520530374.051589 2.598336 0.087154
1520530374.151592 2.598420 0.087203
1520530374.251955 2.598055 0.087213
1520530374.301956 2.598251 0.087221
1520530374.401959 2.598064 0.087089
1520530374.501962 2.597051 0.087222
1520530374.602407 2.594931 0.087149
1520530374.702410 2.594931 0.087228
1520530374.802413 2.597435 0.087218
1520530374.902417 2.597684 0.087212
1520530375.002442 2.597872 0.087197
1520530375.102445 2.596905 0.087176
1520530375.202449 2.597065 0.087145
1520530375.302452 2.598153 0.087216
1520530375.402252 2.597969 0.087211
1520530375.502216 2.598589 0.087221
1520530375.602219 2.598553 0.087173
1520530375.702222 2.598284 0.087221
1520530375.752223 2.599269 0.087123
1520530375.852258 2.598258 0.087164
1520530375.902259 2.597957 0.087028
1520530376.002262 2.598327 0.087218
1520530376.102265 2.598244 0.087220
1520530376.152267 2.598907 0.087209
1520530376.251950 2.598496 0.087217
1520530376.301951 2.598653 0.087222
1520530376.401954 2.598607 0.087116
1520530376.451957 2.597931 0.087156
1520530376.551960 2.598454 0.087218
1520530376.601961 2.598347 0.087152
1520530376.702664 2.598544 0.087184
1520530376.752666 2.598732 0.087221
1520530376.852669 2.598693 0.087210
1520530376.902671 2.598309 0.087192
1520530377.002721 2.597626 0.087160
1520530377.102900 2.599514 0.087098
1520530377.202903 2.598498 0.087211
1520530377.302906 2.598629 0.087021
1520530377.352906 2.597240 0.087171
1520530377.451719 2.598547 0.087104
1520530377.501720 2.598828 0.086879
1520530377.601723 2.597776 0.087154
1520530377.701726 2.599042 0.087197
1520530377.801730 2.600514 0.087181
1520530377.901409 2.599275 0.087130
1520530377.951411 2.599767 0.087168
1520530378.051414 2.600043 0.087165
1520530378.101416 2.599770 0.087002
1520530378.201419 2.599168 0.087022
1520530378.251420 2.599437 0.086797
1520530378.351513 2.598825 0.087117
1520530378.401515 2.599224 0.086928
1520530378.501517 2.598490 0.086910
1520530378.551519 2.598769 0.087007
1520530378.651522 2.598808 0.087174
1520530378.752210 2.598380 0.087163
1520530378.852213 2.598558 0.087225
1520530378.902215 2.598233 0.087025
1520530379.002218 2.597929 0.087203
1520530379.102149 2.596947 0.087218
1520530379.202152 2.597106 0.087216
1520530379.252154 2.594249 0.087222
1520530379.352157 2.594303 0.087187
1520530379.452160 2.598756 0.087177
1520530379.551852 2.598396 0.087190
1520530379.601853 2.597078 0.087201
1520530379.701856 2.597276 0.087202
1520530379.751858 2.597864 0.087212
1520530379.851861 2.598041 0.087225
1520530379.951826 2.598523 0.087220
1520530380.051829 2.598390 0.087204
1520530380.151832 2.598145 0.087143
1520530380.251835 2.597821 0.087161
1520530380.301736 2.598692 0.087144
1520530380.402163 2.599378 0.087149
1520530380.452163 2.598822 0.087044
1520530380.552166 2.598936 0.087159
1520530380.602168 2.599359 0.087067
1520530380.702171 2.598269 0.087171
1520530380.752135 2.599478 0.086949
1520530380.852138 2.598057 0.087059
1520530380.902139 2.597794 0.087096
1520530381.002143 2.597800 0.087077
1520530381.052144 2.597639 0.087095
1520530381.152048 2.597647 0.087178
1520530381.202049 2.597396 0.087013
1520530381.302052 2.597299 0.087164
1520530381.402056 2.598123 0.087208
1520530381.502058 2.598192 0.087164
1520530381.602264 2.598755 0.087183
1520530381.702267 2.599303 0.087220
1520530381.752268 2.598709 0.087203
1520530381.852271 2.598067 0.087185
1520530381.952332 2.598408 0.087191
1520530382.052335 2.598375 0.087219
1520530382.152338 2.598451 0.087211
1520530382.252342 2.598474 0.087175
1520530382.352159 2.598471 0.087138
1520530382.452162 2.598140 0.087189
1520530382.552165 2.598864 0.087205
1520530382.652168 2.599615 0.087179
1520530382.752171 2.598404 0.087202
1520530382.852246 2.599174 0.087191
1520530382.952249 2.598798 0.087191
1520530383.052252 2.599986 0.087207
1520530383.202206 2.599908 0.087153
1520530383.302209 2.599378 0.087210
1520530383.402267 2.598533 0.087180
1520530383.502216 2.596761 0.087206
1520530383.652472 2.598357 0.087189
1520530383.752476 2.598563 0.087206
1520530383.852479 2.600355 0.087204
1520530383.952482 2.605246 0.087110
1520530384.052531 2.610002 0.086913
1520530384.152534 2.611383 0.086985
1520530384.252537 2.618210 0.086982
1520530384.352541 2.615152 0.086391
1520530384.452434 2.608897 0.085865
1520530384.552437 2.603687 0.087142
1520530384.652440 2.603703 0.087141
1520530384.702442 2.604419 0.087198
1520530384.802857 2.607342 0.087212
1520530384.852858 2.604896 0.087153
1520530384.952861 2.603968 0.087094
1520530385.052864 2.601886 0.087164
1520530385.152867 2.599966 0.087158
1520530385.252705 2.600082 0.087179
1520530385.302707 2.599947 0.087153
1520530385.402710 2.600262 0.087120
1520530385.452712 2.600725 0.087114
1520530385.552715 2.601483 0.087195
1520530385.652486 2.601196 0.087117
1520530385.752489 2.599481 0.087218
1520530385.802491 2.599167 0.087204
1520530385.902494 2.598983 0.087182
1520530385.952497 2.598987 0.087202
1520530386.052544 2.598787 0.087198
1520530386.152547 2.598545 0.087157
1520530386.252550 2.598324 0.087193
1520530386.352553 2.598524 0.087211
1520530386.452758 2.598524 0.087202
1520530386.552761 2.598336 0.087216
1520530386.652764 2.598603 0.087196
1520530386.752767 2.598965 0.087199
1520530386.852674 2.598604 0.087210
1520530386.952678 2.598582 0.087161
1520530387.052681 2.598352 0.087163
1520530387.102682 2.598292 0.087191
1520530387.202685 2.598652 0.087185
1520530387.302607 2.598669 0.087196
1520530387.352609 2.598800 0.087183
1520530387.452612 2.598756 0.087215
1520530387.502614 2.600181 0.087198
1520530387.602617 2.599422 0.087175
1520530387.652619 2.598797 0.087181
1520530387.752459 2.598572 0.087190
1520530387.802460 2.598040 0.087185
1520530387.902463 2.598512 0.087183
1520530387.952465 2.598668 0.087146
1520530388.052468 2.598442 0.087066
1520530388.102494 2.598549 0.087189
1520530388.202544 2.598687 0.087171
1520530388.252499 2.598396 0.087212
1520530388.352502 2.598380 0.087214
1520530388.402504 2.597719 0.087186
1520530388.502852 2.598779 0.087212
1520530388.602855 2.598957 0.087187
1520530388.702858 2.598416 0.087085
1520530388.802861 2.599168 0.087196
1520530388.902233 2.599194 0.087190
1520530389.002237 2.599282 0.087192
1520530389.102240 2.598601 0.087203
1520530389.202243 2.599021 0.087216
1520530389.302934 2.598629 0.087141
1520530389.402938 2.598779 0.087174
1520530389.502940 2.598729 0.087166
1520530389.602943 2.598410 0.087214
1520530389.702846 2.598368 0.087211
1520530389.803445 2.598572 0.087191
1520530389.903408 2.599036 0.087141
1520530390.003411 2.598798 0.087199
1520530390.053412 2.598505 0.087013
1520530390.152569 2.599146 0.087083
1520530390.202569 2.598693 0.087169
1520530390.302572 2.598345 0.087194
1520530390.352575 2.598209 0.087153
1520530390.452578 2.598442 0.087186
1520530390.553324 2.598643 0.087093
1520530390.653327 2.599095 0.087213
1520530390.753331 2.598945 0.087203
1520530390.803333 2.598239 0.087214
1520530390.903336 2.598221 0.087213
1520530390.953379 2.597953 0.087181
1520530391.053383 2.597318 0.087208
1520530391.103384 2.597816 0.087181
1520530391.203387 2.598758 0.087217
1520530391.303389 2.599014 0.087192
1520530391.402366 2.598551 0.087202
1520530391.452336 2.598596 0.087212
1520530391.552339 2.598535 0.087152
1520530391.602341 2.598151 0.087165
1520530391.702344 2.597953 0.087142
1520530391.802426 2.597798 0.087196
1520530391.902429 2.597863 0.087173
1520530392.002432 2.598178 0.087205
1520530392.052433 2.598475 0.087197
1520530392.152436 2.599171 0.087200
1520530392.253143 2.602025 0.087195
1520530392.353147 2.600764 0.087194
1520530392.453150 2.600900 0.087166
1520530392.503151 2.598868 0.087181
1520530392.602235 2.599970 0.087188
1520530392.652236 2.599674 0.087169
1520530392.752239 2.601437 0.087197
1520530392.802241 2.601077 0.087161
1520530392.902243 2.598962 0.087191
1520530392.952245 2.599012 0.087209
1520530393.052154 2.598025 0.087214
1520530393.102156 2.597955 0.087207
1520530393.202159 2.600988 0.087173
1520530393.252160 2.603376 0.087195
1520530393.352164 2.604055 0.087211
1520530393.452923 2.605477 0.087144
1520530393.502924 2.605030 0.087141
1520530393.602927 2.605928 0.087052
1520530393.652929 2.602526 0.086982
1520530393.752932 2.598663 0.087211
1520530393.852959 2.599124 0.087205
1520530393.952963 2.598822 0.087207
1520530394.102968 2.598613 0.087172
1520530394.152969 2.599067 0.087169
1520530394.252167 2.598713 0.087200
1520530394.302169 2.598613 0.087181
1520530394.402172 2.597422 0.087176
1520530394.452173 2.599152 0.087017
1520530394.552176 2.599342 0.087187
1520530394.652876 2.599167 0.087187
1520530394.752879 2.597414 0.087176
1520530394.802881 2.596167 0.087082
1520530394.902884 2.596891 0.087198
1520530395.002887 2.598498 0.087151
1520530395.103732 2.598602 0.087167
1520530395.203735 2.599234 0.087206
1520530395.303738 2.599160 0.087159
1520530395.403742 2.599008 0.087134
1520530395.452705 2.599053 0.087118
1520530395.552709 2.598970 0.087185
1520530395.652712 2.599272 0.087207
1520530395.752715 2.598699 0.087139
1520530395.853078 2.598193 0.087080
1520530395.953081 2.598520 0.087212
1520530396.053084 2.598577 0.087197
1520530396.153087 2.598981 0.087092
1520530396.253235 2.598104 0.087038
1520530396.303237 2.598465 0.087196
1520530396.403240 2.598793 0.087142
1520530396.503243 2.598523 0.087181
1520530396.603246 2.598452 0.087161
1520530396.703145 2.598446 0.087155
1520530396.803148 2.598466 0.087169
1520530396.903152 2.598626 0.087182
1520530397.003155 2.598435 0.087135
1520530397.102782 2.598715 0.087185
1520530397.202785 2.598834 0.087178
1520530397.302788 2.598547 0.087181
1520530397.402791 2.598068 0.087187
1520530397.502304 2.598479 0.087188
1520530397.602308 2.598745 0.087183
1520530397.702310 2.598569 0.087214
1520530397.752312 2.599456 0.087151
1520530397.852315 2.598520 0.086837
1520530397.902585 2.598368 0.087057
1520530398.002588 2.598176 0.087174
1520530398.052589 2.598235 0.087193
1520530398.152592 2.598323 0.087210
1520530398.252596 2.598000 0.087204
1520530398.303365 2.598332 0.087210
1520530398.403368 2.598773 0.087211
1520530398.453370 2.598009 0.087215
1520530398.553373 2.598599 0.087192
1520530398.603375 2.598636 0.087146
1520530398.703221 2.599035 0.087141
1520530398.753223 2.599089 0.086953
1520530398.853226 2.598289 0.087217
1520530398.903227 2.598033 0.087201
1520530399.003230 2.598795 0.087173
1520530399.053232 2.598771 0.087170
1520530399.152330 2.598550 0.087198
1520530399.202332 2.598456 0.087026
1520530399.302335 2.598381 0.087182
1520530399.352336 2.598237 0.087196
1520530399.452339 2.598408 0.087125
1520530399.502341 2.598541 0.087198
1520530399.603008 2.598581 0.087210
1520530399.653009 2.598916 0.087190
1520530399.753012 2.599138 0.087199
1520530399.853016 2.599216 0.087208
1520530399.953275 2.599080 0.087185
1520530400.003276 2.599257 0.087189
1520530400.103279 2.600062 0.087203
1520530400.153281 2.600766 0.087176
1520530400.253284 2.599391 0.087197
1520530400.352494 2.599799 0.087214
1520530400.402496 2.599122 0.087189
1520530400.502500 2.598797 0.087212
1520530400.552501 2.599473 0.087142
1520530400.652504 2.599364 0.087157
1520530400.702505 2.598282 0.087208
1520530400.802292 2.599049 0.087182
1520530400.852294 2.598921 0.087215
1520530400.952297 2.599159 0.087190
1520530401.002299 2.598824 0.087197
1520530401.102302 2.598266 0.087182
1520530401.202755 2.598298 0.087067
1520530401.252756 2.599482 0.087178
1520530401.352759 2.599585 0.087079
1520530401.402761 2.601212 0.087203
1520530401.502764 2.600689 0.087208
1520530401.552766 2.600706 0.087163
1520530401.653039 2.600500 0.087219
1520530401.753042 2.600259 0.087196
1520530401.853045 2.599624 0.087201
1520530401.903047 2.599046 0.087172
1520530402.002281 2.599313 0.087208
1520530402.052283 2.599413 0.087202
1520530402.152286 2.599210 0.087107
1520530402.202287 2.598659 0.087218
1520530402.302290 2.598071 0.087161
1520530402.352292 2.597729 0.087180
1520530402.452569 2.597828 0.087203
1520530402.502571 2.598718 0.086826
1520530402.602574 2.598872 0.087169
1520530402.702577 2.599254 0.087216
1520530402.803416 2.598344 0.087118
1520530402.903419 2.597822 0.087205
1520530402.953420 2.598474 0.087191
1520530403.053424 2.597461 0.087218
1520530403.103425 2.598862 0.087194
1520530403.202933 2.600950 0.087173
1520530403.302936 2.600302 0.087200
1520530403.352938 2.600460 0.087149
1520530403.452941 2.600409 0.087143
1520530403.502943 2.598975 0.087125
1520530403.602946 2.597729 0.087156
1520530403.652254 2.598278 0.087200
1520530403.752257 2.599159 0.087184
1520530403.802258 2.600482 0.087089
1520530403.902261 2.598840 0.087180
1520530403.952263 2.598124 0.087202
1520530404.052745 2.598921 0.087198
1520530404.152748 2.599162 0.087188
1520530404.252829 2.599161 0.087202
1520530404.302752 2.597511 0.087220
1520530404.402755 2.598703 0.087216
1520530404.453112 2.598910 0.087223
1520530404.553115 2.598541 0.087212
1520530404.603117 2.599539 0.087196
1520530404.703120 2.598892 0.087219
1520530404.753122 2.597914 0.087200
1520530404.852642 2.599056 0.087225
1520530404.952645 2.599204 0.087227
1520530405.002647 2.599698 0.087193
1520530405.102650 2.598655 0.087172
1520530405.152651 2.598406 0.087154
1520530405.252327 2.598428 0.087153
1520530405.302330 2.598671 0.087147
1520530405.402333 2.598874 0.087185
1520530405.452334 2.598651 0.087171
1520530405.552337 2.598360 0.087201
1520530405.602339 2.598095 0.087126
1520530405.702792 2.598189 0.087094
1520530405.752795 2.597946 0.087156
1520530405.852855 2.598408 0.087063
1520530405.902800 2.598712 0.087018
1520530406.002803 2.598492 0.087116
1520530406.103570 2.598793 0.087108
1520530406.203573 2.598026 0.087102
1520530406.303576 2.599004 0.087204
1520530406.353577 2.600090 0.087161
1520530406.453580 2.600065 0.087215
1520530406.503485 2.598870 0.087225
1520530406.603489 2.599089 0.087227
1520530406.653490 2.599133 0.087212
1520530406.753493 2.601120 0.087221
1520530406.853497 2.601873 0.087202
1520530406.902692 2.601224 0.087183
1520530407.002694 2.600550 0.087204
1520530407.052696 2.599454 0.087181
1520530407.152699 2.599278 0.087224
1520530407.202701 2.598338 0.087213
1520530407.303185 2.598380 0.087191
1520530407.353185 2.598413 0.087219
1520530407.453221 2.597660 0.087142
1520530407.503190 2.597970 0.087064
1520530407.603193 2.598124 0.087199
1520530407.653194 2.598376 0.087217
1520530407.753511 2.598003 0.087166
1520530407.803513 2.598281 0.087194
1520530407.903516 2.598073 0.087217
1520530407.953518 2.598322 0.087199
1520530408.053521 2.598158 0.087188
1520530408.153603 2.597961 0.087197
1520530408.253606 2.598097 0.087167
1520530408.353609 2.598091 0.087175
1520530408.453613 2.598813 0.087189
1520530408.553374 2.598044 0.087197
1520530408.653377 2.597337 0.087164
1520530408.753380 2.597749 0.087121
1520530408.853383 2.598459 0.087029
1520530408.952878 2.598930 0.087085
1520530409.052890 2.598074 0.087182
1520530409.152884 2.598093 0.087211
1520530409.202886 2.596648 0.086962
1520530409.302889 2.597929 0.087207
1520530409.352902 2.598028 0.087161
1520530409.452906 2.602982 0.087188
1520530409.552909 2.604911 0.087043
1520530409.602910 2.603397 0.087102
1520530409.702913 2.605259 0.087083
1520530409.752654 2.602974 0.087058
1520530409.852657 2.600523 0.087166
1520530409.952660 2.598389 0.087145
1520530410.052664 2.597618 0.087205
1520530410.102666 2.597721 0.087204
1520530410.203224 2.597275 0.087080
1520530410.303227 2.598477 0.087196
1520530410.403230 2.598947 0.087179
1520530410.453232 2.598905 0.087033
1520530410.553235 2.598645 0.087222
1520530410.653876 2.598566 0.087186
1520530410.803881 2.598080 0.087218
1520530410.903884 2.598615 0.087208
1520530411.003418 2.598964 0.087206
1520530411.103421 2.598639 0.087196
1520530411.203424 2.598290 0.087063
1520530411.303427 2.598257 0.087174
1520530411.403009 2.598179 0.087206
1520530411.453010 2.597379 0.087157
1520530411.553013 2.597545 0.087205
1520530411.603015 2.595752 0.087192
1520530411.703018 2.596273 0.087193
1520530411.753020 2.596465 0.087160
1520530411.852907 2.597942 0.087196
1520530411.902909 2.598370 0.087128
1520530412.002912 2.597813 0.087194
1520530412.052913 2.598261 0.087167
1520530412.152916 2.598831 0.086926
1520530412.203416 2.599017 0.087178
1520530412.303419 2.598591 0.087201
1520530412.403422 2.598590 0.087218
1520530412.503425 2.598169 0.087219
1520530412.603428 2.598645 0.087213
1520530412.703631 2.598433 0.087157
1520530412.803634 2.599524 0.087196
1520530412.903637 2.598757 0.087210
1520530413.003641 2.598339 0.087209
1520530413.053009 2.598166 0.087160
1520530413.153012 2.598268 0.087207
1520530413.203014 2.597823 0.087091
1520530413.303017 2.599486 0.087045
1520530413.403021 2.597381 0.087017
1520530413.502941 2.598492 0.087207
1520530413.602944 2.598945 0.087028
1520530413.702947 2.598442 0.086953
1520530413.853107 2.598610 0.087194
1520530413.903189 2.599565 0.087172
1520530414.003112 2.599878 0.087139
1520530414.103115 2.599391 0.087172
1520530414.203118 2.599007 0.087217
1520530414.302896 2.599395 0.087046
1520530414.402899 2.598923 0.087193
1520530414.502902 2.599098 0.087223
1520530414.602906 2.599517 0.086994
1520530414.702707 2.599768 0.085254
1520530414.802710 2.595749 0.086389
1520530414.852712 2.600006 0.087112
1520530414.952715 2.600869 0.086889
1520530415.002717 2.599605 0.086907
1520530415.103195 2.598369 0.086673
1520530415.203199 2.598712 0.087138
1520530415.303202 2.598754 0.087164
1520530415.403205 2.598230 0.087182
1520530415.503115 2.598411 0.087151
1520530415.603071 2.598740 0.087133
1520530415.703074 2.601126 0.079443
1520530415.803077 2.594482 0.083082
1520530415.903361 2.594434 0.086772
1520530416.003364 2.596624 0.083240
1520530416.203371 2.599433 0.086618
1520530416.503381 2.599286 0.086856
1520530416.603384 2.598888 0.087057
1520530416.703272 2.598954 0.087195
1520530416.803277 2.598692 0.087167
1520530416.903278 2.598697 0.087178
1520530417.003283 2.598670 0.087114
1520530417.103391 2.598967 0.087205
1520530417.203373 2.598795 0.087014
1520530417.303376 2.598698 0.087049
1520530417.603465 2.598894 0.087207
1520530417.703468 2.598430 0.087190
1520530417.803472 2.598874 0.087167
1520530417.903475 2.598708 0.087214
1520530418.003458 2.599176 0.087140
1520530418.103461 2.598967 0.087212
1520530418.203465 2.597779 0.087177
1520530418.303468 2.599357 0.087152
1520530418.453434 2.600081 0.087190
1520530418.553437 2.599933 0.087193
1520530418.653440 2.598983 0.087186
1520530418.753343 2.598767 0.087076
1520530418.853346 2.598645 0.087164
1520530418.953350 2.598553 0.087086
1520530419.053353 2.597942 0.087148
1520530419.153533 2.596902 0.087183
1520530419.253536 2.598803 0.087143
1520530419.353539 2.597750 0.087106
1520530419.453542 2.596920 0.087158
1520530419.553545 2.597431 0.087134
1520530419.703733 2.598595 0.087203
1520530419.803736 2.598612 0.087187
1520530419.903739 2.598776 0.087218
1520530420.003597 2.598027 0.087198
1520530420.103600 2.598245 0.087176
1520530420.153602 2.597852 0.087135
1520530420.253605 2.597649 0.087203
1520530420.353608 2.597812 0.087121
1520530420.453700 2.597868 0.087197
1520530420.553704 2.598668 0.087182
1520530420.653707 2.599121 0.087174
1520530420.753710 2.599570 0.087157
1520530420.853358 2.599439 0.087161
1520530420.953361 2.598489 0.087179
1520530421.053364 2.598710 0.087206
1520530421.103366 2.598636 0.086700
1520530421.203429 2.597930 0.087095
1520530421.303432 2.597799 0.086905
1520530421.403435 2.597713 0.086887
1520530421.503439 2.598057 0.086976
1520530421.603611 2.597774 0.087207
1520530421.703614 2.598873 0.087126
1520530421.803617 2.599052 0.086524
1520530421.903620 2.598899 0.087206
1520530422.003623 2.598143 0.087157
1520530422.103474 2.598006 0.087104
1520530422.203477 2.598367 0.086966
1520530422.303480 2.598348 0.087116
1520530422.403483 2.597868 0.087098
1520530422.503396 2.597464 0.087117
1520530422.553398 2.596717 0.086759
1520530422.653400 2.597122 0.087146
1520530422.753403 2.598461 0.087187
1520530422.853580 2.598912 0.087198
1520530423.003587 2.599885 0.087201
1520530423.103590 2.599519 0.087192
1520530423.153591 2.599250 0.087195
1520530423.253316 2.599697 0.087177
1520530423.353319 2.597707 0.087043
1520530423.453322 2.598073 0.087149
1520530423.553359 2.598998 0.087171
1520530423.603327 2.598795 0.087160
1520530423.702985 2.598769 0.087215
1520530423.752986 2.598070 0.087208
1520530423.852990 2.598028 0.087173
1520530423.902991 2.599702 0.087120
1520530424.002994 2.599126 0.087132
1520530424.052950 2.596834 0.087112
1520530424.153255 2.597084 0.087074
1520530424.253258 2.598945 0.087205
1520530424.353261 2.600670 0.086678
1520530424.403263 2.597265 0.087209
1520530424.854733 2.599214 0.087194
1520530424.903374 2.600194 0.087206
1520530425.003378 2.599931 0.087189
1520530425.053379 2.599404 0.087180
1520530425.153383 2.599186 0.087223
1520530425.253385 2.598448 0.087215
1520530425.303732 2.598730 0.087209
1520530425.403735 2.598881 0.087188
1520530425.503738 2.598912 0.087208
1520530425.603741 2.598586 0.087201
1520530425.703675 2.598958 0.087198
1520530425.753677 2.599073 0.087220
1520530425.853680 2.598467 0.087175
1520530425.903682 2.597644 0.087221
1520530426.003685 2.596914 0.087196
1520530426.103474 2.595203 0.087206
1520530426.203477 2.595063 0.087209
1520530426.253478 2.595896 0.087196
1520530426.803559 2.595426 0.087224
1520530426.853560 2.597605 0.087099
1520530426.953598 2.597138 0.087153
1520530427.053602 2.597621 0.087184
1520530427.103603 2.596175 0.087158
1520530427.203606 2.596062 0.087184
1520530427.303609 2.596431 0.087185
1520530427.403594 2.596058 0.087188
1520530427.503597 2.596437 0.087201
1520530427.653601 2.596190 0.087167
1520530427.753678 2.595374 0.087185
1520530427.803679 2.595704 0.087208
1520530427.903683 2.596724 0.087177
1520530427.953684 2.597615 0.087067
1520530428.053687 2.598998 0.087203
1520530428.103692 2.598275 0.087165
1520530428.203537 2.599184 0.087180
1520530428.253538 2.599101 0.086990
1520530428.353542 2.598713 0.086888
1520530428.403618 2.596755 0.086971
1520530428.503546 2.594552 0.087015
1520530428.553451 2.591526 0.086947
1520530428.653454 2.588071 0.086832
1520530428.703455 2.589684 0.086991
1520530428.803458 2.588549 0.087033
1520530428.853460 2.584904 0.087081
1520530428.953463 2.582995 0.087190
1520530429.003444 2.581376 0.087127
1520530429.103447 2.582585 0.086807
1520530429.203450 2.583112 0.087179
1520530429.253451 2.583703 0.087001
1520530429.353455 2.586392 0.087011
1520530429.403551 2.588575 0.086437
1520530429.503555 2.588569 0.087062
1520530429.553556 2.589736 0.086797
1520530429.653559 2.590396 0.087110
1520530429.703560 2.590294 0.087040
1520530429.803622 2.591077 0.087113
1520530429.853626 2.593858 0.086611
1520530429.953626 2.592963 0.087023
1520530430.003663 2.593488 0.087103
1520530430.103631 2.594602 0.087160
1520530430.153632 2.594763 0.087190
1520530430.253346 2.595524 0.087154
1520530430.303347 2.595999 0.086987
1520530430.403350 2.595145 0.087100
1520530430.503353 2.594846 0.087182
1520530430.553355 2.596818 0.087215
1520530430.653528 2.597379 0.087204
1520530430.703530 2.598065 0.087169
1520530430.803533 2.598742 0.087155
1520530430.853534 2.598557 0.087122
1520530430.953538 2.598321 0.087211
1520530431.003696 2.598572 0.087184
1520530431.103700 2.598643 0.087216
1520530431.153701 2.599472 0.087195
1520530431.253704 2.599097 0.087217
1520530431.303706 2.597758 0.087193
1520530431.403709 2.596079 0.087204
1520530431.453562 2.597358 0.087123
1520530431.553565 2.597016 0.087102
1520530431.603567 2.594163 0.087095
1520530431.703570 2.593014 0.084534
1520530431.753571 2.592715 0.087053
1520530431.853524 2.594101 0.086811
1520530431.903526 2.593834 0.087209
1520530432.003529 2.594887 0.087162
1520530432.053530 2.596186 0.087209
1520530432.153533 2.597165 0.087179
1520530432.203536 2.597433 0.087159
1520530432.303698 2.597812 0.087166
1520530432.353700 2.598025 0.087107
1520530432.453702 2.598382 0.087171
1520530432.503704 2.599732 0.087015
1520530432.603708 2.599912 0.087217
1520530432.653548 2.599530 0.087203
1520530432.753551 2.600235 0.087157
1520530432.803553 2.599568 0.087216
1520530432.903556 2.600450 0.087194
1520530432.953557 2.600771 0.087208
1520530433.053690 2.602452 0.087167
1520530433.103691 2.604396 0.086984
1520530433.203694 2.602714 0.087194
1520530433.303697 2.602903 0.087144
1520530433.353699 2.603983 0.086997
1520530433.453702 2.603220 0.087138
1520530433.553795 2.602528 0.087137
1520530433.653798 2.602069 0.087132
1520530433.703799 2.601130 0.087197
1520530433.803803 2.600682 0.087209
1520530433.853804 2.601603 0.087163
1520530433.953632 2.601836 0.087219
1520530434.003634 2.601493 0.087204
1520530434.103637 2.601343 0.087195
1520530434.153638 2.600689 0.087178
1520530434.253642 2.599024 0.087213
1520530434.303478 2.599734 0.087158
1520530434.403481 2.598824 0.087184
1520530434.453483 2.598582 0.087132
1520530434.553486 2.599253 0.087205
1520530434.603488 2.600765 0.087206
1520530434.703655 2.600072 0.087191
1520530434.753658 2.599364 0.087142
1520530434.853723 2.600123 0.087165
1520530434.903661 2.600374 0.087156
1520530435.003664 2.602011 0.087170
1520530435.103796 2.603266 0.087187
1520530435.153798 2.605041 0.087166
1520530435.253801 2.607359 0.087190
1520530435.303802 2.607830 0.087133
1520530435.403806 2.605896 0.087042
1520530435.453807 2.607936 0.086998
1520530435.554088 2.605910 0.086858
1520530435.604089 2.606523 0.087045
1520530435.704092 2.604816 0.087213
1520530435.754094 2.601608 0.087176
1520530435.854097 2.601164 0.087216
1520530435.904099 2.601032 0.087170
1520530436.003837 2.600428 0.087177
1520530436.053838 2.600119 0.087204
1520530436.153841 2.599673 0.087187
1520530436.203843 2.599775 0.087206
1520530436.303846 2.598988 0.087169
1520530436.403957 2.599433 0.087215
1520530436.553962 2.601577 0.087201
1520530436.703966 2.599642 0.087197
1520530436.804032 2.599014 0.087197
1520530436.854034 2.599408 0.087198
1520530436.954037 2.599772 0.087186
1520530437.004039 2.600174 0.087215
1520530437.104042 2.599864 0.087187
1520530437.153533 2.600272 0.087144
1520530437.253536 2.601413 0.087106
1520530437.303539 2.600584 0.087146
1520530437.403543 2.600946 0.087199
1520530437.453545 2.601273 0.086901
1520530437.553870 2.600758 0.087164
1520530437.603872 2.599596 0.087202
1520530437.703875 2.599258 0.087214
1520530437.803878 2.598882 0.087215
1520530437.903881 2.598726 0.087214
1520530438.054484 2.599466 0.087183
1520530438.154486 2.599758 0.087136
1520530438.204487 2.599594 0.087206
1520530438.304490 2.599370 0.087187
1520530438.354492 2.599615 0.087082
1520530438.453623 2.599913 0.087165
1520530438.503624 2.599388 0.087193
1520530438.603628 2.598355 0.087159
1520530438.703631 2.598247 0.087170
1520530438.804389 2.600415 0.087083
1520530438.904392 2.600676 0.087163
1520530439.004395 2.600047 0.087183
1520530439.104398 2.600039 0.087216
1520530439.254655 2.598580 0.087198
1520530439.354659 2.598372 0.087211
1520530439.454661 2.598829 0.087219
1520530439.604177 2.599053 0.087192
1520530439.704263 2.599740 0.087178
1520530439.804183 2.599312 0.087182
1520530439.904186 2.600982 0.087203
1520530440.004099 2.602121 0.087178
1520530440.104102 2.603174 0.087107
1520530440.204106 2.604123 0.087147
1520530440.304109 2.606724 0.087185
1520530440.404112 2.608868 0.087105
1520530440.503979 2.611725 0.087167
1520530440.603982 2.612927 0.087191
1520530440.703986 2.611761 0.087170
1520530440.803989 2.610285 0.087163
1520530440.903872 2.609639 0.087200
1520530441.003875 2.609597 0.087206
1520530441.103878 2.608874 0.087158
1520530441.203881 2.607869 0.087211
1520530441.303927 2.605554 0.087203
1520530441.403893 2.603962 0.087210
1520530441.503896 2.602247 0.087162
1520530441.603899 2.602241 0.087113
1520530441.754086 2.600903 0.087168
1520530441.904091 2.601001 0.087216
1520530442.004094 2.600246 0.087218
1520530442.104032 2.599471 0.087194
1520530442.204035 2.598634 0.087120
1520530442.304038 2.597540 0.087046
1520530442.404042 2.596662 0.087216
1520530442.453714 2.595570 0.086763
1520530442.553717 2.596656 0.087076
1520530442.603719 2.596041 0.087038
1520530442.703722 2.595890 0.087136
1520530442.753723 2.595167 0.086524
1520530442.853726 2.595698 0.086802
1520530442.954377 2.595567 0.087213
1520530443.054381 2.597478 0.087063
1520530443.154384 2.598111 0.087208
1520530443.304466 2.598021 0.087118
1520530443.504473 2.599612 0.086882
1520530443.604476 2.599068 0.087138
1520530443.704013 2.600646 0.086890
1520530443.804016 2.600887 0.087059
1520530443.904020 2.596342 0.087001
1520530444.004023 2.595020 0.087063
1520530444.054024 2.593765 0.087151
1520530444.154403 2.595653 0.086896
1520530444.254406 2.596184 0.087187
1520530444.354410 2.596848 0.087110
1520530444.454413 2.597570 0.087149
1520530444.555263 2.598582 0.087026
1520530444.655166 2.597497 0.087027
1520530444.755169 2.597369 0.087194
1520530444.855172 2.597470 0.087213
1520530444.954962 2.598206 0.087211
1520530445.004964 2.599153 0.087184
1520530445.104967 2.600411 0.087212
1520530445.154968 2.599568 0.087201
1520530445.254971 2.599436 0.087196
1520530445.304973 2.599104 0.087209
1520530445.403894 2.598288 0.087195
1520530445.453896 2.596762 0.087112
1520530445.553899 2.598303 0.087206
1520530445.603900 2.598992 0.087195
1520530445.703904 2.598325 0.087180
1520530445.753751 2.599025 0.087184
1520530445.853755 2.598661 0.087213
1520530445.953757 2.599192 0.087219
1520530446.003758 2.598631 0.087195
1520530446.103761 2.597168 0.087180
1520530446.154954 2.597196 0.087225
1520530446.254902 2.599093 0.087161
1520530446.354905 2.598934 0.087226
1520530446.454908 2.599847 0.087224
1520530446.554783 2.599287 0.087220
1520530446.654786 2.598311 0.087214
1520530446.754789 2.598988 0.087215
1520530446.854792 2.600066 0.087183
1520530446.904794 2.600476 0.087152
1520530447.004332 2.602247 0.087123
1520530447.104335 2.601991 0.087084
1520530447.204338 2.599871 0.087176
1520530447.304342 2.599512 0.087118
1520530447.454125 2.598641 0.087171
1520530447.604130 2.597786 0.087101
1520530447.804072 2.597679 0.086979
1520530448.253886 2.600472 0.087215
1520530448.703934 2.601823 0.086832
