DelayedMarginalization 0.000945199 2.5269e-08 0.00147154 1429
DelayedMarginalizationOnly 0.000461068 1.64807e-08 0.000828531 1429
EF-marginalizeFrame 0.0013099 3.93451e-08 0.00223743 1429
FullSystem::trackNewCoarse 0.00228745 9.76378e-07 0.0142064 2675
FullSystem::trackNewCoarseNoIMU 0.00233764 4.93523e-05 0.0569132 132
FullSystemOptimize 0.0321213 4.65334e-05 0.0626016 1435
GraphUnrolling 0.0189176 0.000427762 0.0496945 11
IMUInitAddPose 2.42573e-05 1.35456e-11 5.4415e-05 1435
IMUInitOptimize 0.00288443 7.53716e-07 0.00441097 5
IMUIntegration::finishKeyframeOperations 5.8966e-05 1.53473e-10 0.000141571 1425
InitializerFirstFrame 0.0372592 -nan 0.0372592 1
InitializerOtherFrames 0.0734936 0.000181962 0.0940168 11
MainMarginalization 0.00117463 3.13054e-08 0.00191653 1429
MarginalizationReplacementBuildGraph 0.00136002 8.0783e-07 0.00238689 9
MarginalizationReplacementReplaceGraph 0.0255165 0.000439772 0.0499194 8
MarginalizeMainGraph 0.000483433 5.73046e-09 0.000802203 1429
PGBA 0.0105891 1.28418e-06 0.011878 3
PGBAFull 0.00353648 2.8688e-05 0.0139783 12
PrepareGraphForMainOptimization 0.0190118 0.000430674 0.0498848 11
VisualMarginalization 3.82024e-05 6.86532e-11 0.000186869 1429
activatePointsMT 0.002767 4.96682e-07 0.010529 1435
addActiveFrame 0.0350211 0.000669488 0.104399 2819
addIMUData 0.000663432 2.13381e-08 0.00118719 2675
addIMUDataToBA 3.57338e-05 1.34128e-10 0.000124599 2818
addKeyframeToBA 3.28361e-05 4.32534e-11 8.4549e-05 1435
afterCoarseTracking 2.71508e-07 1.59861e-14 6.056e-06 2807
baIteration 0.00483231 1.35694e-06 0.01107 8598
baMatrixInversion 0.000219749 1.37547e-09 0.000708121 8598
baUpdateBuildHessians 0.000478702 9.45267e-09 0.00635554 8598
coarseTrackingIteration 0.000168582 3.70052e-09 0.000632357 31712
computeBAUpdate 0.000778876 1.6129e-08 0.00663129 8598
computeCoarseUpdate 9.37972e-05 4.64864e-10 0.000596315 28320
computeFactorForCoarseGraphAndMarginalCovariances 0.00283179 1.72908e-07 0.0057519 1425
convertHAndBFromDSO 0.000142255 2.82835e-09 0.000412253 14316
debugPlot 7.57443e-08 1.61439e-15 4.01e-07 1435
debugPlotIDepthMap 3.21395e-07 6.03317e-15 7.1e-07 1435
debugPlotIDepthMapFloat 8.86251e-08 1.24097e-13 1.1602e-05 1435
deliverTrackedFrame 0.0297192 0.000648215 0.0990787 2808
flagFramesForMarginalization 1.66145e-06 3.83853e-13 8.849e-06 1435
fullCoarseTracking 0.00304109 3.37829e-06 0.056983 2807
initObjectsAndMakeImage 0.00208606 4.85986e-08 0.00540382 2819
makeKeyframe 0.0537712 8.1898e-05 0.099075 1435
makeKeyframeChangeTrackingRef 0.00204074 9.83635e-08 0.00358914 1435
makeNewTraces 0.00528678 5.69818e-07 0.0103653 1435
makeNonKeyframe 0.00457684 2.86212e-06 0.0086473 1373
marginalizeAndRemovePoints 0.0020902 7.32477e-07 0.00618787 1435
marginalizeFrame 0.00200736 1.42578e-07 0.00398622 1429
marginalizeFrameOverhead 0.000695165 6.50061e-08 0.00192063 1429
marginalizeFrames 0.00200646 2.38484e-07 0.00506284 1435
newFrameAndNewResidualsForOldPoints 0.000824337 7.26482e-08 0.00167224 1435
printBiases 3.8174e-05 1.13451e-10 0.00015628 1435
printEigenValLine 1.07229e-07 2.81972e-16 2.81e-07 1435
printLogLine 2.02449e-07 4.37316e-15 6.59e-07 1435
publishInMakeKeyframe 1.9021e-07 5.47867e-15 6.08e-07 1435
removeOutliers 0.00011599 2.11262e-09 0.00044274 1435
swapTrackingRef 2.35153e-05 2.25421e-11 5.7513e-05 1435
timeMeasurement 9.42465e-07 1.69217e-12 6.3551e-05 2819
traceNewCoarse 0.003823 2.68306e-06 0.00863408 2808
updateBAValues 5.49201e-06 4.01156e-12 5.1209e-05 14683
zero 1.07453e-07 3.25909e-15 1.572e-06 2819
