DelayedMarginalization 0.000971924 2.91347e-08 0.00161159 1390
DelayedMarginalizationOnly 0.000469477 1.8444e-08 0.00102221 1390
EF-marginalizeFrame 0.00140385 4.28813e-08 0.00207854 1390
FullSystem::trackNewCoarse 0.00313409 7.49049e-07 0.00924672 2673
FullSystem::trackNewCoarseNoIMU 0.00266929 4.60101e-05 0.0725606 110
FullSystemOptimize 0.0401996 5.60165e-05 0.0917574 1396
GraphUnrolling 0.0118033 0.000147518 0.0359499 11
IMUInitAddPose 2.51738e-05 1.32995e-11 5.438e-05 1396
IMUInitOptimize 0.0028068 1.7842e-06 0.0045782 4
IMUIntegration::finishKeyframeOperations 5.70315e-05 1.57457e-10 0.000167676 1387
InitializerFirstFrame 0.0341745 -nan 0.0341745 1
InitializerOtherFrames 0.0609062 9.84043e-05 0.0795256 35
MainMarginalization 0.00121551 3.61922e-08 0.00184277 1390
MarginalizationReplacementBuildGraph 0.000863151 4.43108e-07 0.00218179 11
MarginalizationReplacementReplaceGraph 0.0130018 0.000150722 0.03615 10
MarginalizeMainGraph 0.00050173 6.72905e-09 0.0010154 1390
PGBA 0.0116504 -nan 0.0116504 1
PGBAFull 0.00144554 1.31202e-05 0.0129161 12
PrepareGraphForMainOptimization 0.0118793 0.00014865 0.0361144 11
VisualMarginalization 4.10651e-05 7.78969e-11 7.7624e-05 1390
activatePointsMT 0.00342064 8.02893e-07 0.0103419 1396
addActiveFrame 0.0444272 0.00107834 0.140204 2819
addIMUData 0.000686519 2.53175e-08 0.00124032 2673
addIMUDataToBA 3.66324e-05 1.64385e-10 0.000201623 2818
addKeyframeToBA 3.44484e-05 2.71236e-11 7.2641e-05 1396
afterCoarseTracking 6.57526e-05 9.6067e-08 0.00342897 2783
baIteration 0.0061715 1.55686e-06 0.036675 8032
baMatrixInversion 0.000232612 2.24715e-09 0.000897356 8032
baUpdateBuildHessians 0.000517963 1.32651e-08 0.00612321 8032
coarseTrackingIteration 0.000197338 5.13915e-09 0.0027461 28397
computeBAUpdate 0.000836727 2.34197e-08 0.00642772 8032
computeCoarseUpdate 9.51732e-05 9.03259e-10 0.00259051 26066
computeFactorForCoarseGraphAndMarginalCovariances 0.00318244 5.46456e-07 0.00817302 1387
convertHAndBFromDSO 0.000153277 3.74056e-09 0.000820705 13595
debugPlot 1.00477e-07 2.02569e-15 4.83e-07 1396
debugPlotIDepthMap 0.00297817 4.78001e-07 0.00664918 1396
debugPlotIDepthMapFloat 1.6961e-07 2.99289e-15 5.34e-07 1396
deliverTrackedFrame 0.0380968 0.00106932 0.131815 2784
flagFramesForMarginalization 1.68475e-06 6.25967e-13 2.4548e-05 1396
fullCoarseTracking 0.00395803 2.76996e-06 0.0726299 2783
initObjectsAndMakeImage 0.00212384 4.59938e-08 0.00474621 2819
makeKeyframe 0.0688453 9.70264e-05 0.130724 1396
makeKeyframeChangeTrackingRef 0.00532466 1.34851e-06 0.0110317 1396
makeNewTraces 0.00540935 8.02573e-07 0.0113999 1396
makeNonKeyframe 0.00500582 2.8864e-06 0.0127986 1388
marginalizeAndRemovePoints 0.00327968 1.02734e-06 0.00752908 1396
marginalizeFrame 0.0025296 2.6995e-07 0.0060326 1390
marginalizeFrameOverhead 0.00112328 1.90572e-07 0.00440855 1390
marginalizeFrames 0.00252659 4.63406e-07 0.00677402 1396
newFrameAndNewResidualsForOldPoints 0.00104933 5.39972e-08 0.00193461 1396
printBiases 3.67403e-05 2.0031e-10 0.000286831 1396
printEigenValLine 1.02042e-07 1.59306e-15 1.409e-06 1396
printLogLine 1.53617e-07 2.26543e-15 7.99e-07 1396
publishInMakeKeyframe 0.000285126 3.88153e-08 0.00301492 1396
removeOutliers 0.000181221 2.07439e-09 0.000372707 1396
swapTrackingRef 2.29681e-05 1.79609e-11 7.2523e-05 1396
timeMeasurement 8.20192e-07 2.87683e-13 1.2e-05 2819
traceNewCoarse 0.00417822 2.82684e-06 0.0127807 2784
updateBAValues 5.94906e-06 4.38062e-12 7.7144e-05 13217
zero 1.08638e-07 4.56547e-14 1.1273e-05 2819
