DelayedMarginalization 0.000976098 2.18268e-08 0.00323958 2146
DelayedMarginalizationOnly 0.000469979 1.38724e-08 0.00253769 2146
EF-marginalizeFrame 0.00144653 3.38977e-08 0.00369554 2146
FullSystem::trackNewCoarse 0.00338638 7.42012e-07 0.0189048 5486
FullSystem::trackNewCoarseNoIMU 0.00268535 3.14023e-07 0.00415492 60
FullSystemOptimize 0.0328779 8.7482e-05 0.0772124 2152
GraphUnrolling 0.00475968 2.07494e-05 0.00798066 2
IMUInitAddPose 2.71152e-05 1.93225e-11 0.000105424 2152
IMUInitOptimize 0.00738287 7.27336e-05 0.0226192 5
IMUIntegration::finishKeyframeOperations 5.36072e-05 1.95691e-10 0.000316289 2142
InitializerFirstFrame 0.0365723 -nan 0.0365723 1
InitializerOtherFrames 0.0509021 0.000151093 0.0779298 33
MainMarginalization 0.00122072 2.64598e-08 0.00347352 2146
MarginalizationReplacementBuildGraph 0.000510959 -nan 0.000510959 1
MarginalizationReplacementReplaceGraph 0.0080633 -nan 0.0080633 1
MarginalizeMainGraph 0.000505409 5.23114e-09 0.00112532 2146
PGBA 0.0104943 -nan 0.0104943 1
PGBAFull 0.00606872 6.80542e-05 0.011902 2
PrepareGraphForMainOptimization 0.00480451 2.09081e-05 0.00803779 2
VisualMarginalization 3.85252e-05 7.43328e-11 0.000198224 2146
activatePointsMT 0.00370019 1.22302e-06 0.0159748 2152
addActiveFrame 0.0351028 0.000840064 0.132608 5580
addIMUData 0.000740264 3.35648e-08 0.00414563 5486
addIMUDataToBA 3.56639e-05 1.69609e-10 0.000309941 5579
addKeyframeToBA 3.97939e-05 6.96604e-11 0.0003053 2152
afterCoarseTracking 0.000164637 3.05853e-07 0.00582611 5546
baIteration 0.00661536 2.17897e-06 0.0164364 8927
baMatrixInversion 0.000227186 1.64546e-09 0.000772811 8927
baUpdateBuildHessians 0.000505478 4.78552e-09 0.00210993 8927
coarseTrackingIteration 0.000264223 5.50828e-09 0.00239447 43904
computeBAUpdate 0.000821898 1.1762e-08 0.00246426 8927
computeCoarseUpdate 0.000102649 6.27158e-10 0.00205767 43043
computeFactorForCoarseGraphAndMarginalCovariances 0.00296092 2.23161e-07 0.00631458 2142
convertHAndBFromDSO 0.000146963 3.70348e-09 0.00060249 17513
debugPlot 8.88443e-08 2.09597e-15 4.6e-07 2152
debugPlotIDepthMap 0.00293311 2.61916e-07 0.00602182 2152
debugPlotIDepthMapFloat 1.55172e-07 1.26094e-15 1.164e-06 2152
deliverTrackedFrame 0.0284879 0.000840662 0.125959 5547
flagFramesForMarginalization 1.8096e-06 5.61637e-13 2.0542e-05 2152
fullCoarseTracking 0.00438345 1.17057e-06 0.0256241 5546
initObjectsAndMakeImage 0.00211484 4.48662e-08 0.00462902 5580
makeKeyframe 0.0627471 0.000120342 0.124882 2152
makeKeyframeChangeTrackingRef 0.00526403 6.63936e-07 0.0101453 2152
makeNewTraces 0.00519763 5.09232e-07 0.0106218 2152
makeNonKeyframe 0.00500222 3.26417e-06 0.010651 3395
marginalizeAndRemovePoints 0.00374664 1.24852e-06 0.0113558 2152
marginalizeFrame 0.0031477 8.01114e-07 0.0104342 2146
marginalizeFrameOverhead 0.00169869 7.17947e-07 0.00866535 2146
marginalizeFrames 0.00314858 1.02945e-06 0.010448 2152
newFrameAndNewResidualsForOldPoints 0.00102499 3.9633e-08 0.00235418 2152
printBiases 1.15223e-05 2.20337e-10 7.4229e-05 2152
printEigenValLine 1.26051e-07 1.05444e-15 4.49e-07 2152
printLogLine 1.87622e-05 7.88746e-12 6.4528e-05 2152
publishInMakeKeyframe 0.000460615 2.67399e-07 0.0045297 2152
removeOutliers 0.000216847 4.26885e-09 0.0010192 2152
swapTrackingRef 3.63839e-05 3.74872e-11 0.000117407 2152
timeMeasurement 1.13104e-06 1.50819e-12 1.2658e-05 5580
traceNewCoarse 0.00440982 3.09344e-06 0.0106368 5547
updateBAValues 6.69381e-06 8.96005e-12 0.000155506 16755
zero 1.48446e-07 3.11956e-14 1.0812e-05 5580
