1520530315.599645 1.283084 0.348518
1520530315.699637 1.237772 0.260902
1520530315.849642 1.282910 0.210305
1520530315.999647 1.274487 0.178340
1520530316.150223 1.238353 0.175891
1520530316.300227 1.216340 0.169138
1520530316.450231 1.212377 0.155582
1520530316.650280 1.206342 0.158525
1520530316.850286 1.206049 0.154081
1520530316.999775 1.229488 0.148209
1520530317.149779 1.241449 0.136049
1520530317.299784 1.235901 0.116649
1520530317.449747 1.219060 0.104702
1520530317.649755 1.213441 0.096538
1520530317.800239 1.213066 0.097265
1520530317.950243 1.208554 0.094177
1520530318.100248 1.205776 0.093250
1520530318.200769 1.203530 0.092939
1520530318.350774 1.199169 0.090402
1520530318.500778 1.200463 0.086697
1520530318.650568 1.201608 0.083407
1520530318.850574 1.211565 0.080947
1520530318.999955 1.226119 0.079284
1520530319.049958 1.227816 0.077783
1520530319.149961 1.237412 0.074682
1520530319.299965 1.239557 0.069749
1520530319.449833 1.228218 0.062219
1520530319.599838 1.224387 0.059856
1520530319.749942 1.215310 0.059067
1520530319.850343 1.211569 0.059030
1520530319.950346 1.211914 0.060681
1520530320.050349 1.207727 0.058811
1520530320.150352 1.201014 0.057000
1520530320.250402 1.201040 0.055555
1520530320.400407 1.196783 0.054268
1520530320.550412 1.194083 0.053186
1520530320.649871 1.194075 0.052175
1520530320.799876 1.199265 0.050041
1520530320.949880 1.199910 0.047753
1520530321.099742 1.198754 0.046072
1520530321.199745 1.196786 0.045086
1520530321.299749 1.195851 0.044309
1520530321.449856 1.188954 0.043078
1520530321.599860 1.189690 0.042066
1520530321.699863 1.189273 0.041414
1520530321.850152 1.193316 0.040889
1520530322.000157 1.195757 0.040032
1520530322.150162 1.197922 0.039312
1520530322.300208 1.194582 0.039082
1520530322.550216 1.193091 0.038832
1520530322.700026 1.198094 0.038320
1520530322.850030 1.196327 0.037426
1520530323.000035 1.192612 0.036690
1520530323.150076 1.193783 0.036177
1520530323.300080 1.194845 0.035809
1520530323.450085 1.200961 0.034834
1520530323.550346 1.202567 0.033843
1520530323.650349 1.202613 0.032949
1520530323.800354 1.201378 0.032286
1520530323.950154 1.200644 0.031924
1520530324.100159 1.200917 0.031743
1520530324.250163 1.201394 0.031438
1520530324.349910 1.206259 0.031235
1520530324.449913 1.205827 0.030936
1520530324.549915 1.203354 0.030567
1520530324.649919 1.204340 0.030282
1520530324.750020 1.203892 0.030042
1520530324.900024 1.204474 0.029949
1520530325.050029 1.205634 0.029833
1520530325.150817 1.208115 0.029709
1520530325.300822 1.206782 0.029301
1520530325.500828 1.210973 0.028665
1520530325.700918 1.208879 0.027677
1520530325.850922 1.204776 0.027223
1520530326.000543 1.204110 0.026909
1520530326.150548 1.203096 0.026571
1520530326.300552 1.203067 0.026304
1520530326.400206 1.203782 0.026204
1520530326.600213 1.203592 0.026085
1520530326.800428 1.204001 0.026043
1520530327.000434 1.204186 0.025437
1520530327.150431 1.204622 0.024880
1520530327.300436 1.203609 0.024494
1520530327.450441 1.203288 0.024239
1520530327.550090 1.204082 0.024080
1520530327.600091 1.202975 0.023937
1520530327.700094 1.203508 0.023701
1520530327.800097 1.203742 0.023530
1520530327.850099 1.202514 0.023427
1520530327.950102 1.202952 0.023299
1520530328.050282 1.202430 0.023110
1520530328.150285 1.201529 0.022949
1520530328.300290 1.200676 0.022778
1520530328.400337 1.200333 0.022714
1520530328.500340 1.200343 0.022684
1520530328.550342 1.200247 0.022675
1520530328.650346 1.200360 0.022665
1520530328.750348 1.200489 0.022638
1520530328.850087 1.200294 0.022588
1520530329.000092 1.201542 0.022451
1520530329.100095 1.202154 0.022311
1520530329.200044 1.201795 0.022118
1520530329.300047 1.200945 0.021924
1520530329.400050 1.201605 0.021699
1520530329.600097 1.201824 0.021389
1520530329.700100 1.202625 0.021308
1520530329.800104 1.202528 0.021267
1520530329.900107 1.202045 0.021219
1520530330.000110 1.202312 0.021130
1520530330.050161 1.202620 0.021060
1520530330.150164 1.202278 0.020860
1520530330.250167 1.203677 0.020636
1520530330.300169 1.204505 0.020511
1520530330.400172 1.204458 0.020263
1520530330.500788 1.203961 0.020101
1520530330.600792 1.203719 0.020039
1520530330.650793 1.203926 0.020025
1520530330.750797 1.203332 0.019999
1520530330.800798 1.203579 0.019973
1520530330.900277 1.203635 0.019876
1520530331.000280 1.203345 0.019749
1520530331.100283 1.203217 0.019647
1520530331.200286 1.203781 0.019579
1520530331.250735 1.203485 0.019542
1520530331.350738 1.203428 0.019512
1520530331.450741 1.203492 0.019500
1520530331.550744 1.203775 0.019480
1520530331.600746 1.203251 0.019449
1520530331.700481 1.202773 0.019348
1520530331.750483 1.202424 0.019253
1520530331.850486 1.202178 0.018990
1520530331.900488 1.201896 0.018826
1520530332.000491 1.201483 0.018549
1520530332.100388 1.201079 0.018316
1520530332.200392 1.201080 0.018151
1520530332.300399 1.200659 0.018042
1520530332.400401 1.200900 0.017999
1520530332.500483 1.200596 0.017977
1520530332.600486 1.200318 0.017977
1520530332.650488 1.200498 0.017969
1520530332.750491 1.201146 0.017927
1520530332.850494 1.201408 0.017857
1520530332.950166 1.201566 0.017786
1520530333.050169 1.201549 0.017728
1520530333.150173 1.201320 0.017698
1520530333.250175 1.201837 0.017665
1520530333.300608 1.201702 0.017632
1520530333.400612 1.201860 0.017573
1520530333.500615 1.201963 0.017529
1520530333.650619 1.202085 0.017514
1520530333.750542 1.202144 0.017504
1520530333.800544 1.202270 0.017500
1520530333.900547 1.202449 0.017494
1520530333.950549 1.202316 0.017489
1520530334.050551 1.202535 0.017444
1520530334.150218 1.203007 0.017334
1520530334.250221 1.203579 0.017222
1520530334.300222 1.203048 0.017169
1520530334.400225 1.203614 0.017084
1520530334.500228 1.203896 0.017028
1520530334.600088 1.204114 0.016981
1520530334.700091 1.204686 0.016947
1520530334.800094 1.204999 0.016908
1520530334.900097 1.205113 0.016861
1520530334.950928 1.204682 0.016845
1520530335.050931 1.204076 0.016821
1520530335.150934 1.203548 0.016809
1520530335.250937 1.203006 0.016795
1520530335.351457 1.202824 0.016785
1520530335.451459 1.203030 0.016783
1520530335.551462 1.203077 0.016773
1520530335.651465 1.203333 0.016763
1520530335.750223 1.203498 0.016756
1520530335.850226 1.203941 0.016744
1520530335.950229 1.204226 0.016721
1520530336.000230 1.204483 0.016705
1520530336.100233 1.204741 0.016673
1520530336.200179 1.204662 0.016637
1520530336.300182 1.205162 0.016580
1520530336.400185 1.205805 0.016491
1520530336.500188 1.206344 0.016379
1520530336.550582 1.206627 0.016314
1520530336.650586 1.207243 0.016236
1520530336.750588 1.207529 0.016179
1520530336.850591 1.208022 0.016139
1520530336.950594 1.208437 0.016105
1520530337.050259 1.209068 0.016051
1520530337.150262 1.210925 0.015974
1520530337.250265 1.212014 0.015896
1520530337.350269 1.212407 0.015836
1520530337.450303 1.212143 0.015794
1520530337.550306 1.212901 0.015760
1520530337.650309 1.213839 0.015700
1520530337.750312 1.214820 0.015588
1520530337.850855 1.215647 0.015429
1520530337.950858 1.217257 0.015272
1520530338.050862 1.218042 0.015148
1520530338.150864 1.218343 0.015067
1520530338.250473 1.217325 0.015019
1520530338.350476 1.217008 0.015000
1520530338.450479 1.217349 0.014976
1520530338.550482 1.217596 0.014945
1520530338.650261 1.218008 0.014899
1520530338.750266 1.218404 0.014846
1520530338.850267 1.218575 0.014786
1520530338.950270 1.218863 0.014739
1520530339.050959 1.218301 0.014685
1520530339.100960 1.218626 0.014669
1520530339.200963 1.218928 0.014636
1520530339.300966 1.218928 0.014616
1520530339.400970 1.218833 0.014609
1520530339.451687 1.218946 0.014612
1520530339.551690 1.219245 0.014609
1520530339.651693 1.219122 0.014593
1520530339.751697 1.219286 0.014586
1520530339.851056 1.219630 0.014571
1520530339.901057 1.219861 0.014568
1520530340.001061 1.219956 0.014551
1520530340.101063 1.219984 0.014540
1520530340.201067 1.220549 0.014525
1520530340.300397 1.221173 0.014496
1520530340.400400 1.221253 0.014444
1520530340.500403 1.221717 0.014395
1520530340.600406 1.222146 0.014358
1520530340.700348 1.222236 0.014320
1520530340.850353 1.222128 0.014297
1520530341.050774 1.222554 0.014283
1520530341.300782 1.223558 0.014246
1520530341.500713 1.223381 0.014226
1520530341.750720 1.223635 0.014210
1520530341.900542 1.223113 0.014197
1520530342.050546 1.223283 0.014182
1520530342.200551 1.223515 0.014157
1520530342.350675 1.223852 0.014117
1520530342.500679 1.224238 0.014081
1520530342.650684 1.224303 0.014044
1520530342.750644 1.224247 0.014008
1520530342.900649 1.224138 0.013937
1520530343.000653 1.223860 0.013861
1520530343.101131 1.223999 0.013782
1520530343.201134 1.224138 0.013676
1520530343.301138 1.224241 0.013568
1520530343.401141 1.224622 0.013461
1520530343.451144 1.224754 0.013395
1520530343.551476 1.224785 0.013270
1520530343.651407 1.225308 0.013141
1520530343.751410 1.225881 0.012989
1520530343.851414 1.226518 0.012840
1520530343.951402 1.226666 0.012682
1520530344.051405 1.226913 0.012534
1520530344.151408 1.227180 0.012386
1520530344.251411 1.227550 0.012257
1520530344.351408 1.226688 0.012112
1520530344.451412 1.226941 0.012015
1520530344.551415 1.227113 0.011910
1520530344.651418 1.226937 0.011809
1520530344.751636 1.226613 0.011721
1520530344.851639 1.226619 0.011646
1520530344.951642 1.226927 0.011585
1520530345.051645 1.226928 0.011522
1520530345.151845 1.226977 0.011467
1520530345.251745 1.227065 0.011419
1520530345.351748 1.227094 0.011376
1520530345.451751 1.227434 0.011338
1520530345.551195 1.227265 0.011300
1520530345.651198 1.227463 0.011273
1520530345.751201 1.227263 0.011239
1520530345.851204 1.227027 0.011214
1520530345.901206 1.227266 0.011207
1520530346.001475 1.227333 0.011187
1520530346.051476 1.227162 0.011179
1520530346.151479 1.227385 0.011167
1520530346.251483 1.227599 0.011154
1520530346.351486 1.227692 0.011136
1520530346.401376 1.227719 0.011136
1520530346.501379 1.227641 0.011126
1520530346.601382 1.227593 0.011118
1520530346.701385 1.227394 0.011110
1520530346.801545 1.227459 0.011103
1520530346.901548 1.227605 0.011098
1520530346.951549 1.227569 0.011096
1520530347.051553 1.227440 0.011095
1520530347.101554 1.227376 0.011091
1520530347.201400 1.227449 0.011089
1520530347.301403 1.227477 0.011087
1520530347.401407 1.227552 0.011083
1520530347.501410 1.227381 0.011080
1520530347.601218 1.227036 0.011075
1520530347.701222 1.226789 0.011074
1520530347.801224 1.226830 0.011073
1520530347.901227 1.226876 0.011071
1520530348.001163 1.226866 0.011070
1520530348.101166 1.226939 0.011069
1520530348.201169 1.226904 0.011068
1520530348.301184 1.226880 0.011068
1520530348.401175 1.226844 0.011067
1520530348.501419 1.226743 0.011067
1520530348.601422 1.226803 0.011066
1520530348.701425 1.226804 0.011067
1520530348.751426 1.226839 0.011067
1520530348.851315 1.226783 0.011067
1520530348.901315 1.226801 0.011065
1520530349.001320 1.226742 0.011065
1520530349.051321 1.226854 0.011064
1520530349.151325 1.226933 0.011064
1520530349.251106 1.226955 0.011062
1520530349.351109 1.227164 0.011061
1520530349.401110 1.227068 0.011062
1520530349.501114 1.227013 0.011060
1520530349.551115 1.226973 0.011060
1520530349.650935 1.227171 0.011060
1520530349.750943 1.227176 0.011059
1520530349.800940 1.227213 0.011057
1520530349.900986 1.227212 0.011056
1520530349.950944 1.227226 0.011054
1520530350.051376 1.227343 0.011054
1520530350.101378 1.227453 0.011054
1520530350.201381 1.227455 0.011052
1520530350.251384 1.227468 0.011051
1520530350.351387 1.227566 0.011049
1520530350.451515 1.227591 0.011047
1520530350.551518 1.227673 0.011046
1520530350.601520 1.227710 0.011046
1520530350.701523 1.227837 0.011045
1520530350.801526 1.227846 0.011044
1520530350.901571 1.227846 0.011043
1520530351.001574 1.227848 0.011041
1520530351.101578 1.227870 0.011040
1520530351.201581 1.227999 0.011038
1520530351.301683 1.228082 0.011036
1520530351.401685 1.228144 0.011037
1520530351.501759 1.228043 0.011036
1520530351.601688 1.228045 0.011035
1520530351.701695 1.227984 0.011033
1520530351.801698 1.228035 0.011032
1520530351.901701 1.227975 0.011032
1520530352.001704 1.227881 0.011032
1520530352.101805 1.227918 0.011030
1520530352.201808 1.227903 0.011030
1520530352.301811 1.227986 0.011029
1520530352.401814 1.227927 0.011029
1520530352.501469 1.227943 0.011027
1520530352.601472 1.227874 0.011028
1520530352.701475 1.227934 0.011027
1520530352.801478 1.228082 0.011027
1520530352.901098 1.228045 0.011024
1520530353.001101 1.227893 0.011025
1520530353.101208 1.227874 0.011024
1520530353.201107 1.227882 0.011023
1520530353.301110 1.227982 0.011024
1520530353.351398 1.227921 0.011023
1520530353.451401 1.227875 0.011021
1520530353.501402 1.227767 0.011020
1520530353.601405 1.227926 0.011021
1520530353.701408 1.228089 0.011020
1520530353.801738 1.227962 0.011020
1520530353.901741 1.227767 0.011018
1520530354.001744 1.227911 0.011019
1520530354.101747 1.227935 0.011019
1520530354.201897 1.227819 0.011017
1520530354.301900 1.227708 0.011017
1520530354.351902 1.227651 0.011016
1520530354.451905 1.227828 0.011016
1520530354.551594 1.227817 0.011015
1520530354.651595 1.227833 0.011016
1520530354.751597 1.227884 0.011015
1520530354.901602 1.227860 0.011013
1520530355.001360 1.227788 0.011011
1520530355.101363 1.227688 0.011011
1520530355.201366 1.227638 0.011011
1520530355.301370 1.227610 0.011010
1520530355.401407 1.227591 0.011010
1520530355.501410 1.227587 0.011010
1520530355.601414 1.227526 0.011009
1520530355.701417 1.227393 0.011009
1520530355.801531 1.227381 0.011008
1520530355.901534 1.227488 0.011009
1520530355.951536 1.227462 0.011008
1520530356.051539 1.227591 0.011009
1520530356.151542 1.227562 0.011008
1520530356.201376 1.227535 0.011008
1520530356.301379 1.227504 0.011008
1520530356.351380 1.227535 0.011008
1520530356.451383 1.227626 0.011008
1520530356.551386 1.227580 0.011008
1520530356.651234 1.227550 0.011008
1520530356.701236 1.227555 0.011008
1520530356.801239 1.227538 0.011008
1520530356.851240 1.227538 0.011007
1520530356.951243 1.227634 0.011007
1520530357.051154 1.227604 0.011007
1520530357.151157 1.227593 0.011007
1520530357.251160 1.227586 0.011006
1520530357.351164 1.227568 0.011006
1520530357.401658 1.227570 0.011006
1520530357.501662 1.227665 0.011006
1520530357.551663 1.227631 0.011006
1520530357.651666 1.227647 0.011006
1520530357.751669 1.227697 0.011005
1520530357.851585 1.227657 0.011004
1520530357.951560 1.227696 0.011005
1520530358.001562 1.227695 0.011005
1520530358.101565 1.227651 0.011005
1520530358.201568 1.227623 0.011004
1520530358.301626 1.227597 0.011004
1520530358.451631 1.227644 0.011004
1520530358.551634 1.227593 0.011003
1520530358.651798 1.227550 0.011003
1520530358.751801 1.227573 0.011003
1520530358.851805 1.227578 0.011002
1520530358.951808 1.227559 0.011002
1520530359.051806 1.227615 0.011002
1520530359.151809 1.227664 0.011001
1520530359.251812 1.227628 0.011001
1520530359.351815 1.227626 0.011000
1520530359.451919 1.227589 0.011000
1520530359.551871 1.227604 0.011000
1520530359.651874 1.227581 0.011000
1520530359.751878 1.227589 0.011000
1520530359.851881 1.227610 0.011000
1520530359.951828 1.227736 0.010999
1520530360.051831 1.227849 0.010998
1520530360.151834 1.228008 0.010997
1520530360.251837 1.228049 0.010997
1520530360.301316 1.228214 0.010995
1520530360.401319 1.228102 0.010996
1520530360.501323 1.228193 0.010995
1520530360.601326 1.228182 0.010995
1520530360.700978 1.228286 0.010995
1520530360.750980 1.228266 0.010995
1520530360.850983 1.228562 0.010994
1520530360.950988 1.228745 0.010993
1520530361.051064 1.229085 0.010990
1520530361.151045 1.229074 0.010990
1520530361.251048 1.229115 0.010990
1520530361.351051 1.229025 0.010989
1520530361.451055 1.229119 0.010989
1520530361.551692 1.229007 0.010988
1520530361.651695 1.228889 0.010985
1520530361.701696 1.228785 0.010983
1520530361.801700 1.228877 0.010987
1520530361.851701 1.228956 0.010987
1520530361.951941 1.229075 0.010987
1520530362.001942 1.229091 0.010986
1520530362.101945 1.229329 0.010985
1520530362.201949 1.229422 0.010985
1520530362.301951 1.229396 0.010981
1520530362.401625 1.229647 0.010982
1520530362.501628 1.229906 0.010980
1520530362.601631 1.230049 0.010977
1520530362.701634 1.230081 0.010974
1520530362.801366 1.230047 0.010973
1520530362.901369 1.230031 0.010972
1520530363.001372 1.230036 0.010972
1520530363.101375 1.230012 0.010972
1520530363.201651 1.229975 0.010970
1520530363.301654 1.229900 0.010971
1520530363.401658 1.229985 0.010970
1520530363.501661 1.230188 0.010970
1520530363.601746 1.230256 0.010970
1520530363.651748 1.230106 0.010970
1520530363.751751 1.230235 0.010969
1520530363.851754 1.230435 0.010969
1520530363.901756 1.230390 0.010968
1520530364.001782 1.230902 0.010968
1520530364.051784 1.231105 0.010968
1520530364.151786 1.231238 0.010966
1520530364.201788 1.231148 0.010965
1520530364.301791 1.230951 0.010967
1520530364.351792 1.230908 0.010966
1520530364.451854 1.230959 0.010966
1520530364.501856 1.230798 0.010967
1520530364.601859 1.230800 0.010967
1520530364.651861 1.230816 0.010966
1520530364.751864 1.230875 0.010967
1520530364.852377 1.230972 0.010967
1520530364.952380 1.230960 0.010966
1520530365.052383 1.230953 0.010966
1520530365.201844 1.231087 0.010966
1520530365.301847 1.231089 0.010965
1520530365.401850 1.231197 0.010965
1520530365.501853 1.231327 0.010964
1520530365.601535 1.231432 0.010963
1520530365.701539 1.231392 0.010961
1520530365.801546 1.231429 0.010960
1520530365.901545 1.231374 0.010960
1520530366.001907 1.231391 0.010960
1520530366.101910 1.231357 0.010959
1520530366.151911 1.231311 0.010959
1520530366.251915 1.231332 0.010959
1520530366.301916 1.231342 0.010959
1520530366.402120 1.231369 0.010958
1520530366.502124 1.231446 0.010958
1520530366.602127 1.231455 0.010958
1520530366.702130 1.231495 0.010958
1520530366.752132 1.231512 0.010958
1520530366.852166 1.231524 0.010958
1520530366.952169 1.231505 0.010958
1520530367.002170 1.231516 0.010958
1520530367.102178 1.231536 0.010958
1520530367.152175 1.231506 0.010958
1520530367.252540 1.231568 0.010957
1520530367.352543 1.231592 0.010957
1520530367.452546 1.231547 0.010956
1520530367.552549 1.231563 0.010957
1520530367.652264 1.231616 0.010957
1520530367.752267 1.231735 0.010957
1520530367.852271 1.231784 0.010955
1520530367.952274 1.231813 0.010955
1520530368.052124 1.231757 0.010955
1520530368.152127 1.231748 0.010954
1520530368.252130 1.231708 0.010954
1520530368.352134 1.231682 0.010954
1520530368.452048 1.231753 0.010954
1520530368.502050 1.231765 0.010954
1520530368.602053 1.231743 0.010953
1520530368.652054 1.231710 0.010953
1520530368.752057 1.231771 0.010953
1520530368.851389 1.231985 0.010950
1520530368.901391 1.231714 0.010953
1520530369.001394 1.231701 0.010952
1520530369.051395 1.231688 0.010952
1520530369.151398 1.231739 0.010953
1520530369.201400 1.231627 0.010953
1520530369.301537 1.231550 0.010953
1520530369.401540 1.231706 0.010953
1520530369.501543 1.231857 0.010953
1520530369.551545 1.231860 0.010952
1520530369.651548 1.231813 0.010953
1520530369.701896 1.231730 0.010953
1520530369.801900 1.231805 0.010953
1520530369.901903 1.231872 0.010953
1520530370.001906 1.231803 0.010952
1520530370.151931 1.231872 0.010953
1520530370.301935 1.231929 0.010953
1520530370.501883 1.232023 0.010952
1520530370.701889 1.232117 0.010952
1520530370.901941 1.232144 0.010950
1520530371.051946 1.231898 0.010950
1520530371.151949 1.231925 0.010951
1520530371.301953 1.231999 0.010950
1520530371.401953 1.232028 0.010950
1520530371.501956 1.232078 0.010951
1520530371.651961 1.232075 0.010950
1520530371.801961 1.231982 0.010950
1520530371.901964 1.231963 0.010950
1520530372.001968 1.231969 0.010950
1520530372.101971 1.231988 0.010949
1520530372.251958 1.232006 0.010949
1520530372.351961 1.232124 0.010950
1520530372.501966 1.232172 0.010949
1520530372.601958 1.232085 0.010949
1520530372.701961 1.232137 0.010949
1520530372.801964 1.232044 0.010949
1520530372.901967 1.232026 0.010948
1520530373.001619 1.232005 0.010949
1520530373.151624 1.231947 0.010948
1520530373.251627 1.231864 0.010948
1520530373.351457 1.231850 0.010948
1520530373.451460 1.231746 0.010948
1520530373.501461 1.231801 0.010948
1520530373.601465 1.231822 0.010948
1520530373.701467 1.231935 0.010948
1520530373.751469 1.231885 0.010948
1520530373.851583 1.231918 0.010948
1520530373.951586 1.231910 0.010948
1520530374.051589 1.231960 0.010948
1520530374.101591 1.231912 0.010948
1520530374.201953 1.231870 0.010948
1520530374.301956 1.231961 0.010948
1520530374.401959 1.232077 0.010946
1520530374.501962 1.232012 0.010948
1520530374.652408 1.232068 0.010948
1520530374.802413 1.232081 0.010948
1520530374.902417 1.232189 0.010948
1520530375.002442 1.232222 0.010947
1520530375.102445 1.232333 0.010947
1520530375.202449 1.232193 0.010947
1520530375.302452 1.232138 0.010947
1520530375.402252 1.232159 0.010947
1520530375.502216 1.232171 0.010947
1520530375.602219 1.232177 0.010947
1520530375.702222 1.232222 0.010945
1520530375.802225 1.232172 0.010947
1520530375.902259 1.232151 0.010947
1520530376.002262 1.232219 0.010947
1520530376.102265 1.232280 0.010947
1520530376.152267 1.232219 0.010947
1520530376.251950 1.232195 0.010946
1520530376.301951 1.232299 0.010945
1520530376.401954 1.232310 0.010946
1520530376.451957 1.232276 0.010947
1520530376.551960 1.232289 0.010946
1520530376.652663 1.232373 0.010946
1520530376.702664 1.232278 0.010946
1520530376.802668 1.232274 0.010946
1520530376.852669 1.232277 0.010946
1520530376.952672 1.232280 0.010946
1520530377.002721 1.232258 0.010946
1520530377.102900 1.232195 0.010946
1520530377.202903 1.232260 0.010946
1520530377.302906 1.232315 0.010946
1520530377.402909 1.232355 0.010946
1520530377.501720 1.232364 0.010946
1520530377.601723 1.232395 0.010946
1520530377.701726 1.232369 0.010946
1520530377.801730 1.232428 0.010946
1520530377.851407 1.232401 0.010946
1520530377.951411 1.232376 0.010946
1520530378.051414 1.232396 0.010946
1520530378.101416 1.232399 0.010946
1520530378.201419 1.232424 0.010946
1520530378.251420 1.232444 0.010945
1520530378.351513 1.232422 0.010946
1520530378.401515 1.232395 0.010945
1520530378.501517 1.232436 0.010944
1520530378.551519 1.232442 0.010945
1520530378.651522 1.232466 0.010945
1520530378.702209 1.232582 0.010945
1520530378.802212 1.232435 0.010944
1520530378.902215 1.232392 0.010945
1520530379.002218 1.232432 0.010945
1520530379.102149 1.232413 0.010945
1520530379.202152 1.232434 0.010945
1520530379.302155 1.232433 0.010945
1520530379.402159 1.232473 0.010945
1520530379.501850 1.232424 0.010945
1520530379.601853 1.232436 0.010945
1520530379.701856 1.232436 0.010945
1520530379.801860 1.232409 0.010945
1520530379.901824 1.232376 0.010944
1520530380.001827 1.232416 0.010945
1520530380.101830 1.232495 0.010945
1520530380.201888 1.232569 0.010945
1520530380.251835 1.232509 0.010944
1520530380.352160 1.232611 0.010944
1520530380.402163 1.232570 0.010944
1520530380.502165 1.232663 0.010944
1520530380.602168 1.232692 0.010944
1520530380.652170 1.232703 0.010944
1520530380.752135 1.232599 0.010944
1520530380.852138 1.232605 0.010944
1520530380.952141 1.232571 0.010944
1520530381.002143 1.232513 0.010943
1520530381.102146 1.232503 0.010944
1520530381.152048 1.232491 0.010944
1520530381.252051 1.232520 0.010944
1520530381.352054 1.232459 0.010944
1520530381.452057 1.232405 0.010943
1520530381.552262 1.232396 0.010945
1520530381.652265 1.232371 0.010945
1520530381.752268 1.232362 0.010945
1520530381.852271 1.232385 0.010944
1520530381.952332 1.232432 0.010945
1520530382.052335 1.232425 0.010945
1520530382.102337 1.232396 0.010944
1520530382.202340 1.232352 0.010944
1520530382.302343 1.232343 0.010945
1520530382.402160 1.232429 0.010944
1520530382.502164 1.232439 0.010944
1520530382.602167 1.232433 0.010944
1520530382.702170 1.232472 0.010944
1520530382.802244 1.232494 0.010944
1520530382.902248 1.232455 0.010945
1520530383.002250 1.232466 0.010944
1520530383.152255 1.232469 0.010945
1520530383.252208 1.232472 0.010945
1520530383.352211 1.232483 0.010945
1520530383.452214 1.232493 0.010944
1520530383.602472 1.232518 0.010944
1520530383.702475 1.232560 0.010944
1520530383.802478 1.232604 0.010944
1520530383.902481 1.232611 0.010944
1520530384.002530 1.232689 0.010944
1520530384.102533 1.232863 0.010944
1520530384.202536 1.232947 0.010944
1520530384.302539 1.232966 0.010944
1520530384.402432 1.232819 0.010944
1520530384.452434 1.232699 0.010944
1520530384.552437 1.232700 0.010944
1520530384.652440 1.232949 0.010942
1520530384.752443 1.232827 0.010943
1520530384.852858 1.232814 0.010943
1520530384.902860 1.232813 0.010944
1520530385.002916 1.232825 0.010944
1520530385.102866 1.232756 0.010944
1520530385.152867 1.232799 0.010944
1520530385.252705 1.232788 0.010944
1520530385.302707 1.232804 0.010944
1520530385.402710 1.232782 0.010944
1520530385.452712 1.232830 0.010944
1520530385.552715 1.232769 0.010944
1520530385.652486 1.232741 0.010943
1520530385.702487 1.232799 0.010944
1520530385.802491 1.232806 0.010944
1520530385.852492 1.232781 0.010944
1520530385.952497 1.232815 0.010944
1520530386.002497 1.232786 0.010944
1520530386.102546 1.232809 0.010944
1520530386.202549 1.232804 0.010944
1520530386.302552 1.232783 0.010944
1520530386.402554 1.232779 0.010944
1520530386.502760 1.232838 0.010944
1520530386.602814 1.232890 0.010944
1520530386.702766 1.232842 0.010944
1520530386.802769 1.232808 0.010944
1520530386.902676 1.232766 0.010944
1520530387.002679 1.232755 0.010944
1520530387.102682 1.232817 0.010944
1520530387.202685 1.232816 0.010944
1520530387.252606 1.232789 0.010944
1520530387.352609 1.232807 0.010944
1520530387.452612 1.232766 0.010944
1520530387.502614 1.232766 0.010944
1520530387.602617 1.232810 0.010944
1520530387.652619 1.232858 0.010943
1520530387.752459 1.232925 0.010943
1520530387.802460 1.232851 0.010943
1520530387.902463 1.232953 0.010943
1520530387.952465 1.232820 0.010943
1520530388.052468 1.232815 0.010943
1520530388.102494 1.232817 0.010943
1520530388.202544 1.232931 0.010942
1520530388.252499 1.232831 0.010944
1520530388.352502 1.232816 0.010944
1520530388.452505 1.232756 0.010943
1520530388.552854 1.232787 0.010943
1520530388.702858 1.232821 0.010942
1520530388.852863 1.232831 0.010944
1520530388.952235 1.232855 0.010943
1520530389.052238 1.232842 0.010944
1520530389.152242 1.232843 0.010944
1520530389.252245 1.232822 0.010944
1520530389.302934 1.232923 0.010943
1520530389.402938 1.232879 0.010944
1520530389.502940 1.232876 0.010944
1520530389.552942 1.232844 0.010944
1520530389.652948 1.232817 0.010944
1520530389.753403 1.232884 0.010944
1520530389.803445 1.232946 0.010944
1520530389.903408 1.232971 0.010944
1520530389.953409 1.232973 0.010944
1520530390.053412 1.233046 0.010944
1520530390.103414 1.232995 0.010944
1520530390.202569 1.232803 0.010944
1520530390.252572 1.232842 0.010944
1520530390.352575 1.232904 0.010944
1520530390.402575 1.232902 0.010944
1520530390.502578 1.232891 0.010944
1520530390.553324 1.232860 0.010943
1520530390.653327 1.232937 0.010944
1520530390.703329 1.232907 0.010944
1520530390.803333 1.232877 0.010944
1520530390.853334 1.232927 0.010944
1520530390.953379 1.232865 0.010944
1520530391.003381 1.232883 0.010944
1520530391.103384 1.232891 0.010944
1520530391.203387 1.232870 0.010944
1520530391.303389 1.232924 0.010944
1520530391.352333 1.232966 0.010944
1520530391.452336 1.232911 0.010944
1520530391.552339 1.232815 0.010946
1520530391.602341 1.232827 0.010944
1520530391.702344 1.232839 0.010944
1520530391.802426 1.232874 0.010943
1520530391.902429 1.232884 0.010943
1520530392.002432 1.232913 0.010944
1520530392.102435 1.232961 0.010944
1520530392.203142 1.233078 0.010943
1520530392.253143 1.232922 0.010944
1520530392.353147 1.232888 0.010944
1520530392.403148 1.232856 0.010944
1520530392.503151 1.232849 0.010944
1520530392.602235 1.232794 0.010944
1520530392.652236 1.232789 0.010943
1520530392.752239 1.232866 0.010944
1520530392.852242 1.232945 0.010944
1520530392.902243 1.232904 0.010944
1520530393.002174 1.232915 0.010944
1520530393.102156 1.233052 0.010943
1520530393.202159 1.233056 0.010943
1520530393.302161 1.233012 0.010943
1520530393.402921 1.233003 0.010944
1520530393.502924 1.233071 0.010944
1520530393.552926 1.232980 0.010945
1520530393.652929 1.233041 0.010944
1520530393.702931 1.233026 0.010943
1520530393.802958 1.233018 0.010944
1520530393.902961 1.233109 0.010944
1520530394.052965 1.233523 0.010920
1520530394.152969 1.232971 0.010942
1520530394.202165 1.232937 0.010943
1520530394.302169 1.232954 0.010944
1520530394.402172 1.232911 0.010944
1520530394.502175 1.232924 0.010943
1520530394.602189 1.232842 0.010944
1520530394.652876 1.232848 0.010942
1520530394.752879 1.232938 0.010938
1520530394.852882 1.232910 0.010944
1520530394.952885 1.232884 0.010944
1520530395.053731 1.233113 0.010941
1520530395.103732 1.232987 0.010943
1520530395.203735 1.233006 0.010944
1520530395.303738 1.233030 0.010944
1520530395.403742 1.233013 0.010944
1520530395.452705 1.233000 0.010944
1520530395.552709 1.232926 0.010943
1520530395.652712 1.232883 0.010944
1520530395.802716 1.233006 0.010944
1520530395.903079 1.233023 0.010944
1520530396.003083 1.232956 0.010944
1520530396.103085 1.232942 0.010944
1520530396.203089 1.232937 0.010944
1520530396.253235 1.232872 0.010944
1520530396.353238 1.232854 0.010944
1520530396.403240 1.232825 0.010943
1520530396.503243 1.232840 0.010944
1520530396.603246 1.232844 0.010943
1520530396.703145 1.232862 0.010944
1520530396.803148 1.232885 0.010944
1520530396.903152 1.232955 0.010944
1520530397.003155 1.232936 0.010944
1520530397.102782 1.233008 0.010943
1520530397.202785 1.232817 0.010944
1520530397.302788 1.232839 0.010942
1520530397.402791 1.232884 0.010943
1520530397.502304 1.232824 0.010943
1520530397.552306 1.232923 0.010943
1520530397.652309 1.232791 0.010943
1520530397.752312 1.232582 0.010943
1520530397.852315 1.232786 0.010942
1520530397.902585 1.232784 0.010943
1520530398.002588 1.232861 0.010944
1520530398.052589 1.232864 0.010942
1520530398.152592 1.232870 0.010944
1520530398.202594 1.232822 0.010943
1520530398.303365 1.232897 0.010944
1520530398.403368 1.232916 0.010944
1520530398.453370 1.232914 0.010944
1520530398.553373 1.232909 0.010944
1520530398.603375 1.232858 0.010944
1520530398.703221 1.232846 0.010944
1520530398.753223 1.232733 0.010944
1520530398.853226 1.232825 0.010944
1520530398.903227 1.232869 0.010944
1520530399.003230 1.232895 0.010944
1520530399.053232 1.232778 0.010943
1520530399.152330 1.232807 0.010941
1520530399.202332 1.232771 0.010942
1520530399.302335 1.232810 0.010943
1520530399.352336 1.232850 0.010943
1520530399.452339 1.232852 0.010944
1520530399.502341 1.232855 0.010943
1520530399.603008 1.232894 0.010943
1520530399.703011 1.232918 0.010944
1520530399.803014 1.232917 0.010943
1520530399.903017 1.232901 0.010944
1520530399.953275 1.232828 0.010944
1520530400.053278 1.232866 0.010944
1520530400.103279 1.232783 0.010943
1520530400.203283 1.232843 0.010944
1520530400.253284 1.232863 0.010944
1520530400.352494 1.232865 0.010943
1520530400.402496 1.232893 0.010942
1520530400.502500 1.232838 0.010943
1520530400.552501 1.232851 0.010941
1520530400.652504 1.232889 0.010942
1520530400.752291 1.232892 0.010943
1520530400.852294 1.232833 0.010943
1520530400.952297 1.232787 0.010941
1520530401.052300 1.232849 0.010944
1520530401.102302 1.232856 0.010943
1520530401.202755 1.232953 0.010943
1520530401.252756 1.232833 0.010943
1520530401.352759 1.232865 0.010943
1520530401.402761 1.232908 0.010944
1520530401.502764 1.232920 0.010944
1520530401.603037 1.232931 0.010944
1520530401.703041 1.232873 0.010944
1520530401.753042 1.232937 0.010943
1520530401.853045 1.232926 0.010944
1520530401.953048 1.232882 0.010944
1520530402.002281 1.232848 0.010943
1520530402.102285 1.232838 0.010944
1520530402.152286 1.232835 0.010943
1520530402.252289 1.232838 0.010944
1520530402.302290 1.232850 0.010944
1520530402.402567 1.232823 0.010944
1520530402.452569 1.232831 0.010942
1520530402.552572 1.232820 0.010944
1520530402.652672 1.232868 0.010944
1520530402.752578 1.232812 0.010943
1520530402.803416 1.232719 0.010943
1520530402.903419 1.232799 0.010944
1520530402.953420 1.232906 0.010944
1520530403.053424 1.232973 0.010944
1520530403.103425 1.232945 0.010943
1520530403.202933 1.232929 0.010944
1520530403.302936 1.232922 0.010943
1520530403.352938 1.232925 0.010943
1520530403.452941 1.232720 0.010943
1520530403.502943 1.232681 0.010943
1520530403.602946 1.232714 0.010943
1520530403.652254 1.232821 0.010943
1520530403.752257 1.232818 0.010944
1520530403.802258 1.232798 0.010942
1520530403.902261 1.232761 0.010943
1520530403.952263 1.232768 0.010944
1520530404.052745 1.233034 0.010943
1520530404.102746 1.232829 0.010943
1520530404.202749 1.232793 0.010944
1520530404.302752 1.232893 0.010944
1520530404.402755 1.232810 0.010943
1520530404.453112 1.232810 0.010943
1520530404.553115 1.232830 0.010943
1520530404.653119 1.232824 0.010944
1520530404.703120 1.232819 0.010944
1520530404.803123 1.232843 0.010943
1520530404.852642 1.232779 0.010944
1520530404.952645 1.232769 0.010944
1520530405.002647 1.232775 0.010943
1520530405.102650 1.232807 0.010943
1520530405.152651 1.232816 0.010943
1520530405.252327 1.232817 0.010944
1520530405.302330 1.232829 0.010944
1520530405.402333 1.232813 0.010944
1520530405.452334 1.232812 0.010944
1520530405.552337 1.232827 0.010944
1520530405.602339 1.232812 0.010944
1520530405.702792 1.232798 0.010944
1520530405.752795 1.232798 0.010941
1520530405.852855 1.232790 0.010944
1520530405.902800 1.232828 0.010943
1520530406.002803 1.232782 0.010944
1520530406.103570 1.232782 0.010944
1520530406.153570 1.232831 0.010943
1520530406.253574 1.232905 0.010944
1520530406.303576 1.232983 0.010944
1520530406.403579 1.232936 0.010944
1520530406.453580 1.232861 0.010944
1520530406.553487 1.232854 0.010943
1520530406.603489 1.232651 0.010942
1520530406.703492 1.232514 0.010944
1520530406.803495 1.232521 0.010943
1520530406.902692 1.232578 0.010944
1520530406.952693 1.232585 0.010942
1520530407.052696 1.232614 0.010943
1520530407.102698 1.232675 0.010944
1520530407.202701 1.232585 0.010942
1520530407.252702 1.232677 0.010941
1520530407.353185 1.232798 0.010944
1520530407.403187 1.232764 0.010943
1520530407.503190 1.232861 0.010943
1520530407.553191 1.232850 0.010944
1520530407.653194 1.232816 0.010944
1520530407.703510 1.232805 0.010944
1520530407.803513 1.232836 0.010943
1520530407.853515 1.232832 0.010943
1520530407.953518 1.232841 0.010944
1520530408.003519 1.232840 0.010944
1520530408.103522 1.232853 0.010943
1520530408.153603 1.232875 0.010943
1520530408.253606 1.232779 0.010944
1520530408.353609 1.232821 0.010943
1520530408.453613 1.232810 0.010943
1520530408.553374 1.232771 0.010943
1520530408.653377 1.232709 0.010942
1520530408.753380 1.232722 0.010943
1520530408.853383 1.232686 0.010943
1520530408.952878 1.232794 0.010943
1520530409.052890 1.232790 0.010943
1520530409.152884 1.232808 0.010943
1520530409.252887 1.232783 0.010942
1520530409.352902 1.232840 0.010943
1520530409.452906 1.232707 0.010943
1520530409.552909 1.232781 0.010944
1520530409.652912 1.233120 0.010943
1520530409.752654 1.232999 0.010944
1520530409.802656 1.232797 0.010944
1520530409.902659 1.232750 0.010944
1520530410.002662 1.232810 0.010944
1520530410.102666 1.232797 0.010944
1520530410.203224 1.232826 0.010941
1520530410.303227 1.232811 0.010944
1520530410.403230 1.232805 0.010944
1520530410.503232 1.232831 0.010944
1520530410.603875 1.232839 0.010944
1520530410.703878 1.232859 0.010944
1520530410.803881 1.232694 0.010944
1520530410.903884 1.232734 0.010944
1520530411.003418 1.232792 0.010944
1520530411.103421 1.232811 0.010943
1520530411.253426 1.232825 0.010944
1520530411.403009 1.232747 0.010944
1520530411.453010 1.232753 0.010943
1520530411.553013 1.232763 0.010944
1520530411.653017 1.232750 0.010944
1520530411.753020 1.232738 0.010943
1520530411.852907 1.232749 0.010944
1520530411.902909 1.232720 0.010944
1520530412.002912 1.232735 0.010944
1520530412.052913 1.232734 0.010944
1520530412.152916 1.232743 0.010944
1520530412.203416 1.232801 0.010942
1520530412.303419 1.232762 0.010944
1520530412.403422 1.232790 0.010944
1520530412.503425 1.232785 0.010944
1520530412.603428 1.232783 0.010944
1520530412.703631 1.232820 0.010944
1520530412.803634 1.232806 0.010943
1520530412.853636 1.232806 0.010943
1520530412.953639 1.232845 0.010943
1520530413.003641 1.232752 0.010943
1520530413.103011 1.232732 0.010944
1520530413.153012 1.232750 0.010944
1520530413.253016 1.232869 0.010944
1520530413.353019 1.232787 0.010943
1520530413.452940 1.232787 0.010943
1520530413.552943 1.232777 0.010944
1520530413.652946 1.232709 0.010944
1520530413.853107 1.232835 0.010944
1520530413.953110 1.232826 0.010943
1520530414.053113 1.232807 0.010943
1520530414.153116 1.232799 0.010944
1520530414.252894 1.232767 0.010944
1520530414.352897 1.232796 0.010943
1520530414.452900 1.232761 0.010944
1520530414.552903 1.232882 0.010944
1520530414.652705 1.233053 0.010943
1520530414.752708 1.232896 0.010944
1520530414.852712 1.232797 0.010943
1520530414.952715 1.232780 0.010944
1520530415.052718 1.232816 0.010944
1520530415.103195 1.232773 0.010941
1520530415.203199 1.232833 0.010944
1520530415.303202 1.232788 0.010944
1520530415.453206 1.232836 0.010944
1520530415.553069 1.232866 0.010944
1520530415.653072 1.232730 0.010944
1520530415.753075 1.232730 0.010943
1520530415.903361 1.232815 0.010943
1520530416.053366 1.232752 0.010944
1520530416.403378 1.232635 0.010943
1520530416.553383 1.232825 0.010944
1520530416.653386 1.232848 0.010944
1520530416.703272 1.232822 0.010944
1520530416.803277 1.232783 0.010944
1520530416.903278 1.232760 0.010943
1520530417.003283 1.232751 0.010942
1520530417.103391 1.232785 0.010943
1520530417.203373 1.232790 0.010943
1520530417.353378 1.232794 0.010943
1520530417.603465 1.232868 0.010944
1520530417.703468 1.232772 0.010943
1520530417.803472 1.232857 0.010943
1520530417.903475 1.232860 0.010943
1520530418.003458 1.232813 0.010943
1520530418.103461 1.232776 0.010944
1520530418.203465 1.232723 0.010943
1520530418.303468 1.232791 0.010943
1520530418.453434 1.232808 0.010943
1520530418.603439 1.233037 0.010944
1520530418.753343 1.232785 0.010942
1520530418.853346 1.232801 0.010941
1520530418.953350 1.232836 0.010944
1520530419.053353 1.232880 0.010943
1520530419.153533 1.232827 0.010944
1520530419.253536 1.232810 0.010944
1520530419.353539 1.232799 0.010944
1520530419.453542 1.232792 0.010944
1520530419.603729 1.232796 0.010944
1520530419.753734 1.232821 0.010944
1520530419.853738 1.232809 0.010943
1520530419.953740 1.232799 0.010944
1520530420.053599 1.232773 0.010943
1520530420.153602 1.232767 0.010943
1520530420.203604 1.232787 0.010944
1520530420.303607 1.232802 0.010944
1520530420.403699 1.232769 0.010944
1520530420.503702 1.232793 0.010944
1520530420.653707 1.232763 0.010944
1520530420.803356 1.232822 0.010942
1520530420.903359 1.232788 0.010944
1520530421.003363 1.232786 0.010943
1520530421.103366 1.232813 0.010942
1520530421.153367 1.232775 0.010943
1520530421.253431 1.232784 0.010944
1520530421.303432 1.232809 0.010942
1520530421.403435 1.232742 0.010943
1520530421.503439 1.232710 0.010944
1520530421.603611 1.232727 0.010944
1520530421.703614 1.232760 0.010944
1520530421.853618 1.232727 0.010944
1520530422.003623 1.232753 0.010943
1520530422.103474 1.232771 0.010944
1520530422.203477 1.232732 0.010944
1520530422.303480 1.232672 0.010943
1520530422.403483 1.232638 0.010944
1520530422.503396 1.232717 0.010944
1520530422.553398 1.232718 0.010943
1520530422.653400 1.232696 0.010943
1520530422.753403 1.232713 0.010942
1520530422.853580 1.232719 0.010943
1520530423.053588 1.232791 0.010944
1520530423.153591 1.232806 0.010944
1520530423.253316 1.232737 0.010943
1520530423.353319 1.232737 0.010944
1520530423.453322 1.232725 0.010944
1520530423.603327 1.232750 0.010944
1520530423.652983 1.232737 0.010944
1520530423.752986 1.232745 0.010943
1520530423.802988 1.232711 0.010944
1520530423.902991 1.232701 0.010944
1520530424.002994 1.232745 0.010944
1520530424.103253 1.232753 0.010943
1520530424.153255 1.232738 0.010943
1520530424.253258 1.232722 0.010944
1520530424.353261 1.233220 0.010927
1520530424.453264 1.232731 0.010939
1520530424.504722 1.233224 0.010944
1520530424.604726 1.232853 0.010944
1520530424.704729 1.232798 0.010944
1520530424.854733 1.233067 0.010799
1520530424.903374 1.232951 0.010817
1520530425.003378 1.233153 0.010935
1520530425.053379 1.232620 0.010939
1520530425.153383 1.232705 0.010941
1520530425.253385 1.232582 0.010923
1520530425.353734 1.232589 0.010923
1520530425.453737 1.232653 0.010943
1520530425.603741 1.232841 0.010944
1520530425.703675 1.232854 0.010943
1520530425.803679 1.232878 0.010944
1520530425.853680 1.232792 0.010943
1520530425.953683 1.232776 0.010944
1520530426.103474 1.232893 0.010944
1520530426.203477 1.232908 0.010944
1520530426.253478 1.232833 0.010943
1520530426.353481 1.232797 0.010944
1520530426.403483 1.232738 0.010942
1520530426.503486 1.232773 0.010943
1520530426.703556 1.232942 0.010944
1520530426.753558 1.232874 0.010944
1520530426.853560 1.232803 0.010944
1520530426.903562 1.232827 0.010942
1520530427.003600 1.232842 0.010943
1520530427.103603 1.232909 0.010942
1520530427.203606 1.232896 0.010942
1520530427.303609 1.232864 0.010943
1520530427.403594 1.232773 0.010944
1520530427.503597 1.232821 0.010943
1520530427.803679 1.233354 0.010944
1520530427.903683 1.233170 0.010941
1520530427.953684 1.233053 0.010940
1520530428.053687 1.233017 0.010942
1520530428.103692 1.232931 0.010943
1520530428.203537 1.232834 0.010943
1520530428.253538 1.232813 0.010943
1520530428.353542 1.232830 0.010943
1520530428.403618 1.232832 0.010943
1520530428.503546 1.232774 0.010944
1520530428.553451 1.232730 0.010943
1520530428.653454 1.232730 0.010943
1520530428.753457 1.232745 0.010944
1520530428.803458 1.232700 0.010944
1520530428.903461 1.232786 0.010944
1520530428.953463 1.232890 0.010944
1520530429.053445 1.233029 0.010944
1520530429.103447 1.233138 0.010944
1520530429.203450 1.233125 0.010944
1520530429.253451 1.232820 0.010943
1520530429.353455 1.232887 0.010944
1520530429.403551 1.232910 0.010943
1520530429.503555 1.232970 0.010944
1520530429.553556 1.232916 0.010944
1520530429.653559 1.232884 0.010944
1520530429.703560 1.232801 0.010944
1520530429.803622 1.232812 0.010943
1520530429.853626 1.232851 0.010943
1520530429.953626 1.232803 0.010944
1520530430.003663 1.232783 0.010944
1520530430.103631 1.232809 0.010944
1520530430.153632 1.232811 0.010944
1520530430.253346 1.232814 0.010944
1520530430.303347 1.232801 0.010943
1520530430.403350 1.232814 0.010944
1520530430.453352 1.232789 0.010944
1520530430.553355 1.232756 0.010944
1520530430.653528 1.232764 0.010943
1520530430.753532 1.232751 0.010944
1520530430.853534 1.232785 0.010943
1520530430.953538 1.232798 0.010944
1520530431.003696 1.232811 0.010943
1520530431.103700 1.232816 0.010944
1520530431.203703 1.232814 0.010944
1520530431.253704 1.232747 0.010943
1520530431.353708 1.232802 0.010943
1520530431.403709 1.232884 0.010944
1520530431.503564 1.232872 0.010944
1520530431.553565 1.232849 0.010943
1520530431.653568 1.232872 0.010944
1520530431.703570 1.233039 0.010944
1520530431.803573 1.233006 0.010944
1520530431.853524 1.233019 0.010943
1520530431.953527 1.233275 0.010944
1520530432.003529 1.232923 0.010943
1520530432.103532 1.232833 0.010944
1520530432.153533 1.232778 0.010942
1520530432.253696 1.232808 0.010943
1520530432.303698 1.232787 0.010943
1520530432.403701 1.232737 0.010944
1520530432.503704 1.232758 0.010944
1520530432.553705 1.232741 0.010943
1520530432.653548 1.232734 0.010944
1520530432.703550 1.232762 0.010943
1520530432.803553 1.232777 0.010943
1520530432.853554 1.232837 0.010944
1520530432.953557 1.232988 0.010943
1520530433.003559 1.232983 0.010943
1520530433.103691 1.232994 0.010943
1520530433.153693 1.233035 0.010943
1520530433.253695 1.233000 0.010943
1520530433.353699 1.232872 0.010943
1520530433.453702 1.232795 0.010943
1520530433.553795 1.232771 0.010943
1520530433.603796 1.232747 0.010943
1520530433.703799 1.232729 0.010944
1520530433.803803 1.232726 0.010944
1520530433.853804 1.232765 0.010943
1520530433.953632 1.232754 0.010944
1520530434.003634 1.232767 0.010944
1520530434.103637 1.232762 0.010944
1520530434.153638 1.232736 0.010944
1520530434.253642 1.232657 0.010943
1520530434.303478 1.232686 0.010944
1520530434.403481 1.232733 0.010943
1520530434.453483 1.232720 0.010944
1520530434.553486 1.232777 0.010944
1520530434.603488 1.232764 0.010944
1520530434.703655 1.232720 0.010943
1520530434.753658 1.232766 0.010943
1520530434.853723 1.232767 0.010944
1520530434.903661 1.232784 0.010943
1520530435.003664 1.232791 0.010943
1520530435.103796 1.232765 0.010944
1520530435.153798 1.232742 0.010944
1520530435.253801 1.232735 0.010944
1520530435.303802 1.232747 0.010944
1520530435.403806 1.232754 0.010944
1520530435.453807 1.232758 0.010943
1520530435.554088 1.232743 0.010944
1520530435.604089 1.232734 0.010943
1520530435.704092 1.232773 0.010943
1520530435.754094 1.232754 0.010944
1520530435.854097 1.232765 0.010944
1520530435.904099 1.232797 0.010943
1520530436.003837 1.232734 0.010943
1520530436.053838 1.232742 0.010944
1520530436.153841 1.232749 0.010943
1520530436.253844 1.232746 0.010943
1520530436.353956 1.232738 0.010943
1520530436.453978 1.232761 0.010943
1520530436.653965 1.232910 0.010943
1520530436.754031 1.232840 0.010943
1520530436.854034 1.232829 0.010943
1520530436.904035 1.232789 0.010942
1520530437.004039 1.232787 0.010943
1520530437.054040 1.232779 0.010943
1520530437.153533 1.232770 0.010943
1520530437.203536 1.232763 0.010938
1520530437.303539 1.232848 0.010942
1520530437.353539 1.232877 0.010943
1520530437.453545 1.232887 0.010943
1520530437.503545 1.232803 0.010943
1520530437.603872 1.232738 0.010942
1520530437.653873 1.232765 0.010943
1520530437.753876 1.232749 0.010943
1520530437.803878 1.232741 0.010943
1520530437.903881 1.232756 0.010943
1520530438.004481 1.232759 0.010943
1520530438.104484 1.232750 0.010943
1520530438.204487 1.232744 0.010943
1520530438.304490 1.232721 0.010944
1520530438.354492 1.232717 0.010942
1520530438.453623 1.232699 0.010943
1520530438.503624 1.232667 0.010943
1520530438.603628 1.232707 0.010944
1520530438.703631 1.232699 0.010943
1520530438.753632 1.232711 0.010943
1520530438.854392 1.232744 0.010943
1520530438.954395 1.232761 0.010943
1520530439.104398 1.232790 0.010944
1520530439.254655 1.232815 0.010944
1520530439.404660 1.232733 0.010944
1520530439.604177 1.232532 0.010943
1520530439.704263 1.232698 0.010944
1520530439.804183 1.232706 0.010943
1520530439.904186 1.232724 0.010944
1520530440.004099 1.232751 0.010943
1520530440.104102 1.232742 0.010943
1520530440.204106 1.232794 0.010943
1520530440.304109 1.232889 0.010943
1520530440.404112 1.233022 0.010943
1520530440.503979 1.233078 0.010943
1520530440.603982 1.233039 0.010943
1520530440.703986 1.233023 0.010943
1520530440.853871 1.232919 0.010943
1520530440.953874 1.232711 0.010943
1520530441.053876 1.232657 0.010943
1520530441.153883 1.232689 0.010943
1520530441.253889 1.232730 0.010944
1520530441.353892 1.232837 0.010943
1520530441.453895 1.232812 0.010944
1520530441.553898 1.232804 0.010944
1520530441.704084 1.232822 0.010944
1520530441.854089 1.232820 0.010944
1520530441.954092 1.232754 0.010943
1520530442.054030 1.232742 0.010943
1520530442.154034 1.232685 0.010942
1520530442.254038 1.232663 0.010942
1520530442.304038 1.232647 0.010941
1520530442.404042 1.232662 0.010942
1520530442.503716 1.232652 0.010941
1520530442.553717 1.232679 0.010943
1520530442.653721 1.232683 0.010942
1520530442.703722 1.232696 0.010943
1520530442.803725 1.232694 0.010943
1520530442.853726 1.232696 0.010943
1520530442.954377 1.232652 0.010943
1520530443.054381 1.232687 0.010943
1520530443.154384 1.232717 0.010941
1520530443.254387 1.232670 0.010943
1520530443.454471 1.232766 0.010943
1520530443.554474 1.232763 0.010944
1520530443.654478 1.232796 0.010942
1520530443.754014 1.232699 0.010943
1520530443.854018 1.232665 0.010943
1520530443.954022 1.232709 0.010943
1520530444.054024 1.232706 0.010944
1520530444.104403 1.232689 0.010943
1520530444.204406 1.232696 0.010943
1520530444.304409 1.232690 0.010943
1520530444.404412 1.232661 0.010943
1520530444.505161 1.232797 0.010943
1520530444.555263 1.232712 0.010943
1520530444.655166 1.232820 0.010943
1520530444.755169 1.232781 0.010944
1520530444.855172 1.232778 0.010944
1520530444.954962 1.232771 0.010944
1520530445.054965 1.232707 0.010943
1520530445.104967 1.232703 0.010943
1520530445.204970 1.232656 0.010943
1520530445.254971 1.232696 0.010943
1520530445.353892 1.232767 0.010943
1520530445.453896 1.232702 0.010941
1520530445.503898 1.232641 0.010943
1520530445.603900 1.232670 0.010943
1520530445.653902 1.232714 0.010936
1520530445.753751 1.232651 0.010943
1520530445.803752 1.232631 0.010943
1520530445.903755 1.232644 0.010943
1520530445.953757 1.232659 0.010943
1520530446.053761 1.232657 0.010943
1520530446.154954 1.232919 0.010943
1520530446.204900 1.232400 0.010943
1520530446.304903 1.232652 0.010943
1520530446.404906 1.232632 0.010943
1520530446.504909 1.232664 0.010943
1520530446.604785 1.232695 0.010943
1520530446.704788 1.232731 0.010943
1520530446.804791 1.232755 0.010942
1520530446.904794 1.232737 0.010943
1520530447.004332 1.232712 0.010943
1520530447.104335 1.233307 0.010942
1520530447.204338 1.232671 0.010943
1520530447.304342 1.232664 0.010943
1520530447.404124 1.232691 0.010943
1520530447.554128 1.232719 0.010939
1520530447.704133 1.232688 0.010943
1520530447.954077 1.232729 0.010943
1520530448.253886 1.232900 0.010943
1520530449.003905 1.232766 0.010942
1520530449.153910 1.232657 0.010943
