DelayedMarginalization 0.000983821 3.01436e-08 0.00147926 1386
DelayedMarginalizationOnly 0.000471598 1.89732e-08 0.000791758 1386
EF-marginalizeFrame 0.00137285 4.30106e-08 0.00225259 1386
FullSystem::trackNewCoarse 0.0026319 8.239e-07 0.00989376 2672
FullSystem::trackNewCoarseNoIMU 0.00191563 3.32806e-05 0.0620533 111
FullSystemOptimize 0.0404319 4.71959e-05 0.0612203 1392
GraphUnrolling 0.00551422 2.35205e-05 0.014314 10
IMUInitAddPose 2.36131e-05 9.25967e-12 4.8364e-05 1392
IMUInitOptimize 0.0034542 1.96598e-06 0.00523123 4
IMUIntegration::finishKeyframeOperations 6.64147e-05 2.6461e-10 0.000380912 1383
InitializerFirstFrame 0.0340896 -nan 0.0340896 1
InitializerOtherFrames 0.0575469 8.87974e-05 0.0780287 35
MainMarginalization 0.00122277 3.83539e-08 0.00194603 1386
MarginalizationReplacementBuildGraph 0.000462878 6.13732e-08 0.0009132 8
MarginalizationReplacementReplaceGraph 0.0066499 2.40778e-05 0.0144232 8
MarginalizeMainGraph 0.000511557 7.46937e-09 0.00077533 1386
PGBA 0.0140634 3.167e-05 0.0180427 2
PGBAFull 0.00336934 4.7294e-05 0.0199468 10
PrepareGraphForMainOptimization 0.00556448 2.37229e-05 0.0143996 10
VisualMarginalization 4.27525e-05 8.18521e-11 9.6337e-05 1386
activatePointsMT 0.00343804 7.95988e-07 0.00793091 1392
addActiveFrame 0.0410471 0.000962463 0.102645 2819
addIMUData 0.000680908 2.31558e-08 0.00163308 2672
addIMUDataToBA 3.82656e-05 1.78428e-10 0.000119083 2818
addKeyframeToBA 3.19236e-05 1.73704e-11 8.6519e-05 1392
afterCoarseTracking 2.83715e-07 5.24439e-14 1.1796e-05 2783
baIteration 0.00622082 1.17508e-06 0.0115127 7997
baMatrixInversion 0.000231241 1.95751e-09 0.000612136 7997
baUpdateBuildHessians 0.000511437 5.48531e-09 0.00249186 7997
coarseTrackingIteration 0.000205171 4.97737e-09 0.000765462 28761
computeBAUpdate 0.000826661 1.42816e-08 0.00292946 7997
computeCoarseUpdate 0.000100444 5.22991e-10 0.00068802 26447
computeFactorForCoarseGraphAndMarginalCovariances 0.00317912 4.80322e-07 0.00592122 1383
convertHAndBFromDSO 0.000150321 3.4667e-09 0.000462509 13544
debugPlot 8.18053e-08 1.68499e-15 4.05e-07 1392
debugPlotIDepthMap 4.17552e-07 6.34362e-15 2.043e-06 1392
debugPlotIDepthMapFloat 7.91674e-08 7.88558e-16 3.17e-07 1392
deliverTrackedFrame 0.0352783 0.000955108 0.097669 2784
flagFramesForMarginalization 1.63794e-06 5.43019e-13 1.8462e-05 1392
fullCoarseTracking 0.00337679 2.30573e-06 0.0621137 2783
initObjectsAndMakeImage 0.00214313 6.67872e-08 0.00369053 2819
makeKeyframe 0.0654982 7.95072e-05 0.0976662 1392
makeKeyframeChangeTrackingRef 0.0023513 2.30065e-07 0.00436036 1392
makeNewTraces 0.00560105 9.49543e-07 0.0101217 1392
makeNonKeyframe 0.00505438 3.27415e-06 0.00908931 1392
marginalizeAndRemovePoints 0.00310542 1.04462e-06 0.00767524 1392
marginalizeFrame 0.00239563 1.24045e-07 0.00405717 1386
marginalizeFrameOverhead 0.00102048 5.44029e-08 0.00183972 1386
marginalizeFrames 0.00239303 2.57702e-07 0.00538386 1392
newFrameAndNewResidualsForOldPoints 0.001019 5.45769e-08 0.00181684 1392
printBiases 3.92959e-05 1.00208e-10 0.000111301 1392
printEigenValLine 1.12514e-07 5.71137e-16 4.89e-07 1392
printLogLine 1.70241e-07 3.01143e-15 4.24e-07 1392
publishInMakeKeyframe 2.11183e-07 3.25462e-14 6.559e-06 1392
removeOutliers 0.00017406 1.88566e-09 0.000386804 1392
swapTrackingRef 2.13677e-05 1.07161e-11 5.7248e-05 1392
timeMeasurement 7.99517e-07 1.55435e-13 2.0232e-05 2819
traceNewCoarse 0.00416065 3.24851e-06 0.00907846 2784
updateBAValues 5.73381e-06 3.69961e-12 8.5691e-05 13180
zero 9.60997e-08 1.15256e-15 1.507e-06 2819
