DelayedMarginalization 0.000947393 2.55324e-08 0.00159239 1393
DelayedMarginalizationOnly 0.000457534 1.70888e-08 0.00073178 1393
EF-marginalizeFrame 0.00136733 4.4799e-08 0.00214826 1393
FullSystem::trackNewCoarse 0.00248007 6.68174e-07 0.00925177 2673
FullSystem::trackNewCoarseNoIMU 0.00206449 4.52889e-05 0.0716525 110
FullSystemOptimize 0.0371374 4.85853e-05 0.0608399 1399
GraphUnrolling 0.00849583 7.86665e-05 0.019638 4
IMUInitAddPose 2.51653e-05 3.0614e-11 0.000112315 1399
IMUInitOptimize 0.00345124 2.39573e-06 0.00544415 4
IMUIntegration::finishKeyframeOperations 5.8085e-05 2.57883e-10 0.000457121 1390
InitializerFirstFrame 0.0328746 -nan 0.0328746 1
InitializerOtherFrames 0.0581178 8.99732e-05 0.0791295 35
MainMarginalization 0.00118429 3.20062e-08 0.0018224 1393
MarginalizationReplacementBuildGraph 0.00119682 4.34171e-07 0.0019493 3
MarginalizationReplacementReplaceGraph 0.0157439 3.22218e-05 0.0197578 2
MarginalizeMainGraph 0.000489139 6.25221e-09 0.00104514 1393
PGBA 0.0141731 6.45577e-06 0.0159697 2
PGBAFull 0.00662374 7.21067e-05 0.0178029 5
PrepareGraphForMainOptimization 0.00855184 7.91517e-05 0.0197252 4
VisualMarginalization 3.86503e-05 5.86123e-11 9.819e-05 1393
activatePointsMT 0.00329518 7.22901e-07 0.0102566 1399
addActiveFrame 0.0388787 0.000842837 0.102006 2819
addIMUData 0.00066906 2.1998e-08 0.00161833 2673
addIMUDataToBA 3.64998e-05 1.48451e-10 0.000268556 2818
addKeyframeToBA 3.54168e-05 6.06138e-11 0.000146907 1399
afterCoarseTracking 2.73213e-07 4.05956e-14 6.741e-06 2783
baIteration 0.00573254 1.32915e-06 0.0129622 7988
baMatrixInversion 0.000224915 1.66956e-09 0.000748056 7988
baUpdateBuildHessians 0.000495963 5.43657e-09 0.00351609 7988
coarseTrackingIteration 0.000194114 4.60551e-09 0.00115927 28509
computeBAUpdate 0.000806903 1.26357e-08 0.00380351 7988
computeCoarseUpdate 9.40961e-05 5.19051e-10 0.00110763 26076
computeFactorForCoarseGraphAndMarginalCovariances 0.00289171 2.05864e-07 0.00591067 1390
convertHAndBFromDSO 0.000146996 3.22088e-09 0.000799978 13563
debugPlot 7.01866e-08 1.42974e-15 3.58e-07 1399
debugPlotIDepthMap 4.33396e-07 1.08756e-14 1.895e-06 1399
debugPlotIDepthMapFloat 8.64568e-08 2.81836e-14 6.245e-06 1399
deliverTrackedFrame 0.0332829 0.00083203 0.0947764 2784
flagFramesForMarginalization 1.78148e-06 3.67319e-13 9.584e-06 1399
fullCoarseTracking 0.00322629 2.59286e-06 0.0717267 2783
initObjectsAndMakeImage 0.00208691 4.57322e-08 0.00419407 2819
makeKeyframe 0.0613697 6.63167e-05 0.094774 1399
makeKeyframeChangeTrackingRef 0.00222503 1.15936e-07 0.00401077 1399
makeNewTraces 0.00529636 5.59368e-07 0.0103829 1399
makeNonKeyframe 0.00490776 2.86073e-06 0.00863996 1385
marginalizeAndRemovePoints 0.00307807 8.81481e-07 0.00808871 1399
marginalizeFrame 0.00244372 1.50084e-07 0.00395309 1393
marginalizeFrameOverhead 0.00107401 6.86875e-08 0.00197872 1393
marginalizeFrames 0.00244128 2.87588e-07 0.0050613 1399
newFrameAndNewResidualsForOldPoints 0.00102927 5.51118e-08 0.00199877 1399
printBiases 3.79558e-05 1.80281e-10 0.00027011 1399
printEigenValLine 1.10005e-07 4.34971e-16 3.32e-07 1399
printLogLine 2.16194e-07 8.98124e-14 1.1207e-05 1399
publishInMakeKeyframe 2.32177e-07 8.85149e-15 8.2e-07 1399
removeOutliers 0.000176922 2.5857e-09 0.000483846 1399
swapTrackingRef 2.41401e-05 2.62024e-11 6.0912e-05 1399
timeMeasurement 8.814e-07 1.20225e-13 7.938e-06 2819
traceNewCoarse 0.00408903 2.83309e-06 0.00862217 2784
updateBAValues 6.21506e-06 5.65427e-12 9.1521e-05 13166
zero 1.16052e-07 2.01904e-14 7.145e-06 2819
