1403637158.238319  0.006679  0.026655 -0.000005 0.002614 0.003050 0.000000
1403637158.388319 0.007801 0.023696 0.000001 0.002337 0.002692 0.000000
1403637158.538319 0.007237 0.025170 0.000002 0.002163 0.002287 0.000000
1403637158.688319  0.007247  0.025182 -0.000000 0.001996 0.002109 0.000000
1403637158.838319  0.007207  0.023872 -0.000001 0.001846 0.001886 0.000000
1403637158.988319  0.007428  0.023656 -0.000001 0.001739 0.001705 0.000000
1403637159.188319  0.007379  0.023324 -0.000000 0.001604 0.001496 0.000000
1403637159.438319 0.009093 0.021864 0.000000 0.001449 0.001294 0.000000
1403637159.588319  0.008590  0.019852 -0.000000 0.001341 0.001214 0.000000
1403637159.738319  0.008673  0.019558 -0.000000 0.001230 0.001131 0.000000
1403637159.888319 0.009370 0.018570 0.000000 0.001131 0.001058 0.000000
1403637160.038319 0.009068 0.017769 0.000000 0.001040 0.000994 0.000000
1403637160.138319 0.008893 0.017356 0.000000 0.000995 0.000960 0.000000
1403637160.238319 0.008695 0.016999 0.000000 0.000943 0.000925 0.000000
1403637160.338319 0.008556 0.016813 0.000000 0.000901 0.000894 0.000000
1403637160.438319 0.008411 0.016366 0.000000 0.000863 0.000864 0.000000
1403637160.588319  0.008453  0.015016 -0.000000 0.000807 0.000827 0.000000
1403637160.738319 0.008779 0.013696 0.000000 0.000757 0.000786 0.000000
1403637160.888319 0.008104 0.012561 0.000000 0.000701 0.000746 0.000000
1403637161.038319 0.007851 0.011783 0.000000 0.000645 0.000709 0.000000
1403637161.238319 0.007360 0.011335 0.000001 0.000577 0.000664 0.000000
1403637161.338319 0.007208 0.011350 0.000001 0.000549 0.000645 0.000000
1403637161.488319 0.007209 0.011482 0.000000 0.000514 0.000618 0.000000
1403637161.588319  0.007347  0.011585 -0.000000 0.000492 0.000599 0.000000
1403637161.738319  0.007445  0.011356 -0.000000 0.000469 0.000576 0.000000
1403637161.888319  0.007620  0.011010 -0.000000 0.000450 0.000556 0.000000
1403637162.038319  0.007675  0.010845 -0.000000 0.000434 0.000536 0.000000
1403637162.338319  0.007684  0.010283 -0.000000 0.000408 0.000505 0.000000
1403637162.538319  0.007564  0.009817 -0.000000 0.000394 0.000489 0.000000
1403637162.788319 0.007721 0.009662 0.000000 0.000380 0.000473 0.000000
1403637162.988319  0.008475  0.009824 -0.000000 0.000370 0.000469 0.000000
1403637163.138319  0.008568  0.009213 -0.000000 0.000370 0.000468 0.000000
1403637163.288319  0.008488  0.008667 -0.000000 0.000367 0.000461 0.000000
1403637163.438319  0.008485  0.008289 -0.000000 0.000363 0.000457 0.000000
1403637163.588319  0.008352  0.008080 -0.000000 0.000359 0.000455 0.000000
1403637163.738319 0.008198 0.007936 0.000000 0.000355 0.000452 0.000000
1403637163.888319 0.008055 0.007801 0.000000 0.000352 0.000448 0.000000
1403637164.038319 0.007949 0.007673 0.000000 0.000349 0.000443 0.000000
1403637164.188319  0.007790  0.007446 -0.000000 0.000348 0.000434 0.000000
1403637164.338319  0.007661  0.007099 -0.000000 0.000346 0.000426 0.000000
1403637164.488319  0.007614  0.006650 -0.000001 0.000345 0.000418 0.000000
1403637164.638319  0.007519  0.006140 -0.000001 0.000345 0.000413 0.000000
1403637164.788319  0.007443  0.005169 -0.000000 0.000343 0.000405 0.000000
1403637164.938319  0.007497  0.004632 -0.000000 0.000342 0.000398 0.000000
1403637165.088319  0.007547  0.003891 -0.000000 0.000339 0.000391 0.000000
1403637165.188319  0.007608  0.003667 -0.000000 0.000337 0.000386 0.000000
1403637165.288319  0.007684  0.003115 -0.000000 0.000334 0.000382 0.000000
1403637165.388319  0.007865  0.002415 -0.000000 0.000332 0.000376 0.000000
1403637165.488319  0.007940  0.002040 -0.000000 0.000330 0.000373 0.000000
1403637165.588319  0.007808  0.001606 -0.000000 0.000328 0.000370 0.000000
1403637165.688319  0.007806  0.001056 -0.000000 0.000325 0.000366 0.000000
1403637165.788319  0.008247  0.000310 -0.000000 0.000321 0.000362 0.000000
1403637165.888319  0.008380 -0.000033 -0.000001 0.000315 0.000358 0.000000
1403637166.038319  0.008351 -0.000461 -0.000001 0.000310 0.000354 0.000000
1403637166.188319  0.008407 -0.000866 -0.000001 0.000301 0.000350 0.000000
1403637166.338319  0.008412 -0.000988 -0.000000 0.000293 0.000347 0.000000
1403637166.438319  0.008388 -0.001228 -0.000000 0.000289 0.000345 0.000000
1403637166.638319  0.008795 -0.001580 -0.000000 0.000281 0.000342 0.000000
1403637166.788319  0.009253 -0.001955 -0.000000 0.000275 0.000338 0.000000
1403637167.088319  0.010148 -0.002695 -0.000000 0.000267 0.000333 0.000000
1403637167.338319  0.011167 -0.003560 -0.000000 0.000261 0.000328 0.000000
1403637167.538319  0.011535 -0.003927 -0.000000 0.000259 0.000326 0.000000
1403637167.688319  0.011634 -0.003946  0.000000 0.000257 0.000325 0.000000
1403637167.838319  0.011692 -0.003933  0.000000 0.000257 0.000324 0.000000
1403637167.988319  0.011728 -0.003926  0.000000 0.000256 0.000323 0.000000
1403637168.138319  0.011758 -0.003915  0.000000 0.000256 0.000322 0.000000
1403637168.288319  0.011845 -0.003877 -0.000000 0.000256 0.000322 0.000000
1403637168.438319  0.011955 -0.003916 -0.000000 0.000255 0.000321 0.000000
1403637168.588319  0.012027 -0.003984 -0.000000 0.000255 0.000320 0.000000
1403637168.738319  0.012076 -0.004078 -0.000000 0.000255 0.000320 0.000000
1403637168.888319  0.012115 -0.004173 -0.000000 0.000254 0.000319 0.000000
1403637169.038319  0.012139 -0.004232 -0.000000 0.000254 0.000319 0.000000
1403637169.188319  0.012152 -0.004272 -0.000000 0.000254 0.000319 0.000000
1403637169.338319  0.012174 -0.004318 -0.000000 0.000254 0.000319 0.000000
1403637169.488319  0.012160 -0.004323  0.000000 0.000254 0.000318 0.000000
1403637169.588319  0.012150 -0.004340 -0.000000 0.000253 0.000318 0.000000
1403637169.688319  0.012146 -0.004397 -0.000000 0.000253 0.000318 0.000000
1403637169.788319  0.012118 -0.004421 -0.000000 0.000253 0.000317 0.000000
1403637169.888319  0.012093 -0.004429 -0.000000 0.000253 0.000317 0.000000
1403637169.988319  0.012121 -0.004465 -0.000000 0.000253 0.000317 0.000000
1403637170.088319  0.012044 -0.004417  0.000000 0.000252 0.000316 0.000000
1403637170.188319  0.011983 -0.004366  0.000000 0.000252 0.000316 0.000000
1403637170.288319  0.011975 -0.004386 -0.000000 0.000251 0.000315 0.000000
1403637170.388319  0.011951 -0.004377  0.000000 0.000250 0.000314 0.000000
1403637170.488319  0.011937 -0.004367  0.000000 0.000250 0.000313 0.000000
1403637170.588319  0.011891 -0.004329  0.000000 0.000249 0.000312 0.000000
1403637170.688319  0.011853 -0.004324 -0.000000 0.000248 0.000310 0.000000
1403637170.788319  0.011836 -0.004330 -0.000000 0.000247 0.000309 0.000000
1403637170.888319  0.011840 -0.004333 -0.000000 0.000246 0.000308 0.000000
1403637170.988319  0.011908 -0.004432 -0.000000 0.000244 0.000306 0.000000
1403637171.088319  0.012035 -0.004454  0.000000 0.000243 0.000304 0.000000
1403637171.188319  0.012075 -0.004516 -0.000000 0.000242 0.000302 0.000000
1403637171.288319  0.012104 -0.004519 -0.000000 0.000241 0.000300 0.000000
1403637171.388319  0.012135 -0.004540 -0.000000 0.000240 0.000297 0.000000
1403637171.488319  0.012168 -0.004584 -0.000000 0.000238 0.000295 0.000000
1403637171.588319  0.012200 -0.004572  0.000000 0.000237 0.000293 0.000000
1403637171.688319  0.012280 -0.004565  0.000000 0.000236 0.000290 0.000000
1403637171.788319  0.012356 -0.004503  0.000000 0.000235 0.000287 0.000000
1403637171.888319  0.012406 -0.004434  0.000000 0.000233 0.000284 0.000000
1403637171.988319  0.012450 -0.004391  0.000000 0.000232 0.000281 0.000000
1403637172.088319  0.012460 -0.004387  0.000000 0.000232 0.000278 0.000000
1403637172.188319  0.012490 -0.004368  0.000000 0.000231 0.000276 0.000000
1403637172.288319  0.012561 -0.004360  0.000000 0.000230 0.000274 0.000000
1403637172.388319  0.012630 -0.004387  0.000000 0.000229 0.000271 0.000000
1403637172.488319  0.012620 -0.004310  0.000000 0.000229 0.000268 0.000000
1403637172.588319  0.012590 -0.004209  0.000000 0.000228 0.000265 0.000000
1403637172.688319  0.012539 -0.004075  0.000000 0.000227 0.000262 0.000000
1403637172.838319  0.012501 -0.004013  0.000000 0.000226 0.000259 0.000000
1403637172.938319  0.012410 -0.003946  0.000000 0.000225 0.000256 0.000000
1403637173.088319  0.012332 -0.003890  0.000000 0.000223 0.000253 0.000000
1403637173.238319  0.012356 -0.003859  0.000000 0.000221 0.000251 0.000000
1403637173.388319  0.012207 -0.003663  0.000000 0.000218 0.000248 0.000000
1403637173.488319  0.012134 -0.003563  0.000000 0.000217 0.000247 0.000000
1403637173.588319  0.012089 -0.003501  0.000000 0.000215 0.000246 0.000000
1403637173.738319  0.012011 -0.003396  0.000000 0.000213 0.000245 0.000000
1403637173.888319  0.012000 -0.003361  0.000000 0.000211 0.000244 0.000000
1403637173.988319  0.012039 -0.003343  0.000000 0.000210 0.000243 0.000000
1403637174.088319  0.012051 -0.003315  0.000000 0.000209 0.000243 0.000000
1403637174.188319  0.012052 -0.003310  0.000000 0.000208 0.000243 0.000000
1403637174.288319  0.012012 -0.003259  0.000000 0.000207 0.000242 0.000000
1403637174.388319  0.012004 -0.003252  0.000000 0.000207 0.000242 0.000000
1403637174.488319  0.011960 -0.003233  0.000000 0.000206 0.000242 0.000000
1403637174.588319  0.011909 -0.003231 -0.000000 0.000206 0.000242 0.000000
1403637174.688319  0.011845 -0.003223 -0.000000 0.000206 0.000241 0.000000
1403637174.788319  0.011805 -0.003219 -0.000000 0.000206 0.000241 0.000000
1403637174.888319  0.011797 -0.003205  0.000000 0.000206 0.000241 0.000000
1403637174.988319  0.011799 -0.003193  0.000000 0.000205 0.000241 0.000000
1403637175.088319  0.011794 -0.003185  0.000000 0.000205 0.000241 0.000000
1403637175.188319  0.011787 -0.003144  0.000000 0.000205 0.000241 0.000000
1403637175.288319  0.011775 -0.003095  0.000000 0.000205 0.000241 0.000000
1403637175.388319  0.011768 -0.003070  0.000000 0.000205 0.000241 0.000000
1403637175.488319  0.011755 -0.003055  0.000000 0.000205 0.000241 0.000000
1403637175.588319  0.011766 -0.003045  0.000000 0.000205 0.000241 0.000000
1403637175.688319  0.011782 -0.003016  0.000000 0.000205 0.000241 0.000000
1403637175.788319  0.011764 -0.002976  0.000000 0.000205 0.000241 0.000000
1403637175.888319  0.011766 -0.002923  0.000000 0.000205 0.000241 0.000000
1403637175.988319  0.011765 -0.002891  0.000000 0.000205 0.000241 0.000000
1403637176.088319  0.011751 -0.002852  0.000000 0.000205 0.000240 0.000000
1403637176.188319  0.011734 -0.002832  0.000000 0.000205 0.000240 0.000000
1403637176.288319  0.011731 -0.002819  0.000000 0.000204 0.000240 0.000000
1403637176.388319  0.011733 -0.002793  0.000000 0.000204 0.000240 0.000000
1403637176.488319  0.011736 -0.002776  0.000000 0.000204 0.000240 0.000000
1403637176.588319  0.011727 -0.002753  0.000000 0.000204 0.000240 0.000000
1403637176.688319  0.011709 -0.002696  0.000000 0.000204 0.000240 0.000000
1403637176.838319  0.011642 -0.002592  0.000000 0.000204 0.000240 0.000000
1403637176.938319  0.011628 -0.002532  0.000000 0.000204 0.000240 0.000000
1403637177.038319  0.011656 -0.002509  0.000000 0.000204 0.000240 0.000000
1403637177.138319  0.011657 -0.002488  0.000000 0.000203 0.000239 0.000000
1403637177.238319  0.011659 -0.002447  0.000000 0.000203 0.000239 0.000000
1403637177.388319  0.011632 -0.002382  0.000000 0.000203 0.000239 0.000000
1403637177.538319  0.011613 -0.002320  0.000000 0.000203 0.000239 0.000000
1403637177.688319  0.011612 -0.002258  0.000000 0.000202 0.000238 0.000000
1403637177.838319  0.011565 -0.002129  0.000000 0.000202 0.000238 0.000000
1403637177.988319  0.011562 -0.002103  0.000000 0.000202 0.000237 0.000000
1403637178.088319  0.011575 -0.002082 -0.000000 0.000201 0.000237 0.000000
1403637178.238319  0.011553 -0.002030  0.000000 0.000201 0.000237 0.000000
1403637178.388319  0.011535 -0.002018  0.000000 0.000201 0.000236 0.000000
1403637178.488319  0.011494 -0.001990  0.000000 0.000201 0.000236 0.000000
1403637178.638319  0.011429 -0.001962  0.000000 0.000200 0.000236 0.000000
1403637178.788319  0.011360 -0.001930  0.000000 0.000200 0.000235 0.000000
1403637178.988319  0.011231 -0.001853  0.000000 0.000200 0.000235 0.000000
1403637179.188319  0.011188 -0.001822  0.000000 0.000200 0.000234 0.000000
1403637179.388319  0.011094 -0.001760  0.000000 0.000199 0.000233 0.000000
1403637179.588319  0.011033 -0.001690  0.000000 0.000199 0.000233 0.000000
1403637179.788319  0.011022 -0.001597  0.000000 0.000198 0.000233 0.000000
1403637179.988319  0.010998 -0.001533  0.000000 0.000198 0.000232 0.000000
1403637180.138319  0.010985 -0.001451  0.000000 0.000198 0.000232 0.000000
1403637180.288319  0.010963 -0.001302  0.000000 0.000197 0.000232 0.000000
1403637180.438319  0.010960 -0.001222  0.000000 0.000197 0.000232 0.000000
1403637180.588319  0.010975 -0.001161  0.000000 0.000197 0.000232 0.000000
1403637180.738319  0.010986 -0.001108  0.000000 0.000197 0.000231 0.000000
1403637180.888319  0.011005 -0.001083  0.000000 0.000196 0.000231 0.000000
1403637181.038319  0.010945 -0.001055  0.000000 0.000196 0.000231 0.000000
1403637181.138319  0.010935 -0.001030  0.000000 0.000196 0.000231 0.000000
1403637181.238319  0.010909 -0.001009  0.000000 0.000196 0.000231 0.000000
1403637181.338319  0.010885 -0.000982  0.000000 0.000196 0.000231 0.000000
1403637181.438319  0.010858 -0.000956  0.000000 0.000196 0.000231 0.000000
1403637181.538319  0.010822 -0.000930  0.000000 0.000195 0.000230 0.000000
1403637181.638319  0.010784 -0.000907 -0.000000 0.000195 0.000230 0.000000
1403637181.738319  0.010685 -0.000943 -0.000000 0.000195 0.000230 0.000000
1403637181.838319  0.010646 -0.000962 -0.000000 0.000195 0.000230 0.000000
1403637181.938319  0.010576 -0.000973 -0.000000 0.000195 0.000230 0.000000
1403637182.038319  0.010533 -0.000968  0.000000 0.000195 0.000230 0.000000
1403637182.138319  0.010488 -0.000988 -0.000000 0.000194 0.000230 0.000000
1403637182.238319  0.010440 -0.001014 -0.000000 0.000194 0.000230 0.000000
1403637182.338319  0.010402 -0.001014  0.000000 0.000194 0.000230 0.000000
1403637182.438319  0.010377 -0.001023 -0.000000 0.000194 0.000230 0.000000
1403637182.538319  0.010355 -0.001027 -0.000000 0.000194 0.000229 0.000000
1403637182.688319  0.010324 -0.001030  0.000000 0.000194 0.000229 0.000000
1403637182.838319  0.010292 -0.001036 -0.000000 0.000193 0.000229 0.000000
1403637182.988319  0.010292 -0.001099 -0.000000 0.000193 0.000229 0.000000
1403637183.138319  0.010235 -0.001167 -0.000000 0.000193 0.000229 0.000000
1403637183.338319  0.010195 -0.001200 -0.000000 0.000193 0.000229 0.000000
1403637183.588319  0.010153 -0.001264 -0.000000 0.000193 0.000228 0.000000
1403637183.788319  0.010106 -0.001292 -0.000000 0.000193 0.000228 0.000000
1403637183.988319  0.010075 -0.001325 -0.000000 0.000193 0.000228 0.000000
1403637184.238319  0.010072 -0.001347 -0.000000 0.000193 0.000227 0.000000
1403637184.438319  0.010078 -0.001374 -0.000000 0.000193 0.000227 0.000000
1403637184.538319  0.010109 -0.001370  0.000000 0.000193 0.000227 0.000000
1403637184.638319  0.010114 -0.001372  0.000000 0.000192 0.000227 0.000000
1403637184.738319  0.010118 -0.001371  0.000000 0.000193 0.000227 0.000000
1403637184.838319  0.010123 -0.001341  0.000000 0.000193 0.000227 0.000000
1403637184.938319  0.010127 -0.001320  0.000000 0.000193 0.000227 0.000000
1403637185.088319  0.010122 -0.001295  0.000000 0.000192 0.000227 0.000000
1403637185.238319  0.010115 -0.001272  0.000000 0.000192 0.000227 0.000000
1403637185.388319  0.010107 -0.001243  0.000000 0.000192 0.000227 0.000000
1403637185.588319  0.010099 -0.001234  0.000000 0.000192 0.000226 0.000000
1403637185.738319  0.010081 -0.001244 -0.000000 0.000192 0.000226 0.000000
1403637185.888319  0.010069 -0.001243 -0.000000 0.000192 0.000226 0.000000
1403637186.088319  0.010035 -0.001295 -0.000000 0.000192 0.000226 0.000000
1403637186.338319  0.009994 -0.001329 -0.000000 0.000192 0.000226 0.000000
1403637186.538319  0.009954 -0.001366 -0.000000 0.000192 0.000226 0.000000
1403637186.788319  0.009946 -0.001361 -0.000000 0.000192 0.000226 0.000000
1403637187.038319  0.009942 -0.001395 -0.000000 0.000192 0.000226 0.000000
1403637187.288319  0.009948 -0.001387 -0.000000 0.000192 0.000226 0.000000
1403637187.488319  0.009964 -0.001401 -0.000000 0.000192 0.000226 0.000000
1403637187.738319  0.009961 -0.001410 -0.000000 0.000192 0.000226 0.000000
1403637187.938319  0.009966 -0.001409  0.000000 0.000192 0.000226 0.000000
1403637188.138319  0.009949 -0.001395  0.000000 0.000192 0.000226 0.000000
1403637188.288319  0.009950 -0.001385  0.000000 0.000192 0.000225 0.000000
1403637188.438319  0.009955 -0.001387  0.000000 0.000192 0.000225 0.000000
1403637188.688319  0.009961 -0.001394  0.000000 0.000192 0.000225 0.000000
1403637188.888319  0.009955 -0.001377  0.000000 0.000192 0.000225 0.000000
1403637189.088319  0.009957 -0.001367  0.000000 0.000192 0.000225 0.000000
1403637189.338319  0.009967 -0.001355  0.000000 0.000192 0.000225 0.000000
1403637189.538319  0.009948 -0.001333  0.000000 0.000192 0.000225 0.000000
1403637189.738319  0.009942 -0.001297  0.000000 0.000191 0.000225 0.000000
1403637189.938319  0.009924 -0.001281  0.000000 0.000191 0.000225 0.000000
1403637190.138319  0.009938 -0.001274  0.000000 0.000191 0.000224 0.000000
1403637190.388319  0.009940 -0.001287 -0.000000 0.000191 0.000224 0.000000
1403637190.638319  0.009946 -0.001316  0.000000 0.000191 0.000224 0.000000
1403637190.888319  0.009904 -0.001340 -0.000000 0.000191 0.000224 0.000000
1403637191.238319  0.009924 -0.001341  0.000000 0.000191 0.000224 0.000000
1403637191.538319  0.009912 -0.001318  0.000000 0.000191 0.000224 0.000000
1403637191.788319  0.009904 -0.001311  0.000000 0.000191 0.000224 0.000000
1403637192.088319  0.009909 -0.001318 -0.000000 0.000191 0.000224 0.000000
1403637192.288319  0.009910 -0.001304  0.000000 0.000191 0.000223 0.000000
1403637192.638319  0.009869 -0.001373 -0.000000 0.000191 0.000223 0.000000
1403637192.938319  0.009883 -0.001365  0.000000 0.000191 0.000223 0.000000
1403637193.138319  0.009867 -0.001365 -0.000000 0.000190 0.000223 0.000000
1403637193.388319  0.009856 -0.001361  0.000000 0.000190 0.000223 0.000000
1403637193.638319  0.009853 -0.001338  0.000000 0.000190 0.000223 0.000000
1403637193.888319  0.009843 -0.001352  0.000000 0.000190 0.000223 0.000000
1403637194.188319  0.009850 -0.001334  0.000000 0.000190 0.000223 0.000000
1403637194.538319  0.009859 -0.001305  0.000000 0.000190 0.000222 0.000000
1403637194.688319  0.009884 -0.001279  0.000000 0.000190 0.000222 0.000000
1403637194.938319  0.009852 -0.001244  0.000000 0.000190 0.000222 0.000000
1403637195.188319  0.009823 -0.001218  0.000000 0.000190 0.000222 0.000000
1403637195.388319  0.009815 -0.001188  0.000000 0.000190 0.000222 0.000000
1403637195.638319  0.009809 -0.001173  0.000000 0.000190 0.000222 0.000000
1403637195.838319  0.009837 -0.001158  0.000000 0.000190 0.000222 0.000000
1403637196.088319  0.009858 -0.001104  0.000000 0.000190 0.000222 0.000000
1403637196.288319  0.009872 -0.001081  0.000000 0.000190 0.000222 0.000000
1403637196.488319  0.009884 -0.001058  0.000000 0.000190 0.000222 0.000000
1403637196.688319  0.009877 -0.001058  0.000000 0.000190 0.000222 0.000000
1403637196.838319  0.009867 -0.001048  0.000000 0.000190 0.000222 0.000000
1403637196.988319  0.009900 -0.001014  0.000000 0.000190 0.000222 0.000000
1403637197.138319  0.009908 -0.000995  0.000000 0.000190 0.000222 0.000000
1403637197.238319  0.009905 -0.000980  0.000000 0.000190 0.000222 0.000000
1403637197.338319  0.009892 -0.000982 -0.000000 0.000190 0.000222 0.000000
1403637197.438319  0.009868 -0.000981  0.000000 0.000190 0.000221 0.000000
1403637197.538319  0.009839 -0.000980  0.000000 0.000190 0.000221 0.000000
1403637197.638319  0.009832 -0.000964  0.000000 0.000190 0.000221 0.000000
1403637197.738319  0.009830 -0.000956 -0.000000 0.000190 0.000221 0.000000
1403637197.838319  0.009836 -0.000936  0.000000 0.000190 0.000221 0.000000
1403637197.938319  0.009825 -0.000929 -0.000000 0.000190 0.000221 0.000000
1403637198.038319  0.009817 -0.000920  0.000000 0.000189 0.000221 0.000000
1403637198.138319  0.009815 -0.000917  0.000000 0.000189 0.000221 0.000000
1403637198.238319  0.009804 -0.000908  0.000000 0.000189 0.000221 0.000000
1403637198.338319  0.009803 -0.000902  0.000000 0.000189 0.000220 0.000000
1403637198.438319  0.009794 -0.000908 -0.000000 0.000189 0.000220 0.000000
1403637198.538319  0.009768 -0.000928 -0.000000 0.000188 0.000220 0.000000
1403637198.638319  0.009673 -0.000958 -0.000000 0.000188 0.000219 0.000000
1403637198.738319  0.009605 -0.000923 -0.000000 0.000188 0.000219 0.000000
1403637198.838319  0.009577 -0.000905  0.000000 0.000187 0.000218 0.000000
1403637198.938319  0.009551 -0.000873  0.000000 0.000187 0.000218 0.000000
1403637199.038319  0.009522 -0.000868 -0.000000 0.000186 0.000217 0.000000
1403637199.138319  0.009495 -0.000877 -0.000000 0.000186 0.000216 0.000000
1403637199.238319  0.009452 -0.000903 -0.000000 0.000185 0.000216 0.000000
1403637199.338319  0.009400 -0.000890  0.000000 0.000185 0.000215 0.000000
1403637199.438319  0.009287 -0.000909 -0.000000 0.000184 0.000214 0.000000
1403637199.538319  0.009142 -0.000875 -0.000000 0.000184 0.000214 0.000000
1403637199.638319  0.009010 -0.000871 -0.000000 0.000183 0.000213 0.000000
1403637199.738319  0.008882 -0.000940 -0.000000 0.000183 0.000212 0.000000
1403637199.838319  0.008743 -0.000991 -0.000000 0.000182 0.000211 0.000000
1403637199.938319  0.008642 -0.001066 -0.000000 0.000181 0.000210 0.000000
1403637200.038319  0.008624 -0.001110 -0.000000 0.000181 0.000209 0.000000
1403637200.138319  0.008605 -0.001125 -0.000000 0.000180 0.000207 0.000000
1403637200.238319  0.008614 -0.001154 -0.000000 0.000180 0.000206 0.000000
1403637200.338319  0.008600 -0.001231 -0.000000 0.000180 0.000204 0.000000
1403637200.438319  0.008607 -0.001278 -0.000000 0.000179 0.000202 0.000000
1403637200.538319  0.008605 -0.001295  0.000000 0.000179 0.000201 0.000000
1403637200.638319  0.008548 -0.001251  0.000000 0.000178 0.000199 0.000000
1403637200.738319  0.008476 -0.001316 -0.000000 0.000178 0.000198 0.000000
1403637200.838319  0.008449 -0.001209  0.000000 0.000177 0.000196 0.000000
1403637200.988319  0.008442 -0.001213 -0.000000 0.000176 0.000194 0.000000
1403637201.138319  0.008420 -0.001203  0.000000 0.000176 0.000192 0.000000
1403637201.288319  0.008388 -0.001148  0.000000 0.000175 0.000190 0.000000
1403637201.438319  0.008378 -0.001103  0.000000 0.000174 0.000188 0.000000
1403637201.638319  0.008373 -0.000942  0.000000 0.000173 0.000186 0.000000
1403637201.888319  0.008245 -0.000531  0.000000 0.000171 0.000183 0.000000
1403637202.188319 0.007702 0.000137 0.000000 0.000169 0.000181 0.000000
1403637202.438319 0.007532 0.000323 0.000000 0.000167 0.000180 0.000000
1403637202.688319 0.007349 0.000532 0.000000 0.000166 0.000179 0.000000
1403637202.988319 0.007175 0.000691 0.000000 0.000165 0.000178 0.000000
1403637203.388319 0.007016 0.000828 0.000000 0.000164 0.000177 0.000000
1403637203.688319 0.006955 0.000951 0.000000 0.000163 0.000176 0.000000
1403637204.038319 0.006916 0.001124 0.000000 0.000162 0.000175 0.000000
1403637204.938319 0.006947 0.001354 0.000000 0.000161 0.000173 0.000000
1403637206.188319  0.006934  0.001494 -0.000000 0.000160 0.000171 0.000000
1403637207.588319 0.007122 0.001634 0.000000 0.000160 0.000170 0.000000
1403637208.938319 0.007186 0.001865 0.000000 0.000159 0.000170 0.000000
1403637209.188319 0.007189 0.001868 0.000000 0.000159 0.000170 0.000000
1403637209.488319 0.007196 0.001891 0.000000 0.000159 0.000170 0.000000
1403637209.738319 0.007180 0.001882 0.000000 0.000159 0.000170 0.000000
1403637210.088319 0.007140 0.001856 0.000000 0.000159 0.000169 0.000000
1403637210.288319  0.007138  0.001842 -0.000000 0.000159 0.000169 0.000000
1403637210.538319  0.007156  0.001821 -0.000000 0.000159 0.000169 0.000000
1403637210.738319  0.007154  0.001809 -0.000000 0.000159 0.000169 0.000000
1403637210.888319  0.007144  0.001803 -0.000000 0.000159 0.000169 0.000000
1403637211.038319  0.007140  0.001798 -0.000000 0.000159 0.000169 0.000000
1403637211.188319 0.007140 0.001806 0.000000 0.000159 0.000169 0.000000
1403637211.338319  0.007119  0.001786 -0.000000 0.000159 0.000169 0.000000
1403637211.538319 0.007125 0.001804 0.000000 0.000159 0.000168 0.000000
1403637211.688319 0.007112 0.001814 0.000000 0.000158 0.000168 0.000000
1403637211.838319  0.007112  0.001836 -0.000000 0.000158 0.000168 0.000000
1403637211.988319 0.007129 0.001829 0.000000 0.000158 0.000168 0.000000
1403637212.088319 0.007120 0.001827 0.000000 0.000158 0.000168 0.000000
1403637212.188319  0.007110  0.001820 -0.000000 0.000158 0.000168 0.000000
1403637212.338319  0.007113  0.001816 -0.000000 0.000158 0.000168 0.000000
1403637212.438319  0.007117  0.001804 -0.000000 0.000158 0.000168 0.000000
1403637212.588319 0.007114 0.001818 0.000000 0.000158 0.000168 0.000000
1403637212.738319 0.007111 0.001830 0.000000 0.000158 0.000168 0.000000
1403637212.888319 0.007122 0.001846 0.000000 0.000158 0.000168 0.000000
1403637213.088319 0.007129 0.001852 0.000000 0.000158 0.000168 0.000000
1403637213.238319 0.007102 0.001889 0.000000 0.000158 0.000168 0.000000
1403637213.388319 0.007147 0.001877 0.000000 0.000158 0.000168 0.000000
1403637213.538319  0.007149  0.001883 -0.000000 0.000158 0.000168 0.000000
1403637213.738319 0.007151 0.001920 0.000000 0.000158 0.000168 0.000000
1403637213.888319  0.007155  0.001931 -0.000000 0.000158 0.000167 0.000000
1403637214.038319 0.007176 0.001947 0.000000 0.000158 0.000167 0.000000
1403637214.188319 0.007182 0.001967 0.000000 0.000158 0.000167 0.000000
1403637214.338319 0.007193 0.001967 0.000000 0.000158 0.000167 0.000000
1403637214.488319  0.007201  0.001969 -0.000000 0.000158 0.000167 0.000000
1403637214.638319 0.007198 0.001971 0.000000 0.000158 0.000167 0.000000
1403637214.788319  0.007218  0.001959 -0.000000 0.000158 0.000167 0.000000
1403637214.988319  0.007216  0.001952 -0.000000 0.000157 0.000167 0.000000
1403637215.188319  0.007229  0.001960 -0.000000 0.000157 0.000167 0.000000
1403637215.388319 0.007236 0.001978 0.000000 0.000157 0.000167 0.000000
1403637215.538319 0.007254 0.002002 0.000000 0.000157 0.000167 0.000000
1403637215.688319 0.007256 0.002002 0.000000 0.000157 0.000167 0.000000
1403637215.788319 0.007252 0.002006 0.000000 0.000157 0.000167 0.000000
1403637215.888319 0.007253 0.002023 0.000000 0.000157 0.000166 0.000000
1403637216.038319 0.007260 0.002018 0.000000 0.000157 0.000166 0.000000
1403637216.188319  0.007289  0.002029 -0.000000 0.000157 0.000166 0.000000
1403637216.338319 0.007279 0.002031 0.000000 0.000156 0.000166 0.000000
1403637216.538319  0.007278  0.002024 -0.000000 0.000156 0.000166 0.000000
1403637216.738319  0.007301  0.002010 -0.000000 0.000156 0.000165 0.000000
1403637216.938319  0.007294  0.001978 -0.000000 0.000155 0.000165 0.000000
1403637217.138319  0.007284  0.001955 -0.000000 0.000155 0.000164 0.000000
1403637217.438319  0.007232  0.002030 -0.000000 0.000155 0.000164 0.000000
1403637217.688319  0.007254  0.002014 -0.000000 0.000154 0.000163 0.000000
1403637217.838319 0.007264 0.002055 0.000000 0.000154 0.000162 0.000000
1403637218.038319 0.007289 0.002083 0.000000 0.000154 0.000162 0.000000
1403637218.238319  0.007280  0.002053 -0.000000 0.000154 0.000161 0.000000
1403637218.438319  0.007260  0.002074 -0.000000 0.000154 0.000161 0.000000
1403637218.588319  0.007284  0.002050 -0.000000 0.000154 0.000161 0.000000
1403637218.738319  0.007280  0.002020 -0.000000 0.000154 0.000160 0.000000
1403637218.938319  0.007302  0.002013 -0.000000 0.000154 0.000160 0.000000
1403637219.138319  0.007327  0.001966 -0.000000 0.000153 0.000159 0.000000
1403637219.338319  0.007345  0.001918 -0.000000 0.000153 0.000159 0.000000
1403637219.488319  0.007320  0.001899 -0.000000 0.000153 0.000159 0.000000
1403637219.588319  0.007312  0.001887 -0.000000 0.000153 0.000158 0.000000
1403637219.738319  0.007301  0.001859 -0.000000 0.000153 0.000158 0.000000
1403637219.888319 0.007303 0.001853 0.000000 0.000152 0.000158 0.000000
1403637220.038319 0.007283 0.001849 0.000000 0.000152 0.000158 0.000000
1403637220.238319 0.007284 0.001853 0.000000 0.000152 0.000157 0.000000
1403637220.438319 0.007297 0.001883 0.000000 0.000151 0.000157 0.000000
1403637220.738319 0.007373 0.001859 0.000000 0.000151 0.000157 0.000000
1403637221.038319 0.007531 0.001804 0.000000 0.000151 0.000156 0.000000
1403637221.288319  0.007510  0.001717 -0.000000 0.000150 0.000156 0.000000
1403637221.538319  0.007555  0.001708 -0.000000 0.000150 0.000156 0.000000
1403637221.838319  0.007659  0.001691 -0.000000 0.000150 0.000156 0.000000
1403637222.088319  0.007683  0.001667 -0.000000 0.000150 0.000156 0.000000
1403637222.238319  0.007687  0.001663 -0.000000 0.000150 0.000155 0.000000
1403637222.388319  0.007681  0.001664 -0.000000 0.000150 0.000155 0.000000
1403637222.588319 0.007663 0.001683 0.000000 0.000150 0.000155 0.000000
1403637222.938319 0.007657 0.001700 0.000000 0.000150 0.000155 0.000000
1403637223.438319  0.007658  0.001700 -0.000000 0.000150 0.000155 0.000000
1403637223.738319 0.007660 0.001697 0.000000 0.000149 0.000155 0.000000
1403637224.688319  0.007607  0.001742 -0.000000 0.000149 0.000155 0.000000
1403637225.838319 0.007628 0.001755 0.000000 0.000149 0.000155 0.000000
1403637226.688319  0.007620  0.001755 -0.000000 0.000149 0.000155 0.000000
1403637227.038319  0.007616  0.001776 -0.000000 0.000149 0.000155 0.000000
1403637227.188319  0.007613  0.001783 -0.000000 0.000149 0.000155 0.000000
1403637227.888319 0.007595 0.001794 0.000000 0.000149 0.000155 0.000000
1403637229.138319 0.007575 0.001855 0.000000 0.000149 0.000154 0.000000
1403637229.388319 0.007583 0.001861 0.000000 0.000149 0.000154 0.000000
1403637229.538319 0.007567 0.001876 0.000000 0.000149 0.000154 0.000000
1403637229.638319 0.007572 0.001866 0.000000 0.000149 0.000154 0.000000
1403637229.738319 0.007577 0.001867 0.000000 0.000149 0.000154 0.000000
1403637229.838319 0.007583 0.001870 0.000000 0.000149 0.000154 0.000000
1403637229.938319 0.007584 0.001873 0.000000 0.000149 0.000154 0.000000
1403637230.038319  0.007583  0.001874 -0.000000 0.000149 0.000154 0.000000
1403637230.188319  0.007585  0.001875 -0.000000 0.000149 0.000154 0.000000
1403637230.488319 0.007577 0.001887 0.000000 0.000149 0.000154 0.000000
1403637230.738319 0.007545 0.001915 0.000000 0.000149 0.000154 0.000000
1403637230.888319 0.007537 0.001925 0.000000 0.000148 0.000154 0.000000
1403637231.088319  0.007557  0.001927 -0.000000 0.000148 0.000154 0.000000
1403637231.238319  0.007566  0.001949 -0.000000 0.000148 0.000154 0.000000
1403637231.388319 0.007577 0.001952 0.000000 0.000148 0.000153 0.000000
1403637231.488319  0.007602  0.001976 -0.000000 0.000148 0.000153 0.000000
1403637231.588319  0.007634  0.001983 -0.000000 0.000148 0.000153 0.000000
1403637231.688319  0.007641  0.001996 -0.000000 0.000147 0.000153 0.000000
1403637231.788319 0.007637 0.002012 0.000000 0.000147 0.000152 0.000000
1403637231.938319  0.007620  0.002000 -0.000000 0.000147 0.000152 0.000000
1403637232.088319 0.007637 0.002050 0.000000 0.000146 0.000152 0.000000
1403637232.238319  0.007654  0.002057 -0.000000 0.000146 0.000151 0.000000
1403637232.388319  0.007682  0.001993 -0.000000 0.000145 0.000151 0.000000
1403637232.588319 0.007689 0.002022 0.000000 0.000145 0.000150 0.000000
1403637232.738319  0.007756  0.001951 -0.000000 0.000144 0.000149 0.000000
1403637232.888319 0.007791 0.001958 0.000000 0.000144 0.000148 0.000000
1403637233.038319 0.007809 0.001961 0.000000 0.000144 0.000147 0.000000
1403637233.188319  0.007804  0.001939 -0.000000 0.000143 0.000146 0.000000
1403637233.338319 0.007824 0.001967 0.000000 0.000143 0.000145 0.000000
1403637233.488319  0.007862  0.001969 -0.000000 0.000143 0.000145 0.000000
1403637233.588319  0.007878  0.001967 -0.000000 0.000142 0.000144 0.000000
1403637233.688319  0.007890  0.001951 -0.000000 0.000142 0.000144 0.000000
1403637233.788319  0.007906  0.001930 -0.000000 0.000142 0.000144 0.000000
1403637233.938319 0.007906 0.001947 0.000000 0.000141 0.000143 0.000000
1403637234.138319 0.007884 0.001926 0.000000 0.000139 0.000143 0.000000
1403637234.338319  0.007840  0.001862 -0.000000 0.000137 0.000142 0.000000
1403637234.488319  0.007758  0.001795 -0.000000 0.000136 0.000141 0.000000
1403637234.638319 0.007727 0.001780 0.000000 0.000135 0.000140 0.000000
1403637234.788319  0.007694  0.001677 -0.000000 0.000135 0.000139 0.000000
1403637234.938319  0.007659  0.001590 -0.000000 0.000135 0.000138 0.000000
1403637235.088319  0.007642  0.001528 -0.000000 0.000134 0.000137 0.000000
1403637235.188319 0.007616 0.001494 0.000000 0.000134 0.000137 0.000000
1403637235.338319 0.007608 0.001503 0.000000 0.000134 0.000137 0.000000
1403637235.488319  0.007623  0.001498 -0.000000 0.000134 0.000136 0.000000
1403637235.638319 0.007608 0.001494 0.000000 0.000134 0.000136 0.000000
1403637235.738319 0.007603 0.001489 0.000000 0.000134 0.000136 0.000000
1403637235.838319 0.007597 0.001516 0.000000 0.000133 0.000135 0.000000
1403637235.938319  0.007594  0.001522 -0.000000 0.000133 0.000135 0.000000
1403637236.038319  0.007592  0.001522 -0.000000 0.000133 0.000135 0.000000
1403637236.138319  0.007606  0.001486 -0.000000 0.000133 0.000135 0.000000
1403637236.238319  0.007623  0.001463 -0.000000 0.000133 0.000135 0.000000
1403637236.338319  0.007617  0.001448 -0.000000 0.000133 0.000135 0.000000
1403637236.438319  0.007617  0.001428 -0.000000 0.000133 0.000135 0.000000
1403637236.538319  0.007627  0.001404 -0.000000 0.000133 0.000134 0.000000
1403637236.638319  0.007625  0.001394 -0.000000 0.000133 0.000134 0.000000
1403637236.738319 0.007621 0.001395 0.000000 0.000133 0.000134 0.000000
1403637236.838319  0.007614  0.001385 -0.000000 0.000133 0.000134 0.000000
1403637236.938319  0.007610  0.001380 -0.000000 0.000133 0.000134 0.000000
1403637237.038319 0.007607 0.001383 0.000000 0.000133 0.000134 0.000000
1403637237.138319  0.007604  0.001381 -0.000000 0.000133 0.000134 0.000000
1403637237.238319  0.007602  0.001374 -0.000000 0.000133 0.000134 0.000000
1403637237.338319  0.007602  0.001370 -0.000000 0.000133 0.000134 0.000000
1403637237.438319  0.007599  0.001366 -0.000000 0.000133 0.000134 0.000000
1403637237.538319  0.007610  0.001349 -0.000000 0.000133 0.000134 0.000000
1403637237.638319  0.007616  0.001332 -0.000000 0.000133 0.000134 0.000000
1403637237.738319 0.007611 0.001334 0.000000 0.000133 0.000134 0.000000
1403637237.838319 0.007604 0.001336 0.000000 0.000133 0.000134 0.000000
1403637237.938319  0.007599  0.001325 -0.000000 0.000133 0.000134 0.000000
1403637238.038319  0.007599  0.001305 -0.000000 0.000133 0.000134 0.000000
1403637238.138319 0.007596 0.001298 0.000000 0.000133 0.000134 0.000000
1403637238.238319 0.007598 0.001300 0.000000 0.000133 0.000134 0.000000
1403637238.338319  0.007601  0.001286 -0.000000 0.000133 0.000134 0.000000
1403637238.438319  0.007605  0.001284 -0.000000 0.000133 0.000134 0.000000
1403637238.538319  0.007610  0.001282 -0.000000 0.000133 0.000134 0.000000
1403637238.638319 0.007605 0.001279 0.000000 0.000133 0.000134 0.000000
1403637238.738319 0.007600 0.001281 0.000000 0.000133 0.000134 0.000000
1403637238.838319  0.007590  0.001278 -0.000000 0.000133 0.000134 0.000000
1403637238.938319 0.007575 0.001280 0.000000 0.000133 0.000134 0.000000
1403637239.038319 0.007571 0.001280 0.000000 0.000133 0.000134 0.000000
1403637239.188319 0.007579 0.001282 0.000000 0.000133 0.000134 0.000000
1403637239.288319 0.007574 0.001282 0.000000 0.000133 0.000134 0.000000
1403637239.388319 0.007574 0.001284 0.000000 0.000132 0.000134 0.000000
1403637239.488319  0.007565  0.001281 -0.000000 0.000132 0.000134 0.000000
1403637239.588319  0.007551  0.001281 -0.000000 0.000132 0.000134 0.000000
1403637239.688319  0.007552  0.001274 -0.000000 0.000132 0.000134 0.000000
1403637239.788319  0.007550  0.001274 -0.000000 0.000132 0.000134 0.000000
1403637239.888319 0.007548 0.001276 0.000000 0.000132 0.000134 0.000000
1403637239.988319 0.007556 0.001276 0.000000 0.000132 0.000134 0.000000
1403637240.088319 0.007557 0.001280 0.000000 0.000132 0.000134 0.000000
1403637240.188319  0.007558  0.001273 -0.000000 0.000132 0.000134 0.000000
1403637240.288319  0.007558  0.001263 -0.000000 0.000132 0.000134 0.000000
1403637240.388319  0.007557  0.001259 -0.000000 0.000132 0.000134 0.000000
1403637240.538319  0.007554  0.001253 -0.000000 0.000132 0.000133 0.000000
1403637240.688319  0.007551  0.001262 -0.000000 0.000132 0.000133 0.000000
1403637240.788319  0.007544  0.001262 -0.000000 0.000132 0.000133 0.000000
1403637240.888319  0.007537  0.001261 -0.000000 0.000132 0.000133 0.000000
1403637240.988319  0.007541  0.001259 -0.000000 0.000132 0.000133 0.000000
1403637241.138319  0.007547  0.001247 -0.000000 0.000132 0.000133 0.000000
1403637241.238319 0.007537 0.001249 0.000000 0.000132 0.000133 0.000000
1403637241.388319  0.007530  0.001222 -0.000000 0.000132 0.000133 0.000000
1403637241.538319 0.007526 0.001214 0.000000 0.000132 0.000133 0.000000
1403637241.688319 0.007531 0.001195 0.000000 0.000132 0.000133 0.000000
1403637241.888319 0.007520 0.001212 0.000000 0.000132 0.000133 0.000000
1403637242.088319  0.007512  0.001183 -0.000000 0.000132 0.000133 0.000000
1403637242.388319 0.007486 0.001196 0.000000 0.000132 0.000133 0.000000
1403637242.588319 0.007468 0.001201 0.000000 0.000132 0.000133 0.000000
1403637242.838319  0.007452  0.001191 -0.000000 0.000132 0.000133 0.000000
1403637243.038319 0.007444 0.001200 0.000000 0.000132 0.000133 0.000000
1403637243.238319  0.007452  0.001198 -0.000000 0.000131 0.000133 0.000000
1403637243.438319  0.007420  0.001189 -0.000000 0.000131 0.000133 0.000000
1403637243.638319  0.007397  0.001186 -0.000000 0.000131 0.000133 0.000000
1403637243.788319  0.007385  0.001183 -0.000000 0.000131 0.000133 0.000000
1403637243.938319 0.007378 0.001185 0.000000 0.000131 0.000133 0.000000
1403637244.138319 0.007408 0.001183 0.000000 0.000131 0.000133 0.000000
1403637244.338319 0.007413 0.001197 0.000000 0.000131 0.000132 0.000000
1403637244.538319  0.007403  0.001201 -0.000000 0.000131 0.000132 0.000000
1403637244.738319 0.007406 0.001203 0.000000 0.000131 0.000132 0.000000
1403637244.938319  0.007393  0.001217 -0.000000 0.000131 0.000132 0.000000
1403637245.138319  0.007393  0.001204 -0.000000 0.000131 0.000132 0.000000
1403637245.388319  0.007402  0.001198 -0.000000 0.000131 0.000132 0.000000
1403637245.638319 0.007396 0.001208 0.000000 0.000131 0.000132 0.000000
1403637245.788319 0.007408 0.001225 0.000000 0.000131 0.000132 0.000000
1403637245.938319 0.007409 0.001244 0.000000 0.000131 0.000132 0.000000
1403637246.038319 0.007414 0.001245 0.000000 0.000131 0.000132 0.000000
1403637246.138319 0.007410 0.001248 0.000000 0.000131 0.000132 0.000000
1403637246.238319 0.007408 0.001253 0.000000 0.000131 0.000132 0.000000
1403637246.338319 0.007408 0.001265 0.000000 0.000131 0.000132 0.000000
1403637246.488319  0.007418  0.001265 -0.000000 0.000131 0.000132 0.000000
1403637246.638319  0.007420  0.001268 -0.000000 0.000131 0.000132 0.000000
1403637246.738319 0.007428 0.001273 0.000000 0.000131 0.000132 0.000000
1403637246.888319 0.007429 0.001281 0.000000 0.000131 0.000132 0.000000
1403637247.038319  0.007425  0.001274 -0.000000 0.000131 0.000132 0.000000
1403637247.188319  0.007421  0.001271 -0.000000 0.000131 0.000132 0.000000
1403637247.388319 0.007428 0.001284 0.000000 0.000131 0.000132 0.000000
1403637247.538319  0.007425  0.001276 -0.000000 0.000131 0.000132 0.000000
1403637247.738319 0.007416 0.001322 0.000000 0.000131 0.000132 0.000000
1403637247.888319  0.007440  0.001319 -0.000000 0.000131 0.000131 0.000000
1403637248.038319  0.007475  0.001329 -0.000000 0.000131 0.000131 0.000000
1403637248.188319 0.007441 0.001349 0.000000 0.000130 0.000131 0.000000
1403637248.338319 0.007411 0.001328 0.000000 0.000130 0.000131 0.000000
1403637248.438319  0.007407  0.001307 -0.000000 0.000130 0.000131 0.000000
1403637248.538319 0.007393 0.001297 0.000000 0.000130 0.000131 0.000000
1403637248.638319  0.007355  0.001289 -0.000000 0.000130 0.000131 0.000000
1403637248.738319  0.007322  0.001241 -0.000000 0.000130 0.000130 0.000000
1403637248.838319  0.007279  0.001218 -0.000000 0.000130 0.000130 0.000000
1403637248.988319 0.007268 0.001232 0.000000 0.000130 0.000130 0.000000
1403637249.138319  0.007247  0.001232 -0.000000 0.000130 0.000130 0.000000
1403637249.288319  0.007182  0.001250 -0.000000 0.000129 0.000130 0.000000
1403637249.438319 0.007143 0.001256 0.000000 0.000129 0.000130 0.000000
1403637249.588319  0.007117  0.001245 -0.000000 0.000129 0.000129 0.000000
1403637249.738319  0.007078  0.001261 -0.000000 0.000129 0.000129 0.000000
1403637249.888319 0.007034 0.001284 0.000000 0.000129 0.000129 0.000000
1403637250.038319  0.006997  0.001302 -0.000000 0.000129 0.000129 0.000000
1403637250.188319 0.006963 0.001315 0.000000 0.000129 0.000129 0.000000
1403637250.338319  0.006968  0.001326 -0.000000 0.000129 0.000129 0.000000
1403637250.488319  0.006973  0.001303 -0.000000 0.000129 0.000129 0.000000
1403637250.638319 0.006959 0.001314 0.000000 0.000128 0.000129 0.000000
1403637250.838319 0.006968 0.001334 0.000000 0.000128 0.000128 0.000000
1403637251.038319 0.006970 0.001368 0.000000 0.000128 0.000128 0.000000
1403637251.288319 0.006915 0.001436 0.000000 0.000128 0.000128 0.000000
1403637251.488319 0.006869 0.001446 0.000000 0.000128 0.000128 0.000000
1403637251.788319 0.006828 0.001512 0.000000 0.000128 0.000128 0.000000
1403637252.088319 0.006815 0.001540 0.000000 0.000128 0.000128 0.000000
1403637252.738319 0.006762 0.001692 0.000000 0.000127 0.000127 0.000000
1403637253.688319 0.006763 0.001740 0.000000 0.000127 0.000127 0.000000
1403637254.138319  0.006754  0.001767 -0.000000 0.000127 0.000127 0.000000
1403637254.488319 0.006767 0.001805 0.000000 0.000127 0.000127 0.000000
1403637255.088319 0.006785 0.001784 0.000000 0.000127 0.000127 0.000000
1403637255.438319  0.006819  0.001807 -0.000000 0.000127 0.000127 0.000000
1403637255.638319  0.006813  0.001821 -0.000000 0.000127 0.000126 0.000000
1403637255.888319 0.006835 0.001834 0.000000 0.000127 0.000126 0.000000
1403637256.088319 0.006807 0.001844 0.000000 0.000127 0.000126 0.000000
1403637256.388319  0.006781  0.001856 -0.000000 0.000127 0.000126 0.000000
1403637256.688319  0.006795  0.001844 -0.000000 0.000126 0.000126 0.000000
1403637256.938319  0.006826  0.001808 -0.000000 0.000126 0.000126 0.000000
1403637257.238319  0.006830  0.001779 -0.000000 0.000126 0.000126 0.000000
1403637257.538319 0.006827 0.001760 0.000000 0.000126 0.000126 0.000000
1403637257.788319  0.006841  0.001732 -0.000000 0.000126 0.000126 0.000000
1403637257.988319  0.006833  0.001715 -0.000000 0.000126 0.000126 0.000000
1403637258.138319 0.006839 0.001715 0.000000 0.000126 0.000126 0.000000
1403637258.288319  0.006840  0.001710 -0.000000 0.000126 0.000126 0.000000
1403637258.438319  0.006856  0.001705 -0.000000 0.000126 0.000126 0.000000
1403637258.588319  0.006884  0.001681 -0.000000 0.000126 0.000126 0.000000
1403637258.738319  0.006882  0.001658 -0.000000 0.000126 0.000125 0.000000
1403637258.888319  0.006893  0.001640 -0.000000 0.000126 0.000125 0.000000
1403637259.038319  0.006904  0.001628 -0.000000 0.000125 0.000125 0.000000
1403637259.188319  0.006917  0.001623 -0.000000 0.000125 0.000125 0.000000
1403637259.388319 0.006937 0.001609 0.000000 0.000125 0.000125 0.000000
1403637259.738319 0.006979 0.001569 0.000000 0.000125 0.000125 0.000000
1403637260.338319 0.006995 0.001514 0.000000 0.000125 0.000125 0.000000
