1403637158.238319 0.051086 0.670786 0.104152 0.189731 0.509798 0.106507
1403637158.388319 0.092969 0.580608 0.151783 0.186270 0.470008 0.097189
1403637158.538319 0.153528 0.534017 0.043496 0.184109 0.387213 0.093333
1403637158.688319  0.224314  0.472794 -0.026926 0.186112 0.387876 0.091544
1403637158.838319  0.279673  0.423821 -0.075536 0.190077 0.361889 0.090377
1403637158.988319 0.295172 0.405550 0.004289 0.202082 0.340393 0.089768
1403637159.188319 0.294968 0.351909 0.015035 0.217846 0.306487 0.088212
1403637159.438319  0.335275  0.367762 -0.100959 0.236368 0.293888 0.086809
1403637159.588319  0.363928  0.404519 -0.128618 0.245059 0.300008 0.086541
1403637159.738319  0.340674  0.422715 -0.059414 0.242649 0.285327 0.086045
1403637159.888319 0.312835 0.430803 0.004085 0.239612 0.272327 0.085463
1403637160.038319  0.293355  0.425057 -0.048472 0.232022 0.258218 0.084630
1403637160.138319  0.288786  0.419696 -0.064360 0.233716 0.255328 0.084555
1403637160.238319  0.299832  0.376084 -0.107805 0.230439 0.247202 0.084068
1403637160.338319  0.306915  0.341207 -0.146936 0.229967 0.240671 0.083699
1403637160.438319  0.332874  0.285271 -0.164525 0.232374 0.234571 0.083342
1403637160.588319  0.330671  0.267885 -0.210339 0.240095 0.237113 0.083191
1403637160.738319  0.271194  0.237853 -0.172575 0.244508 0.224911 0.082914
1403637160.888319  0.214198  0.274842 -0.030750 0.238277 0.210950 0.082412
1403637161.038319 0.158450 0.315531 0.146760 0.225796 0.197818 0.081184
1403637161.238319 0.175113 0.355874 0.341204 0.201572 0.179793 0.079813
1403637161.338319 0.254516 0.360877 0.414521 0.193566 0.175047 0.079527
1403637161.488319 0.356808 0.320860 0.461844 0.184035 0.168556 0.079852
1403637161.588319 0.400036 0.310669 0.443040 0.184182 0.171794 0.080569
1403637161.738319 0.452620 0.289943 0.382941 0.187148 0.172612 0.081438
1403637161.888319 0.458289 0.211386 0.317611 0.191246 0.171084 0.082124
1403637162.038319 0.417449 0.048447 0.221462 0.194321 0.162445 0.082391
1403637162.338319  0.372403 -0.336536  0.016599 0.186864 0.136308 0.081796
1403637162.538319  0.461344 -0.541686  0.022207 0.179708 0.126334 0.079918
1403637162.788319  0.536242 -0.701674  0.083814 0.175019 0.127916 0.079011
1403637162.988319  0.509275 -0.959717 -0.008664 0.171005 0.142200 0.078086
1403637163.138319  0.467693 -1.150212 -0.066699 0.169240 0.157235 0.077537
1403637163.288319  0.387484 -1.300860 -0.124753 0.171153 0.176972 0.077134
1403637163.438319  0.261284 -1.444260 -0.172260 0.168900 0.203609 0.077009
1403637163.588319  0.181529 -1.600532 -0.142968 0.164674 0.239955 0.077210
1403637163.738319  0.202116 -1.705177  0.000956 0.160578 0.286068 0.077567
1403637163.888319  0.252991 -1.839055  0.180440 0.156705 0.337071 0.077675
1403637164.038319  0.357544 -1.958600  0.289856 0.155622 0.384702 0.077510
1403637164.188319  0.460914 -2.113451  0.378557 0.157448 0.434862 0.077440
1403637164.338319  0.514747 -2.220543  0.414003 0.160616 0.492624 0.077619
1403637164.488319  0.535034 -2.292399  0.287504 0.161826 0.544521 0.077800
1403637164.638319  0.593356 -2.363094  0.162616 0.164987 0.615815 0.077989
1403637164.788319  0.674543 -2.421154  0.102509 0.170299 0.670466 0.078441
1403637164.938319  0.684601 -2.475763  0.009717 0.177258 0.724707 0.078650
1403637165.088319  0.710485 -2.476163 -0.029751 0.186559 0.771140 0.078612
1403637165.188319  0.685607 -2.480928 -0.052434 0.191506 0.791782 0.078500
1403637165.288319  0.635317 -2.502302  0.002104 0.196447 0.819321 0.078489
1403637165.388319  0.599012 -2.475385  0.079928 0.200777 0.850904 0.078661
1403637165.488319  0.580165 -2.441299  0.187644 0.202176 0.886767 0.078584
1403637165.588319  0.591777 -2.441645  0.263668 0.204805 0.919549 0.078200
1403637165.688319  0.612006 -2.376022  0.257344 0.207130 0.936998 0.077910
1403637165.788319  0.620569 -2.237918  0.205091 0.212150 0.932833 0.077877
1403637165.888319  0.579067 -2.124729  0.154679 0.207289 0.893298 0.077345
1403637166.038319  0.559287 -1.961146  0.030653 0.204239 0.879788 0.077596
1403637166.188319  0.500869 -1.776452 -0.191175 0.191626 0.806715 0.077769
1403637166.338319  0.366609 -1.601712 -0.163572 0.179350 0.725985 0.077518
1403637166.438319  0.239337 -1.541944 -0.128425 0.169854 0.667357 0.077201
1403637166.638319 -0.112982 -1.464707 -0.074589 0.151874 0.559840 0.077277
1403637166.788319 -0.245135 -1.302084 -0.077953 0.136528 0.456168 0.076491
1403637167.088319 -0.635214 -0.803102 -0.024495 0.119431 0.315070 0.075448
1403637167.338319 -1.168890 -0.222821  0.148428 0.112903 0.210916 0.074120
1403637167.538319 -1.468352  0.111671  0.037444 0.113659 0.158589 0.073931
1403637167.688319 -1.537403  0.217649 -0.022180 0.116479 0.137369 0.073213
1403637167.838319 -1.531518  0.275765 -0.079406 0.121443 0.128042 0.072965
1403637167.988319 -1.475486  0.344186  0.029169 0.128045 0.123493 0.072714
1403637168.138319 -1.470179  0.423643 -0.014050 0.133785 0.120761 0.072817
1403637168.288319 -1.437163  0.507865 -0.234835 0.144070 0.119975 0.072921
1403637168.438319 -1.459933  0.535449 -0.371606 0.149927 0.118443 0.072802
1403637168.588319 -1.497959  0.529602 -0.383337 0.159387 0.122136 0.073078
1403637168.738319 -1.508219  0.543410 -0.248594 0.163390 0.124115 0.073054
1403637168.888319 -1.482642  0.592105 -0.193021 0.170523 0.127947 0.073105
1403637169.038319 -1.492895  0.686168 -0.240209 0.178088 0.137254 0.073267
1403637169.188319 -1.547918  0.784228 -0.152241 0.190374 0.146206 0.073827
1403637169.338319 -1.619894  0.871666 -0.001797 0.199282 0.153882 0.073899
1403637169.488319 -1.705959  0.929492  0.105323 0.207038 0.163578 0.073853
1403637169.588319 -1.760821  0.960334  0.164276 0.211018 0.170912 0.073523
1403637169.688319 -1.814741  0.965055  0.161168 0.217591 0.179079 0.073362
1403637169.788319 -1.869244  0.947028  0.114316 0.219344 0.183297 0.073284
1403637169.888319 -1.918278  0.930499  0.051949 0.224773 0.187875 0.073293
1403637169.988319 -1.986440  0.921542 -0.039788 0.231432 0.192987 0.073381
1403637170.088319 -2.067282  0.903521 -0.076978 0.239066 0.198066 0.073446
1403637170.188319 -2.149965  0.877862 -0.141713 0.246283 0.201373 0.073519
1403637170.288319 -2.255613  0.855635 -0.195014 0.257789 0.205950 0.073732
1403637170.388319 -2.354194  0.804423 -0.229361 0.268782 0.209194 0.074275
1403637170.488319 -2.413175  0.733631 -0.258476 0.280794 0.210232 0.074614
1403637170.588319 -2.438893  0.629943 -0.301961 0.293046 0.208735 0.074836
1403637170.688319 -2.413372  0.474489 -0.341835 0.307839 0.204723 0.074827
1403637170.788319 -2.376138  0.311931 -0.346019 0.319855 0.198792 0.074955
1403637170.888319 -2.311830  0.124861 -0.247482 0.331628 0.190839 0.074955
1403637170.988319 -2.232019 -0.040697 -0.175898 0.336988 0.178890 0.074544
1403637171.088319 -2.150425 -0.174150 -0.098954 0.333577 0.167976 0.074367
1403637171.188319 -2.056262 -0.280245 -0.008165 0.330436 0.159277 0.073883
1403637171.288319 -1.946752 -0.365253  0.100135 0.328329 0.152872 0.073394
1403637171.388319 -1.850325 -0.465933  0.170360 0.332221 0.147648 0.073132
1403637171.488319 -1.776358 -0.584506  0.220167 0.337220 0.144892 0.072922
1403637171.588319 -1.709905 -0.706195  0.232090 0.335219 0.142551 0.072539
1403637171.688319 -1.665892 -0.831351  0.166480 0.328364 0.140864 0.072307
1403637171.788319 -1.622405 -0.962380  0.107156 0.321431 0.140723 0.072267
1403637171.888319 -1.574905 -1.104858  0.029290 0.316177 0.141628 0.072226
1403637171.988319 -1.538123 -1.248495 -0.030331 0.310932 0.143926 0.072256
1403637172.088319 -1.518973 -1.377015 -0.086486 0.306452 0.148517 0.072350
1403637172.188319 -1.481661 -1.501981 -0.111927 0.306273 0.155991 0.072583
1403637172.288319 -1.423021 -1.614671 -0.051030 0.303877 0.163843 0.072689
1403637172.388319 -1.344272 -1.660634  0.043064 0.297635 0.173383 0.072621
1403637172.488319 -1.216384 -1.688454  0.118499 0.290696 0.183479 0.072423
1403637172.588319 -1.082964 -1.689025  0.185962 0.280994 0.190326 0.072007
1403637172.688319 -0.948914 -1.648233  0.258288 0.266877 0.196485 0.071488
1403637172.838319 -0.731180 -1.578360  0.291292 0.247086 0.203678 0.071130
1403637172.938319 -0.634185 -1.471215  0.190697 0.231937 0.206380 0.070934
1403637173.088319 -0.541514 -1.246097 -0.028688 0.207680 0.207009 0.070579
1403637173.238319 -0.428152 -0.987858 -0.146479 0.186386 0.203227 0.070254
1403637173.388319 -0.292550 -0.671139 -0.130310 0.165554 0.195274 0.069772
1403637173.488319 -0.192314 -0.531580 -0.174898 0.151329 0.181952 0.069526
1403637173.588319 -0.090192 -0.388563 -0.224484 0.140979 0.171010 0.069446
1403637173.738319  0.107452 -0.211254 -0.317319 0.127331 0.155585 0.069459
1403637173.888319  0.337259  0.038800 -0.320116 0.117399 0.141831 0.069439
1403637173.988319  0.524005  0.209260 -0.147357 0.113545 0.136146 0.069524
1403637174.088319 0.643685 0.402260 0.041105 0.111959 0.131684 0.069616
1403637174.188319 0.695491 0.523718 0.178466 0.110705 0.125452 0.069545
1403637174.288319 0.735280 0.537099 0.217958 0.111556 0.120996 0.069596
1403637174.388319 0.773368 0.507913 0.272838 0.113108 0.118921 0.069258
1403637174.488319 0.855356 0.479777 0.314806 0.115506 0.119599 0.069364
1403637174.588319 0.990283 0.462490 0.349863 0.118862 0.121526 0.069534
1403637174.688319 1.110175 0.422105 0.326418 0.123256 0.123610 0.069756
1403637174.788319 1.174677 0.370822 0.256020 0.128103 0.124664 0.069859
1403637174.888319 1.202361 0.313387 0.156005 0.133994 0.124634 0.069818
1403637174.988319 1.230238 0.268213 0.120214 0.140373 0.124770 0.069809
1403637175.088319 1.253042 0.259308 0.102677 0.147304 0.125026 0.069867
1403637175.188319 1.286313 0.215926 0.061958 0.155241 0.125377 0.069801
1403637175.288319 1.317709 0.133074 0.018395 0.162415 0.125157 0.069859
1403637175.388319  1.336922  0.040127 -0.028421 0.171070 0.124708 0.069874
1403637175.488319  1.355504 -0.068120 -0.093584 0.179842 0.124081 0.069878
1403637175.588319  1.386023 -0.167948 -0.126047 0.186546 0.123230 0.069799
1403637175.688319  1.447006 -0.249461 -0.061822 0.193526 0.123349 0.069793
1403637175.788319  1.526140 -0.322704  0.040601 0.201444 0.124066 0.069784
1403637175.888319  1.590462 -0.382992  0.136596 0.210572 0.125925 0.069765
1403637175.988319  1.615747 -0.429747  0.242112 0.220399 0.126769 0.069932
1403637176.088319  1.632163 -0.476051  0.297379 0.230247 0.127307 0.070066
1403637176.188319  1.626569 -0.532511  0.248528 0.236893 0.125593 0.069954
1403637176.288319  1.623290 -0.617767  0.161325 0.245157 0.125941 0.070090
1403637176.388319  1.600236 -0.696947  0.103806 0.255361 0.126307 0.070006
1403637176.488319  1.584202 -0.760196  0.070904 0.261543 0.126996 0.070090
1403637176.588319  1.570057 -0.807142  0.038943 0.264451 0.127435 0.069974
1403637176.688319  1.548963 -0.840672 -0.013249 0.265770 0.128320 0.069777
1403637176.838319  1.510814 -0.884279 -0.075879 0.266936 0.130313 0.069619
1403637176.938319  1.496618 -0.881540 -0.100875 0.264251 0.132348 0.069565
1403637177.038319  1.500642 -0.843348 -0.152443 0.262998 0.134490 0.069591
1403637177.138319  1.519365 -0.795710 -0.201843 0.261584 0.136770 0.069640
1403637177.238319  1.556513 -0.690514 -0.237484 0.260659 0.139267 0.069620
1403637177.388319  1.638133 -0.505779 -0.299417 0.257333 0.142140 0.069766
1403637177.538319  1.723004 -0.279615 -0.321164 0.257513 0.143156 0.070163
1403637177.688319  1.728641 -0.004346 -0.169858 0.260936 0.140605 0.070308
1403637177.838319  1.665725  0.223540 -0.132696 0.260975 0.134135 0.070243
1403637177.988319  1.616926  0.380192 -0.222930 0.255888 0.126655 0.070205
1403637178.088319  1.536174  0.483154 -0.272716 0.250864 0.121340 0.070150
1403637178.238319  1.371021  0.709455 -0.220897 0.246347 0.115759 0.070270
1403637178.388319  1.198643  0.994003 -0.113383 0.240855 0.112046 0.070221
1403637178.488319  1.025112  1.148176 -0.060364 0.233254 0.110102 0.070078
1403637178.638319  0.800508  1.373155 -0.067638 0.220851 0.110987 0.069809
1403637178.788319  0.647503  1.510532 -0.125831 0.208819 0.116898 0.069596
1403637178.988319  0.471513  1.550427 -0.216724 0.188656 0.126549 0.069820
1403637179.188319  0.318246  1.492417 -0.303655 0.177468 0.140064 0.069921
1403637179.388319 0.170707 1.469450 0.073772 0.165631 0.153992 0.069866
1403637179.588319 0.041327 1.450295 0.041354 0.150763 0.163144 0.069504
1403637179.788319 -0.067363  1.441248 -0.432142 0.134921 0.166863 0.069442
1403637179.988319 -0.299315  1.483314 -0.716225 0.123126 0.169576 0.070342
1403637180.138319 -0.519230  1.508712 -0.668136 0.119147 0.177098 0.071261
1403637180.288319 -0.641392  1.506327 -0.509635 0.116546 0.182398 0.071719
1403637180.438319 -0.710351  1.478318 -0.427661 0.115241 0.185959 0.072104
1403637180.588319 -0.663236  1.548797 -0.236547 0.117540 0.187665 0.071900
1403637180.738319 -0.677968  1.609343 -0.107957 0.122306 0.193932 0.071870
1403637180.888319 -0.732720  1.690337  0.009988 0.125882 0.199230 0.071330
1403637181.038319 -0.863308  1.752756  0.110358 0.132574 0.212791 0.071103
1403637181.138319 -0.974593  1.799856  0.164002 0.136570 0.218529 0.070766
1403637181.238319 -1.057663  1.821933  0.252089 0.140420 0.225513 0.070317
1403637181.338319 -1.098839  1.816317  0.340535 0.143583 0.230009 0.069895
1403637181.438319 -1.161558  1.778143  0.409989 0.145689 0.234717 0.069497
1403637181.538319 -1.245923  1.733965  0.471668 0.149344 0.239874 0.069239
1403637181.638319 -1.320664  1.698271  0.570861 0.152175 0.243559 0.068958
1403637181.738319 -1.361859  1.683257  0.563480 0.156156 0.246431 0.068917
1403637181.838319 -1.377078  1.653684  0.515260 0.158334 0.239938 0.068906
1403637181.938319 -1.388272  1.625470  0.462823 0.161265 0.237320 0.068907
1403637182.038319 -1.412970  1.578278  0.427409 0.163685 0.235784 0.069055
1403637182.138319 -1.434942  1.526596  0.396205 0.167166 0.234248 0.069124
1403637182.238319 -1.461378  1.448191  0.338711 0.167874 0.230376 0.069161
1403637182.338319 -1.478392  1.339990  0.317853 0.169021 0.227029 0.069275
1403637182.438319 -1.503006  1.229385  0.333296 0.169582 0.224394 0.069413
1403637182.538319 -1.544897  1.114460  0.387152 0.172137 0.223448 0.069569
1403637182.688319 -1.642368  0.911958  0.474571 0.176694 0.220420 0.069958
1403637182.838319 -1.733120  0.721935  0.390647 0.180438 0.210374 0.070145
1403637182.988319 -1.785032  0.546226  0.221095 0.181290 0.200055 0.070130
1403637183.138319 -1.800480  0.337254 -0.026725 0.182170 0.185859 0.070025
1403637183.338319 -1.802754  0.011900 -0.182835 0.184946 0.169425 0.069779
1403637183.588319 -1.717926 -0.389288 -0.268242 0.187152 0.149469 0.069204
1403637183.788319 -1.621686 -0.735871 -0.301212 0.188152 0.137195 0.069323
1403637183.988319 -1.393515 -1.067108 -0.137412 0.189950 0.125259 0.069285
1403637184.238319 -1.045701 -1.491202  0.040105 0.189965 0.117344 0.069520
1403637184.438319 -0.878104 -1.610383 -0.212115 0.181295 0.115783 0.069347
1403637184.538319 -0.816457 -1.628133 -0.267578 0.175036 0.116875 0.069302
1403637184.638319 -0.747139 -1.627145 -0.290922 0.167043 0.117885 0.069159
1403637184.738319 -0.661516 -1.624522 -0.255595 0.165405 0.124168 0.069295
1403637184.838319 -0.560085 -1.566824 -0.157769 0.161014 0.129044 0.069248
1403637184.938319 -0.444926 -1.490620 -0.039482 0.157544 0.135273 0.069177
1403637185.088319 -0.274221 -1.404291  0.080972 0.150635 0.141519 0.068952
1403637185.238319 -0.095791 -1.283018  0.195085 0.142917 0.147196 0.068495
1403637185.388319  0.049793 -1.176507  0.356955 0.135310 0.150940 0.068066
1403637185.588319  0.221176 -0.972027  0.494011 0.125170 0.152622 0.067729
1403637185.738319  0.347922 -0.827003  0.452194 0.118113 0.150233 0.067694
1403637185.888319  0.388543 -0.741529  0.331949 0.112951 0.145727 0.067649
1403637186.088319  0.372532 -0.660043  0.274437 0.108751 0.140380 0.067708
1403637186.338319  0.374260 -0.564851  0.473814 0.107113 0.134464 0.067918
1403637186.538319  0.344751 -0.530594  0.558394 0.106579 0.130224 0.068310
1403637186.788319  0.323680 -0.564906  0.363228 0.106406 0.123384 0.068793
1403637187.038319  0.441419 -0.652162  0.178255 0.107071 0.119129 0.068882
1403637187.288319  0.586091 -0.782100  0.001837 0.111637 0.118555 0.068879
1403637187.488319  0.681482 -0.750317 -0.040202 0.112431 0.117615 0.068350
1403637187.738319  0.826518 -0.649580 -0.087243 0.113513 0.117387 0.068003
1403637187.938319  0.966897 -0.547851 -0.127305 0.114479 0.116971 0.067709
1403637188.138319  1.076001 -0.450010 -0.163403 0.117660 0.116927 0.067468
1403637188.288319  1.088181 -0.353455 -0.213302 0.119188 0.114351 0.067391
1403637188.438319  1.056548 -0.296670 -0.266767 0.121928 0.111731 0.067394
1403637188.688319  0.981350 -0.277299 -0.378575 0.124318 0.107086 0.067299
1403637188.888319  0.971688 -0.352959 -0.402668 0.125626 0.105130 0.067394
1403637189.088319  0.949920 -0.443215 -0.263608 0.129858 0.105184 0.067866
1403637189.338319  1.053373 -0.434132 -0.406988 0.132948 0.106423 0.067792
1403637189.538319  1.116581 -0.458746 -0.310446 0.137095 0.108529 0.068081
1403637189.738319  1.087525 -0.503272 -0.111203 0.140486 0.108245 0.067808
1403637189.938319  1.017239 -0.525285  0.088326 0.145118 0.108105 0.067592
1403637190.138319  0.942472 -0.524306  0.192427 0.144548 0.106791 0.067507
1403637190.388319  0.864038 -0.513537  0.317972 0.142088 0.105743 0.067318
1403637190.638319  0.787630 -0.503624  0.207380 0.140877 0.105161 0.067287
1403637190.888319  0.676525 -0.487855  0.060209 0.138418 0.104483 0.067391
1403637191.238319  0.565092 -0.509698 -0.137049 0.130950 0.101189 0.067180
1403637191.538319  0.460917 -0.526168 -0.051959 0.125692 0.100225 0.067028
1403637191.788319  0.359191 -0.475303  0.151887 0.121104 0.100397 0.067082
1403637192.088319  0.273969 -0.244456  0.361913 0.114732 0.099719 0.067102
1403637192.288319  0.260265 -0.049446  0.484166 0.108030 0.096570 0.067028
1403637192.638319 0.252124 0.259702 0.273787 0.103248 0.092273 0.067608
1403637192.938319 0.362463 0.455231 0.304275 0.102052 0.090598 0.067555
1403637193.138319 0.414831 0.530602 0.404057 0.102435 0.090759 0.067950
1403637193.388319 0.625520 0.507894 0.212064 0.101877 0.091880 0.068236
1403637193.638319 0.725074 0.574518 0.249917 0.102406 0.094158 0.068115
1403637193.888319 0.724369 0.708089 0.331472 0.101922 0.094507 0.067989
1403637194.188319  0.671770  0.801791 -0.055488 0.103020 0.095364 0.067522
1403637194.538319 0.622358 0.904447 0.147827 0.105525 0.098797 0.067200
1403637194.688319 0.615540 0.947435 0.247517 0.106284 0.100295 0.067196
1403637194.938319 0.647651 1.035111 0.150036 0.106842 0.102725 0.067192
1403637195.188319 0.617574 1.080563 0.006192 0.106743 0.106704 0.067121
1403637195.388319  0.547218  1.061226 -0.054199 0.106440 0.107948 0.066851
1403637195.638319 0.447638 1.029626 0.147089 0.107168 0.111436 0.066902
1403637195.838319 0.354429 1.000433 0.218303 0.103656 0.113471 0.066791
1403637196.088319 0.180723 1.053829 0.132258 0.101506 0.112342 0.066935
1403637196.288319 -0.073854  1.137784  0.030097 0.099853 0.111706 0.066785
1403637196.488319 -0.441562  1.206563 -0.077977 0.098114 0.114622 0.066749
1403637196.688319 -0.793101  1.266244 -0.172401 0.096878 0.120493 0.066728
1403637196.838319 -1.029545  1.249141 -0.258667 0.094943 0.125339 0.066647
1403637196.988319 -1.254933  1.253449 -0.296739 0.094245 0.130343 0.066676
1403637197.138319 -1.444593  1.222032 -0.215668 0.094661 0.136668 0.066898
1403637197.238319 -1.540260  1.183931 -0.124857 0.095059 0.140441 0.066948
1403637197.338319 -1.606610  1.169793 -0.056275 0.097181 0.145682 0.066899
1403637197.438319 -1.656135  1.118829  0.015759 0.099305 0.148718 0.066943
1403637197.538319 -1.692940  1.073229  0.073277 0.100570 0.150741 0.066844
1403637197.638319 -1.721587  1.046059  0.154747 0.103160 0.153061 0.066806
1403637197.738319 -1.736069  1.000031  0.208484 0.108203 0.156523 0.067056
1403637197.838319 -1.783858  0.940717  0.289680 0.113189 0.160248 0.067059
1403637197.938319 -1.842986  0.907631  0.319548 0.119753 0.163847 0.067180
1403637198.038319 -1.922198  0.835434  0.388298 0.124624 0.168024 0.067260
1403637198.138319 -1.989971  0.809682  0.467072 0.131935 0.172316 0.067397
1403637198.238319 -2.061977  0.763794  0.541102 0.140034 0.177363 0.067667
1403637198.338319 -2.131396  0.710530  0.546274 0.148322 0.180647 0.067846
1403637198.438319 -2.195937  0.655855  0.463761 0.156414 0.183468 0.068129
1403637198.538319 -2.266365  0.589563  0.323493 0.164344 0.186118 0.068308
1403637198.638319 -2.338543  0.516245  0.140946 0.172415 0.188636 0.068399
1403637198.738319 -2.414904  0.443051 -0.058101 0.179978 0.191345 0.068522
1403637198.838319 -2.506066  0.358062 -0.218742 0.188551 0.194800 0.068462
1403637198.938319 -2.613226  0.251895 -0.256369 0.199310 0.199134 0.068454
1403637199.038319 -2.685526  0.123171 -0.227196 0.211374 0.203551 0.068585
1403637199.138319 -2.725157 -0.034206 -0.165487 0.225988 0.203739 0.068554
1403637199.238319 -2.752132 -0.163524 -0.060819 0.240624 0.204947 0.068694
1403637199.338319 -2.749539 -0.300360  0.017346 0.255608 0.203721 0.068825
1403637199.438319 -2.753417 -0.405401  0.060030 0.268209 0.200757 0.068660
1403637199.538319 -2.742613 -0.520822  0.014874 0.283194 0.198284 0.068718
1403637199.638319 -2.735655 -0.631556 -0.085072 0.296589 0.195097 0.068708
1403637199.738319 -2.718723 -0.733886 -0.181827 0.307224 0.192416 0.068677
1403637199.838319 -2.683061 -0.808419 -0.406247 0.316074 0.188605 0.068539
1403637199.938319 -2.601372 -0.889289 -0.546685 0.324164 0.183180 0.068543
1403637200.038319 -2.435533 -1.010442 -0.612809 0.330096 0.174234 0.068572
1403637200.138319 -2.213397 -1.141925 -0.644199 0.333009 0.165161 0.068654
1403637200.238319 -1.978239 -1.281647 -0.666226 0.331936 0.157424 0.069015
1403637200.338319 -1.758224 -1.408413 -0.687137 0.325348 0.152107 0.069428
1403637200.438319 -1.601180 -1.511578 -0.574041 0.317099 0.153088 0.069904
1403637200.538319 -1.504836 -1.585296 -0.472989 0.306417 0.157053 0.070243
1403637200.638319 -1.420982 -1.604759 -0.356362 0.300430 0.162885 0.070486
1403637200.738319 -1.358107 -1.617556 -0.270755 0.289925 0.166903 0.070486
1403637200.838319 -1.258829 -1.596000 -0.185388 0.280317 0.171753 0.070337
1403637200.988319 -1.111750 -1.591161 -0.102014 0.266731 0.179456 0.070056
1403637201.138319 -0.994559 -1.565858  0.039545 0.250052 0.187159 0.069506
1403637201.288319 -0.866936 -1.548104  0.122448 0.233908 0.192047 0.069167
1403637201.438319 -0.710022 -1.488354  0.033776 0.218241 0.196469 0.068593
1403637201.638319 -0.427086 -1.289438 -0.056052 0.191538 0.195935 0.067829
1403637201.888319  0.003421 -0.997395 -0.030100 0.155728 0.186199 0.067489
1403637202.188319  0.515533 -0.587213  0.148494 0.122844 0.166525 0.067136
1403637202.438319  0.644661 -0.273416  0.057797 0.109153 0.146980 0.066716
1403637202.688319  0.661171 -0.050634  0.191527 0.105582 0.131494 0.066446
1403637202.988319 0.648898 0.035255 0.135511 0.105262 0.119378 0.066261
1403637203.388319  0.530566  0.040930 -0.005320 0.105340 0.107220 0.066311
1403637203.688319  0.406959  0.035114 -0.129194 0.104559 0.100842 0.066112
1403637204.038319  0.314575 -0.020180 -0.223432 0.102982 0.096539 0.066055
1403637204.938319  0.170180 -0.169390  0.070338 0.099887 0.094161 0.066548
1403637206.188319 -0.091988 -0.242753  0.021364 0.092379 0.091321 0.067309
1403637207.588319  0.019993 -0.350525 -0.164875 0.088176 0.090292 0.068039
1403637208.938319  0.170854 -0.214798 -0.124819 0.085260 0.087417 0.067998
1403637209.188319  0.077758 -0.290462 -0.149918 0.084018 0.084563 0.067504
1403637209.488319  0.000468 -0.324609  0.037889 0.082306 0.083363 0.066957
1403637209.738319 -0.205338 -0.134208  0.221651 0.080005 0.082747 0.066552
1403637210.088319 -0.521914  0.154559 -0.174218 0.078440 0.082609 0.066390
1403637210.288319 -0.784842  0.401178 -0.294676 0.079357 0.085028 0.066075
1403637210.538319 -1.188111  0.749812 -0.270977 0.084505 0.092671 0.066134
1403637210.738319 -1.400253  0.923954 -0.337012 0.089735 0.098139 0.066093
1403637210.888319 -1.510004  1.031598 -0.377221 0.092778 0.102537 0.066236
1403637211.038319 -1.537487  1.148421 -0.417959 0.097270 0.104228 0.066277
1403637211.188319 -1.519174  1.243907 -0.468261 0.101772 0.105329 0.066540
1403637211.338319 -1.506399  1.293674 -0.510914 0.104726 0.106667 0.066784
1403637211.538319 -1.429341  1.286181 -0.545173 0.107225 0.107589 0.067125
1403637211.688319 -1.385344  1.286740 -0.442656 0.108846 0.108872 0.067191
1403637211.838319 -1.342449  1.325422 -0.297654 0.112983 0.111188 0.067242
1403637211.988319 -1.295512  1.420856 -0.152287 0.117940 0.114073 0.067304
1403637212.088319 -1.292922  1.445329 -0.070970 0.119446 0.115168 0.067236
1403637212.188319 -1.238775  1.426759 -0.027635 0.118127 0.115371 0.067083
1403637212.338319 -1.198309  1.396146  0.052941 0.118488 0.116304 0.066944
1403637212.438319 -1.130896  1.338707  0.105116 0.117300 0.115898 0.066772
1403637212.588319 -1.092059  1.295255  0.159862 0.116986 0.117026 0.066549
1403637212.738319 -1.076997  1.291203  0.194979 0.117115 0.118182 0.066260
1403637212.888319 -1.070996  1.287926  0.222488 0.117723 0.119919 0.066167
1403637213.088319 -1.088212  1.267082  0.211228 0.117610 0.122238 0.065995
1403637213.238319 -1.097966  1.264390  0.118928 0.117180 0.122514 0.065893
1403637213.388319 -1.106756  1.245128  0.051261 0.116339 0.123514 0.065870
1403637213.538319 -1.093329  1.238253 -0.006797 0.115767 0.122906 0.065856
1403637213.738319 -1.095662  1.151335 -0.127373 0.113533 0.123499 0.065937
1403637213.888319 -1.140571  1.080347 -0.196810 0.112029 0.123893 0.065872
1403637214.038319 -1.223697  0.974970 -0.121604 0.111163 0.126730 0.066072
1403637214.188319 -1.267360  0.898384 -0.003168 0.110972 0.128095 0.066157
1403637214.338319 -1.250617  0.791918  0.097509 0.109800 0.126388 0.066016
1403637214.488319 -1.205853  0.649174  0.174774 0.108024 0.122322 0.065977
1403637214.638319 -1.172334  0.463165  0.258612 0.105965 0.119251 0.065954
1403637214.788319 -1.171414  0.230022  0.334673 0.106049 0.117734 0.065852
1403637214.988319 -1.147849 -0.115659  0.252487 0.106075 0.112697 0.066118
1403637215.188319 -1.092097 -0.433747  0.145452 0.107699 0.105983 0.066154
1403637215.388319 -0.997632 -0.743316  0.048422 0.114356 0.101980 0.066333
1403637215.538319 -0.826391 -0.952737  0.097919 0.120013 0.097381 0.066383
1403637215.688319 -0.617066 -1.137321  0.185463 0.124935 0.095870 0.066509
1403637215.788319 -0.518351 -1.227236  0.250842 0.127794 0.096982 0.066656
1403637215.888319 -0.427621 -1.290930  0.329221 0.128360 0.098169 0.066662
1403637216.038319 -0.314483 -1.347908  0.429230 0.128474 0.102517 0.066932
1403637216.188319 -0.205759 -1.346528  0.379455 0.127201 0.107924 0.066961
1403637216.338319 -0.120212 -1.300205  0.293956 0.124385 0.113522 0.067203
1403637216.538319  0.021740 -1.253699  0.174084 0.120324 0.120661 0.067195
1403637216.738319  0.247363 -1.195100  0.125416 0.117026 0.129650 0.067166
1403637216.938319  0.526153 -1.123660  0.235619 0.114920 0.141021 0.067194
1403637217.138319  0.802403 -1.068502  0.250306 0.114290 0.150431 0.067629
1403637217.438319  1.055092 -0.816755  0.008002 0.109901 0.152767 0.067183
1403637217.688319  1.250085 -0.601346 -0.049797 0.112697 0.152246 0.066812
1403637217.838319  1.414132 -0.578675  0.018431 0.120051 0.155322 0.066834
1403637218.038319  1.632653 -0.583668  0.124734 0.134298 0.160601 0.067028
1403637218.238319  1.754163 -0.593010  0.048774 0.147602 0.161797 0.067122
1403637218.438319  1.860503 -0.582049 -0.053830 0.160269 0.161429 0.066938
1403637218.588319  1.922428 -0.590465 -0.026464 0.176116 0.162476 0.067038
1403637218.738319  2.008436 -0.601218  0.039557 0.196282 0.168077 0.067316
1403637218.938319  2.055693 -0.626483 -0.286787 0.215026 0.166092 0.067431
1403637219.138319  2.099512 -0.713898 -0.365900 0.236407 0.166539 0.067874
1403637219.338319  2.174036 -0.811988 -0.241600 0.260985 0.171159 0.068183
1403637219.488319  2.158965 -0.885522 -0.149410 0.280321 0.173366 0.068328
1403637219.588319  2.149990 -0.921562 -0.108645 0.290902 0.174132 0.068372
1403637219.738319  2.056925 -0.955018  0.002292 0.304396 0.171735 0.068291
1403637219.888319  1.893913 -0.985751  0.118465 0.311721 0.165963 0.067806
1403637220.038319  1.722315 -1.020962  0.231263 0.320891 0.162736 0.067341
1403637220.238319  1.557214 -1.051923  0.363585 0.311618 0.158737 0.066728
1403637220.438319  1.397351 -1.017384  0.435366 0.292556 0.153271 0.066340
1403637220.738319  1.248591 -0.901472  0.261559 0.259401 0.146640 0.066353
1403637221.038319  1.133565 -0.760528  0.098744 0.239061 0.140342 0.066611
1403637221.288319  0.945085 -0.683345 -0.049159 0.214815 0.136098 0.066648
1403637221.538319  0.786882 -0.614618 -0.183499 0.189978 0.126377 0.066187
1403637221.838319  0.585221 -0.503123 -0.287742 0.167460 0.117882 0.065802
1403637222.088319  0.400973 -0.379447 -0.374153 0.149453 0.112897 0.065805
1403637222.238319  0.300244 -0.318741 -0.391670 0.136782 0.108186 0.065808
1403637222.388319  0.223358 -0.270775 -0.414769 0.126438 0.104856 0.065899
1403637222.588319  0.193267 -0.221176 -0.253995 0.117666 0.102519 0.066042
1403637222.938319  0.138883 -0.140459  0.027314 0.107385 0.098441 0.065952
1403637223.438319 -0.132737  0.011744  0.403936 0.097741 0.094548 0.065521
1403637223.738319 -0.150835  0.034203  0.275341 0.092255 0.090784 0.065833
1403637224.688319 -0.076461 -0.067263 -0.134130 0.087228 0.086642 0.066001
1403637225.838319  0.085982 -0.232299  0.208215 0.087374 0.088056 0.066576
1403637226.688319  0.029651 -0.345275  0.010575 0.083688 0.084332 0.066329
1403637227.038319 -0.129318 -0.332759 -0.102597 0.082158 0.083387 0.066103
1403637227.188319 -0.167870 -0.256770 -0.008049 0.081172 0.083636 0.065835
1403637227.888319 -0.208254 -0.010185 -0.129284 0.080198 0.082605 0.065840
1403637229.138319  0.051027 -0.158777 -0.047322 0.081832 0.083953 0.066659
1403637229.388319  0.086996 -0.206488 -0.180548 0.080472 0.082801 0.066275
1403637229.538319  0.118255 -0.205531 -0.221882 0.080815 0.084295 0.066150
1403637229.638319  0.106939 -0.135862 -0.234471 0.080720 0.084922 0.066071
1403637229.738319  0.104264 -0.052510 -0.240231 0.080818 0.085789 0.066056
1403637229.838319  0.069213  0.032065 -0.233608 0.081903 0.086881 0.066119
1403637229.938319  0.045368  0.073089 -0.244009 0.082889 0.086941 0.066264
1403637230.038319  0.023166  0.066677 -0.254011 0.083399 0.086508 0.066512
1403637230.188319  0.001383  0.063499 -0.169642 0.084291 0.086600 0.066761
1403637230.488319 -0.122209  0.105983  0.085742 0.086983 0.088106 0.066410
1403637230.738319 -0.075069  0.037847  0.189011 0.088631 0.089729 0.065753
1403637230.888319 -0.029611  0.030245  0.148883 0.088692 0.089861 0.065449
1403637231.088319  0.024725  0.087279 -0.003804 0.089085 0.090131 0.065360
1403637231.238319  0.054189  0.160340 -0.236279 0.088838 0.089793 0.065370
1403637231.388319  0.101348  0.217843 -0.461448 0.088847 0.090048 0.065590
1403637231.488319  0.137312  0.232125 -0.623494 0.088925 0.090459 0.066134
1403637231.588319  0.192949  0.251141 -0.742450 0.089572 0.091314 0.067130
1403637231.688319  0.254482  0.280198 -0.702904 0.090900 0.093244 0.068733
1403637231.788319  0.320652  0.322909 -0.635116 0.093456 0.096155 0.070575
1403637231.938319  0.423068  0.370611 -0.488843 0.098193 0.101676 0.072723
1403637232.088319  0.552152  0.422587 -0.295381 0.105165 0.108126 0.075225
1403637232.238319  0.651802  0.343035 -0.201618 0.112787 0.114307 0.075282
1403637232.388319  0.725919  0.256308 -0.091701 0.122067 0.119557 0.074582
1403637232.588319  0.774649  0.103828 -0.013830 0.138552 0.119309 0.072632
1403637232.738319  0.870193 -0.000895  0.059273 0.150010 0.120128 0.070997
1403637232.888319  1.029962 -0.086321  0.165963 0.164579 0.121402 0.069642
1403637233.038319  1.213921 -0.115898  0.251189 0.183836 0.124100 0.068462
1403637233.188319  1.386021 -0.090738  0.219222 0.202827 0.126769 0.067712
1403637233.338319  1.555859 -0.021022  0.120479 0.227446 0.130491 0.067460
1403637233.488319  1.749191  0.076193 -0.037475 0.254337 0.137021 0.067623
1403637233.588319  1.829148  0.162765 -0.122511 0.273544 0.139788 0.067902
1403637233.688319  1.858994  0.317627 -0.247171 0.292866 0.140674 0.068343
1403637233.788319  1.790951  0.477604 -0.310981 0.312323 0.138162 0.068284
1403637233.938319  1.584092  0.752971 -0.385927 0.335169 0.132381 0.068632
1403637234.138319  1.208892  1.113275 -0.425830 0.337678 0.127242 0.069040
1403637234.338319  0.769089  1.501210 -0.492486 0.307260 0.128173 0.069424
1403637234.488319  0.462444  1.738779 -0.521442 0.277623 0.133877 0.069752
1403637234.638319  0.179104  1.856374 -0.582546 0.243562 0.141988 0.070221
1403637234.788319 -0.034775  1.873724 -0.660936 0.212139 0.151496 0.070693
1403637234.938319 -0.207596  1.821000 -0.588978 0.187889 0.160966 0.071186
1403637235.088319 -0.326506  1.712890 -0.490339 0.165757 0.167996 0.071193
1403637235.188319 -0.397996  1.640649 -0.400527 0.154727 0.171272 0.071167
1403637235.338319 -0.510800  1.511929 -0.321962 0.142309 0.177819 0.071127
1403637235.488319 -0.598238  1.453647 -0.228350 0.133023 0.179894 0.070810
1403637235.638319 -0.640022  1.430607 -0.101074 0.128058 0.181179 0.070405
1403637235.738319 -0.660709  1.463812 -0.002177 0.128103 0.183776 0.070265
1403637235.838319 -0.733344  1.435663  0.089259 0.126277 0.187576 0.069799
1403637235.938319 -0.849591  1.428843  0.148535 0.125242 0.189905 0.069238
1403637236.038319 -0.993051  1.406695  0.195845 0.124717 0.194968 0.068668
1403637236.138319 -1.165869  1.372394  0.267120 0.124328 0.199324 0.068339
1403637236.238319 -1.344667  1.354316  0.344689 0.125369 0.204333 0.068044
1403637236.338319 -1.525086  1.291885  0.403605 0.127439 0.211635 0.067877
1403637236.438319 -1.686867  1.239357  0.444316 0.130308 0.216405 0.067646
1403637236.538319 -1.798247  1.242466  0.460306 0.135099 0.218706 0.067574
1403637236.638319 -1.899746  1.178119  0.392794 0.138668 0.220592 0.067620
1403637236.738319 -2.010092  1.100223  0.365816 0.144824 0.224258 0.067781
1403637236.838319 -2.125286  1.004284  0.394911 0.149796 0.227843 0.067840
1403637236.938319 -2.201608  0.870050  0.480355 0.155954 0.229794 0.067823
1403637237.038319 -2.263537  0.692697  0.521845 0.163068 0.228986 0.067841
1403637237.138319 -2.310360  0.476371  0.587840 0.170039 0.226137 0.068040
1403637237.238319 -2.325334  0.211095  0.651047 0.178170 0.220446 0.068406
1403637237.338319 -2.311281 -0.050652  0.713260 0.187026 0.211794 0.068693
1403637237.438319 -2.278382 -0.303359  0.778055 0.195199 0.202407 0.068984
1403637237.538319 -2.236225 -0.541561  0.857390 0.205036 0.191838 0.069188
1403637237.638319 -2.175504 -0.768873  0.915917 0.213874 0.182590 0.069628
1403637237.738319 -2.077402 -0.986957  0.934967 0.221937 0.173695 0.070104
1403637237.838319 -1.967265 -1.171459  0.852996 0.226691 0.163452 0.070593
1403637237.938319 -1.832636 -1.356215  0.755198 0.232193 0.154281 0.071089
1403637238.038319 -1.712387 -1.471647  0.687501 0.235135 0.148209 0.071224
1403637238.138319 -1.563122 -1.555914  0.640636 0.234752 0.141495 0.071366
1403637238.238319 -1.384667 -1.628382  0.592091 0.232882 0.136235 0.071224
1403637238.338319 -1.184764 -1.668247  0.537096 0.228149 0.130937 0.070954
1403637238.438319 -0.959161 -1.741054  0.485713 0.225416 0.127671 0.070842
1403637238.538319 -0.711153 -1.801253  0.434565 0.220403 0.125374 0.070727
1403637238.638319 -0.455661 -1.859110  0.387653 0.214699 0.126768 0.071023
1403637238.738319 -0.178466 -1.882200  0.348365 0.205671 0.131137 0.071120
1403637238.838319  0.126405 -1.860467  0.341701 0.194470 0.137430 0.071037
1403637238.938319  0.490834 -1.745164  0.355044 0.180863 0.147041 0.070966
1403637239.038319  0.886468 -1.599786  0.407444 0.166402 0.160036 0.070775
1403637239.188319  1.406934 -1.289935  0.471765 0.146767 0.181171 0.070549
1403637239.288319  1.635937 -1.125938  0.440636 0.140492 0.189901 0.070214
1403637239.388319  1.817430 -1.012551  0.354951 0.137862 0.194069 0.069920
1403637239.488319  1.948876 -0.925744  0.205029 0.138353 0.196061 0.069644
1403637239.588319  2.080881 -0.864198  0.013866 0.141571 0.197390 0.069461
1403637239.688319  2.196828 -0.802890 -0.136042 0.148101 0.199511 0.069438
1403637239.788319  2.285357 -0.768869 -0.256320 0.154154 0.200454 0.069108
1403637239.888319  2.318314 -0.746232 -0.380976 0.161492 0.200114 0.068787
1403637239.988319  2.323895 -0.761334 -0.436837 0.171667 0.199970 0.068919
1403637240.088319  2.292539 -0.784967 -0.490872 0.181901 0.197247 0.068926
1403637240.188319  2.236414 -0.804103 -0.508079 0.191795 0.192672 0.068759
1403637240.288319  2.190507 -0.788871 -0.563731 0.201240 0.190944 0.069083
1403637240.388319  2.157269 -0.780451 -0.532455 0.210432 0.188756 0.069366
1403637240.538319  2.184464 -0.682697 -0.414520 0.221373 0.188870 0.069417
1403637240.688319  2.202337 -0.566927 -0.266498 0.233763 0.189805 0.069472
1403637240.788319  2.219839 -0.476637 -0.169441 0.242848 0.190880 0.069393
1403637240.888319  2.228023 -0.401941 -0.072568 0.256072 0.190041 0.069502
1403637240.988319  2.168148 -0.341203 -0.076463 0.266781 0.185360 0.069081
1403637241.138319  2.085396 -0.243987 -0.206171 0.275793 0.177250 0.068988
1403637241.238319  2.039158 -0.195311 -0.246135 0.279777 0.172831 0.068981
1403637241.388319  1.960568 -0.088218 -0.301962 0.282288 0.165106 0.068997
1403637241.538319  1.836300  0.054601 -0.229108 0.289031 0.157062 0.068943
1403637241.688319  1.695480  0.233330 -0.138596 0.287615 0.149275 0.068608
1403637241.888319  1.346497  0.415521 -0.010374 0.275623 0.134595 0.068038
1403637242.088319 1.073772 0.440041 0.059807 0.249769 0.123715 0.067262
1403637242.388319 0.622310 0.506979 0.094338 0.209159 0.112550 0.066551
1403637242.588319 0.253956 0.636360 0.016894 0.179848 0.106383 0.066157
1403637242.838319 -0.231815  0.742512  0.180038 0.151619 0.109612 0.066331
1403637243.038319 -0.513321  0.743935  0.227718 0.129205 0.111101 0.065924
1403637243.238319 -0.789098  0.757887  0.068883 0.115764 0.115796 0.066044
1403637243.438319 -1.002359  0.775461 -0.024989 0.106948 0.119400 0.065870
1403637243.638319 -1.146073  0.802406  0.067645 0.103886 0.123729 0.065912
1403637243.788319 -1.187569  0.810084  0.191855 0.103204 0.124882 0.065824
1403637243.938319 -1.167198  0.749416  0.338898 0.102920 0.125338 0.065769
1403637244.138319 -1.036797  0.685539  0.495845 0.103794 0.123663 0.065706
1403637244.338319 -0.948969  0.601935  0.573027 0.104008 0.120588 0.065673
1403637244.538319 -0.832018  0.576538  0.649017 0.105378 0.118042 0.065881
1403637244.738319 -0.754479  0.610346  0.513048 0.105914 0.115206 0.066083
1403637244.938319 -0.695932  0.690756  0.381355 0.108248 0.114294 0.066209
1403637245.138319 -0.571877  0.763759  0.238943 0.110457 0.114194 0.066428
1403637245.388319 -0.326161  0.888821  0.175832 0.112917 0.113480 0.066521
1403637245.638319 -0.249172  1.020388  0.039624 0.113962 0.113838 0.066315
1403637245.788319 -0.203333  1.096646 -0.022643 0.115384 0.115210 0.066276
1403637245.938319 -0.230269  1.100222 -0.124295 0.114621 0.116898 0.066153
1403637246.038319 -0.253264  1.110879 -0.151450 0.113843 0.118252 0.066059
1403637246.138319 -0.284932  1.090449 -0.204876 0.113845 0.120754 0.065873
1403637246.238319 -0.310311  1.060291 -0.254181 0.112416 0.120779 0.065723
1403637246.338319 -0.348408  1.030053 -0.284616 0.111669 0.121864 0.065578
1403637246.488319 -0.419878  0.968168 -0.345266 0.110946 0.123544 0.065532
1403637246.638319 -0.509880  0.855091 -0.384288 0.109325 0.124953 0.065517
1403637246.738319 -0.601302  0.753366 -0.365041 0.108489 0.127237 0.065494
1403637246.888319 -0.694752  0.545963 -0.268244 0.107385 0.129609 0.065573
1403637247.038319 -0.769692  0.378406 -0.183225 0.109220 0.130228 0.065714
1403637247.188319 -0.816572  0.275212 -0.239167 0.111765 0.128635 0.065827
1403637247.388319 -0.879377  0.195831 -0.251304 0.116664 0.126376 0.066123
1403637247.538319 -0.904130  0.073754 -0.374813 0.120189 0.123070 0.066444
1403637247.738319 -0.914490 -0.147728 -0.372073 0.126746 0.121396 0.066814
1403637247.888319 -0.987654 -0.358872 -0.255941 0.134558 0.121127 0.067172
1403637248.038319 -0.996895 -0.593936 -0.189638 0.143576 0.119587 0.067420
1403637248.188319 -0.996369 -0.712074 -0.176563 0.152607 0.119262 0.067480
1403637248.338319 -1.022218 -0.771565 -0.249707 0.160337 0.120817 0.067731
1403637248.438319 -1.021566 -0.824983 -0.293334 0.163546 0.121787 0.067850
1403637248.538319 -1.023586 -0.855261 -0.285008 0.166981 0.123850 0.068139
1403637248.638319 -1.007165 -0.908316 -0.248291 0.177497 0.127258 0.068510
1403637248.738319 -1.023025 -0.972236 -0.169446 0.186837 0.131224 0.068660
1403637248.838319 -1.032754 -1.023574 -0.079551 0.194023 0.136602 0.068760
1403637248.988319 -1.041801 -1.066756  0.027672 0.199568 0.144434 0.068447
1403637249.138319 -1.089358 -1.083227  0.132691 0.205650 0.153883 0.067931
1403637249.288319 -1.135098 -1.080491  0.221963 0.211132 0.162299 0.067333
1403637249.438319 -1.174188 -1.089236  0.035362 0.214457 0.167834 0.066833
1403637249.588319 -1.209590 -1.110547 -0.228385 0.218057 0.173094 0.066776
1403637249.738319 -1.229744 -1.118737 -0.263188 0.223984 0.180319 0.066995
1403637249.888319 -1.234644 -1.169121 -0.183490 0.231774 0.186893 0.067237
1403637250.038319 -1.223214 -1.225716 -0.083961 0.239082 0.193830 0.067239
1403637250.188319 -1.180189 -1.230687 -0.021219 0.242925 0.199442 0.067009
1403637250.338319 -1.122096 -1.201322 -0.108343 0.240229 0.201844 0.066940
1403637250.488319 -1.052230 -1.168830 -0.177760 0.237170 0.205315 0.066862
1403637250.638319 -0.958530 -1.106527 -0.103706 0.232683 0.208375 0.066658
1403637250.838319 -0.859581 -0.985425  0.060609 0.218982 0.206792 0.066398
1403637251.038319 -0.763463 -0.862316  0.202995 0.202621 0.200424 0.065895
1403637251.288319 -0.599223 -0.661303  0.413744 0.178793 0.182325 0.065748
1403637251.488319 -0.534760 -0.530919  0.475878 0.162769 0.168056 0.066216
1403637251.788319 -0.413303 -0.420252  0.288855 0.140198 0.144305 0.066911
1403637252.088319 -0.310773 -0.397395  0.196413 0.127517 0.131238 0.067502
1403637252.738319  0.000074 -0.358261 -0.152297 0.107515 0.113137 0.066793
1403637253.688319  0.188030 -0.172555 -0.014933 0.093748 0.101218 0.066227
1403637254.138319  0.226006 -0.270244  0.239023 0.092794 0.097147 0.065909
1403637254.488319  0.249836 -0.340881  0.250954 0.094023 0.095745 0.066545
1403637255.088319  0.213707 -0.417940 -0.032432 0.093916 0.093133 0.066075
1403637255.438319  0.273946 -0.449325  0.095818 0.096624 0.093696 0.066065
1403637255.638319  0.301052 -0.460330 -0.018666 0.096670 0.093193 0.065743
1403637255.888319  0.303624 -0.489633  0.125396 0.100208 0.096048 0.065731
1403637256.088319  0.326997 -0.483428  0.269823 0.102260 0.098066 0.065676
1403637256.388319  0.284827 -0.501416  0.087076 0.101977 0.097667 0.065898
1403637256.688319  0.327141 -0.566790 -0.092748 0.103288 0.100183 0.065865
1403637256.938319  0.315711 -0.525187 -0.101834 0.102213 0.103472 0.065547
1403637257.238319  0.319120 -0.500930  0.084587 0.104463 0.109333 0.065397
1403637257.538319  0.275942 -0.498400  0.075123 0.105393 0.114054 0.065533
1403637257.788319  0.213902 -0.527814 -0.063675 0.105845 0.117457 0.065531
1403637257.988319  0.124825 -0.525168 -0.140176 0.103863 0.118640 0.065282
1403637258.138319  0.037566 -0.513069 -0.046865 0.102508 0.120685 0.065199
1403637258.288319 -0.028137 -0.496970 -0.007324 0.100517 0.121954 0.065175
1403637258.438319 -0.030502 -0.497162 -0.116347 0.098410 0.122979 0.065158
1403637258.588319 -0.049872 -0.479412 -0.155840 0.096766 0.123777 0.065157
1403637258.738319 -0.070412 -0.439709 -0.198814 0.094363 0.124886 0.065184
1403637258.888319 -0.049354 -0.407733 -0.186736 0.092968 0.125811 0.065235
1403637259.038319 -0.053134 -0.363217 -0.049468 0.092007 0.125655 0.065284
1403637259.188319 -0.058462 -0.318227  0.124726 0.091028 0.124618 0.065191
1403637259.388319 -0.042855 -0.262733  0.113750 0.089476 0.120856 0.065050
1403637259.738319  0.000853 -0.070952 -0.019225 0.086895 0.111608 0.065147
1403637260.338319  0.070613  0.083318 -0.190530 0.085909 0.096720 0.065270
