1403637151.88832   0.00037485561606819 -0.000669568800522526  0.000386054994756448 -4.51226075443845e-05 -1.75927879441373e-05 -3.89483181916228e-05 0.999999998068736
1403637152.28832  0.0191717456572014 -0.0311806429225862  0.0158510393402752 -0.00431307224486821 -0.00231909266647692 0.00261989764521575 0.999984577557746
1403637152.73832  0.0443248866192895 -0.0457960303210843  0.0464243864973813 -0.00333884758173184 -0.00321681429959875 0.00276748039166386 0.999985422521183
1403637153.08832  0.0670838978067662 -0.0638024936303813  0.0717473792710818 0.00640762894825872 -0.00404357204464267 0.00294338137924083 0.999966963615518
1403637153.58832   0.103136534523112 -0.0836127626097483    0.10376064167947 -0.00359965825508163 -0.000323096014215984 -0.00524468645502113 0.999979715460969
1403637153.98832  0.125918658406927 -0.115310029146328  0.127374499683293 0.00378266774338556 -0.000145509444752112 -0.00387899656934176 0.999985311710807
1403637154.13832  0.131385557807064 -0.118789180976998   0.13549203335697 -0.000419666470066804 -0.00158071897458223 0.00027163924925977 0.999998625708903
1403637154.63832  0.165509739594413 -0.117690897542971  0.185011017457703 -0.00786598216145437 0.00068362891228993 0.00663131296638841 0.9999468409193
1403637154.98832  0.206245063716003 -0.114000911415647  0.224317994648289 -0.0254563111648104 0.0325687626606546 0.00346191795801687 0.999139263088328
1403637155.18832 0.220295825328254 -0.12094638136614 0.258134612690962 -0.0132533521112551 0.057469636054154 0.018428401976023 0.998089166152117
1403637155.43832  0.244579507823555 -0.155154489295915  0.295107631038387 0.0037685065408265 0.0791060789308742 0.0291347015057334 0.996433237002262
1403637155.78832  0.260857359106123 -0.182570581018296  0.356901843932949 0.0078803331784365 0.120929026125919 0.0633802514355656 0.990604368412132
1403637156.03832  0.293560998057941 -0.183725522301567    0.3878768642023 0.00268655413205174 0.167794906010549 0.086798524828108 0.981989647619297
1403637156.23832  0.318797624735944 -0.183339412454801  0.417382780547716 0.00882644926551268 0.213948830213931 0.11039989024865 0.970546163804968
1403637156.43832  0.341995107364896 -0.182823074853394  0.444584108410702 0.00993857340307841 0.267755028832456 0.133352822614241 0.954162194804666
1403637156.63832  0.377234321720825 -0.176280131627192  0.461508201359502 0.0114817188287221 0.319076942785466 0.148414556144647 0.935965380898143
1403637156.78832  0.399873961150993 -0.173028763718405   0.47400237689501 0.00890495586936127 0.357449487864953 0.15488348591658 0.920956932313546
1403637157.08832  0.450410477902188 -0.158378972557566  0.499914317864122 -0.015383715672122 0.396087167500209 0.156160445963359 0.904705594185371
1403637157.68832   0.54877523889867 -0.129788221808606  0.530762132092192 -0.00514085835213229 0.383851403462593 0.180419033833769 0.905583040844787
1403637157.98832  0.610629273441489 -0.126943007366454  0.532534297556716 0.0061817909097942 0.389101202857483 0.161908898469931 0.906833803953216
1403637158.23832 0.672547560259253 -0.12385163631155 0.525017909030486 0.00705255049922476 0.395887266739105 0.147762081988359 0.906305633156808
1403637158.38832  0.710105313582876 -0.127333653336648  0.517736155604423 0.00749766101112667 0.405490674755144 0.152857131188468 0.901196868176322
1403637158.53832  0.739927410377198 -0.128670959630501  0.509417887710221 0.0120145477332012 0.425735148979711 0.16574870041999 0.889456351866169
1403637158.68832  0.770255694742495 -0.126995381122523   0.49934618126341 0.0171931121826116 0.451399949754504 0.185561714608718 0.872645020799741
1403637158.83832  0.796388729558028 -0.122540694602881  0.490079229411322 0.0117033862088226 0.478032193963276 0.196381738596035 0.856027140359407
1403637158.98832  0.820215415973789 -0.113370011392139  0.476028508259494 0.00108283667922016 0.494938143318519 0.196379903417083 0.846445506389538
1403637159.18832  0.848243130779483 -0.104027352230079  0.457382299528578 -0.000695797524224662 0.50271332927195 0.200049155903 0.840987015155772
1403637159.43832  0.888946075745959 -0.092080930775967  0.431114074193429 0.00479992296975656 0.497580306739707 0.208440215484559 0.841987812057309
1403637159.58832   0.929591630521416 -0.0794210887090999   0.412601827350211 -0.0016874050958724 0.49632127397155 0.201428069201244 0.844446018763283
1403637159.73832    0.93911419838492 -0.0710405465824583   0.402625865715586 -0.00917779428591636 0.498430571395669 0.191326398147686 0.845503957981313
1403637159.88832   0.964795774691704 -0.0626277033135719   0.388133259380119 -0.0108959610853346 0.502962597658599 0.186026477502955 0.843981073873333
1403637160.03832   0.990229276026055 -0.0558590242907277   0.373514972864356 -0.00956938609248398 0.521930450610562 0.193880153371947 0.830606716625708
1403637160.13832   1.00689220873268 -0.048171680454547  0.364188940064931 -0.000574956946192029 0.539404125887607 0.200147910640296 0.817914220604008
1403637160.23832    1.03672614857615 -0.0416041358305061   0.348896189457074 0.00313795796436422 0.559514527040783 0.206842587583791 0.802589428793941
1403637160.33832   1.03833914983115 -0.038650452117656   0.34330567859688 0.00467972981612236 0.583374596462681 0.2136931253778 0.783573499103383
1403637160.43832    1.05429752823109 -0.0318851415815301   0.331455264874499 0.00366033283221156 0.607758769267179 0.221770260818894 0.762518086184663
1403637160.58832     1.0994872727891 -0.0153251898873462   0.309667653588508 -0.00612575669432036 0.645297907285205 0.232016079928322 0.727819774815821
1403637160.73832     1.10293249586618 -0.00707963628464338     0.29851670299903 -0.0155669997530464 0.673771726966918 0.243368454700342 0.697539334887627
1403637160.88832    1.12236653840467 0.00114594031831948   0.286823185233583 -0.0218466491768304 0.687877469541413 0.251162322941212 0.680635584106371
1403637161.03832    1.15725197835023 0.00470951724749012   0.268355133535067 -0.0223056860846853 0.690920162334614 0.263251015441147 0.672926956301356
1403637161.23832      1.1729772389876 -0.00500098636118675    0.255551521753167 0.00547959734928832 0.688517601785173 0.280027161984986 0.668953118383881
1403637161.33832      1.2038562908077 -0.00913382252615115    0.238492071914386 0.0189110760182756 0.686559949203812 0.285665845132597 0.668335867867174
1403637161.48832    1.21211147571022 -0.0209838914888904   0.226033541072239 0.0131466227218713 0.691102589711447 0.279796918666255 0.666271762203689
1403637161.58832    1.23639047344454 -0.0274084477969118   0.207631174793137 0.00766262098095882 0.698985692674451 0.279128437410945 0.658367375486243
1403637161.73832   1.24544486676008 -0.034549414214753  0.187625499861059 0.00901564511897729 0.713503693328237 0.272736484342317 0.645326280154967
1403637161.88832    1.26941648419808 -0.0381615321704872    0.16168800930557 0.0189729134330127 0.732740108287012 0.248041496701568 0.633409329089371
1403637162.03832     1.2885477876312 -0.0404903199500703   0.133716723889684 0.0324183966006099 0.746576536491066 0.228453071284152 0.624004580867552
1403637162.33832    1.27641955204767 -0.0402935303713706  0.0931087859134736 0.0444520628451553 0.743483616652225 0.247772966665291 0.619568142231682
1403637162.53832    1.25628057898524 -0.0324786890350809  0.0608191927821462 0.031730115006748 0.734184191286503 0.271692127817783 0.621409817068003
1403637162.78832    1.21604668087827 -0.0124587795681771  0.0345471055731557 0.0479998232100686 0.747092741617591 0.250254851688567 0.613938890770447
1403637162.98832     1.1745301230145 -0.0112181497864138 0.00375949291291697 0.0438883292776345 0.776660593720891 0.244503142919838 0.57886989023152
1403637163.13832     1.13380504119598 -0.00260013568986518   -0.019638206679073 0.0330179046918652 0.805893510732851 0.246687847787218 0.537206266793817
1403637163.28832    1.08694288379538  0.0108787583386126 -0.0417885529885108 0.0259043457576082 0.835420323877789 0.250875163951422 0.48832724625516
1403637163.43832    1.02729980440031   0.024333947174087 -0.0595807753620976 0.030687280841074 0.856282329924322 0.264359937177968 0.442665433334495
1403637163.58832   0.962286945223901  0.0359603023046659 -0.0702867268403916 0.034005287206029 0.865082827698923 0.288823664588205 0.408725130664008
1403637163.73832   0.888578177976065  0.0393445125626893 -0.0827918084850107 0.0354800513111566 0.86387670375354 0.318101802183731 0.388933734867957
1403637163.88832  0.813832333756412  0.039123648002405 -0.103870368468427 0.0444631192567924 0.861653051922063 0.333177646953484 0.38022323010291
1403637164.03832  0.729378700717157 0.0318081284388372 -0.118992760758969 0.0508794291013344 0.863697255950358 0.331041674667112 0.376629451041389
1403637164.18832  0.643773324332807 0.0270651641203152 -0.152354083308479 0.0499406499463245 0.866846172472469 0.320733896990028 0.378435479407467
1403637164.33832  0.548192162134358 0.0162196303927549 -0.190845237806395 0.0351618232579345 0.868123168802981 0.313291092768926 0.383372535745978
1403637164.48832  0.450948341124617 0.0107578941646849 -0.230296641999784 0.0280315312934459 0.86458948769234 0.316961739385626 0.388888810318425
1403637164.63832  0.340815337510167 0.0118587793575302 -0.268618223531128 0.0391110837933787 0.858364869274284 0.325682123372838 0.394475891323674
1403637164.78832   0.23858683085328 0.0119040516383983 -0.304984779424396 0.0242306411710874 0.861928055940553 0.313975326360132 0.397381928184995
1403637164.93832  0.125457205224069  0.023851216997467 -0.349289702234326 0.014062525289195 0.870649343348693 0.30239559034057 0.387722675699473
1403637165.08832 0.0187998358147345 0.0317672108078735 -0.389751288002439 0.00975624242314321 0.881259032361921 0.297566530140961 0.367071510409321
1403637165.18832 -0.0538247508022799  0.0445448435690019  -0.420357093245506 0.0095885416343347 0.890634100299908 0.293189649798449 0.34744609438496
1403637165.28832 -0.119884213897151 0.0563496452371497 -0.457395523566792 0.00656299466045185 0.897143566412424 0.299191138623106 0.324923084614333
1403637165.38832 -0.209048938003433  0.061037750212242 -0.480342215055566 9.74584542673962e-05 0.901970765000914 0.30905873956884 0.301548379338434
1403637165.48832 -0.283403729106636 0.0675730497180508 -0.507643017014274 -0.00160107074127169 0.903310307992201 0.32137003931859 0.284164075625128
1403637165.58832 -0.360160297858422 0.0672422066025382 -0.537405799122328 -0.00825222423712785 0.906069784635277 0.325210642265823 0.270568816243065
1403637165.68832 -0.400281354202856 0.0701340717738953 -0.578826615951935 -0.0230496236350981 0.907530293449979 0.325813784685224 0.264012990267459
1403637165.78832 -0.496782268727399 0.0705873386915202 -0.603126849426391 -0.0372084131136047 0.911629559015084 0.320694348176979 0.254366303135601
1403637165.88832 -0.562069495093178 0.0677757890808708 -0.642650531053388 -0.0520187501457336 0.912342989886052 0.317892487219797 0.252722545508441
1403637166.03832 -0.671969052363356 0.0717801697133454 -0.681608990949656 -0.0676803317948566 0.910511398600006 0.311752507262052 0.263056533702214
1403637166.18832 -0.703969078803852 0.0850065500778844 -0.713267363101765 -0.0785893947857522 0.906017576199318 0.308865019680688 0.278492833413664
1403637166.33832 -0.841755494541414   0.10031280004319 -0.728110720006571 -0.063751829088595 0.91073159201395 0.289407296036266 0.287657936787033
1403637166.43832 -0.841654710443589  0.122517495191474     -0.75611220843 -0.0451974492965281 0.914724991075752 0.263308470482711 0.303156775696351
1403637166.63832  -0.95841258143227  0.108422275216001 -0.752630161258778 -0.0434733425441145 0.909978538003481 0.266530461589739 0.314659565095121
1403637166.78832 -0.974472590076016  0.112958404410202 -0.747507511728393 -0.0664847195570028 0.89750913632941 0.293434608737784 0.322417838628025
1403637167.08832 -1.03981960896805 0.124663099874212 -0.71709535816287 -0.111435289130483 0.899573084358468 0.260463581309657 0.332429188016856
1403637167.33832  -1.04398008109372 0.0869908631116284 -0.646970394591019 -0.122486071116122 0.903097009854781 0.239055597513836 0.335060254985866
1403637167.53832  -1.05960796044097 0.0480949089491106 -0.561697230529019 -0.0786787947089174 0.89623480952874 0.281299027920331 0.333831799478737
1403637167.68832  -1.04865567509292 0.0177411408314877 -0.485645733350536 -0.0353781606814565 0.889876469545022 0.305823570589056 0.336660360555034
1403637167.83832  -0.990230840138972 -0.0186593196006074  -0.394899631333841 -0.0276272728843804 0.880384271067415 0.320206904625194 0.348751784626861
1403637167.98832   -1.01584519391538 -0.0394670800011264  -0.323375450164245 -0.0374031908104119 0.872176110744506 0.323703835991942 0.364863892058242
1403637168.13832  -0.993782408705622 -0.0702315466333917  -0.245607897993976 -0.0400845726053797 0.867455800429594 0.322559603440732 0.37665496620681
1403637168.28832  -0.912887206087577 -0.0964494645962029  -0.164137760794664 -0.0358277130622113 0.866707126823198 0.317943290143215 0.382684198188945
1403637168.43832  -0.902792486620741  -0.100253245878925 -0.0777463239653448 -0.0309292107807161 0.873521015203072 0.295585563228418 0.385530277319454
1403637168.58832   -0.851564195634718   -0.113940634513817 -0.00196160549124999 -0.0216904216276437 0.873974983349386 0.292355999578087 0.387588987975346
1403637168.73832 -0.831673377392949 -0.123378862632778 0.0913366081318927 -0.0255093237800392 0.871761392014755 0.299651486666179 0.386769099504512
1403637168.88832 -0.780303606220486 -0.135654210062148  0.169873247202781 -0.0319977033931748 0.87100669941686 0.303317022028592 0.385126291878674
1403637169.03832  -0.73098527060814 -0.154668342553563   0.24437596199999 -0.0428125488104794 0.871604253144757 0.302507720873596 0.38335647950202
1403637169.18832 -0.685164350838536 -0.165717474416283   0.33620240091336 -0.0495062710269561 0.872104188952204 0.293600647718594 0.388306673133809
1403637169.33832 -0.637743081232418 -0.192219640845676  0.407108272063337 -0.0451257830851481 0.863757825655529 0.284970927232273 0.413131520162967
1403637169.48832 -0.581384765087263 -0.216265899122618  0.496577480732944 -0.0396006492442256 0.850412529861154 0.272460543130841 0.448325294927059
1403637169.58832 -0.543968672410291 -0.238321859470474  0.551037845911506 -0.0390739603757201 0.838114294019713 0.260647901445195 0.477598500052724
1403637169.68832 -0.511580038017505 -0.262138847838613  0.595969112133601 -0.0388798715759251 0.823157891871864 0.24727098456647 0.509663124845064
1403637169.78832    -0.472531945035 -0.289287972526397  0.664949909993001 -0.0372010829580407 0.806680883057537 0.238890862792914 0.539270978275596
1403637169.88832 -0.436849627237906 -0.314725115962267   0.72634769853248 -0.0391919836468808 0.79077191716315 0.229619576334517 0.566055309672028
1403637169.98832 -0.396950728792832  -0.33565463641045  0.790549981091814 -0.0410031082095404 0.776278000635416 0.218736982038677 0.589801105064452
1403637170.08832 -0.365585848380802 -0.355702537805404  0.859808197813581 -0.0420270938590284 0.761095694601484 0.211087336250054 0.611889862242958
1403637170.18832 -0.335366365001233 -0.369977651369037  0.921763697556605 -0.039007063859506 0.745746330314453 0.202282238961129 0.633579320679313
1403637170.28832 -0.296173448446619 -0.393973861680969   1.01154836235185 -0.0394197858852289 0.730345754495886 0.193186792083675 0.654003075478256
1403637170.38832 -0.266769777386367 -0.411251598199654   1.09407214970104 -0.0276486088916489 0.711587224531029 0.188130880073715 0.676377075508383
1403637170.48832 -0.250509552288475 -0.424609971102121    1.1648157259452 -0.00242009420325978 0.68899036937119 0.185429167393192 0.700644302008992
1403637170.58832   -0.2240530438649 -0.446565385760527   1.26314894820937 0.0216260865964757 0.666228221305112 0.178839744206061 0.723663330152537
1403637170.68832 -0.213422274950069 -0.465405039828546   1.34663381326155 0.0417618816108315 0.642693629040603 0.168233211959059 0.746256276910875
1403637170.78832 -0.203106731143102 -0.481150697826225   1.42662584935903 0.0526815642881518 0.616560103620193 0.159308031309655 0.769219892207847
1403637170.88832 -0.201158393086144 -0.498688096653015    1.5087104163426 0.0498555250226032 0.587298454006974 0.155898226137387 0.792647901424684
1403637170.98832  -0.20554012679133 -0.519049175066011   1.58718256379903 0.0432666697112609 0.556498772273175 0.15243870179843 0.815597666711078
1403637171.08832 -0.219452127722644 -0.536628065356681   1.66101580273819 0.0415391014614093 0.524921086226373 0.151689631882139 0.836494238990422
1403637171.18832 -0.234110048261316  -0.56115345179626   1.73324938325943 0.0379404693235854 0.499415525783481 0.14842696942197 0.852709849915037
1403637171.28832 -0.249975702934586 -0.582655252235845    1.7997099611705 0.0420399297767897 0.481646598741699 0.143640078447081 0.863491011006271
1403637171.38832 -0.273487278158189  -0.60867752995116   1.86197541197237 0.0424971927784324 0.472455139962779 0.13242210522724 0.870312883609044
1403637171.48832 -0.292233945422649 -0.637033273968335   1.92670784190406 0.0380160001252217 0.469412025934594 0.121237739435728 0.873789759712812
1403637171.58832 -0.321867319847236 -0.661633266193902    1.9771080821563 0.0349657047336396 0.467996338427219 0.115337653239357 0.875473616082423
1403637171.68832 -0.347779300730087  -0.68651067105024   2.03626756885285 0.0318292746169216 0.470349878509955 0.1099208547384 0.875028739388947
1403637171.78832  -0.38455405854629 -0.705745821136619   2.08346361949719 0.0316902177541123 0.474537921753223 0.106172882418797 0.873233536893604
1403637171.88832 -0.421880987168956 -0.724941456214531    2.1358929341418 0.0318637855303477 0.479766880237241 0.102965746032608 0.870750535425072
1403637171.98832 -0.465543355038331  -0.74244687045861   2.18648235847169 0.033276365849919 0.484303637589223 0.102080906939737 0.868286910261827
1403637172.08832 -0.515185918299567 -0.759658616411786    2.2385635441232 0.0343489229500236 0.489024062599638 0.102242071613524 0.865576210672921
1403637172.18832 -0.580901832121977  -0.77562139826281   2.28651081064061 0.0367806445837622 0.487748172839911 0.11671553357202 0.864364731058788
1403637172.28832 -0.630831423373758 -0.785644710109865   2.34340780944219 0.0343126130589348 0.481767577048818 0.142845461936293 0.863896880590379
1403637172.38832 -0.699296665082563 -0.808786211370377   2.37977464231425 0.0329673503532921 0.475616820414499 0.167505239345822 0.862927452768299
1403637172.48832 -0.754178397797737 -0.822395300636289   2.43038813248297 0.0337799055111828 0.472889919940943 0.18514451762281 0.860787749213545
1403637172.58832 -0.817063201594801 -0.843742339193506   2.46552439915883 0.0355905204136823 0.472138566359289 0.195740623127546 0.858780587502139
1403637172.68832 -0.884793684737069 -0.872529248506287   2.48335223667449 0.0359050294517311 0.470854671207692 0.205336156348688 0.857230290154235
1403637172.83832 -0.970850226672745 -0.904769284210936   2.52232365796793 0.0241143781954118 0.474858033002533 0.221166867799786 0.851477282048585
1403637172.93832  -1.02533848856199 -0.924467013903108   2.53541975330735 0.00178011466825484 0.478746842461567 0.239298239485043 0.844709799045925
1403637173.08832   -1.0964331671059 -0.936209125885373   2.55939571908298 -0.0230718039190645 0.486522812074651 0.261971219106752 0.833147241221272
1403637173.23832  -1.15867285213046 -0.943659422166534    2.5816357424135 -0.0273000161955222 0.506726556643223 0.279714178264496 0.815010971942124
1403637173.38832   -1.1971887013639 -0.937447100069925   2.60506466944058 -0.0132858319201091 0.541061722593409 0.283459078885407 0.791660690960389
1403637173.48832  -1.21403727778741 -0.937209678524965   2.61209361426893 -0.0055976848793402 0.562871164799133 0.286621524629561 0.775237266506638
1403637173.58832  -1.22566431293166 -0.932362774368043   2.61370761425296 0.00145687511420312 0.581782216954173 0.294334753377046 0.758217899093171
1403637173.73832  -1.23614412097408 -0.921164103025722    2.6117117075917 0.0112557330269973 0.601757592817464 0.319184942519709 0.732039671349337
1403637173.88832  -1.23907117344644 -0.898972930163651   2.60507720629219 0.0042076833757172 0.616000184175047 0.346571065079257 0.707399862416404
1403637173.98832  -1.20056165779489 -0.865866458930306   2.54631677074862 -0.0126318500817135 0.628693272425996 0.343403054390998 0.69760988224418
1403637174.08832  -1.22724180936904 -0.870722073978102   2.57514179164356 -0.0197548401362148 0.649409499530372 0.314996514951278 0.691848425436854
1403637174.18832  -1.20644835986414 -0.865190690947032   2.54720437433406 -0.00687304371654107 0.667447766388246 0.281629126904243 0.689312175500017
1403637174.28832  -1.16788043039741 -0.854034343353871   2.49994345738398 0.013155624959604 0.676680368974116 0.261547824017044 0.688130324523579
1403637174.38832  -1.16575097737451 -0.863137171416837   2.49086323275557 0.0233945651602654 0.677379358395678 0.262426898073957 0.686834785306992
1403637174.48832  -1.1426098738576 -0.86158891279734  2.45626486456981 0.0414441904818669 0.675003948824091 0.272657108262591 0.684331900075591
1403637174.58832  -1.09339049887293 -0.845267787004388   2.38793713828274 0.0496670876490246 0.678541031856328 0.27845870416537 0.677920348246279
1403637174.68832   -1.0921983495808 -0.847535476058226   2.36537075494519 0.0455641246020507 0.693846569002226 0.272457894729666 0.665031987826575
1403637174.78832  -1.07136395799129 -0.838855039523792   2.31809838049043 0.0399602691335434 0.715158249547252 0.262801247393061 0.646442077346406
1403637174.88832  -1.01298606453776 -0.804694701482388   2.21444196563895 0.0319082942780184 0.73239494176883 0.268493137395343 0.624892746956872
1403637174.98832  -1.03777808154973 -0.817597487557094    2.2237115085029 0.0256973146634958 0.746303294243386 0.28448360151711 0.601198903432474
1403637175.08832  -1.02707853509115 -0.805206056491584   2.17629589862494 0.0254502482078948 0.759693405482997 0.289339283190541 0.581808382317225
1403637175.18832  -1.02019810670866 -0.791583811526194   2.12993350877923 0.0355898193766183 0.772070055889494 0.285793410505084 0.566536247796561
1403637175.28832  -1.00094712850044 -0.766103190133464   2.06590280337516 0.0490980415598384 0.783663949767174 0.275786199421158 0.554438606483292
1403637175.38832  -1.00965467661274 -0.754914081799896   2.03424031299566 0.0558324300341764 0.791981756567118 0.267420645397804 0.546016332572903
1403637175.48832  -1.00542201812311 -0.732178773950389   1.98058429567615 0.0591245843610347 0.792328339465753 0.273323753164368 0.542230773711453
1403637175.58832  -1.00976497406021 -0.711449284208747   1.93620348034148 0.0580365026069114 0.787940674037592 0.287644432721943 0.541333482140552
1403637175.68832 -0.994397179886452 -0.683927946252239    1.8631103101191 0.0506453732189413 0.784244217034047 0.298688697426824 0.54146201736561
1403637175.78832  -1.03212506252407 -0.672855023020676   1.84049250132153 0.0458935657854432 0.780292387462875 0.306496701521231 0.543228628335796
1403637175.88832   -1.0435415214458 -0.653738028166356   1.78643576641667 0.0354315873244833 0.782495261419385 0.299839888467728 0.544556525770775
1403637175.98832  -1.05943647560375 -0.641348766124895   1.73062572495807 0.028744901923801 0.786253666103932 0.2872182401391 0.546337428411157
1403637176.08832  -1.06006285367598 -0.621998962517284   1.66204843981848 0.0348295172797053 0.789389569741392 0.2747755693077 0.54785892200565
1403637176.18832   -1.0968726834398 -0.616601299513051   1.61466986738995 0.037084983743877 0.790803094427575 0.265422968679858 0.550277945698044
1403637176.28832  -1.11060741887199 -0.600252899075881   1.55294322780328 0.0381026110485636 0.793367918447298 0.259541329621151 0.549321249569292
1403637176.38832  -1.11720561232502 -0.583474827725367   1.49279846624851 0.0368246894098679 0.796344701589253 0.256708907847877 0.546424372747173
1403637176.48832  -1.15658854807878 -0.567914363161704   1.44083859130529 0.0304758788089777 0.79723375305961 0.263144154498057 0.542443285281339
1403637176.58832   -1.1817456075443 -0.548998778577541   1.38853803355602 0.0257883023669229 0.800955365551031 0.270694246427751 0.533413620755
1403637176.68832  -1.20518339377629 -0.534699266466525   1.34141930814989 0.0208900889315747 0.805799468148209 0.279701065172179 0.52155357870313
1403637176.83832    -1.268392245191 -0.503661293815814   1.27183749913487 0.0154051301754746 0.808202182472252 0.294513583348098 0.509738818842384
1403637176.93832  -1.30098339085316 -0.488091711500488   1.22397913953478 0.00805255026001228 0.808257412454344 0.304642927879227 0.503833105442755
1403637177.03832  -1.33284512997861 -0.469867289354206   1.17558942378571 -0.00204969205269406 0.805544465687481 0.317824119263663 0.50008173509641
1403637177.13832  -1.36199530368843 -0.447482926539778   1.12686031308295 -0.015744065713507 0.799483450587398 0.336695497292483 0.497206676076099
1403637177.23832  -1.38218047498534 -0.424307150524182   1.08523495096285 -0.0249959847525913 0.795371981901286 0.351012636206728 0.493506575818268
1403637177.38832  -1.42404662790429 -0.380634930530439   1.01035376591995 -0.0337047927854781 0.791521699647991 0.36012872549754 0.492610076024801
1403637177.53832  -1.43632244668658 -0.317100759912934  0.905940431409921 -0.0524283151386613 0.796031842197598 0.353484265534086 0.488501230294303
1403637177.68832  -1.45221690075174 -0.282534933349661  0.857393799149948 -0.0719893014577131 0.805679955609329 0.333108281409735 0.484495843595416
1403637177.83832  -1.43740486250365 -0.217407776563985  0.719409186786731 -0.0700863657182967 0.81506073999014 0.31939114629703 0.478281493614582
1403637177.98832  -1.43369596294724 -0.201614508912708  0.703135566175965 -0.0690086245526259 0.827799338184882 0.322082194894181 0.454146589957661
1403637178.08832  -1.40926585855079 -0.145253599736503  0.593006663083703 -0.0842408003869712 0.840345950568276 0.312959682205642 0.434486372890344
1403637178.23832  -1.38473989195993 -0.129717398449059  0.584764956976002 -0.0994626001067107 0.855301695065259 0.305132053500076 0.406768523272554
1403637178.38832   -1.33107596216467 -0.0767082567455487   0.478867106074932 -0.111568919883137 0.867563562366161 0.283960464811157 0.39274966046437
1403637178.48832   -1.29664894440139 -0.0500506788845857   0.428353946950759 -0.115658734968619 0.87225792370728 0.28017462818961 0.383785551153423
1403637178.63832   -1.23395231126833 -0.0284254972603618   0.370365606107097 -0.103266693699834 0.875365848376199 0.282049132392856 0.378838895027107
1403637178.78832   -1.16515146684168 -0.0259180504534421   0.357194976482362 -0.0680251401955344 0.879262062208254 0.278613388908615 0.380322738977732
1403637178.98832  -1.05852683105146 0.0126782346198345  0.295383337703633 -0.0289460155896087 0.881542971235231 0.277734561650476 0.380667349942262
1403637179.18832 -0.954545597940002 0.0422476455526796  0.274506666432819 -0.0224701585053542 0.878204289522796 0.284770089053802 0.383612192481933
1403637179.38832 -0.874533481877191 0.0254433339222305  0.330407492973111 -0.0338334458499911 0.874067135888815 0.288373676024524 0.389490131938079
1403637179.58832   -0.7545834363179 0.0480684921338122  0.263573066546868 -0.0351635493642548 0.873807495418728 0.290493613278087 0.388377968467315
1403637179.78832 -0.666329209074585 0.0341017295172756  0.298409611098121 -0.0427968056591247 0.876553862559794 0.283419734485455 0.386645850308878
1403637179.98832 -0.574398003840354 0.0634600981442647  0.351286676682231 -0.0639620045768491 0.882526070817301 0.264444302013605 0.383569820802972
1403637180.13832 -0.490647501812701 0.0932316956422203   0.38134977650427 -0.0464458189997607 0.879340713470234 0.277229900361542 0.384377780154668
1403637180.28832 -0.455824109959107 0.0827839167731995  0.476658064391946 -0.0268971333499 0.874210644158002 0.289230273596922 0.389073441259434
1403637180.43832 -0.337324948955927  0.107287751091011  0.491271552307869 -0.0262225323453805 0.868239383601581 0.309187461165914 0.38713804439543
1403637180.58832 -0.253605678600441  0.107339485377627  0.538025315126375 -0.0349852512254095 0.861474230890815 0.328193727508399 0.385910687765857
1403637180.73832 -0.167526274536743  0.104623883659738  0.580921119615115 -0.0419574714956077 0.869693100414345 0.306974139653985 0.384239976136106
1403637180.88832 -0.0930843491506406  0.0833326682247341   0.630861630773068 -0.0508172134020826 0.877255256958769 0.288629218001801 0.380176274214896
1403637181.03832 0.0125885510530147 0.0739937362038236  0.660692886055075 -0.067290743766219 0.88213284031845 0.278726221341581 0.373664691095824
1403637181.13832 0.0744363479046745 0.0570999840826893  0.691222888850993 -0.0612008062805778 0.883289163672262 0.280565708413553 0.370590876725487
1403637181.23832 0.0936217099551613 0.0148621769101089  0.743513034622516 -0.0406968487120822 0.882686008609254 0.285322354775192 0.371214669128134
1403637181.33832   0.201749962378459 0.00505707127612358   0.759481936342847 -0.0276116671067564 0.885446772607154 0.284911199928932 0.366124592009628
1403637181.43832   0.251220810557819 -0.0334665265378496   0.800541666069243 -0.0258130507800369 0.888243127706422 0.278518810240392 0.364396905631779
1403637181.53832   0.303262287520199 -0.0697893609039504   0.840502283491216 -0.0307711612129749 0.888019238511433 0.281757141646449 0.362060603770145
1403637181.63832  0.295152092005583 -0.117644611380027  0.897241797872031 -0.0309714875347743 0.885920045677392 0.287700567973517 0.362511824378968
1403637181.73832  0.409594034484244 -0.143779094629806  0.919333053739156 -0.0299939104741587 0.886452861241579 0.293227054693651 0.356818699799735
1403637181.83832   0.46078906026902 -0.179277041274986  0.960367911018227 -0.0215317461725483 0.887291397035764 0.293797855328738 0.354870653699791
1403637181.93832  0.511792647327982 -0.214491065868837   1.00120900689829 -0.0172596984720739 0.887529734331601 0.294795309387324 0.353678949117929
1403637182.03832  0.562567634717527 -0.246254136201707   1.04388467162026 -0.0148565856665545 0.88836202467459 0.292354120024439 0.353724841484353
1403637182.13832  0.615889924805352 -0.276181882434192   1.08697572155608 -0.00933498611195982 0.890246440940279 0.285875212924549 0.35447072525499
1403637182.23832  0.665039199979397 -0.306046392476641   1.13068942826479 0.00333109594616982 0.890634006208169 0.282095740631675 0.356625803753529
1403637182.33832  0.673113872184654 -0.341048215884021   1.18474443094549 0.0174610215498454 0.890268086189471 0.278666095110425 0.359809748165444
1403637182.43832  0.749530770653285 -0.368861524308905   1.22498755361509 0.0257447468580061 0.890932561685905 0.273629674189691 0.361528947582142
1403637182.53832  0.783452049654033 -0.397394065646315   1.27397686562674 0.0214374290945067 0.893584730327489 0.261944194343802 0.363912084725066
1403637182.68832  0.830393717621047 -0.447736574076514   1.34642639807077 0.0150070337994196 0.894328971319017 0.258114812132419 0.365140005688035
1403637182.83832  0.828770003921377 -0.503552422835351   1.42605498001993 0.0247988920604603 0.892221740414261 0.263227824739483 0.366109946829692
1403637182.98832  0.901771270723341 -0.547752248426013    1.5067694393801 0.036715514069054 0.891942055250831 0.266861647514199 0.363147631394692
1403637183.13832  0.921056650746704 -0.591487501656934    1.5953746129397 0.0529860305159014 0.889917825706533 0.272885285298441 0.361624619083813
1403637183.33832  0.882508159677869 -0.631713962663383   1.71820310314037 0.063997402924921 0.886425002234089 0.280667042996731 0.362465251863722
1403637183.58832  0.878322380067261 -0.667369621488488   1.87478778842967 0.0702676361086053 0.885410906731998 0.28505222092401 0.360354293580665
1403637183.78832  0.819804249829756 -0.684739694738086   1.98825586223514 0.08080107833678 0.881049528745279 0.296077420467486 0.359945933060308
1403637183.98832  0.740349873703142 -0.707878954261948   2.08767571863201 0.090900904185237 0.872010097402306 0.319225102371554 0.359764853289755
1403637184.23832  0.620920242120292 -0.740436701018451   2.18793185035017 0.0797625767110599 0.872042916477837 0.325505763182251 0.356686250523316
1403637184.43832 0.505888535995808 -0.75449977566361  2.24967922835511 0.0327084472928645 0.876891563070723 0.321493704282706 0.355855507471302
1403637184.53832  0.446044881531944 -0.747013107184451   2.26809880616484 0.017898909651249 0.874250219482395 0.328092014732303 0.357381886274584
1403637184.63832  0.383344948627139 -0.753164733539544   2.30759679709066 0.00731348382912783 0.870679940022653 0.338441141814308 0.356820050619159
1403637184.73832 0.321129508434278 -0.75077509317374  2.33429953516192 0.00141284742324416 0.866740320669336 0.347743597434308 0.357538264849541
1403637184.83832  0.264964285244423 -0.749650930619434    2.3579130730429 -0.00285954189208276 0.864091339024345 0.354137777445951 0.357665228151862
1403637184.93832  0.211914428499188 -0.745914552469272   2.36947508618258 -0.00769168121818364 0.862561821215761 0.356825670458772 0.358613139082543
1403637185.08832  0.128953021105681 -0.757487673250241   2.39761665894436 -0.0113492087571618 0.860837644001558 0.362326220075706 0.357140667491235
1403637185.23832 0.0606121111333828 -0.762063540473108    2.4008381058864 -0.0136986709438497 0.859627958690517 0.36567925987361 0.356554060347426
1403637185.38832 -0.00625773214873251   -0.773386116322157     2.40051150321246 -0.027012159322993 0.857345721138116 0.371495720083928 0.355273961407525
1403637185.58832 -0.0849202139994794  -0.788497215554289    2.37009170390111 -0.0354210149547591 0.858440808913782 0.36863447300644 0.354870898500132
1403637185.73832 -0.126188698315571 -0.804353934773163   2.35562656370025 -0.0255371023824567 0.869549191527254 0.344930722930642 0.35249802310758
1403637185.88832 -0.167070621470361 -0.813688063256004   2.32863012990612 -0.0275006873234261 0.876018500711467 0.328506931733062 0.352020588050333
1403637186.08832 -0.218636735004245 -0.820089072895934   2.29271698708854 -0.0210907386757653 0.881174460885449 0.315483213330496 0.351506888029258
1403637186.33832 -0.274132541312196 -0.835765825894836   2.24847629376583 -0.0196778394129068 0.882618922782779 0.311440962519772 0.351569547382255
1403637186.53832 -0.317965763372523 -0.856785731834957   2.20674950535158 -0.00594472770653448 0.883677808855096 0.310535312412935 0.350208523731437
1403637186.78832 -0.364865691615321 -0.886155683328867   2.16854042398119 0.00426393714331236 0.88087942295751 0.321630534373557 0.347256476409962
1403637187.03832 -0.421859867000504  -0.89631052575077   2.12720903736461 0.034706399354952 0.874231015663114 0.339351380096985 0.345479721434886
1403637187.28832 -0.484233778949821 -0.887147994709373   2.08360819415791 0.0197012566995661 0.878693758065913 0.336822202222915 0.337727618222387
1403637187.48832 -0.540145124737726 -0.865984130387917   2.02422586441826 -0.00852392982287203 0.877758151947723 0.348008582448239 0.329177757225576
1403637187.73832 -0.600837918238186 -0.842863778915582   1.97335805729441 -0.0125901410571125 0.878008963661465 0.357432577799153 0.318093854712938
1403637187.93832 -0.644710969150974 -0.813636641624204    1.9143580101808 -0.0165401498440739 0.877310403129377 0.361421416136032 0.315321169543579
1403637188.13832  -0.68428306169433 -0.777964299195827   1.84997798894223 -0.0245656927612576 0.881968588976781 0.35030984700989 0.314342084178005
1403637188.28832 -0.706317357969985 -0.749371174560937   1.79492945121499 -0.0351290320544819 0.890009218797222 0.329061793907963 0.313636537018485
1403637188.43832 -0.727168357484034 -0.716419409523535   1.73514515096275 -0.0270178884178659 0.8943293268367 0.31768443492748 0.313881647552167
1403637188.68832 -0.748102611551773 -0.664570567155125   1.65849587648021 -0.00296114886052179 0.902523550602985 0.314783635957911 0.29386005978616
1403637188.88832 -0.770835846897375 -0.617087939704303   1.59950015880881 0.0228371903936345 0.908365984920345 0.325589347207931 0.261421646309804
1403637189.08832 -0.819051304279818 -0.558728345835051   1.51014905031612 0.00739499674708233 0.908901130912372 0.336139002921824 0.246687289830757
1403637189.33832 -0.841946629761536 -0.521985404426311     1.457016213094 0.00383922784242496 0.905875776498228 0.355771179583082 0.229785129330356
1403637189.53832 -0.875807876917545 -0.466591742781714   1.38867536138082 0.00920810472085232 0.914371523437284 0.332699301097391 0.230545229800441
1403637189.73832 -0.910871721652071   -0.4229453374653   1.31084116491984 -0.00156926095451709 0.916284144838349 0.323926625110025 0.235568344398694
1403637189.93832 -0.948439445304625 -0.394547264063133   1.24433477042551 -0.00583950946165962 0.916065735129718 0.324265718882854 0.23588389645731
1403637190.13832 -0.984106832405624 -0.376160099979319   1.17143780047165 -0.0073442643197742 0.918911525959374 0.316934533279061 0.234734255820916
1403637190.38832  -1.05831486142766 -0.349617543005299   1.04366723305366 -0.00271694772351799 0.91894581842644 0.313462536350028 0.239316608902592
1403637190.63832  -1.07235433174154 -0.369068261202919  0.998609070161211 -0.0119295600209816 0.921682691060054 0.311578256828254 0.230819610236801
1403637190.88832  -1.12503294967158 -0.357191310112156   0.92143872351742 -0.00886413203535496 0.914983129790871 0.311268116042476 0.256592009417146
1403637191.23832  -1.19276186155242 -0.323759007979048  0.830172700533694 -0.000119341693278541 0.909801567185734 0.30634448861861 0.280025263854789
1403637191.53832  -1.24085015289628 -0.302060370061934  0.793777902255294 -0.00925911809612956 0.91136063661595 0.301745067449513 0.279796306317546
1403637191.78832  -1.33008722866574 -0.279424442726258  0.713665323718034 -0.0243696275497263 0.90549248842474 0.317520693978449 0.280481877409049
1403637192.08832  -1.33354061729902 -0.303558897925187  0.705143559844378 -0.052349448996469 0.905199944328924 0.324763658643835 0.26907464020407
1403637192.28832 -1.35019790577728 -0.32183425638764 0.675168642602603 -0.062327776029245 0.901942671610156 0.333907454266962 0.266684227971848
1403637192.63832  -1.35095257780542 -0.359086281559372  0.626353442349964 -0.0439036380390537 0.897656885675673 0.349834756652918 0.264386514791472
1403637192.93832 -1.31189152307364 -0.36983374181404 0.582319157240642 -0.0346762917148518 0.899649744241886 0.344654936341518 0.265783497105894
1403637193.13832  -1.28529779034854 -0.380137020851785  0.534736241028069 -0.0155199057476205 0.89736114492073 0.349856143332827 0.268519621414195
1403637193.38832   -1.2352560931397 -0.393059693665099  0.484396688369266 -0.00589333083461485 0.894386272303808 0.358299233515381 0.267694086278465
1403637193.63832   -1.1906859732816 -0.382008922210887  0.421844982567217 -0.0318920375280373 0.901641696173643 0.337434959450493 0.268631341812663
1403637193.88832  -1.14087096524902 -0.382224757486435   0.35617868464868 -0.0407565916468972 0.902022845541451 0.334411049902686 0.269931354350721
1403637194.18832  -1.07135125328665 -0.363446688816584  0.281236065148293 -0.0325453201979333 0.907547426552527 0.320059537220839 0.269926588770137
1403637194.53832 -0.965150860897021 -0.346892369094964  0.210143690607983 -0.0327011877623565 0.904741023244658 0.329269627907239 0.268245830004811
1403637194.68832  -0.91869956324564 -0.342607246874503  0.174468575876532 -0.0336621936047086 0.903498169146141 0.333462310937632 0.267134427312214
1403637194.93832 -0.857299685025357 -0.338578823884572  0.108689413196854 -0.0325824844532024 0.900608799747986 0.341034962155767 0.267464625905489
1403637195.18832 -0.745649446046887 -0.328839224579819 0.0662055322870955 -0.0245546738025482 0.909798438069437 0.319514930219805 0.263768988790372
1403637195.38832 -0.677411542257871 -0.314638705285856 0.0317545336910122 -0.0215070158005128 0.913257487370046 0.309447629209555 0.26408402982856
1403637195.63832   -0.595622983111464   -0.301758220236397 -0.00685792195682949 -0.0179991640660488 0.908387855144785 0.309857376135293 0.280171271141301
1403637195.83832  -0.531175139983354  -0.300073304984629 -0.0453511322319581 -0.0250266131887674 0.906160796277658 0.304045255103801 0.292921086251237
1403637196.08832  -0.430058512917454  -0.306007765693438 -0.0581520098373302 -0.056031640581947 0.90942296348828 0.286049188146878 0.296624662990794
1403637196.28832  -0.353082761038327  -0.305725691274685 -0.0624667730700379 -0.069126211751554 0.918586318784485 0.252014751524433 0.296495036728992
1403637196.48832  -0.279880302549199  -0.310154806423525 -0.0397973360895062 -0.0706795613773541 0.923072340392756 0.236441765706641 0.29502058476464
1403637196.68832 -0.190091174130497 -0.317214550981789 0.0090622925414108 -0.0590737354708502 0.92286356841987 0.243382590339926 0.292571431586017
1403637196.83832 -0.118960246817724 -0.322228034923514 0.0425646704497159 -0.0516711001314294 0.922028466153762 0.249859303439599 0.291142462547165
1403637196.98832 -0.0519403677368736  -0.328441952130564   0.113737200664658 -0.0409298405393859 0.923241226006226 0.249283570694229 0.28949626618987
1403637197.13832 0.0135374608833256 -0.342012140247335  0.182593264640161 -0.0232028058964189 0.916846153011313 0.261429419729436 0.300847835303528
1403637197.23832 0.0582479315942463 -0.354807535202973  0.233145078248953 -0.0171380342526762 0.908844000754799 0.268975489902337 0.318372511228219
1403637197.33832  0.100445399237623 -0.373310697287287  0.284703674842234 -0.0135847614001349 0.896792167069941 0.278297123125055 0.343700414023634
1403637197.43832   0.14084919873023 -0.391692964077249  0.339923535692247 -0.0101097908827966 0.882741446804386 0.28214643089078 0.375577850461924
1403637197.53832  0.177360189788132 -0.416732137824729  0.399930884703706 -0.0161765205239925 0.865753840829996 0.281845671546232 0.413245235547247
1403637197.63832  0.213118211789009 -0.440801379367854  0.458616763525898 -0.0237266615724389 0.846097999050128 0.276934789515981 0.454821221899039
1403637197.73832  0.247806741059215 -0.467336835918298  0.516911783449418 -0.0266754620081591 0.826255524812404 0.267511855950889 0.495002660971979
1403637197.83832  0.288704362831135 -0.491873111444007  0.562275598957395 -0.0316773800010334 0.808256845751101 0.250305503438979 0.532038128183414
1403637197.93832  0.317474947211498 -0.525423254087588   0.63035610395055 -0.0348306514489879 0.789378705254622 0.235772544474746 0.56575559447705
1403637198.03832  0.361302167393716 -0.558593983478923  0.668604263466353 -0.0373479670320151 0.771646528187582 0.225174567112777 0.593686094851648
1403637198.13832   0.38163707072481 -0.596359649466147  0.743480953020488 -0.0347748579740822 0.753830461894917 0.2149786759604 0.619931054920217
1403637198.23832  0.415439950080643 -0.640910255608691  0.797710402515532 -0.0352029813719496 0.735584942850796 0.209487671640109 0.643265464162754
1403637198.33832  0.437340715020921 -0.681668351860497  0.866031288701576 -0.034399231615943 0.719236294756677 0.197571104415749 0.665192832093717
1403637198.43832  0.468007712500755 -0.726235519268113  0.930695959181688 -0.0359675802490623 0.707448773356552 0.181966180755496 0.681990377724345
1403637198.53832  0.488117076208128 -0.769278740368838   1.00623646782621 -0.0370050306118004 0.700987245196281 0.16854079540248 0.691983749857356
1403637198.63832  0.531093723243588 -0.809905888207364   1.07379868639694 -0.041389808492047 0.698962681194515 0.158775942464825 0.696080637674094
1403637198.73832  0.530890435076809 -0.839301874819213   1.15888507337423 -0.0371054417798098 0.6962648112147 0.156127907998245 0.699616019827002
1403637198.83832  0.547228932847116 -0.865187644447026   1.24263153121318 -0.0286652972237206 0.696519217138342 0.152897037576037 0.70047253821441
1403637198.93832  0.558463026070236 -0.889729291562456   1.33219474445681 -0.0115484848556551 0.697208906813216 0.153218803333063 0.700207377184105
1403637199.03832   0.58285884105818 -0.921033274020329   1.42421075923538 0.006276151628896 0.693727048901346 0.159043590755314 0.702430443377148
1403637199.13832  0.574017128372134 -0.950721580393294   1.51905854380076 0.0155039043407688 0.683632790054557 0.168329624752706 0.70997955938395
1403637199.23832  0.585940972719149 -0.984468711862673   1.61429871884107 0.0158367921722124 0.671047106450205 0.173510512378628 0.720651843147998
1403637199.33832 0.569176000098202 -1.01689705379734  1.70433427081063 0.017774456958282 0.656384253210701 0.168767614218573 0.735092697017076
1403637199.43832 0.564534794608083 -1.05375853713808  1.79599194424613 0.0178384007211557 0.639086872617425 0.160025065649061 0.75209157625372
1403637199.53832 0.554374930098412 -1.09102786816717  1.88832829360097 0.0187784862241055 0.619269360112299 0.152066562122376 0.77008349467153
1403637199.63832 0.542232155453202 -1.13022312890906  1.99449993482799 0.0249211100753208 0.598174898830584 0.14640725527813 0.787483742234441
1403637199.73832 0.515796320202178 -1.15672997484248  2.08009522423195 0.0371332847414748 0.573178448189692 0.14411129288007 0.805803649135198
1403637199.83832 0.494472213659886 -1.19010058530549  2.18497099813244 0.0540989601600514 0.542761197898996 0.146731066506107 0.825199114569828
1403637199.93832 0.459284023653229  -1.2024586387025  2.26739182110949 0.0771493861810595 0.507654160593089 0.148609028848343 0.845133469926002
1403637200.03832 0.426099689876278 -1.21445416622217  2.36098190702811 0.102239874429206 0.471016352447994 0.144366798717285 0.864204160619128
1403637200.13832 0.388434522437715 -1.23351432266598  2.46009366171548 0.117948138624356 0.435643241322844 0.131720525735904 0.882583087298093
1403637200.23832 0.337137228286896 -1.22897583868547  2.52978319379538 0.111753271164318 0.402603521979385 0.117726506905024 0.900867404253151
1403637200.33832 0.288405381431863 -1.23340422713369  2.60646368134714 0.0830583527336841 0.381635653657432 0.0991107855206627 0.915222699725105
1403637200.43832 0.227233384089784 -1.25296229495194  2.66585619893081 0.0521923463319137 0.363093180472297 0.097314487485597 0.925186030917186
1403637200.53832 0.177565674097067 -1.23468390421078  2.72905886007437 0.0307568678585828 0.350739329896673 0.0988620963394861 0.930732090050904
1403637200.63832 0.121090567536122 -1.24096221923931  2.78434409406732 0.0270887382488717 0.341252636093829 0.109565251874612 0.933171095887967
1403637200.73832 0.0638078475967596  -1.24668478832189   2.83636252417947 0.0254004030392782 0.338065403840339 0.117287399632432 0.933440018501014
1403637200.83832 0.0155999097004575  -1.27629617398627   2.83886197336324 0.0314662871721065 0.33879884577066 0.133602730443372 0.930792955116307
1403637200.98832 -0.0777725397535299   -1.27688833139726    2.93813661520691 0.0339025477516554 0.351899999086805 0.135464127469784 0.925562789910822
1403637201.13832 -0.142128484936532  -1.30811052606171   2.93855965286438 0.0312908067508441 0.363496013091532 0.143006874037134 0.920022047484499
1403637201.28832 -0.237315967498384  -1.32501520483872    3.0245828567543 0.0314702430566126 0.374039283537162 0.153479260438916 0.914083341270416
1403637201.43832 -0.29224219457342 -1.34430219310306  3.02026856791704 0.0338402923112953 0.378991441645859 0.194435537340459 0.904110139084065
1403637201.63832 -0.39788061940509 -1.35775387817374  3.07528249453066 0.0350147702385396 0.392560532937067 0.233916987270004 0.888793022537774
1403637201.88832 -0.46804920635741  -1.3531976745445  3.03827984303357 0.0406811768404033 0.411680146759763 0.225772220572402 0.881981520799924
1403637202.18832 -0.538212003715658  -1.34412055958179   3.02802283398388 0.0172437760075237 0.407066018091312 0.238879849164057 0.881439916708816
1403637202.43832 -0.558422430548102  -1.32388749373139   2.95565422197813 -0.0246779915630932 0.417218836730491 0.199289467152101 0.886342567685824
1403637202.68832 -0.548518792434297  -1.31051392278993   2.86515428129485 -0.00952047457886496 0.420903847106064 0.181619976169032 0.888686388053439
1403637202.98832 -0.529857160355208  -1.29921350421534   2.77572470055727 -0.0104155825107575 0.430016358523026 0.15180426644905 0.889906125235367
1403637203.38832 -0.508792772235666  -1.27075999105991   2.67695869706883 -0.0101992757223868 0.432636243537436 0.14727927702939 0.889399049982771
1403637203.68832 -0.499752693216642   -1.2368617000282   2.61879036781896 -0.0102553453386042 0.434759568176289 0.143162602729152 0.889035103328866
1403637204.03832 -0.484519279388689  -1.19441072489052   2.58512628090762 -0.00877804311046057 0.438841394861437 0.143633321025987 0.886967104917801
1403637204.93832 -0.50640706954667  -1.1436377501815  2.42343858907635 -0.00726780007089251 0.441323692231406 0.153908548632794 0.884020778271142
1403637206.18832  -0.5888598393678 -1.13908439306219  2.45582051555205 -0.00438982273570565 0.413401614571141 0.146727110443312 0.898638408698003
1403637207.58832 -0.717914520698565  -1.16420638305577   2.40394843072628 0.00187841568271774 0.419383309083167 0.154400521875596 0.894580678564834
1403637208.93832 -0.822772504886451  -1.18715057852831   2.33193007135734 -0.00311546968883963 0.431859368727399 0.14667769144644 0.889928892846464
1403637209.18832 -0.845148785391853  -1.17527443840505   2.32178266616061 -0.0138496700191763 0.431774097211752 0.127979984539639 0.892748810794263
1403637209.48832 -0.875793545430912  -1.17169722887247   2.32312688330143 -0.0283310844748266 0.387603385434467 0.141374449974297 0.910480219525216
1403637209.73832 -0.891576330466974  -1.16880445828466    2.2875409607619 -0.0635505081729273 0.365725176772709 0.147513220702701 0.916758571109892
1403637210.08832 -0.901573657366261  -1.21622603766208   2.37298970676433 -0.0912868818990552 0.360223424286668 0.158450395589124 0.914767326660712
1403637210.28832 -0.887945851008213  -1.20701077466439   2.40942901824624 -0.111884650741808 0.355932689727699 0.166084970106855 0.912803115691546
1403637210.53832 -0.841934136923636  -1.20928950981731   2.50500540969617 -0.10149580276407 0.358013801348638 0.160948015630618 0.914122779679919
1403637210.73832 -0.782703547962703  -1.21959217466271   2.59872677813514 -0.0769258836531339 0.359360866050506 0.155276460792073 0.916968591119403
1403637210.88832 -0.728659354131616  -1.23066601277643   2.68161495811681 -0.0599065941185179 0.355245591571678 0.165613787860136 0.918032593604729
1403637211.03832 -0.664050002723536   -1.2300266014793   2.75598569088972 -0.0333140164041125 0.354064321293134 0.170409517868799 0.918960950703555
1403637211.18832 -0.602719542706803  -1.24055102677002   2.84905344390364 -0.0203782047245776 0.358264477658183 0.165559337362124 0.918597517214545
1403637211.33832 -0.535742356731368  -1.23926282155864   2.93340979794874 -0.00908083358023373 0.36813962748367 0.149976538484749 0.917549884770199
1403637211.53832 -0.430129499702433  -1.22869353699712   3.02172813910401 -0.00324577329248973 0.373235647822901 0.146705908280417 0.916057854409628
1403637211.68832 -0.373166744121663  -1.23897202775108   3.12634149099611 -0.00956511112632755 0.372087556484587 0.152401280182243 0.915550767984651
1403637211.83832 -0.299101060067022  -1.24591789872146   3.19400781121993 -0.0200473766529129 0.364852629430939 0.170677781673057 0.915068170318381
1403637211.98832 -0.229755779305578  -1.25677320916626     3.268613967711 -0.0242147833973146 0.365884356863843 0.169715651981155 0.914734321614732
1403637212.08832 -0.178977887390543  -1.26584570344217   3.31499831357743 -0.015539968621816 0.371443181933563 0.157622737823828 0.914846186247297
1403637212.18832 -0.123124832720103  -1.27135946386819   3.34872068868575 -0.00244278288935948 0.375253131916894 0.1473565327609 0.915131232147064
1403637212.33832 -0.0479487705521118   -1.29523777749471    3.42054417636343 0.00741022284090692 0.37978754969052 0.141213274817247 0.914202010888681
1403637212.43832 0.000774715845941881    -1.31113091261486     3.46028986031716 0.00934055350911545 0.381831149770466 0.139781285163402 0.913552910040341
1403637212.58832 0.0720600104938484  -1.33577333357189   3.50987520088766 0.000243491654306982 0.382799958823943 0.142952850084315 0.912704012749464
1403637212.73832 0.142081773073357 -1.36217599538538  3.56390847110048 -0.0127499634541822 0.383118496047465 0.146379124958458 0.911937940977697
1403637212.88832 0.210575131614781 -1.38340405565108   3.5950567042199 -0.0199981250977163 0.384217486913679 0.143461516467033 0.911809075977692
1403637213.08832 0.302394498672048 -1.42685858108724  3.67467995051715 -0.0222061868986339 0.383177081566044 0.139923066736518 0.912745169705652
1403637213.23832 0.369723689649337 -1.45488984853913  3.72381783588518 -0.0208502395866628 0.378979452524762 0.143824608839574 0.913922493412518
1403637213.38832 0.437087400114311 -1.47890408541254  3.77697173927866 -0.0181113520867131 0.377725546593869 0.143743824650982 0.914512494857594
1403637213.53832 0.503770771983179 -1.49372803223629  3.82362668907591 -0.0131058175603659 0.379996703614517 0.139257461575688 0.914351191929923
1403637213.73832 0.593352199914298 -1.51995000683264  3.90955716515137 -0.0196105217264539 0.386496047891412 0.117173606099099 0.914607335655947
1403637213.88832 0.651034241582909 -1.53350056680714  3.96272492533375 -0.0260736705700477 0.387490415595661 0.111457002787319 0.914739677752186
1403637214.03832 0.704716009381071 -1.54135803465556  4.01869933015027 -0.0217857100238208 0.386189136250496 0.108524535370264 0.915754202340083
1403637214.18832 0.760076989002655 -1.55909838737131  4.07836179918114 -0.00585539848011896 0.371187806546072 0.112931395251118 0.921646258901315
1403637214.33832 0.801505159834672 -1.58481994068662  4.13927099810226 0.0053624802611984 0.349823051353849 0.103836830797931 0.931027920696674
1403637214.48832 0.839152598411348 -1.61149028885889  4.19675788534607 0.0106984150702842 0.322615207570005 0.0750466922226449 0.943489780414174
1403637214.63832 0.870962701546962 -1.64060044335983  4.24901933964272 0.0133857696261012 0.295684791628282 0.0414738749001108 0.954290963423644
1403637214.78832 0.886688650637268 -1.67392084825093  4.30698911150593 0.0166904863848039 0.280093436091599 0.014731589999662 0.959714579955271
1403637214.98832 0.889783069451332 -1.71961925413391  4.36850452002573 0.0209746419745061 0.267648475749787 0.00895568580860329 0.96324667324344
1403637215.18832  0.86898481472826 -1.75934012704137  4.43391633351213 0.0304821436492211 0.265403750556587 0.0100907638008847 0.963602544929682
1403637215.38832 0.827213024153624  -1.7940462290349  4.49478647971423 0.0449978145688661 0.251350682304095 0.0223123383790698 0.966592049804544
1403637215.53832 0.780471642475261 -1.81443169258154  4.53594334688594 0.0659492198695763 0.223583370690768 0.0281148332249996 0.972044614666364
1403637215.68832  0.72283538086995 -1.83839838292758  4.56414425213163 0.0670957191995857 0.187597808632252 0.0224572491219456 0.979694288348841
1403637215.78832 0.680486944490505 -1.85436540044008  4.57614441295246 0.0531659958029946 0.159553198133688 0.0184756769702016 0.985583483636004
1403637215.88832 0.635232076114526    -1.86837486313  4.58348375093956 0.0405496779754582 0.131472679343285 0.0153045382611875 0.990371864155579
1403637216.03832 0.564021033281906  -1.8909218846612  4.59016989379622 0.0305496419428668 0.0953094383751292 0.0166356659380663 0.994839728274146
1403637216.18832  0.49008445091519 -1.91439234883656  4.59018060113543 0.028122355016419 0.0647383114117173 0.0171314244214095 0.997358811301722
1403637216.33832 0.419394356521749 -1.93596248146418   4.5884310134678 0.0318147900187142 0.0472282606813645 0.0198606610504733 0.998179775727657
1403637216.53832 0.328391964764639 -1.94968220251776   4.5841859426693 0.0487329798816951 0.0418398956756444 0.0196268729611206 0.997742103782069
1403637216.73832 0.239669603848796  -1.9591922393977  4.57065081130974 0.0644688909819484 0.0412562454897127 0.0293122211758079 0.996635579333485
1403637216.93832 0.156527942062035 -1.95897772474111  4.54063718783209 0.07880320352204 0.0496061393616279 0.025682384096038 0.995323917727009
1403637217.13832 0.079090269936247 -1.97249069677732  4.48805993945025 0.0623079924862004 0.0494078728639873 0.0425570044900409 0.995924433649577
1403637217.43832 -0.017646874613988  -1.94465029022571   4.39603203576516 0.0526616974721191 0.047692427265438 0.0735201634369561 0.994759751683335
1403637217.68832 -0.0813343602335448   -1.89665911338318    4.29964985417663 0.0627095917843801 0.0420544004891243 0.0480985426580012 0.995984670912115
1403637217.83832 -0.107778862317279  -1.87140272570281   4.22537921201048 0.0674051200847932 0.0212850207175675 0.00736014288987152 0.997471466246553
1403637218.03832 -0.148203232277826  -1.83595689936744   4.11974945256306 0.0598228927014171 -0.0181442233644379 -0.0175089380522625 0.997890497878208
1403637218.23832 -0.18950496396333 -1.80133027628887  4.00302859661031 0.0486793817659487 -0.0426698612112891 -0.0236227526409866 0.997622957982001
1403637218.43832 -0.236325484066364  -1.75320538093544    3.8971817854864 0.0482872612105661 -0.0518724744040753 -0.0275220646851336 0.997105873395322
1403637218.58832 -0.262596675573949  -1.71298557492419   3.79166016998305 0.04775011920729 -0.0514541326225751 -0.0274832419448613 0.997154486408174
1403637218.73832 -0.296317380216532  -1.68468091428147   3.68471859245521 0.0384049469377778 -0.0491020837273666 -0.0266012922325506 0.997700564636452
1403637218.93832 -0.340790272849105  -1.61992632946679   3.54729679160575 0.0319568329147917 -0.0410142032355961 -0.0371757750868316 0.997955188227256
1403637219.13832 -0.38548523005219 -1.55150196622517  3.41845645236805 0.0302489798839537 -0.034427289316362 -0.0474439507931229 0.997822044504654
1403637219.33832 -0.452056642209658  -1.47590474265252   3.28226615493946 0.0290829416681425 -0.0345554596312781 -0.043518003736432 0.998031204955233
1403637219.48832 -0.485063864061237  -1.43843149225372   3.16856297932696 0.0140003985784315 -0.0350066980129409 -0.0382968998891411 0.998554889524235
1403637219.58832 -0.517975325008621  -1.40955291323616   3.09765136629924 -0.00139724619693918 -0.0350937624365375 -0.0349079449288319 0.998773202945473
1403637219.73832 -0.582751700093002  -1.36186072612816   2.99198966156681 -0.0140834663519397 -0.0347441165048769 -0.0313511857394 0.998805088841934
1403637219.88832 -0.619214014597727  -1.33789421955632   2.89133174123139 -0.0232014903109305 -0.0341187455373112 -0.0293055628706436 0.998718571988699
1403637220.03832 -0.677459261750788  -1.30913148439047   2.79671189864077 -0.0245811261808192 -0.0341525977893945 -0.0278878827634255 0.99872500434048
1403637220.23832 -0.750091876140828  -1.28952204062492   2.67485667913378 -0.0253307148712004 -0.0347716789417951 -0.0251047797020101 0.998758747277738
1403637220.43832 -0.841413849938353  -1.27142975965349   2.54898970545588 -0.015268416363458 -0.0397314304430563 -0.00515297899950062 0.999080445061423
1403637220.73832 -0.940286781842961  -1.26545419916375   2.38997460438435 -0.00958809610793554 -0.041105292040625 0.00422309153788547 0.99909988933897
1403637221.03832 -1.06016415465165  -1.2291510535299  2.20622712825306 -0.0164531035034703 -0.0382798463722757 0.0022567976895157 0.99912904852727
1403637221.28832 -1.10593054627483 -1.22373604295467  2.14772700047859 -0.0274705570302094 -0.00398267439944941 0.00969998742942918 0.999567615044098
1403637221.53832 -1.18628067306132 -1.17225016239287   2.0403958166093 -0.0273603514716245 0.0218520672274087 0.0215515117430092 0.999154357778031
1403637221.83832 -1.24617465598276 -1.12074689095298  1.95857461287543 -0.0308242259673277 0.037619730981163 0.0304849664649429 0.998351285747683
1403637222.08832 -1.26380167962593 -1.10388506175626  1.96566922433563 -0.0351799018953582 0.0762123949979862 0.0474009291871049 0.995342753660016
1403637222.23832 -1.28353861998222 -1.07750724269558  1.95374253832029 -0.033011900918463 0.110911702037654 0.0599029874962949 0.991473872998113
1403637222.38832 -1.29815237695421  -1.0527930138234  1.94897108704619 -0.0176601413971547 0.137751160510382 0.0660171849370872 0.988106506646352
1403637222.58832 -1.33983587374759 -1.00347000733483  1.91259533849612 -0.00137747274337061 0.157367865699984 0.0709145229154208 0.984989638449842
1403637222.93832  -1.34325188901223 -0.990304005613991   1.91027640094735 -0.0213150221906627 0.164532081480476 0.0732644031751607 0.983416082449388
1403637223.43832 -1.34922941113741 -1.02002281462421  1.88577768213527 -0.0150343243484727 0.156593197513323 0.0642686072085992 0.985455268244787
1403637223.73832 -1.36330029242418 -1.04667511907656  1.84880747979505 -0.00359956188355187 0.152935992041694 0.0575062611472077 0.986554942930873
1403637224.68832 -1.35150683902861 -1.05541451448598  1.88742762835781 0.00559164154600866 0.155205405728791 0.0563430686604868 0.98625832021398
1403637225.83832 -1.41138292021731 -1.01288847342905  1.86617089696069 -0.00435568456781796 0.151113999904374 0.0471474030610538 0.987381744529159
1403637226.68832 -1.50132443863708 -1.05146107664924  1.82835163954038 -0.0214360432730158 0.151212627378839 0.0458081024843863 0.987206591913145
1403637227.03832 -1.54856630035004 -1.04744748204929  1.83487196475147 -0.0156547255264094 0.145831515131583 0.0647800684531245 0.987062126461313
1403637227.18832 -1.56729789564178 -1.04685895677857  1.84126883649178 -0.00753771457903174 0.141716861852935 0.0815285597668898 0.986515386533742
1403637227.88832 -1.60590351851837 -1.06021503238602  1.87430857547314 -0.00800857504196609 0.152537761739518 0.0748056932439208 0.985429958052622
1403637229.13832 -1.64376180028123 -1.05955955279739  1.88804531615219 0.00647080772918948 0.158275592881597 0.0478656415748687 0.986212880519179
1403637229.38832 -1.66253232545926 -1.05383452555245  1.88739173842024 0.00432273473414255 0.168362424363149 0.0502947675787263 0.98443173678076
1403637229.53832 -1.67421259919177 -1.04565381920266  1.88476749596918 -0.0115285010590852 0.184382491735511 0.0849573187891308 0.979107984028778
1403637229.63832 -1.68162568500535 -1.03898623072934  1.88447045691745 -0.0190013842692103 0.202772037794335 0.11059137573611 0.972775408661928
1403637229.73832 -1.69373081037812 -1.02870099720304  1.87804376237224 -0.0230405494656921 0.228254421307197 0.127662475793696 0.964920382471144
1403637229.83832 -1.68495740415794 -1.02472545797752  1.88655529047833 -0.0195053216821752 0.264116725486257 0.124264341070489 0.956253246416873
1403637229.93832 -1.69214674619065 -1.01180757664983  1.88104660552666 -0.0134290824300004 0.300354026176004 0.117156042931436 0.946510211413274
1403637230.03832  -1.6809898635019 -1.00689170220584  1.89029833970486 -0.0104815642912251 0.332919290863653 0.118227041046862 0.935455637294551
1403637230.18832   -1.6785552133013 -0.995702124636864    1.8921130820192 -0.0188787377044536 0.368627118935931 0.139246082387029 0.918895080511125
1403637230.48832  -1.68013064069031 -0.986364447637892   1.88814685584966 -0.0111253401147304 0.408594642072759 0.142794701851154 0.901407964464485
1403637230.73832 -1.66950509570032  -1.0027086028555  1.89726173305738 0.0104467644354916 0.435596326535102 0.148882870283004 0.887682711535067
1403637230.88832 -1.66509064218855 -1.01458662380268  1.89850927728038 -0.00326471490258132 0.458307220495784 0.178613804497793 0.870655466944794
1403637231.08832 -1.66162405723502 -1.01808218269601   1.8978725518133 -0.0184588562173063 0.506378330182641 0.213057344739978 0.835372267435865
1403637231.23832 -1.66491329780164 -1.00864282964984  1.88589038101673 -0.0180727966538317 0.552461341438028 0.235587232502477 0.799348795032198
1403637231.38832 -1.63983468769698 -1.00210625145713  1.90017832460125 -0.0117038324676664 0.601931152097114 0.254728761769007 0.756739827396602
1403637231.48832   -1.6311000462542 -0.986176968393874   1.90392699494882 -0.00552333316774689 0.634561272462864 0.26953065914395 0.724330524044415
1403637231.58832  -1.63554113051718 -0.959527309400083   1.89117600072077 -0.0031894804006567 0.665446779156749 0.288344801614786 0.688496686053326
1403637231.68832  -1.61293474872345 -0.942281814901897   1.90787163275732 -0.00494074841572301 0.695831878661709 0.29814977366597 0.653376077084355
1403637231.78832  -1.60803866193991 -0.913526710273849   1.89646236664959 -0.00327483524822364 0.723564694762477 0.305573979779209 0.618924834555276
1403637231.93832  -1.59727514450931 -0.871892634079518   1.87067623822275 -0.00352779951092214 0.754331239837013 0.319835004861821 0.573304024843367
1403637232.08832  -1.56615040120991 -0.843974769481811   1.86532491644386 0.0118856531861017 0.784489116607494 0.318329870410373 0.53207297504877
1403637232.23832  -1.54451005884047 -0.819407298587437    1.8350820792775 0.0265381242079301 0.811169637837256 0.313985781085237 0.49265857943488
1403637232.38832  -1.52788256659845 -0.798619243146012   1.80092747195786 0.0233890674649573 0.835079149132169 0.307345326018161 0.45566941611502
1403637232.58832  -1.51043843029492 -0.780439131910248   1.75236823468927 0.0300903462144885 0.854878801318569 0.32552605887566 0.402876645033812
1403637232.73832  -1.50193828692619 -0.768681874002626   1.71131376817066 0.0357095995812893 0.862797587997953 0.352376178371484 0.360743919642407
1403637232.88832  -1.50395644999823 -0.749580424709222   1.64642117343879 0.0293378272005569 0.86717353635394 0.37469454187092 0.326731311683919
1403637233.03832  -1.50492823784625 -0.748934961826864   1.59984059226313 0.0119168199680344 0.869308731371098 0.386639098578696 0.307685759199343
1403637233.18832   -1.5100294147498 -0.735743077442136   1.52277314177682 -0.00554936068137585 0.867869418253802 0.395618356334617 0.300429681601088
1403637233.33832  -1.51863856976974 -0.704662803169442   1.42577370227298 -0.0163729669008104 0.862761140552508 0.406167713228492 0.300670798445972
1403637233.48832   -1.5085303883211 -0.691992410618249   1.36526894388343 -0.0322341878880205 0.860371392136181 0.407606003068466 0.304268583635247
1403637233.58832  -1.50287006077578 -0.664162637819762   1.30311407987212 -0.0603097408077461 0.868243638615797 0.382388230291515 0.310314293098833
1403637233.68832  -1.49286970826901 -0.629481311606968   1.23909499018698 -0.0882762495214337 0.879662513331067 0.343940496034281 0.316395482897897
1403637233.78832   -1.4785659683131 -0.593084325223049   1.17517013669843 -0.10948319971082 0.888296014668891 0.310799153329147 0.319917966976428
1403637233.93832  -1.45103040895375 -0.529935607131878   1.06730221187279 -0.126472197120844 0.893686427595013 0.285670395156949 0.32205865586685
1403637234.13832  -1.37847307057262 -0.480456067419924   1.00023106610566 -0.145498878698175 0.898151271591378 0.262176050376641 0.321586828469807
1403637234.33832 -1.28082637674697 -0.40780541307451 0.916175391041502 -0.140450421939614 0.903196368785784 0.249252687820145 0.319973586415492
1403637234.48832  -1.19416923519289 -0.384771877060563  0.917282060223158 -0.108671996765355 0.90455842506569 0.251855663545978 0.326394205680069
1403637234.63832  -1.09502612257795 -0.343378743087425  0.906862294577744 -0.0744125935061558 0.900824911408663 0.252248603235838 0.345467635356528
1403637234.78832 -0.995464739097554 -0.309406621990141    0.9127904908998 -0.0450135793668748 0.891680712639299 0.254539271197819 0.371603342016372
1403637234.93832 -0.894805829761196 -0.271240157032738  0.911075776324074 -0.0162010740024129 0.877402991267154 0.261237171737451 0.402065487475904
1403637235.08832 -0.802366756598243 -0.259842272385543  0.952029377625543 -0.00961129175555386 0.863124343077723 0.258214718361703 0.433876884241169
1403637235.18832 -0.740802383820645 -0.244144184557585  0.962506533253974 -0.010435007046623 0.852964093094432 0.253725654113233 0.456033616046385
1403637235.33832 -0.659822101333787 -0.233410948241514   0.98587549909558 -0.0181541794811881 0.838853752207092 0.254866418203706 0.48066403760575
1403637235.48832  -0.57707004507112 -0.226039688887937   1.01414221527484 -0.0299287423318771 0.821831133883274 0.27794300490008 0.49643281900946
1403637235.63832 -0.507088639299521 -0.235355128385261   1.05513975616028 -0.0373070354652231 0.807535115420612 0.285606108742312 0.514708046485082
1403637235.73832 -0.456850269071907 -0.240600736615959   1.08034476489811 -0.0366096915617058 0.802186829723084 0.276273537859829 0.528042567394901
1403637235.83832   -0.3954068598975 -0.237185351142225   1.09169400666679 -0.0418722233651444 0.80046846429199 0.251198305418156 0.542583049808534
1403637235.93832 -0.352718797870139 -0.259414860072576   1.12911356125044 -0.0507531777454776 0.796485614187174 0.225235179924339 0.558841565263418
1403637236.03832 -0.301085032009026 -0.273203905237482   1.15840886770038 -0.058832111601723 0.788045903408138 0.21036563928793 0.575559496988031
1403637236.13832 -0.251169106372262 -0.291282543286686   1.19197434040757 -0.0643569442461244 0.77719503154751 0.200496818415576 0.592981527933541
1403637236.23832  -0.19434603998815 -0.312096823565326   1.22474297180362 -0.0686407424789644 0.764888137213237 0.194091023291979 0.610379603771189
1403637236.33832 -0.155004322524186 -0.344634916584668   1.27203236317405 -0.0662957502268613 0.751443323983572 0.188929466500452 0.628683911858918
1403637236.43832 -0.105947584034078  -0.37700373722793   1.31796200629999 -0.0599226069503098 0.737284074050124 0.188367232844455 0.646018003556289
1403637236.53832 -0.0412232726296189  -0.407034030751076    1.36345497559111 -0.0510454604069722 0.725712653380499 0.189346261391765 0.659456972813418
1403637236.63832 -0.0121165000201804  -0.450154484021688    1.42863756599446 -0.04159014026117 0.719638599564694 0.186156137942251 0.667634959057753
1403637236.73832 0.0308561048351865 -0.486979521327829   1.49009741373295 -0.0318139988755062 0.714824873203629 0.178999655429107 0.675257279472962
1403637236.83832 0.0677601046544089 -0.527199026313204   1.55371699792216 -0.0181697549768383 0.707493903790935 0.170792893074089 0.685530468891156
1403637236.93832  0.117943087561437 -0.559632032775316   1.61284510487542 0.00211304519411332 0.698593418254139 0.159120336255105 0.697598372706006
1403637237.03832  0.129177939170174 -0.608892195581033   1.68767952350992 0.0252310706230896 0.692045834035537 0.144456518221699 0.706801436764622
1403637237.13832  0.155913118271567 -0.655851347300884   1.75678666848988 0.048149888634865 0.684531794665889 0.132881778439405 0.715150503932374
1403637237.23832  0.170919907608809 -0.705865444109609   1.82663180070611 0.063330317205311 0.671681463162052 0.131338827358578 0.726349361805484
1403637237.33832  0.174097187729218 -0.758515017580163    1.8948613836949 0.0663463662030319 0.657640118259971 0.133950958165757 0.738352744528751
1403637237.43832  0.168433878691535 -0.811811769473647   1.96239470473692 0.0692313588377695 0.645633281569944 0.137578414091376 0.747955122088754
1403637237.53832  0.163612724289882 -0.867299067635624   2.02691888863477 0.0700847461528298 0.636281481557131 0.141071693775763 0.755203801499564
1403637237.63832   0.13288431895186 -0.925124954697018    2.0918736862722 0.0751289439275028 0.628700677478342 0.146403772087731 0.76003752239024
1403637237.73832  0.101257625165816 -0.983243320984245   2.15103500401813 0.0814603120748441 0.621965190594884 0.154673514846558 0.763282138563421
1403637237.83832 0.0705956385824824  -1.03987459316734   2.20793213597237 0.0838575001608816 0.617593229080761 0.166891497426216 0.76399852823628
1403637237.93832 0.0206896046622988  -1.09460856399243   2.26302544092938 0.0816749601427156 0.618225670957994 0.184397307041604 0.759686681343058
1403637238.03832 -0.0284463171351624   -1.14633237817907     2.3150008649373 0.0763329642202801 0.623057708970429 0.206233778986976 0.750626403925826
1403637238.13832 -0.078143953565772  -1.19190984846167   2.36149783243082 0.0745318321210911 0.630070765669173 0.235900401186476 0.736075293003233
1403637238.23832 -0.133175386290437  -1.23274570301014   2.40436191136122 0.0771765324562363 0.641267861947673 0.264940557938198 0.71597891926403
1403637238.33832 -0.189139221348475  -1.26886934435487   2.44244528042648 0.0834206331090059 0.655940816384602 0.292881720098175 0.690653995430946
1403637238.43832 -0.246952463789188  -1.29852533763598   2.47264903913179 0.0925466758716319 0.674798767473824 0.314970349765784 0.660965517231677
1403637238.53832 -0.312040892539033  -1.32569596918056   2.48967721603809 0.097925928539028 0.69568141116902 0.332096356130778 0.629404398553354
1403637238.63832 -0.372988137566698  -1.34942116751964   2.50585371935827 0.0993475280618628 0.710755535500329 0.352724972932452 0.600451272705321
1403637238.73832 -0.440267516046417  -1.36607203050131   2.50803470189242 0.0873937349020013 0.715345722821603 0.382057754876503 0.578510763840608
1403637238.83832 -0.501797435509472  -1.37830532538907   2.49828321820289 0.0701505213619754 0.713166349704145 0.414039110259481 0.561288051875189
1403637238.93832 -0.561082899929284  -1.38771396132698   2.48343181832518 0.0508954208120387 0.708396278317564 0.442385696679441 0.54761233037582
1403637239.03832 -0.61892228325473  -1.3952824685949  2.45238309837056 0.0289705468635694 0.707397805187326 0.456650361592459 0.53872024269379
1403637239.18832 -0.691405319002998  -1.39485821899653   2.38793091799308 0.00160828235744276 0.727547469373675 0.432356133052248 0.5326727583122
1403637239.28832 -0.734175643510927  -1.39158236502632   2.33172600836523 -0.00381244661063856 0.747230639007441 0.406872144825299 0.52543971599474
1403637239.38832 -0.76891321690146 -1.38402806748772  2.26158279043569 -0.0034015667466829 0.762753788037159 0.395412095926681 0.511707301661313
1403637239.48832 -0.800916409195285  -1.37032250648451   2.19455077731261 8.76082998313432e-07 0.777033282035532 0.39103635350472 0.493264481638454
1403637239.58832 -0.828824234350309  -1.34679195460619   2.12451085415505 0.00358827988166061 0.793786293821518 0.386419764820415 0.469649027833259
1403637239.68832 -0.854484016718615   -1.3207928767441   2.05026610232592 0.00572533091174232 0.81113303618777 0.381487965776789 0.443280216294668
1403637239.78832 -0.874465555174752  -1.28670542745028   1.97407504129109 0.00731250252863302 0.83354995096337 0.364063160876085 0.415450383859066
1403637239.88832 -0.904959176923578  -1.24838996271092   1.89720942723835 0.00623654336496449 0.856661881622663 0.340418670622286 0.387565032985861
1403637239.98832 -0.930582592667149  -1.20615614202672   1.81989860619074 0.00529377715418944 0.875777082692306 0.32460433552494 0.357237319876869
1403637240.08832 -0.947125333090863  -1.15871634062785   1.74525000848124 0.00474470344590538 0.890626969756118 0.316777190384241 0.326210515134799
1403637240.18832 -0.975377142892107  -1.11862224807217   1.67627398785382 0.003532135383852 0.901766308118442 0.317257784346346 0.293517542633679
1403637240.28832 -0.999477820499938  -1.07192565019433   1.60779031917484 -0.000481309113382677 0.907466369019752 0.326825766086809 0.263987643766552
1403637240.38832 -1.02134369708867 -1.02545386581858  1.53901952491997 -0.0107708937451028 0.907241494408917 0.343181887933052 0.242946600028305
1403637240.53832  -1.06166257898014 -0.958749682643239   1.43880474986893 -0.0308151696894193 0.90484772963855 0.362072090048293 0.22182157941245
1403637240.68832  -1.09533331348529 -0.885573415783537   1.31865884900581 -0.0367245634980046 0.905500243895563 0.362851801135696 0.216931291319481
1403637240.78832  -1.11259264140532 -0.866358052649032   1.26350868835148 -0.0388211173916509 0.908593228639557 0.357033168383665 0.213257080512537
1403637240.88832    -1.127231787043 -0.835521706514796   1.18966096914221 -0.0411728381054198 0.916074338803636 0.335765492605196 0.215346551315354
1403637240.98832  -1.13940908591214 -0.792937963259657   1.10256353288314 -0.040777024871729 0.920368981998526 0.320562514014848 0.220222264601216
1403637241.13832  -1.15104171939189 -0.757274317567734   1.00988122670624 -0.0393418179264527 0.918837058829485 0.323108764008236 0.223139882819932
1403637241.23832  -1.15829896307296 -0.720551057800561  0.942198087751746 -0.0428176146450412 0.917681327692266 0.323366822001868 0.226851341431963
1403637241.38832  -1.16926186066403 -0.648689637262191  0.824273507728062 -0.0536482417446793 0.91735207462907 0.317760715066047 0.233698877387462
1403637241.53832 -1.16729724839525  -0.6117461639368 0.751317215873034 -0.0686347199379587 0.919030535589917 0.307691275928944 0.236639448506725
1403637241.68832  -1.15776826416144 -0.562008062094897  0.661443986551756 -0.0726346204929065 0.922251090864432 0.293502831636306 0.240900861614663
1403637241.88832  -1.13482838036044 -0.515991475053951   0.56237619399567 -0.0588118271638676 0.928494892744991 0.273594072921205 0.244099746813679
1403637242.08832  -1.10477333109896 -0.474372058526857  0.464557751652856 -0.0321089332854713 0.932253540024135 0.263179409625177 0.246188854063463
1403637242.38832  -1.05687446411762 -0.459665963951062  0.387325182765778 -0.0628080727057888 0.932632032699274 0.262156673497823 0.239846859739212
1403637242.58832 -1.01987457105237 -0.44330483787459 0.356327470857781 -0.074077683333343 0.935124509849732 0.249529476705334 0.240394858858142
1403637242.83832 -0.961253496081445 -0.452527352182858  0.351765612983933 -0.0480392514438802 0.925771606732084 0.251417722773417 0.278259395465521
1403637243.03832 -0.905873779559552 -0.471503254220668  0.374239344332446 -0.0390615725697133 0.920535291685428 0.244953910145871 0.301805487382606
1403637243.23832 -0.851564127908635 -0.484720737183079  0.404925370616606 -0.047537681758991 0.913468385452918 0.256976875306471 0.311895115621812
1403637243.43832 -0.797179240479284 -0.513105645624051  0.478702660412687 -0.0418849577703432 0.907829715363072 0.273805613122352 0.314835424371326
1403637243.63832 -0.745166580304452  -0.53616628200061  0.553977758242524 -0.033159282971967 0.903640613186513 0.289123741495603 0.314231707910375
1403637243.78832 -0.704595840416345 -0.561173660346604  0.609480173725521 -0.02119630078195 0.89763038624771 0.310045563038561 0.312541445824469
1403637243.93832 -0.664291988180512 -0.595100457887749   0.66625114858247 -0.00361258605444681 0.891647429259552 0.330482638570259 0.309407557633086
1403637244.13832 -0.616610621561859 -0.636134053836385  0.722252125724391 -0.00120940610574283 0.892638259995727 0.332222460156369 0.304669839492397
1403637244.33832 -0.571541484756661  -0.69751268344905  0.785382895565905 -0.00299132708050737 0.893480835697082 0.333451313799891 0.300820992501301
1403637244.53832 -0.534145757712274 -0.759545882346599  0.833375432874475 -0.0139614155676687 0.888320820336103 0.337814889943033 0.310760839176233
1403637244.73832 -0.497170408279254  -0.81660678960284  0.876122071060201 -0.0374074005451506 0.87958799029518 0.333441820887216 0.337256883986614
1403637244.93832  -0.45505657405044 -0.853959850235092  0.909068449027761 -0.0408812805431245 0.871126317293292 0.33248009133819 0.359060787449604
1403637245.13832 -0.409319097490054 -0.896810130032142  0.952080718217565 -0.024249115041111 0.858162745212257 0.358437889193214 0.366730095220175
1403637245.38832 -0.337532953807383 -0.925402396799527  0.985708335072755 -0.0356494633120394 0.861178035937025 0.348132054618889 0.368653738258604
1403637245.63832 -0.262912735571075 -0.942530444374043   1.01157629640494 -0.0429048885670164 0.857195317208767 0.337036616706926 0.387016379099338
1403637245.78832 -0.213123688178202 -0.945160653836975   1.01924071623883 -0.0395653217957213 0.848652734898737 0.326827580498319 0.414013107867023
1403637245.93832 -0.160546888438926 -0.949060215036222   1.03954821566612 -0.0286842068990565 0.838704915354413 0.301593675413545 0.452540093456334
1403637246.03832 -0.122656400142544 -0.946443421399467   1.04946344446381 -0.0253059337818001 0.825356786333027 0.287347084011491 0.485363202436631
1403637246.13832 -0.0875960242430727  -0.945267161094951    1.06495005834412 -0.0216835169795838 0.80705402587396 0.275184849695521 0.521983642377884
1403637246.23832 -0.0540160632390139  -0.941059903400302    1.07693663092305 -0.0182693339749698 0.783899479645626 0.263918379683744 0.561707153339295
1403637246.33832 -0.0203702164748883  -0.937711855251282    1.09179002957214 -0.0176540508556829 0.757430239855992 0.25066468291934 0.602623417215948
1403637246.48832 0.0276680665983277 -0.928523347411929   1.11861049634464 -0.0224432886104914 0.716337056926132 0.220907064073156 0.661481359309038
1403637246.63832 0.0715794689127857 -0.920445902414324   1.15383786859881 -0.0165600522604028 0.676787113459186 0.189323226257554 0.711225480227014
1403637246.73832 0.0968229000392688 -0.912968543266918   1.17541012543529 -0.00936479405593904 0.650068991496338 0.169878245131742 0.74058354610279
1403637246.88832  0.130679346624882 -0.909584844075915   1.21060780407341 -0.00501402077460172 0.607841836722754 0.151007642585326 0.779551058626696
1403637247.03832  0.152215690235766 -0.915073952712491   1.25376273356988 -0.015517135749303 0.568937799009643 0.151921422119357 0.808077274063213
1403637247.18832  0.168497850437562 -0.921525205397127   1.30014679985678 -0.0258457564860966 0.54503750670605 0.164046472286888 0.821799773719573
1403637247.38832  0.182996257775782 -0.921498017680118   1.36490926669783 -0.00697170007246867 0.538530516407812 0.160245558799605 0.827198669716434
1403637247.53832  0.194247600922244 -0.921954872861789    1.4132328488666 0.013304905236357 0.542731397253455 0.148588114051895 0.826551379101423
1403637247.73832  0.185520471516631 -0.923674598874674   1.47807558272813 0.00915583998651659 0.534482107929355 0.131769032389679 0.83479456694484
1403637247.88832  0.170483863610475 -0.925895249469618   1.53049389537176 0.00615102196428785 0.520975828061407 0.115608260156677 0.845683795332554
1403637248.03832  0.146422217600662 -0.932205048235299   1.58233095507497 0.0164607374470927 0.496355521838596 0.118997123656049 0.859767366573435
1403637248.18832 0.112588455876436 -0.94500543638678  1.63458878761819 0.00297305207848342 0.469347843743238 0.126813758808993 0.873854697939907
1403637248.33832 0.0708525836049043 -0.956302509068889   1.69041370785117 -0.00642395203100349 0.452075878363395 0.131057204261594 0.882275547804314
1403637248.43832 0.0384809801015355 -0.961313762339118   1.72870711105954 -0.00421763068081324 0.446127802868539 0.132489673839105 0.885098119659701
1403637248.53832 0.0114047203935397 -0.962673216440267   1.76637064897278 0.00321009328947608 0.444347431532167 0.129263635795353 0.886473895753736
1403637248.63832 -0.0178604721436879  -0.968445640119183    1.80871098276631 0.00682049197850534 0.445907350837649 0.125557776529507 0.886202775955417
1403637248.73832 -0.0565825324554619  -0.988911740638504    1.85018718548358 -0.00156505193447987 0.445369090376755 0.129806793482841 0.885886065086886
1403637248.83832 -0.0809749860099238  -0.987505512087885    1.88440866510488 -0.0090967854776206 0.448181061019876 0.131601419909087 0.88415612383503
1403637248.98832 -0.13195305637625 -1.01101811996869  1.93506413878727 -0.0134763434583616 0.451447393808502 0.13960470971503 0.881206084758773
1403637249.13832 -0.188727527434249   -1.0366253735261    1.9869190130504 -0.013320877538915 0.45629422769266 0.139901915206862 0.878661246509372
1403637249.28832 -0.237759093811027  -1.07356408814576   2.04022336186803 -0.0123371808626785 0.459042681546456 0.141784744414784 0.876940532042074
1403637249.43832 -0.291729342554513  -1.10690161249458    2.0971124953974 -0.0101969884806367 0.461729253092494 0.14191067802778 0.875536108750673
1403637249.58832 -0.359267069480276   -1.1502907730364   2.15477301206796 -0.00929972596016934 0.45978292451202 0.144879148295668 0.876084019836775
1403637249.73832 -0.405152666913869  -1.14285303215263   2.22296753363385 -0.00231082236594815 0.462125702096217 0.140014593602958 0.875688534320434
1403637249.88832 -0.458947750529064  -1.15311460555955   2.28509840195568 0.00762326844805872 0.45687473762486 0.132877106818996 0.879517500895688
1403637250.03832 -0.517209303299227  -1.17201843397077   2.34564335327606 0.00666167984546545 0.437898534041181 0.137432729259445 0.888432744125587
1403637250.18832 -0.577016785205102  -1.21073930387587   2.37617629702803 0.00402807207765582 0.414743095481253 0.147163720346519 0.897950320897396
1403637250.33832 -0.651615850123854  -1.21765791065057   2.46261581809808 0.00696075867630374 0.397824459012074 0.151035798665255 0.904917363725522
1403637250.48832 -0.720075759284263   -1.2313518766583   2.51913830126814 0.00820763840457356 0.384396442480232 0.15939265736987 0.909266732294179
1403637250.63832 -0.779423446137899  -1.25711448817798   2.55952004943522 0.00215782290805994 0.375433679913671 0.164034320173269 0.912215784555425
1403637250.83832 -0.855616849237921  -1.27437559697839   2.62146521773922 -0.000566413375463648 0.368501820378086 0.159417360791795 0.915855989024532
1403637251.03832 -0.89428410754055 -1.30916688448486  2.62889085580248 0.00322482361876597 0.360808068780442 0.162957796565033 0.91828747925376
1403637251.28832 -0.974409560977207  -1.35729849180745   2.70194279954644 0.000246117311584165 0.343798455724769 0.168841698796659 0.923739704686873
1403637251.48832 -0.991207327361961  -1.40758809714214   2.70351820432696 0.00463131536942815 0.329777043903868 0.144255384840646 0.932960897453078
1403637251.78832 -1.05484658279531 -1.45798996620559  2.75606946883351 0.00796488878039605 0.300240855486716 0.125669326908937 0.945515314269196
1403637252.08832 -1.08243210958459  -1.5051131725112  2.75620730676868 0.0202105911061412 0.295603154522377 0.098739144517268 0.949979414715686
1403637252.73832 -1.14480122526008 -1.51032327836871  2.75167336656352 0.000466691622829279 0.283135144656663 0.12672424084031 0.950670941410658
1403637253.68832 -1.22261031320082  -1.4866179602718  2.73634055312754 0.00574497939563604 0.296984102740296 0.108304954959485 0.948703048726265
1403637254.13832 -1.24296264197269 -1.47607693585263  2.67594088588858 0.00918981773536637 0.29767604536602 0.0964934623603561 0.949733399953349
1403637254.48832 -1.27844470005434  -1.5017034836852  2.62788024212172 -0.005392726098777 0.269457329239129 0.0889631926791962 0.958879145968283
1403637255.08832  -1.3589264777347 -1.49829973452269  2.57663855506344 0.0103880170144956 0.252708623996418 0.0839119417670647 0.963840871974842
1403637255.43832 -1.41602484805711 -1.49605846599969  2.52864516885234 0.0117415210466679 0.220424045515513 0.078132300650042 0.972198909913613
1403637255.63832 -1.44618168001636 -1.48776943749425  2.50067284084167 0.00956735875771372 0.193108717332449 0.0650237257546111 0.978973648279466
1403637255.88832  -1.4898959335028 -1.48221326662004  2.46085927623074 -0.00065370673050999 0.145515320672708 0.0440537069128187 0.988374491285702
1403637256.08832 -1.52024928413032 -1.48159834121842  2.43881330764776 -0.00326385375213195 0.113882917712327 0.0317368257697024 0.992981773348371
1403637256.38832 -1.57102003448754 -1.48379130291928  2.40628482490089 0.00936434386179546 0.0996823863487646 0.0231046741462401 0.994706944254663
1403637256.68832 -1.63147794732606  -1.4830290320585  2.37006602660718 0.00476327320453959 0.100666250522391 0.0304287980938971 0.994443414921484
1403637256.93832 -1.68695433146376 -1.46130398345065  2.34578204324332 -0.00380526712968021 0.0969721461576051 0.0508930951909594 0.993977774235191
1403637257.23832 -1.74681616754364  -1.4496212597483  2.30954239922899 0.0038500635511918 0.0802997034150614 0.0292515534975342 0.996334020928768
1403637257.53832  -1.8064001964141 -1.45378644165833  2.27221375028701 -0.00241015191034388 0.0680330142110403 0.0159264440135644 0.997553030433075
1403637257.78832 -1.85385653395438 -1.44835134526373  2.24260676100956 -0.0159815872191239 0.058916736293182 0.0193502323287532 0.997947381159618
1403637257.98832 -1.89552268271104 -1.43645664212838  2.23134713488771 -0.0234850848445863 0.0393273670142617 0.0175033374517331 0.998796997478276
1403637258.28832 -1.95523917841344 -1.42552560987429   2.2222320750052 -0.00700036127485695 -0.0109962643185858 -0.00523308503162179 0.999901341100265
1403637258.58832 -2.01277998342808 -1.42030092783161  2.22125263678963 -0.00329418955167207 -0.0440597121208731 -0.00267507486147944 0.999019886717732
1403637258.88832 -2.06539568329546  -1.4029895076931  2.23307904003355 0.00795957000779662 -0.0484225664539818 -0.0022589750995109 0.998792669844348
1403637259.03832  -2.0890113604785 -1.39725776605167  2.23539885519662 0.00908864546023832 -0.0481808338980638 0.00127747421938074 0.998796461661836
