1403637158.238319 3.363102 0.372800
1403637158.388319 3.038739 0.383221
1403637158.538319 3.096408 0.373659
1403637158.688319 2.962189 0.382612
1403637158.838319 2.945954 0.380247
1403637158.988319 2.899210 0.388173
1403637159.188319 2.882758 0.390659
1403637159.438319 2.893657 0.491331
1403637159.588319 2.932648 0.473616
1403637159.738319 2.925994 0.463052
1403637159.888319 2.911168 0.453217
1403637160.038319 2.938415 0.431906
1403637160.138319 2.952297 0.423202
1403637160.238319 2.958838 0.413807
1403637160.338319 2.960291 0.407437
1403637160.438319 2.979698 0.402453
1403637160.588319 3.007936 0.393794
1403637160.738319 2.985395 0.396816
1403637160.888319 3.049228 0.371797
1403637161.038319 3.083231 0.347707
1403637161.238319 3.121384 0.313898
1403637161.338319 3.164000 0.287695
1403637161.488319 3.188500 0.275340
1403637161.588319 3.199260 0.248686
1403637161.738319 3.216295 0.248495
1403637161.888319 3.215497 0.247883
1403637162.038319 3.220656 0.249526
1403637162.338319 3.258220 0.241432
1403637162.538319 3.296962 0.225100
1403637162.788319 3.427957 0.214759
1403637162.988319 3.306666 0.198528
1403637163.138319 3.286512 0.205976
1403637163.288319 3.340016 0.203656
1403637163.438319 3.342548 0.201998
1403637163.588319 3.342606 0.197342
1403637163.738319 3.346288 0.194886
1403637163.888319 3.349560 0.192707
1403637164.038319 3.357883 0.190471
1403637164.188319 3.357354 0.188621
1403637164.338319 3.329216 0.186141
1403637164.488319 3.320712 0.185768
1403637164.638319 3.320314 0.187607
1403637164.788319 3.291597 0.184824
1403637164.938319 3.286558 0.185162
1403637165.088319 3.265429 0.183052
1403637165.188319 3.256820 0.182600
1403637165.288319 3.239773 0.183171
1403637165.388319 3.208572 0.186302
1403637165.488319 3.193514 0.186250
1403637165.588319 3.195085 0.184831
1403637165.688319 3.184838 0.182822
1403637165.788319 3.140513 0.178388
1403637165.888319 3.109513 0.188356
1403637166.038319 3.117766 0.187274
1403637166.188319 3.106252 0.183177
1403637166.338319 3.104105 0.181500
1403637166.438319 3.108454 0.179000
1403637166.638319 3.063949 0.173480
1403637166.788319 3.022320 0.173364
1403637167.088319 2.941079 0.166649
1403637167.338319 2.837377 0.164192
1403637167.538319 2.793092 0.171950
1403637167.688319 2.791040 0.174412
1403637167.838319 2.793678 0.175654
1403637167.988319 2.784985 0.177523
1403637168.138319 2.775413 0.176836
1403637168.288319 2.738438 0.180236
1403637168.438319 2.721828 0.180418
1403637168.588319 2.719528 0.180491
1403637168.738319 2.720907 0.183611
1403637168.888319 2.739723 0.178035
1403637169.038319 2.741170 0.180007
1403637169.188319 2.739234 0.183707
1403637169.338319 2.738354 0.183500
1403637169.488319 2.748305 0.180783
1403637169.588319 2.752866 0.180959
1403637169.688319 2.753835 0.180351
1403637169.788319 2.755780 0.182365
1403637169.888319 2.757008 0.182556
1403637169.988319 2.753473 0.183480
1403637170.088319 2.753426 0.183257
1403637170.188319 2.754349 0.183448
1403637170.288319 2.754687 0.183267
1403637170.388319 2.755786 0.183342
1403637170.488319 2.755868 0.183187
1403637170.588319 2.758924 0.183019
1403637170.688319 2.760953 0.182809
1403637170.788319 2.761942 0.182570
1403637170.888319 2.756188 0.182094
1403637170.988319 2.751242 0.180937
1403637171.088319 2.741858 0.180307
1403637171.188319 2.739385 0.180937
1403637171.288319 2.735626 0.181272
1403637171.388319 2.736546 0.181085
1403637171.488319 2.737748 0.181041
1403637171.588319 2.736663 0.180411
1403637171.688319 2.734110 0.180143
1403637171.788319 2.731621 0.180307
1403637171.888319 2.730105 0.180187
1403637171.988319 2.727334 0.179677
1403637172.088319 2.726232 0.179871
1403637172.188319 2.719699 0.179185
1403637172.288319 2.717767 0.178126
1403637172.388319 2.715213 0.178965
1403637172.488319 2.720031 0.179034
1403637172.588319 2.721921 0.179189
1403637172.688319 2.722517 0.179335
1403637172.838319 2.718895 0.179333
1403637172.938319 2.720921 0.178818
1403637173.088319 2.715250 0.179092
1403637173.238319 2.710756 0.178225
1403637173.388319 2.700976 0.178426
1403637173.488319 2.697877 0.178930
1403637173.588319 2.693296 0.178909
1403637173.738319 2.685124 0.178846
1403637173.888319 2.684322 0.178834
1403637173.988319 2.689536 0.178634
1403637174.088319 2.687532 0.178825
1403637174.188319 2.682033 0.178843
1403637174.288319 2.685539 0.178528
1403637174.388319 2.689776 0.178806
1403637174.488319 2.687321 0.178648
1403637174.588319 2.680258 0.178742
1403637174.688319 2.675737 0.178393
1403637174.788319 2.677811 0.178889
1403637174.888319 2.680954 0.178916
1403637174.988319 2.678648 0.178961
1403637175.088319 2.686851 0.177009
1403637175.188319 2.693736 0.177713
1403637175.288319 2.699791 0.178318
1403637175.388319 2.701909 0.178202
1403637175.488319 2.702864 0.178924
1403637175.588319 2.704215 0.178911
1403637175.688319 2.707568 0.178438
1403637175.788319 2.712956 0.178643
1403637175.888319 2.717377 0.178864
1403637175.988319 2.718019 0.178935
1403637176.088319 2.719632 0.178869
1403637176.188319 2.726009 0.178438
1403637176.288319 2.727188 0.178911
1403637176.388319 2.728526 0.178823
1403637176.488319 2.730112 0.178828
1403637176.588319 2.732053 0.178843
1403637176.688319 2.739479 0.178693
1403637176.838319 2.746228 0.178499
1403637176.938319 2.751529 0.178627
1403637177.038319 2.752216 0.178622
1403637177.138319 2.753569 0.178779
1403637177.238319 2.756206 0.178641
1403637177.388319 2.756523 0.178824
1403637177.538319 2.756381 0.178791
1403637177.688319 2.755317 0.178762
1403637177.838319 2.757410 0.178624
1403637177.988319 2.756545 0.178732
1403637178.088319 2.757978 0.178722
1403637178.238319 2.761057 0.178682
1403637178.388319 2.763771 0.178638
1403637178.488319 2.766519 0.178627
1403637178.638319 2.774186 0.178476
1403637178.788319 2.780598 0.178585
1403637178.988319 2.786469 0.163312
1403637179.188319 2.787103 0.175853
1403637179.388319 2.787464 0.177762
1403637179.588319 2.787037 0.178371
1403637179.788319 2.783813 0.177750
1403637179.988319 2.782804 0.178338
1403637180.138319 2.784282 0.178161
1403637180.288319 2.784120 0.171406
1403637180.438319 2.780860 0.174815
1403637180.588319 2.779319 0.176522
1403637180.738319 2.780059 0.177248
1403637180.888319 2.779191 0.177724
1403637181.038319 2.779960 0.177634
1403637181.138319 2.780158 0.178273
1403637181.238319 2.780754 0.178153
1403637181.338319 2.780730 0.178071
1403637181.438319 2.780541 0.178300
1403637181.538319 2.782289 0.177925
1403637181.638319 2.780752 0.178112
1403637181.738319 2.789815 0.170787
1403637181.838319 2.788005 0.176787
1403637181.938319 2.784704 0.177036
1403637182.038319 2.783800 0.177200
1403637182.138319 2.781212 0.177557
1403637182.238319 2.779584 0.177640
1403637182.338319 2.777932 0.177707
1403637182.438319 2.777256 0.178108
1403637182.538319 2.775830 0.178106
1403637182.688319 2.775069 0.177157
1403637182.838319 2.772036 0.178192
1403637182.988319 2.772099 0.177692
1403637183.138319 2.767900 0.177448
1403637183.338319 2.764647 0.178100
1403637183.588319 2.758650 0.177947
1403637183.788319 2.754054 0.177946
1403637183.988319 2.755764 0.173328
1403637184.238319 2.752314 0.177965
1403637184.438319 2.749023 0.177942
1403637184.538319 2.755775 0.175379
1403637184.638319 2.754481 0.177124
1403637184.738319 2.753883 0.177724
1403637184.838319 2.754699 0.177792
1403637184.938319 2.756937 0.177859
1403637185.088319 2.757146 0.177844
1403637185.238319 2.757018 0.177874
1403637185.388319 2.759752 0.177876
1403637185.588319 2.761205 0.177954
1403637185.738319 2.758221 0.177605
1403637185.888319 2.758054 0.177918
1403637186.088319 2.759684 0.177294
1403637186.338319 2.761667 0.177899
1403637186.538319 2.761881 0.177927
1403637186.788319 2.763531 0.177820
1403637187.038319 2.764704 0.177856
1403637187.288319 2.765229 0.177916
1403637187.488319 2.766390 0.177809
1403637187.738319 2.767778 0.177833
1403637187.938319 2.767511 0.177895
1403637188.138319 2.766732 0.177845
1403637188.288319 2.766997 0.177965
1403637188.438319 2.768597 0.177865
1403637188.688319 2.768046 0.177902
1403637188.888319 2.769970 0.177788
1403637189.088319 2.770843 0.177750
1403637189.338319 2.773072 0.177839
1403637189.538319 2.774043 0.177846
1403637189.738319 2.773815 0.177588
1403637189.938319 2.772924 0.177556
1403637190.138319 2.772366 0.177716
1403637190.388319 2.771643 0.177760
1403637190.638319 2.771415 0.177740
1403637190.888319 2.776021 0.177702
1403637191.238319 2.774549 0.177685
1403637191.538319 2.776200 0.177669
1403637191.788319 2.775776 0.177702
1403637192.088319 2.777647 0.177643
1403637192.288319 2.779327 0.177651
1403637192.638319 2.784250 0.177606
1403637192.938319 2.783300 0.177756
1403637193.138319 2.781771 0.177322
1403637193.388319 2.778744 0.177586
1403637193.638319 2.776805 0.177637
1403637193.888319 2.781005 0.177419
1403637194.188319 2.781053 0.177595
1403637194.538319 2.784616 0.177230
1403637194.688319 2.784315 0.177391
1403637194.938319 2.786537 0.177382
1403637195.188319 2.787041 0.177565
1403637195.388319 2.786147 0.177433
1403637195.638319 2.787068 0.177402
1403637195.838319 2.782583 0.177635
1403637196.088319 2.779179 0.177133
1403637196.288319 2.776774 0.177264
1403637196.488319 2.774172 0.177391
1403637196.688319 2.774182 0.177588
1403637196.838319 2.773879 0.177674
1403637196.988319 2.771431 0.177039
1403637197.138319 2.774797 0.177540
1403637197.238319 2.770943 0.176761
1403637197.338319 2.767366 0.174962
1403637197.438319 2.764745 0.177507
1403637197.538319 2.763576 0.177586
1403637197.638319 2.763495 0.177530
1403637197.738319 2.762381 0.177662
1403637197.838319 2.762927 0.177544
1403637197.938319 2.764345 0.177587
1403637198.038319 2.764618 0.177665
1403637198.138319 2.765008 0.177616
1403637198.238319 2.763959 0.177582
1403637198.338319 2.764228 0.177606
1403637198.438319 2.762158 0.177556
1403637198.538319 2.761824 0.177589
1403637198.638319 2.760130 0.177030
1403637198.738319 2.762981 0.177063
1403637198.838319 2.765091 0.177233
1403637198.938319 2.766588 0.177293
1403637199.038319 2.766516 0.177353
1403637199.138319 2.766697 0.177353
1403637199.238319 2.765163 0.177450
1403637199.338319 2.766622 0.177395
1403637199.438319 2.769982 0.176823
1403637199.538319 2.775010 0.174872
1403637199.638319 2.774896 0.175658
1403637199.738319 2.774710 0.175018
1403637199.838319 2.774478 0.176389
1403637199.938319 2.776653 0.176508
1403637200.038319 2.779041 0.176995
1403637200.138319 2.779485 0.177170
1403637200.238319 2.779162 0.177122
1403637200.338319 2.779685 0.176883
1403637200.438319 2.778876 0.176818
1403637200.538319 2.773189 0.175633
1403637200.638319 2.776218 0.176651
1403637200.738319 2.773934 0.174755
1403637200.838319 2.770940 0.176527
1403637200.988319 2.772332 0.176713
1403637201.138319 2.774356 0.176419
1403637201.288319 2.772635 0.175257
1403637201.438319 2.772746 0.176406
1403637201.638319 2.767923 0.176318
1403637201.888319 2.754272 0.176005
1403637202.188319 2.721866 0.174776
1403637202.438319 2.717846 0.175216
1403637202.688319 2.710664 0.174517
1403637202.988319 2.708951 0.174119
1403637203.388319 2.709610 0.175086
1403637203.688319 2.709780 0.173314
1403637204.038319 2.710459 0.173681
1403637204.938319 2.721966 0.175465
1403637206.188319 2.729463 0.175691
1403637207.588319 2.735021 0.175698
1403637208.938319 2.744514 0.174667
1403637209.188319 2.746504 0.172927
1403637209.488319 2.748637 0.175452
1403637209.738319 2.751547 0.174569
1403637210.088319 2.752693 0.175569
1403637210.288319 2.752399 0.175524
1403637210.538319 2.753620 0.175620
1403637210.738319 2.755566 0.175510
1403637210.888319 2.760715 0.175265
1403637211.038319 2.764012 0.175237
1403637211.188319 2.764971 0.175654
1403637211.338319 2.767740 0.175203
1403637211.538319 2.768381 0.175617
1403637211.688319 2.770685 0.175001
1403637211.838319 2.773285 0.175284
1403637211.988319 2.775767 0.175370
1403637212.088319 2.778395 0.175413
1403637212.188319 2.780360 0.175661
1403637212.338319 2.781664 0.175478
1403637212.438319 2.782371 0.175290
1403637212.588319 2.782401 0.175281
1403637212.738319 2.783098 0.174853
1403637212.888319 2.783226 0.175281
1403637213.088319 2.782964 0.175596
1403637213.238319 2.783596 0.175671
1403637213.388319 2.785541 0.175444
1403637213.538319 2.786858 0.175488
1403637213.738319 2.787892 0.173837
1403637213.888319 2.790578 0.175716
1403637214.038319 2.790177 0.174936
1403637214.188319 2.790902 0.175380
1403637214.338319 2.793520 0.174502
1403637214.488319 2.795592 0.175379
1403637214.638319 2.797565 0.175394
1403637214.788319 2.796671 0.175543
1403637214.988319 2.798116 0.175633
1403637215.188319 2.800579 0.174907
1403637215.388319 2.799475 0.175565
1403637215.538319 2.799469 0.175657
1403637215.688319 2.798882 0.175662
1403637215.788319 2.799535 0.175661
1403637215.888319 2.800729 0.175222
1403637216.038319 2.802340 0.175532
1403637216.188319 2.802480 0.175456
1403637216.338319 2.803373 0.175524
1403637216.538319 2.803835 0.175287
1403637216.738319 2.802996 0.175187
1403637216.938319 2.804428 0.175537
1403637217.138319 2.803250 0.175426
1403637217.438319 2.805576 0.175456
1403637217.688319 2.806276 0.174709
1403637217.838319 2.805479 0.175386
1403637218.038319 2.804879 0.175020
1403637218.238319 2.806410 0.175428
1403637218.438319 2.806013 0.175050
1403637218.588319 2.805654 0.174996
1403637218.738319 2.805257 0.175134
1403637218.938319 2.804328 0.175219
1403637219.138319 2.803900 0.174362
1403637219.338319 2.802333 0.175336
1403637219.488319 2.802713 0.175233
1403637219.588319 2.801758 0.175248
1403637219.738319 2.803526 0.175125
1403637219.888319 2.804594 0.175175
1403637220.038319 2.806418 0.175045
1403637220.238319 2.807272 0.175291
1403637220.438319 2.806793 0.174547
1403637220.738319 2.806113 0.174930
1403637221.038319 2.800718 0.173934
1403637221.288319 2.804192 0.174196
1403637221.538319 2.802180 0.173544
1403637221.838319 2.800922 0.173150
1403637222.088319 2.797937 0.175176
1403637222.238319 2.797669 0.174927
1403637222.388319 2.799583 0.175147
1403637222.588319 2.800411 0.175221
1403637222.938319 2.800869 0.175177
1403637223.438319 2.799837 0.175176
1403637223.738319 2.799955 0.173009
1403637224.688319 2.798619 0.175121
1403637225.838319 2.797776 0.175014
1403637226.688319 2.798290 0.175067
1403637227.038319 2.798852 0.174758
1403637227.188319 2.798460 0.174696
1403637227.888319 2.799369 0.175075
1403637229.138319 2.800365 0.175115
1403637229.388319 2.800122 0.174885
1403637229.538319 2.801649 0.175110
1403637229.638319 2.801228 0.174736
1403637229.738319 2.801593 0.175139
1403637229.838319 2.801653 0.175140
1403637229.938319 2.801306 0.175148
1403637230.038319 2.801479 0.175116
1403637230.188319 2.801702 0.175125
1403637230.488319 2.801533 0.175127
1403637230.738319 2.801640 0.175089
1403637230.888319 2.801894 0.175067
1403637231.088319 2.802153 0.175097
1403637231.238319 2.802532 0.174951
1403637231.388319 2.802796 0.174907
1403637231.488319 2.803248 0.174436
1403637231.588319 2.803600 0.174989
1403637231.688319 2.804722 0.174955
1403637231.788319 2.805945 0.174878
1403637231.938319 2.806442 0.174876
1403637232.088319 2.806341 0.174828
1403637232.238319 2.807232 0.174849
1403637232.388319 2.805611 0.173152
1403637232.588319 2.806055 0.174905
1403637232.738319 2.804820 0.174120
1403637232.888319 2.806463 0.174747
1403637233.038319 2.806334 0.174742
1403637233.188319 2.805970 0.174643
1403637233.338319 2.805937 0.174665
1403637233.488319 2.805282 0.174640
1403637233.588319 2.804801 0.174597
1403637233.688319 2.805188 0.173972
1403637233.788319 2.806017 0.174301
1403637233.938319 2.805376 0.174536
1403637234.138319 2.807330 0.174376
1403637234.338319 2.806569 0.173645
1403637234.488319 2.804849 0.172215
1403637234.638319 2.804092 0.173860
1403637234.788319 2.802017 0.173104
1403637234.938319 2.797485 0.174269
1403637235.088319 2.794797 0.174272
1403637235.188319 2.791136 0.171985
1403637235.338319 2.791373 0.174167
1403637235.488319 2.791480 0.174173
1403637235.638319 2.794165 0.173180
1403637235.738319 2.795648 0.173494
1403637235.838319 2.796904 0.174038
1403637235.938319 2.797283 0.174034
1403637236.038319 2.798025 0.174147
1403637236.138319 2.797234 0.173716
1403637236.238319 2.796198 0.173819
1403637236.338319 2.795284 0.173897
1403637236.438319 2.794607 0.174033
1403637236.538319 2.791814 0.173985
1403637236.638319 2.791598 0.174088
1403637236.738319 2.791317 0.174125
1403637236.838319 2.791639 0.173624
1403637236.938319 2.791736 0.173704
1403637237.038319 2.793672 0.174064
1403637237.138319 2.792513 0.173892
1403637237.238319 2.791359 0.174001
1403637237.338319 2.791703 0.174084
1403637237.438319 2.792742 0.173848
1403637237.538319 2.792249 0.173498
1403637237.638319 2.793728 0.173678
1403637237.738319 2.792053 0.173993
1403637237.838319 2.792121 0.174011
1403637237.938319 2.792163 0.174010
1403637238.038319 2.791256 0.174050
1403637238.138319 2.792246 0.174052
1403637238.238319 2.793666 0.173388
1403637238.338319 2.795280 0.173963
1403637238.438319 2.797847 0.174100
1403637238.538319 2.795514 0.173896
1403637238.638319 2.795819 0.174063
1403637238.738319 2.795840 0.174056
1403637238.838319 2.795272 0.173901
1403637238.938319 2.792872 0.173927
1403637239.038319 2.792788 0.173977
1403637239.188319 2.794385 0.174012
1403637239.288319 2.794156 0.173942
1403637239.388319 2.794386 0.174066
1403637239.488319 2.793468 0.173773
1403637239.588319 2.792471 0.173697
1403637239.688319 2.792371 0.173956
1403637239.788319 2.792290 0.174066
1403637239.888319 2.791704 0.174037
1403637239.988319 2.793392 0.174031
1403637240.088319 2.792970 0.174079
1403637240.188319 2.792671 0.173882
1403637240.288319 2.791675 0.173994
1403637240.388319 2.791544 0.173851
1403637240.538319 2.791505 0.174020
1403637240.688319 2.790944 0.174095
1403637240.788319 2.791607 0.174073
1403637240.888319 2.791497 0.174069
1403637240.988319 2.792565 0.173906
1403637241.138319 2.792788 0.174031
1403637241.238319 2.793021 0.174046
1403637241.388319 2.792791 0.173614
1403637241.538319 2.793905 0.173807
1403637241.688319 2.794543 0.173271
1403637241.888319 2.794286 0.173997
1403637242.088319 2.796717 0.173983
1403637242.388319 2.797878 0.173933
1403637242.588319 2.796900 0.173397
1403637242.838319 2.798219 0.173925
1403637243.038319 2.796850 0.173551
1403637243.238319 2.795657 0.173806
1403637243.438319 2.794791 0.173936
1403637243.638319 2.794350 0.173881
1403637243.788319 2.793067 0.173879
1403637243.938319 2.792358 0.173981
1403637244.138319 2.793443 0.173925
1403637244.338319 2.794162 0.173938
1403637244.538319 2.793303 0.173954
1403637244.738319 2.793129 0.173864
1403637244.938319 2.792304 0.173973
1403637245.138319 2.792070 0.173932
1403637245.388319 2.792283 0.173970
1403637245.638319 2.793818 0.173888
1403637245.788319 2.794062 0.173500
1403637245.938319 2.793925 0.173474
1403637246.038319 2.793367 0.173920
1403637246.138319 2.792890 0.173895
1403637246.238319 2.792220 0.173911
1403637246.338319 2.793200 0.173814
1403637246.488319 2.793282 0.173906
1403637246.638319 2.793790 0.173919
1403637246.738319 2.793040 0.173911
1403637246.888319 2.793797 0.173965
1403637247.038319 2.793097 0.173943
1403637247.188319 2.793128 0.173966
1403637247.388319 2.794051 0.173943
1403637247.538319 2.795914 0.173429
1403637247.738319 2.794683 0.173923
1403637247.888319 2.795925 0.173769
1403637248.038319 2.795940 0.173719
1403637248.188319 2.793248 0.173816
1403637248.338319 2.793264 0.173490
1403637248.438319 2.792877 0.173649
1403637248.538319 2.792407 0.173747
1403637248.638319 2.793209 0.173128
1403637248.738319 2.796728 0.173315
1403637248.838319 2.798423 0.173374
1403637248.988319 2.798772 0.173563
1403637249.138319 2.797540 0.173747
1403637249.288319 2.796096 0.173477
1403637249.438319 2.794388 0.173506
1403637249.588319 2.795452 0.173643
1403637249.738319 2.794392 0.173745
1403637249.888319 2.795216 0.173204
1403637250.038319 2.797211 0.173229
1403637250.188319 2.796616 0.173432
1403637250.338319 2.796833 0.173681
1403637250.488319 2.795993 0.173621
1403637250.638319 2.793522 0.173734
1403637250.838319 2.791285 0.173859
1403637251.038319 2.786882 0.173775
1403637251.288319 2.775215 0.173817
1403637251.488319 2.775567 0.173307
1403637251.788319 2.769258 0.173488
1403637252.088319 2.764194 0.173762
1403637252.738319 2.749104 0.173749
1403637253.688319 2.740624 0.173779
1403637254.138319 2.741376 0.172694
1403637254.488319 2.742056 0.173611
1403637255.088319 2.744100 0.173376
1403637255.438319 2.751228 0.173270
1403637255.638319 2.752631 0.172664
1403637255.888319 2.755379 0.173360
1403637256.088319 2.758788 0.173174
1403637256.388319 2.759067 0.173498
1403637256.688319 2.755595 0.173379
1403637256.938319 2.758231 0.172424
1403637257.238319 2.756069 0.173706
1403637257.538319 2.756975 0.173677
1403637257.788319 2.756887 0.173717
1403637257.988319 2.756802 0.173671
1403637258.138319 2.756876 0.173600
1403637258.288319 2.755452 0.173720
1403637258.438319 2.757933 0.173138
1403637258.588319 2.760528 0.173542
1403637258.738319 2.760172 0.173430
1403637258.888319 2.761851 0.173690
1403637259.038319 2.762262 0.173634
1403637259.188319 2.763087 0.173410
1403637259.388319 2.764677 0.173600
1403637259.738319 2.766917 0.172681
1403637260.338319 2.772654 0.173585
