DelayedMarginalization 0.000889248 4.90122e-08 0.00150649 599
DelayedMarginalizationOnly 0.000416292 3.22964e-08 0.000727356 599
EF-marginalizeFrame 0.0013274 6.43131e-08 0.00194979 599
FullSystem::trackNewCoarse 0.00392361 1.60725e-06 0.0118452 2045
FullSystem::trackNewCoarseNoIMU 0.00436738 0.00018265 0.122651 119
FullSystemOptimize 0.0375137 4.39506e-05 0.0573568 607
GraphUnrolling 0.0148433 9.14244e-05 0.0355233 30
IMUInitAddPose 3.18567e-05 1.51248e-08 0.00305506 607
IMUInitOptimize 0.00372115 3.00289e-06 0.00921216 14
IMUIntegration::finishKeyframeOperations 5.87201e-05 1.42302e-10 0.000144752 586
InitializerFirstFrame 0.0548887 5.4434e-06 0.0572071 3
InitializerOtherFrames 0.212758 0.000892488 0.248831 23
MainMarginalization 0.00112805 5.35196e-08 0.00177977 599
MarginalizationReplacementBuildGraph 0.00132308 2.00029e-07 0.00212331 13
MarginalizationReplacementReplaceGraph 0.0244718 7.18956e-05 0.0357408 12
MarginalizeMainGraph 0.000472241 7.51982e-09 0.000989939 599
PGBA 0.050003 0.000196094 0.074467 21
PGBAFull 0.0342601 0.000850494 0.0805987 34
PrepareGraphForMainOptimization 0.0149432 9.22032e-05 0.0357069 30
VisualMarginalization 3.9996e-05 5.94246e-11 8.1431e-05 599
activatePointsMT 0.00338788 6.01431e-07 0.00734886 607
addActiveFrame 0.0323844 0.0013044 0.285971 2190
addIMUData 0.000713464 5.44487e-08 0.00164778 2045
addIMUDataToBA 3.36833e-05 1.67494e-10 0.000221487 2187
addKeyframeToBA 3.32654e-05 4.67261e-11 8.6576e-05 607
afterCoarseTracking 2.20607e-05 1.87171e-08 0.00245162 2164
baIteration 0.00559595 1.43505e-06 0.0105184 3627
baMatrixInversion 0.000219954 2.24461e-09 0.00061835 3627
baUpdateBuildHessians 0.000491387 1.14366e-08 0.00351839 3627
coarseTrackingIteration 0.000261591 5.95984e-09 0.00316028 20673
computeBAUpdate 0.000791716 2.2974e-08 0.00384454 3627
computeCoarseUpdate 0.000105103 1.49403e-09 0.00286227 18484
computeFactorForCoarseGraphAndMarginalCovariances 0.00300269 2.17181e-07 0.00531703 586
convertHAndBFromDSO 0.00014562 3.07693e-09 0.000692023 6018
debugPlot 9.44036e-08 1.94876e-15 4.43e-07 607
debugPlotIDepthMap 0.00316552 2.75799e-07 0.00523073 607
debugPlotIDepthMapFloat 1.63237e-07 6.99009e-14 6.628e-06 607
deliverTrackedFrame 0.0231654 0.000909128 0.168856 2167
flagFramesForMarginalization 1.67787e-06 2.43386e-13 7.096e-06 607
fullCoarseTracking 0.00476606 1.16943e-05 0.122729 2164
initObjectsAndMakeImage 0.00243938 4.83768e-08 0.00426473 2190
makeKeyframe 0.0683834 0.000252457 0.167752 607
makeKeyframeChangeTrackingRef 0.00573175 7.53005e-07 0.00948488 607
makeNewTraces 0.00601349 4.87573e-07 0.010485 607
makeNonKeyframe 0.00406516 5.34372e-06 0.011261 1560
marginalizeAndRemovePoints 0.00271619 7.53883e-07 0.00590013 607
marginalizeFrame 0.00218956 2.25939e-07 0.00462883 599
marginalizeFrameOverhead 0.000859735 1.10261e-07 0.00314362 599
marginalizeFrames 0.00216784 3.12841e-07 0.00508209 607
newFrameAndNewResidualsForOldPoints 0.00101456 5.0873e-08 0.0020382 607
printBiases 3.19434e-05 1.70231e-10 0.000252084 607
printEigenValLine 1.1803e-07 8.42547e-16 2.92e-07 607
printLogLine 1.94723e-05 1.0165e-10 0.000212013 607
publishInMakeKeyframe 0.000251308 8.53796e-09 0.00127452 607
removeOutliers 0.000144804 1.66366e-09 0.00034098 607
swapTrackingRef 3.38436e-05 5.41008e-11 0.000104966 605
timeMeasurement 9.30317e-07 1.00601e-12 4.208e-05 2190
traceNewCoarse 0.00377119 4.55439e-06 0.0112522 2167
updateBAValues 5.96707e-06 4.87141e-12 8.0851e-05 5850
zero 1.02922e-07 5.53204e-14 1.0993e-05 2190
