DelayedMarginalization 0.000976468 2.83165e-08 0.00149578 1386
DelayedMarginalizationOnly 0.000469621 1.86589e-08 0.000787591 1386
EF-marginalizeFrame 0.00135958 3.96584e-08 0.00196664 1386
FullSystem::trackNewCoarse 0.00250261 6.67427e-07 0.00839657 2672
FullSystem::trackNewCoarseNoIMU 0.00183815 2.37689e-05 0.0526467 111
FullSystemOptimize 0.0397786 4.70208e-05 0.0616253 1392
GraphUnrolling 0.00984158 0.000148944 0.0286482 6
IMUInitAddPose 2.33367e-05 8.63183e-12 5.7697e-05 1392
IMUInitOptimize 0.00317394 1.85143e-06 0.0048334 4
IMUIntegration::finishKeyframeOperations 6.17155e-05 2.66937e-10 0.000345955 1383
InitializerFirstFrame 0.036613 -nan 0.036613 1
InitializerOtherFrames 0.0581734 0.000104451 0.0828745 35
MainMarginalization 0.00121073 3.5413e-08 0.00183451 1386
MarginalizationReplacementBuildGraph 0.00102614 5.83311e-07 0.00213797 5
MarginalizationReplacementReplaceGraph 0.0142365 0.000175885 0.0288086 4
MarginalizeMainGraph 0.000506161 6.89929e-09 0.000952401 1386
PGBA 0.0115355 6.88573e-06 0.013391 2
PGBAFull 0.00409076 4.03675e-05 0.0153038 7
PrepareGraphForMainOptimization 0.00990517 0.000149954 0.0287767 6
VisualMarginalization 4.12202e-05 7.29617e-11 8.738e-05 1386
activatePointsMT 0.00343082 7.63408e-07 0.00725126 1392
addActiveFrame 0.0403137 0.000935775 0.109542 2819
addIMUData 0.000660925 2.06267e-08 0.0017529 2672
addIMUDataToBA 3.69694e-05 1.57553e-10 0.000143298 2818
addKeyframeToBA 3.23435e-05 1.98813e-11 8.8692e-05 1392
afterCoarseTracking 2.63064e-07 3.6995e-14 9.718e-06 2783
baIteration 0.00612319 1.25911e-06 0.0112117 7983
baMatrixInversion 0.000230418 2.08656e-09 0.00105266 7983
baUpdateBuildHessians 0.000510202 6.24178e-09 0.00280129 7983
coarseTrackingIteration 0.000196326 4.60369e-09 0.000696388 28459
computeBAUpdate 0.000824203 1.56032e-08 0.00313978 7983
computeCoarseUpdate 9.46364e-05 4.46123e-10 0.000575406 26088
computeFactorForCoarseGraphAndMarginalCovariances 0.00315168 4.70362e-07 0.00691647 1383
convertHAndBFromDSO 0.000150092 3.45439e-09 0.000514904 13530
debugPlot 7.95769e-08 1.67246e-15 3.96e-07 1392
debugPlotIDepthMap 3.5411e-07 7.42357e-14 8.86e-06 1392
debugPlotIDepthMapFloat 8.40862e-08 3.45158e-14 6.933e-06 1392
deliverTrackedFrame 0.0347352 0.000929841 0.105741 2784
flagFramesForMarginalization 1.57041e-06 3.38807e-13 1.2166e-05 1392
fullCoarseTracking 0.00322617 1.73869e-06 0.0527069 2783
initObjectsAndMakeImage 0.00208622 4.13858e-08 0.00379754 2819
makeKeyframe 0.0645808 7.43509e-05 0.105738 1392
makeKeyframeChangeTrackingRef 0.00232011 2.25927e-07 0.00475499 1392
makeNewTraces 0.00552421 9.23382e-07 0.0107842 1392
makeNonKeyframe 0.00488564 2.87876e-06 0.00798637 1392
marginalizeAndRemovePoints 0.00310481 9.75697e-07 0.00717457 1392
marginalizeFrame 0.00238284 1.17195e-07 0.00345108 1386
marginalizeFrameOverhead 0.00102098 5.2568e-08 0.00214365 1386
marginalizeFrames 0.00238022 2.51956e-07 0.00514643 1392
newFrameAndNewResidualsForOldPoints 0.00101263 5.09821e-08 0.00183299 1392
printBiases 3.63566e-05 1.34005e-10 0.000268299 1392
printEigenValLine 1.12811e-07 4.26358e-16 4.24e-07 1392
printLogLine 2.02399e-07 3.5432e-15 6e-07 1392
publishInMakeKeyframe 1.85507e-07 4.41497e-15 5.3e-07 1392
removeOutliers 0.000172729 1.79718e-09 0.000373592 1392
swapTrackingRef 2.13368e-05 9.63452e-12 4.1534e-05 1392
timeMeasurement 7.18415e-07 3.54502e-13 1.217e-05 2819
traceNewCoarse 0.00403095 2.88156e-06 0.00797415 2784
updateBAValues 5.66536e-06 3.82452e-12 8.6859e-05 13119
zero 9.22139e-08 3.77767e-16 3.71e-07 2819
