1520530315.599645 1.190545 0.514958
1520530315.749639 1.202835 0.250447
1520530315.899643 1.202272 0.210840
1520530316.100221 1.182995 0.199330
1520530316.250226 1.183927 0.184573
1520530316.400230 1.191612 0.167047
1520530316.600278 1.187811 0.156332
1520530316.750283 1.171518 0.153306
1520530316.949773 1.170433 0.147223
1520530317.099778 1.170858 0.134773
1520530317.249782 1.172813 0.121068
1520530317.399745 1.173403 0.110743
1520530317.599752 1.172541 0.099916
1520530317.750237 1.172894 0.094994
1520530317.900242 1.170793 0.091798
1520530318.050246 1.169964 0.090644
1520530318.150816 1.165704 0.089177
1520530318.300772 1.165838 0.091120
1520530318.450777 1.166493 0.087955
1520530318.600567 1.165511 0.084190
1520530318.800573 1.162488 0.080240
1520530318.950577 1.166969 0.077702
1520530318.999955 1.161156 0.075520
1520530319.149961 1.158443 0.069792
1520530319.299965 1.155222 0.064327
1520530319.399832 1.157136 0.062091
1520530319.549837 1.157713 0.059463
1520530319.699841 1.159753 0.058737
1520530319.800341 1.159851 0.058694
1520530319.900344 1.159550 0.058078
1520530320.000347 1.162738 0.056785
1520530320.100350 1.161732 0.055436
1520530320.200401 1.152302 0.053453
1520530320.300404 1.160470 0.052663
1520530320.450408 1.162871 0.051664
1520530320.550412 1.163437 0.051020
1520530320.649871 1.163129 0.049895
1520530320.799876 1.164621 0.047306
1520530320.949880 1.165644 0.044710
1520530321.049740 1.166298 0.043570
1520530321.199745 1.167779 0.042207
1520530321.349750 1.168037 0.040750
1520530321.499857 1.168529 0.039556
1520530321.649862 1.167886 0.038559
1520530321.799867 1.166379 0.037659
1520530321.900154 1.162824 0.036782
1520530322.000157 1.159826 0.035780
1520530322.150162 1.161008 0.035014
1520530322.450214 1.161148 0.034922
1520530322.650023 1.158093 0.034148
1520530322.850030 1.158792 0.033184
1520530323.000035 1.158964 0.032667
1520530323.150076 1.157811 0.032188
1520530323.300080 1.157927 0.031873
1520530323.450085 1.150772 0.030325
1520530323.550346 1.151370 0.029402
1520530323.700351 1.152849 0.028482
1520530323.850356 1.153300 0.027993
1520530323.950154 1.153871 0.027828
1520530324.100159 1.154653 0.027619
1520530324.250163 1.155725 0.027398
1520530324.299908 1.154424 0.027211
1520530324.399911 1.151746 0.026767
1520530324.499994 1.152423 0.026459
1520530324.649919 1.154332 0.026169
1520530324.800021 1.155554 0.026001
1520530324.950026 1.155281 0.025923
1520530325.100816 1.155323 0.025792
1520530325.300822 1.157238 0.025414
1520530325.400825 1.155533 0.024977
1520530325.600915 1.155162 0.023940
1520530325.800921 1.155258 0.023164
1520530325.950541 1.154869 0.022849
1520530326.100546 1.154764 0.022523
1520530326.250551 1.155405 0.022237
1520530326.350204 1.155533 0.022121
1520530326.550210 1.155711 0.021966
1520530326.700216 1.155501 0.021944
1520530326.900431 1.152291 0.021589
1520530327.050437 1.153447 0.021098
1520530327.200433 1.155335 0.020745
1520530327.350437 1.156987 0.020497
1520530327.500442 1.154448 0.020141
1520530327.600091 1.154396 0.019882
1520530327.700094 1.153137 0.019601
1520530327.750096 1.154699 0.019543
1520530327.850099 1.158031 0.019461
1520530327.950102 1.158360 0.019337
1520530328.050282 1.158336 0.019169
1520530328.150285 1.158198 0.019000
1520530328.300290 1.159077 0.018777
1520530328.350291 1.156122 0.018743
1520530328.450338 1.153512 0.018687
1520530328.550342 1.154046 0.018671
1520530328.650346 1.154490 0.018661
1520530328.750348 1.154527 0.018643
1520530328.800086 1.154446 0.018631
1520530328.950091 1.157108 0.018580
1520530329.050093 1.158002 0.018492
1520530329.150097 1.160721 0.018358
1520530329.250095 1.160144 0.018194
1520530329.350049 1.160512 0.018021
1520530329.500053 1.158375 0.017671
1520530329.650099 1.157144 0.017496
1520530329.750102 1.155614 0.017403
1520530329.850105 1.154430 0.017348
1520530329.950109 1.155008 0.017296
1520530330.050161 1.156627 0.017209
1520530330.150164 1.157789 0.017035
1520530330.250167 1.159139 0.016813
1520530330.350170 1.162811 0.016595
1520530330.450787 1.161825 0.016328
1520530330.550790 1.158671 0.016148
1520530330.650793 1.156028 0.016078
1520530330.750797 1.153234 0.016035
1520530330.800798 1.153154 0.016010
1520530330.900277 1.152766 0.015961
1520530331.000280 1.150974 0.015816
1520530331.100283 1.149751 0.015662
1520530331.200286 1.149585 0.015570
1520530331.250735 1.149790 0.015540
1520530331.350738 1.148166 0.015505
1520530331.450741 1.145615 0.015493
1520530331.550744 1.146986 0.015489
1520530331.650479 1.151144 0.015460
1520530331.750483 1.153669 0.015344
1520530331.850486 1.157057 0.015156
1520530331.950489 1.157072 0.014835
1520530332.050387 1.156307 0.014552
1520530332.150390 1.156926 0.014375
1520530332.250393 1.159130 0.014245
1520530332.350396 1.159554 0.014133
1520530332.450399 1.161066 0.014092
1520530332.550483 1.160708 0.014077
1520530332.650488 1.160845 0.014071
1520530332.750491 1.164202 0.014027
1520530332.850494 1.165323 0.013965
1520530332.950166 1.164379 0.013873
1520530333.000168 1.163199 0.013841
1520530333.100171 1.162252 0.013803
1520530333.200174 1.161448 0.013782
1520530333.300608 1.163424 0.013765
1520530333.400612 1.164559 0.013721
1520530333.500615 1.164361 0.013677
1520530333.700541 1.161907 0.013629
1520530333.750542 1.161544 0.013628
1520530333.850545 1.160907 0.013615
1520530333.900547 1.159601 0.013598
1520530334.000561 1.159434 0.013561
1520530334.100216 1.161987 0.013528
1520530334.300222 1.165283 0.013397
1520530334.400225 1.164724 0.013322
1520530334.500228 1.165008 0.013276
1520530334.550086 1.164990 0.013259
1520530334.650089 1.165283 0.013216
1520530334.750092 1.165740 0.013178
1520530334.850095 1.165846 0.013138
1520530334.950928 1.167170 0.013125
1520530335.050931 1.166471 0.013102
1520530335.150934 1.165256 0.013094
1520530335.250937 1.164847 0.013088
1520530335.351457 1.165005 0.013079
1520530335.451459 1.164699 0.013067
1520530335.551462 1.163477 0.013047
1520530335.651465 1.164252 0.013037
1520530335.750223 1.164095 0.013018
1520530335.850226 1.162291 0.012981
1520530335.950229 1.161169 0.012940
1520530336.050232 1.161025 0.012909
1520530336.150177 1.162882 0.012906
1520530336.250180 1.163933 0.012885
1520530336.350183 1.166391 0.012861
1520530336.450186 1.166862 0.012794
1520530336.550582 1.167684 0.012716
1520530336.650586 1.168295 0.012651
1520530336.750588 1.170497 0.012606
1520530336.850591 1.170415 0.012556
1520530336.950594 1.167231 0.012507
1520530337.000258 1.163407 0.012486
1520530337.100266 1.159751 0.012418
1520530337.200351 1.159166 0.012389
1520530337.300267 1.159314 0.012357
1520530337.400301 1.158782 0.012321
1520530337.500304 1.158904 0.012291
1520530337.600307 1.158432 0.012253
1520530337.700310 1.157889 0.012184
1520530337.800854 1.157794 0.012083
1520530337.950858 1.157338 0.011941
1520530338.050862 1.156631 0.011866
1520530338.150864 1.155205 0.011807
1520530338.250473 1.153434 0.011784
1520530338.350476 1.152297 0.011772
1520530338.450479 1.151753 0.011752
1520530338.550482 1.151010 0.011725
1520530338.600260 1.150534 0.011718
1520530338.700263 1.149788 0.011701
1520530338.800266 1.149928 0.011679
1520530338.900269 1.149898 0.011657
1520530339.000272 1.149863 0.011632
1520530339.100960 1.151044 0.011619
1520530339.150962 1.151169 0.011606
1520530339.250965 1.152425 0.011594
1520530339.350968 1.152931 0.011591
1520530339.451687 1.152706 0.011588
1520530339.551690 1.153186 0.011586
1520530339.651693 1.153333 0.011577
1520530339.751697 1.152189 0.011567
1520530339.851056 1.153224 0.011548
1520530339.951059 1.154468 0.011537
1520530340.051062 1.155712 0.011528
1520530340.151065 1.155988 0.011506
1520530340.250395 1.155766 0.011480
1520530340.350399 1.156035 0.011455
1520530340.450401 1.157056 0.011430
1520530340.550404 1.157085 0.011399
1520530340.650347 1.157722 0.011390
1520530340.750350 1.157897 0.011378
1520530340.900354 1.159236 0.011347
1520530341.050774 1.159883 0.011341
1520530341.250780 1.160162 0.011320
1520530341.400785 1.161121 0.011304
1520530341.600716 1.160613 0.011296
1520530341.900542 1.159720 0.011292
1520530342.050546 1.157916 0.011276
1520530342.200551 1.156146 0.011249
1520530342.350675 1.155766 0.011225
1520530342.500679 1.155207 0.011198
1520530342.650684 1.154675 0.011170
1520530342.750644 1.154116 0.011139
1520530342.850648 1.153412 0.011094
1520530342.950651 1.152952 0.011043
1520530343.050654 1.152759 0.010982
1520530343.101131 1.151900 0.010942
1520530343.201134 1.152004 0.010867
1520530343.301138 1.151155 0.010778
1520530343.401141 1.151224 0.010679
1520530343.501404 1.151390 0.010579
1520530343.601407 1.150904 0.010469
1520530343.701410 1.152349 0.010351
1520530343.801413 1.153700 0.010225
1520530343.901416 1.154784 0.010088
1520530344.001403 1.155549 0.009957
1520530344.101406 1.156070 0.009824
1520530344.201410 1.156754 0.009701
1520530344.301413 1.158095 0.009580
1520530344.401411 1.158667 0.009467
1520530344.501414 1.158812 0.009377
1520530344.601418 1.159987 0.009289
1520530344.701421 1.161073 0.009208
1520530344.801638 1.161819 0.009133
1520530344.901641 1.162560 0.009070
1520530345.001644 1.163461 0.009018
1520530345.101647 1.164202 0.008955
1520530345.201744 1.164492 0.008907
1520530345.301746 1.165088 0.008865
1520530345.401749 1.165008 0.008823
1520530345.501752 1.165142 0.008793
1520530345.551195 1.165367 0.008773
1520530345.651198 1.165553 0.008738
1520530345.751201 1.165637 0.008707
1520530345.801203 1.165899 0.008701
1520530345.901206 1.165870 0.008675
1520530345.951161 1.165959 0.008666
1520530346.051476 1.166317 0.008655
1520530346.151479 1.166830 0.008639
1520530346.251483 1.167250 0.008623
1520530346.301485 1.167291 0.008615
1520530346.401376 1.167429 0.008605
1520530346.501379 1.167532 0.008596
1520530346.601382 1.167586 0.008587
1520530346.651383 1.167622 0.008583
1520530346.751386 1.167850 0.008574
1520530346.851546 1.168073 0.008568
1520530346.901548 1.168128 0.008564
1520530347.001551 1.168083 0.008559
1520530347.101554 1.167720 0.008555
1520530347.201400 1.167783 0.008552
1520530347.301403 1.167976 0.008548
1520530347.351405 1.168127 0.008546
1520530347.451408 1.168018 0.008542
1520530347.501410 1.167972 0.008541
1520530347.601218 1.167937 0.008538
1520530347.701222 1.168032 0.008536
1520530347.801224 1.168072 0.008532
1520530347.901227 1.167936 0.008530
1520530348.001163 1.167999 0.008529
1520530348.101166 1.168057 0.008528
1520530348.201169 1.168053 0.008527
1520530348.301184 1.168148 0.008526
1520530348.401175 1.168223 0.008525
1520530348.501419 1.168225 0.008524
1520530348.601422 1.168167 0.008524
1520530348.701425 1.168143 0.008523
1520530348.801428 1.167959 0.008523
1520530348.851315 1.168197 0.008523
1520530348.951318 1.168136 0.008521
1520530349.051321 1.168152 0.008522
1520530349.151325 1.168258 0.008521
1520530349.251106 1.168169 0.008520
1520530349.351109 1.167837 0.008520
1520530349.401110 1.167879 0.008520
1520530349.501114 1.167978 0.008520
1520530349.601117 1.167866 0.008520
1520530349.650935 1.167822 0.008519
1520530349.750943 1.167874 0.008519
1520530349.850941 1.167891 0.008519
1520530349.950944 1.167883 0.008518
1520530350.000946 1.167907 0.008517
1520530350.101378 1.167981 0.008517
1520530350.151379 1.168001 0.008516
1520530350.251384 1.168033 0.008515
1520530350.351387 1.168216 0.008514
1520530350.451515 1.168171 0.008513
1520530350.501516 1.168153 0.008513
1520530350.601520 1.168249 0.008512
1520530350.701523 1.168317 0.008511
1520530350.801526 1.168374 0.008511
1520530350.901571 1.168443 0.008509
1520530351.001574 1.168413 0.008507
1520530351.101578 1.168439 0.008507
1520530351.201581 1.168594 0.008506
1520530351.301683 1.168683 0.008505
1520530351.401685 1.168898 0.008504
1520530351.501759 1.168896 0.008502
1520530351.601688 1.168828 0.008502
1520530351.751696 1.168967 0.008501
1520530351.851700 1.168753 0.008497
1520530351.951703 1.168579 0.008498
1520530352.051706 1.168419 0.008498
1520530352.151806 1.168376 0.008497
1520530352.251809 1.168409 0.008496
1520530352.351812 1.168439 0.008495
1520530352.451816 1.168490 0.008495
1520530352.501469 1.168458 0.008494
1520530352.601472 1.168399 0.008494
1520530352.701475 1.168492 0.008494
1520530352.801478 1.168432 0.008493
1520530352.901098 1.168326 0.008492
1520530353.001101 1.168253 0.008492
1520530353.101208 1.168230 0.008492
1520530353.201107 1.168289 0.008491
1520530353.251108 1.168368 0.008487
1520530353.351398 1.168314 0.008490
1520530353.401399 1.168293 0.008490
1520530353.501402 1.168286 0.008489
1520530353.601405 1.168281 0.008489
1520530353.701408 1.168344 0.008488
1520530353.751736 1.168258 0.008488
1520530353.851739 1.168110 0.008487
1520530353.951742 1.168069 0.008487
1520530354.051745 1.168003 0.008487
1520530354.151896 1.168199 0.008486
1520530354.201897 1.168346 0.008485
1520530354.301900 1.168274 0.008485
1520530354.401904 1.168042 0.008485
1520530354.501907 1.168019 0.008485
1520530354.551594 1.168078 0.008484
1520530354.651595 1.168214 0.008484
1520530354.751597 1.168216 0.008484
1520530354.851600 1.168173 0.008483
1520530354.951359 1.168145 0.008483
1520530355.051362 1.168120 0.008482
1520530355.151365 1.168156 0.008482
1520530355.251368 1.168178 0.008481
1520530355.351371 1.168224 0.008481
1520530355.401407 1.168258 0.008481
1520530355.501410 1.168240 0.008481
1520530355.601414 1.168230 0.008480
1520530355.701417 1.168297 0.008480
1520530355.801531 1.168345 0.008479
1520530355.901534 1.168315 0.008479
1520530355.951536 1.168256 0.008479
1520530356.051539 1.168170 0.008479
1520530356.101541 1.168236 0.008479
1520530356.201376 1.168132 0.008479
1520530356.301379 1.168136 0.008479
1520530356.351380 1.168239 0.008478
1520530356.451383 1.168272 0.008478
1520530356.551386 1.168274 0.008479
1520530356.651234 1.168294 0.008477
1520530356.751237 1.168282 0.008479
1520530356.851240 1.168208 0.008477
1520530356.951243 1.168144 0.008478
1520530357.051154 1.168167 0.008478
1520530357.151157 1.168213 0.008477
1520530357.201159 1.168213 0.008477
1520530357.301162 1.168250 0.008477
1520530357.351164 1.168235 0.008476
1520530357.451660 1.168295 0.008477
1520530357.501662 1.168360 0.008477
1520530357.601666 1.168464 0.008477
1520530357.701667 1.168495 0.008476
1520530357.801671 1.168457 0.008476
1520530357.851585 1.168372 0.008476
1520530357.951560 1.168354 0.008476
1520530358.051563 1.168288 0.008476
1520530358.151567 1.168295 0.008476
1520530358.251625 1.168105 0.008471
1520530358.351628 1.168125 0.008475
1520530358.451631 1.168065 0.008474
1520530358.551634 1.168068 0.008474
1520530358.651798 1.168021 0.008474
1520530358.751801 1.168171 0.008474
1520530358.851805 1.168037 0.008473
1520530358.951808 1.168032 0.008474
1520530359.051806 1.168125 0.008474
1520530359.151809 1.168049 0.008473
1520530359.251812 1.167992 0.008471
1520530359.351815 1.167859 0.008472
1520530359.451919 1.167887 0.008472
1520530359.551871 1.167804 0.008471
1520530359.651874 1.167702 0.008472
1520530359.751878 1.167740 0.008472
1520530359.851881 1.167852 0.008471
1520530359.951828 1.167883 0.008472
1520530360.051831 1.167922 0.008471
1520530360.151834 1.168109 0.008471
1520530360.201836 1.168082 0.008470
1520530360.301316 1.168156 0.008470
1520530360.351317 1.168062 0.008469
1520530360.451321 1.168042 0.008470
1520530360.551324 1.168034 0.008470
1520530360.651327 1.168073 0.008470
1520530360.700978 1.168088 0.008470
1520530360.800981 1.168126 0.008469
1520530360.900984 1.168312 0.008469
1520530361.000988 1.168370 0.008468
1520530361.101044 1.168369 0.008468
1520530361.201047 1.168211 0.008467
1520530361.301050 1.168247 0.008467
1520530361.401053 1.168364 0.008466
1520530361.501690 1.168484 0.008466
1520530361.601693 1.168419 0.008466
1520530361.701696 1.168509 0.008466
1520530361.801700 1.168510 0.008465
1520530361.901939 1.168444 0.008465
1520530361.951941 1.168416 0.008465
1520530362.051944 1.168495 0.008465
1520530362.151947 1.168320 0.008465
1520530362.251950 1.168538 0.008464
1520530362.351623 1.168512 0.008464
1520530362.451626 1.168496 0.008462
1520530362.551629 1.168759 0.008461
1520530362.651727 1.168727 0.008460
1520530362.751364 1.168575 0.008459
1520530362.851367 1.168617 0.008459
1520530362.951370 1.168738 0.008459
1520530363.051374 1.168817 0.008458
1520530363.151650 1.168828 0.008458
1520530363.251653 1.168832 0.008457
1520530363.351656 1.168777 0.008458
1520530363.451659 1.168764 0.008458
1520530363.551745 1.168847 0.008457
1520530363.651748 1.168721 0.008457
1520530363.701749 1.168717 0.008457
1520530363.801753 1.168965 0.008456
1520530363.851754 1.169118 0.008457
1520530363.951780 1.168955 0.008455
1520530364.001782 1.169043 0.008457
1520530364.101785 1.169221 0.008455
1520530364.151786 1.169174 0.008456
1520530364.251789 1.169199 0.008456
1520530364.301791 1.169146 0.008457
1520530364.401853 1.169108 0.008456
1520530364.451854 1.169105 0.008453
1520530364.551858 1.168977 0.008456
1520530364.651861 1.169027 0.008456
1520530364.751864 1.169041 0.008455
1520530364.802376 1.169006 0.008454
1520530364.902379 1.168965 0.008455
1520530365.002383 1.169028 0.008456
1520530365.102386 1.169158 0.008455
1520530365.201844 1.169204 0.008455
1520530365.351849 1.169338 0.008455
1520530365.451852 1.169398 0.008454
1520530365.551855 1.169592 0.008453
1520530365.651537 1.169742 0.008453
1520530365.751540 1.169792 0.008453
1520530365.851543 1.169814 0.008452
1520530365.951546 1.169842 0.008452
1520530366.001907 1.169850 0.008452
1520530366.101910 1.169715 0.008452
1520530366.151911 1.169551 0.008451
1520530366.251915 1.169411 0.008452
1520530366.301916 1.169444 0.008452
1520530366.402120 1.169406 0.008452
1520530366.452121 1.169449 0.008451
1520530366.552125 1.169416 0.008452
1520530366.602127 1.169454 0.008452
1520530366.702130 1.169503 0.008452
1520530366.752132 1.169525 0.008451
1520530366.852166 1.169593 0.008451
1520530366.902167 1.169637 0.008451
1520530367.002170 1.169708 0.008451
1520530367.052172 1.169715 0.008448
1520530367.152175 1.169626 0.008451
1520530367.252540 1.169537 0.008450
1520530367.352543 1.169479 0.008450
1520530367.452546 1.169467 0.008450
1520530367.552549 1.169496 0.008450
1520530367.652264 1.169596 0.008451
1520530367.752267 1.169686 0.008450
1520530367.852271 1.169778 0.008450
1520530367.952274 1.169890 0.008449
1520530368.052124 1.169912 0.008448
1520530368.202129 1.169881 0.008449
1520530368.302132 1.169811 0.008449
1520530368.352134 1.169797 0.008449
1520530368.452048 1.169730 0.008449
1520530368.502050 1.169683 0.008448
1520530368.602053 1.169702 0.008448
1520530368.652054 1.169629 0.008445
1520530368.752057 1.169707 0.008448
1520530368.802058 1.169775 0.008449
1520530368.901391 1.169836 0.008448
1520530368.951392 1.169802 0.008447
1520530369.051395 1.169746 0.008448
1520530369.101397 1.169738 0.008448
1520530369.201400 1.169845 0.008449
1520530369.251401 1.169999 0.008446
1520530369.351538 1.169699 0.008448
1520530369.451542 1.169779 0.008449
1520530369.551545 1.169888 0.008447
1520530369.651548 1.169930 0.008449
1520530369.701896 1.169922 0.008448
1520530369.801900 1.169838 0.008449
1520530369.951905 1.169871 0.008448
1520530370.101930 1.169876 0.008448
1520530370.251934 1.169824 0.008448
1520530370.401938 1.169818 0.008448
1520530370.601899 1.169800 0.008448
1520530370.851892 1.169969 0.008447
1520530371.001944 1.170005 0.008445
1520530371.101947 1.169868 0.008447
1520530371.251952 1.169690 0.008448
1520530371.401953 1.169595 0.008447
1520530371.551958 1.169529 0.008447
1520530371.701962 1.169482 0.008446
1520530371.801961 1.169486 0.008443
1520530371.901964 1.169476 0.008445
1520530372.001968 1.169501 0.008446
1520530372.101971 1.169429 0.008446
1520530372.251958 1.169535 0.008442
1520530372.401963 1.169524 0.008445
1520530372.501966 1.169638 0.008445
1520530372.601958 1.169734 0.008446
1520530372.701961 1.169731 0.008444
1520530372.801964 1.169702 0.008446
1520530372.951617 1.169634 0.008446
1520530373.101622 1.169557 0.008446
1520530373.251627 1.169382 0.008445
1520530373.351457 1.169225 0.008445
1520530373.451460 1.169298 0.008445
1520530373.551463 1.169309 0.008446
1520530373.651466 1.169441 0.008445
1520530373.751469 1.169298 0.008445
1520530373.851583 1.169299 0.008446
1520530373.901585 1.169277 0.008446
1520530374.001588 1.169341 0.008446
1520530374.051589 1.169401 0.008445
1520530374.151592 1.169370 0.008442
1520530374.201953 1.169355 0.008445
1520530374.301956 1.169343 0.008446
1520530374.401959 1.169297 0.008445
1520530374.501962 1.169315 0.008446
1520530374.602407 1.169358 0.008446
1520530374.752412 1.169473 0.008446
1520530374.902417 1.169480 0.008446
1520530375.002442 1.169441 0.008446
1520530375.102445 1.169417 0.008445
1520530375.202449 1.169490 0.008446
1520530375.302452 1.169517 0.008445
1520530375.402252 1.169639 0.008443
1520530375.502216 1.169719 0.008443
1520530375.602219 1.169580 0.008444
1520530375.702222 1.169439 0.008443
1520530375.752223 1.169436 0.008444
1520530375.852258 1.169436 0.008443
1520530375.952261 1.169350 0.008445
1520530376.052264 1.169260 0.008445
1520530376.152267 1.169342 0.008444
1520530376.202270 1.169441 0.008444
1520530376.301951 1.169521 0.008445
1520530376.401954 1.169531 0.008445
1520530376.501958 1.169508 0.008444
1520530376.601961 1.169494 0.008445
1520530376.652663 1.169441 0.008445
1520530376.752666 1.169410 0.008444
1520530376.802668 1.169352 0.008443
1520530376.902671 1.169306 0.008445
1520530376.952672 1.169251 0.008444
1520530377.052898 1.169264 0.008444
1520530377.152900 1.169286 0.008445
1520530377.252903 1.169329 0.008444
1520530377.352906 1.169382 0.008444
1520530377.451719 1.169444 0.008443
1520530377.551722 1.169464 0.008444
1520530377.651725 1.169452 0.008443
1520530377.751728 1.169372 0.008443
1520530377.851407 1.169262 0.008445
1520530377.951411 1.169260 0.008443
1520530378.051414 1.169258 0.008445
1520530378.101416 1.169213 0.008444
1520530378.201419 1.169394 0.008444
1520530378.251420 1.169446 0.008444
1520530378.351513 1.169482 0.008444
1520530378.401515 1.169553 0.008444
1520530378.501517 1.169583 0.008444
1520530378.551519 1.169564 0.008445
1520530378.651522 1.169562 0.008444
1520530378.702209 1.169519 0.008445
1520530378.802212 1.169471 0.008444
1520530378.902215 1.169469 0.008445
1520530379.002218 1.169438 0.008445
1520530379.102149 1.169473 0.008444
1520530379.202152 1.169476 0.008445
1520530379.302155 1.169523 0.008445
1520530379.402159 1.169545 0.008444
1520530379.501850 1.169623 0.008444
1520530379.601853 1.169713 0.008444
1520530379.701856 1.169701 0.008444
1520530379.801860 1.169732 0.008444
1520530379.901824 1.169750 0.008444
1520530380.001827 1.169766 0.008444
1520530380.101830 1.169768 0.008444
1520530380.151832 1.169707 0.008444
1520530380.251835 1.169670 0.008444
1520530380.301736 1.169648 0.008444
1520530380.402163 1.169752 0.008444
1520530380.502165 1.169802 0.008443
1520530380.552166 1.169791 0.008441
1520530380.652170 1.169763 0.008442
1520530380.752135 1.169782 0.008443
1520530380.802136 1.169615 0.008444
1520530380.902139 1.169735 0.008443
1520530381.002143 1.169731 0.008443
1520530381.052144 1.169681 0.008442
1520530381.152048 1.169735 0.008444
1520530381.202049 1.169700 0.008444
1520530381.302052 1.169706 0.008444
1520530381.402056 1.169670 0.008444
1520530381.502058 1.169643 0.008444
1520530381.602264 1.169628 0.008444
1520530381.752268 1.169599 0.008444
1520530381.852271 1.169574 0.008444
1520530381.952332 1.169681 0.008443
1520530382.052335 1.169752 0.008444
1520530382.152338 1.169866 0.008444
1520530382.252342 1.169992 0.008444
1520530382.352159 1.170075 0.008443
1520530382.452162 1.170149 0.008444
1520530382.552165 1.170223 0.008444
1520530382.652168 1.170145 0.008443
1520530382.752171 1.170107 0.008444
1520530382.902248 1.170095 0.008444
1520530383.052252 1.170103 0.008444
1520530383.202206 1.170139 0.008444
1520530383.302209 1.170013 0.008443
1520530383.402267 1.169973 0.008443
1520530383.502216 1.170062 0.008444
1520530383.602472 1.170077 0.008444
1520530383.702475 1.170169 0.008444
1520530383.802478 1.170102 0.008443
1520530383.852479 1.170092 0.008444
1520530383.952482 1.170215 0.008444
1520530384.052531 1.170364 0.008444
1520530384.152534 1.170653 0.008443
1520530384.252537 1.170943 0.008441
1520530384.302539 1.170627 0.008436
1520530384.402432 1.170373 0.008440
1520530384.502435 1.170259 0.008442
1520530384.602439 1.170324 0.008443
1520530384.702442 1.170413 0.008443
1520530384.802857 1.170393 0.008444
1520530384.902860 1.170379 0.008443
1520530384.952861 1.170356 0.008443
1520530385.052864 1.170544 0.008443
1520530385.102866 1.170478 0.008443
1520530385.202869 1.170671 0.008443
1520530385.252705 1.170517 0.008443
1520530385.352709 1.170668 0.008443
1520530385.402710 1.170593 0.008443
1520530385.502713 1.170578 0.008443
1520530385.552715 1.170319 0.008443
1520530385.652486 1.170287 0.008443
1520530385.702487 1.170240 0.008443
1520530385.802491 1.170426 0.008444
1520530385.852492 1.170456 0.008443
1520530385.952497 1.170448 0.008444
1520530386.052544 1.170444 0.008444
1520530386.152547 1.170509 0.008444
1520530386.252550 1.170471 0.008443
1520530386.402554 1.170476 0.008443
1520530386.502760 1.170542 0.008443
1520530386.602814 1.170576 0.008444
1520530386.702766 1.170481 0.008444
1520530386.802769 1.170438 0.008444
1520530386.902676 1.170575 0.008444
1520530387.002679 1.170469 0.008444
1520530387.102682 1.170383 0.008444
1520530387.202685 1.170382 0.008444
1520530387.252606 1.170430 0.008443
1520530387.352609 1.170513 0.008443
1520530387.452612 1.170658 0.008443
1520530387.502614 1.170668 0.008442
1520530387.602617 1.170590 0.008444
1520530387.702457 1.170529 0.008443
1520530387.752459 1.170631 0.008443
1520530387.852464 1.170648 0.008443
1520530387.902463 1.170601 0.008443
1520530388.002466 1.170563 0.008441
1520530388.052468 1.170665 0.008439
1520530388.152496 1.170624 0.008443
1520530388.202544 1.170599 0.008443
1520530388.302501 1.170619 0.008443
1520530388.402504 1.170577 0.008444
1520530388.502852 1.170540 0.008443
1520530388.652857 1.170514 0.008443
1520530388.802861 1.170538 0.008443
1520530388.902233 1.170583 0.008443
1520530389.002237 1.170557 0.008443
1520530389.102240 1.170496 0.008443
1520530389.202243 1.170466 0.008443
1520530389.302934 1.170488 0.008443
1520530389.402938 1.170430 0.008443
1520530389.502940 1.170501 0.008443
1520530389.602943 1.170547 0.008443
1520530389.702846 1.170580 0.008443
1520530389.753403 1.170674 0.008442
1520530389.853406 1.170661 0.008443
1520530389.903408 1.170661 0.008442
1520530390.003411 1.170807 0.008443
1520530390.053412 1.170823 0.008443
1520530390.152569 1.170811 0.008443
1520530390.202569 1.170597 0.008441
1520530390.302572 1.170531 0.008441
1520530390.352575 1.170388 0.008441
1520530390.452578 1.170297 0.008442
1520530390.553324 1.170244 0.008442
1520530390.653327 1.170302 0.008443
1520530390.753331 1.170265 0.008443
1520530390.853334 1.170321 0.008443
1520530390.953379 1.170278 0.008443
1520530391.053383 1.170250 0.008443
1520530391.153385 1.170305 0.008442
1520530391.253388 1.170285 0.008443
1520530391.352333 1.170286 0.008436
1520530391.402366 1.170287 0.008441
1520530391.502338 1.170358 0.008442
1520530391.602341 1.170373 0.008443
1520530391.702344 1.170395 0.008443
1520530391.802426 1.170383 0.008443
1520530391.952430 1.170286 0.008443
1520530392.052433 1.170270 0.008443
1520530392.102435 1.170309 0.008443
1520530392.203142 1.170391 0.008443
1520530392.253143 1.170361 0.008441
1520530392.353147 1.170412 0.008443
1520530392.453150 1.170487 0.008443
1520530392.553153 1.170362 0.008442
1520530392.602235 1.170149 0.008443
1520530392.702237 1.170102 0.008443
1520530392.802241 1.170198 0.008443
1520530392.902243 1.170254 0.008443
1520530392.952245 1.170321 0.008442
1520530393.052154 1.170282 0.008440
1520530393.152157 1.170279 0.008443
1520530393.252160 1.170235 0.008442
1520530393.352164 1.170332 0.008439
1520530393.402921 1.170307 0.008441
1520530393.502924 1.170388 0.008442
1520530393.602927 1.170437 0.008442
1520530393.652929 1.170261 0.008441
1520530393.752932 1.170380 0.008442
1520530393.852959 1.170395 0.008443
1520530394.002964 1.170302 0.008443
1520530394.102968 1.170234 0.008443
1520530394.202165 1.170264 0.008443
1520530394.302169 1.170295 0.008443
1520530394.352170 1.170254 0.008443
1520530394.452173 1.170262 0.008440
1520530394.502175 1.170190 0.008439
1520530394.602189 1.170128 0.008442
1520530394.702878 1.170061 0.008443
1520530394.802881 1.170009 0.008443
1520530394.902884 1.170034 0.008443
1520530395.002887 1.170062 0.008443
1520530395.053731 1.170061 0.008443
1520530395.153734 1.170141 0.008440
1520530395.253737 1.170139 0.008442
1520530395.353740 1.170159 0.008442
1520530395.452705 1.170171 0.008443
1520530395.552709 1.170116 0.008443
1520530395.652712 1.170173 0.008443
1520530395.802716 1.170216 0.008443
1520530395.903079 1.170155 0.008443
1520530396.003083 1.170029 0.008441
1520530396.103085 1.169989 0.008442
1520530396.203089 1.170031 0.008443
1520530396.303237 1.170063 0.008443
1520530396.403240 1.170138 0.008443
1520530396.503243 1.170132 0.008443
1520530396.603246 1.170132 0.008443
1520530396.703145 1.170139 0.008442
1520530396.803148 1.170033 0.008443
1520530396.903152 1.170023 0.008443
1520530397.003155 1.169995 0.008443
1520530397.102782 1.170120 0.008443
1520530397.202785 1.170219 0.008442
1520530397.302788 1.170114 0.008443
1520530397.402791 1.170178 0.008443
1520530397.502304 1.170185 0.008442
1520530397.602308 1.170255 0.008442
1520530397.652309 1.170098 0.008440
1520530397.752312 1.170023 0.008440
1520530397.852315 1.169810 0.008435
1520530397.952586 1.169979 0.008438
1520530398.052589 1.169994 0.008439
1520530398.152592 1.169983 0.008442
1520530398.252596 1.170022 0.008442
1520530398.303365 1.169958 0.008440
1520530398.403368 1.170002 0.008443
1520530398.503371 1.170038 0.008443
1520530398.553373 1.170086 0.008442
1520530398.653376 1.170075 0.008443
1520530398.703221 1.169900 0.008442
1520530398.803225 1.169860 0.008443
1520530398.853226 1.169951 0.008443
1520530398.953229 1.169882 0.008443
1520530399.003230 1.169981 0.008443
1520530399.103233 1.170009 0.008443
1520530399.152330 1.169984 0.008443
1520530399.252333 1.170024 0.008443
1520530399.302335 1.169994 0.008441
1520530399.402342 1.170003 0.008443
1520530399.452339 1.170018 0.008442
1520530399.553006 1.170023 0.008442
1520530399.603008 1.170023 0.008443
1520530399.703011 1.169946 0.008443
1520530399.803014 1.169771 0.008442
1520530399.903017 1.169738 0.008443
1520530400.003276 1.169719 0.008443
1520530400.053278 1.169699 0.008442
1520530400.153281 1.169726 0.008443
1520530400.203283 1.169785 0.008443
1520530400.303286 1.169866 0.008443
1520530400.352494 1.169864 0.008443
1520530400.452498 1.169898 0.008443
1520530400.502500 1.169933 0.008442
1520530400.602502 1.169849 0.008442
1520530400.702505 1.169848 0.008442
1520530400.752291 1.169888 0.008443
1520530400.852294 1.169851 0.008442
1520530400.952297 1.169828 0.008442
1520530401.052300 1.169812 0.008443
1520530401.152303 1.169835 0.008442
1520530401.252756 1.169655 0.008439
1520530401.302758 1.169795 0.008443
1520530401.402761 1.169909 0.008443
1520530401.452763 1.169991 0.008442
1520530401.552766 1.169946 0.008443
1520530401.603037 1.169927 0.008443
1520530401.703041 1.169877 0.008443
1520530401.803044 1.169980 0.008443
1520530401.903047 1.169950 0.008443
1520530401.953048 1.169852 0.008442
1520530402.052283 1.169871 0.008441
1520530402.102285 1.169929 0.008443
1520530402.202287 1.169915 0.008441
1520530402.252289 1.169947 0.008443
1520530402.352292 1.169937 0.008443
1520530402.402567 1.169851 0.008440
1520530402.502571 1.169907 0.008443
1520530402.552572 1.169877 0.008440
1520530402.652672 1.169961 0.008443
1520530402.752578 1.170022 0.008442
1520530402.853417 1.169934 0.008443
1520530402.953420 1.169927 0.008443
1520530403.053424 1.169884 0.008443
1520530403.153427 1.170039 0.008443
1520530403.202933 1.170067 0.008443
1520530403.302936 1.170428 0.008442
1520530403.402940 1.170428 0.008443
1520530403.452941 1.170311 0.008443
1520530403.552945 1.169956 0.008443
1520530403.602946 1.169859 0.008442
1520530403.702256 1.169830 0.008443
1520530403.752257 1.169866 0.008440
1520530403.852261 1.169863 0.008443
1520530403.902261 1.169779 0.008442
1520530404.002264 1.169755 0.008443
1520530404.052745 1.169931 0.008443
1520530404.152748 1.169955 0.008443
1520530404.202749 1.169942 0.008442
1520530404.302752 1.169888 0.008441
1520530404.402755 1.169757 0.008441
1520530404.503114 1.169681 0.008443
1520530404.603117 1.169712 0.008443
1520530404.703120 1.169681 0.008443
1520530404.803123 1.169694 0.008443
1520530404.902643 1.169749 0.008443
1520530404.952645 1.169825 0.008442
1520530405.052648 1.169724 0.008443
1520530405.152651 1.169765 0.008443
1520530405.252327 1.169793 0.008443
1520530405.302330 1.169890 0.008442
1520530405.402333 1.169952 0.008443
1520530405.452334 1.169976 0.008443
1520530405.552337 1.169947 0.008443
1520530405.602339 1.169912 0.008443
1520530405.702792 1.169892 0.008443
1520530405.752795 1.169947 0.008441
1520530405.852855 1.169971 0.008439
1520530405.902800 1.169877 0.008442
1520530406.002803 1.169914 0.008443
1520530406.103570 1.169969 0.008443
1520530406.203573 1.169986 0.008443
1520530406.303576 1.169989 0.008442
1520530406.353577 1.169904 0.008443
1520530406.453580 1.169748 0.008443
1520530406.553487 1.169839 0.008440
1520530406.653490 1.169977 0.008442
1520530406.753493 1.169946 0.008443
1520530406.853497 1.170124 0.008443
1520530406.902692 1.170054 0.008443
1520530407.002694 1.170035 0.008442
1520530407.052696 1.170023 0.008443
1520530407.152699 1.170030 0.008443
1520530407.202701 1.169791 0.008439
1520530407.303185 1.169884 0.008441
1520530407.353185 1.169864 0.008443
1520530407.453221 1.169757 0.008443
1520530407.503190 1.169862 0.008443
1520530407.603193 1.170022 0.008443
1520530407.653194 1.170158 0.008442
1520530407.753511 1.170094 0.008441
1520530407.803513 1.169947 0.008442
1520530407.903516 1.169884 0.008443
1520530407.953518 1.169878 0.008442
1520530408.053521 1.169886 0.008443
1520530408.103522 1.169878 0.008442
1520530408.203605 1.169886 0.008443
1520530408.303608 1.169846 0.008442
1520530408.403612 1.169859 0.008443
1520530408.503614 1.169877 0.008443
1520530408.603376 1.169929 0.008443
1520530408.703379 1.169946 0.008442
1520530408.803382 1.169937 0.008442
1520530408.903385 1.169901 0.008442
1520530408.952878 1.169919 0.008442
1520530409.052890 1.169875 0.008443
1520530409.152884 1.169916 0.008442
1520530409.252887 1.170008 0.008441
1520530409.352902 1.169926 0.008441
1520530409.452906 1.169636 0.008442
1520530409.552909 1.169684 0.008443
1520530409.652912 1.169593 0.008443
1520530409.752654 1.169653 0.008440
1520530409.852657 1.169860 0.008439
1520530409.952660 1.169955 0.008441
1520530410.052664 1.169996 0.008434
1520530410.153223 1.170012 0.008442
1520530410.253226 1.170000 0.008443
1520530410.353231 1.169987 0.008442
1520530410.453232 1.169994 0.008442
1520530410.553235 1.169970 0.008442
1520530410.603875 1.169978 0.008442
1520530410.753879 1.170049 0.008443
1520530410.903884 1.170115 0.008443
1520530411.003418 1.170016 0.008441
1520530411.103421 1.169960 0.008442
1520530411.253426 1.169797 0.008442
1520530411.403009 1.169870 0.008442
1520530411.503012 1.169967 0.008443
1520530411.603015 1.169996 0.008442
1520530411.703018 1.170137 0.008442
1520530411.802907 1.170080 0.008442
1520530411.852907 1.170018 0.008441
1520530411.952910 1.170028 0.008442
1520530412.002912 1.170215 0.008442
1520530412.102915 1.170196 0.008443
1520530412.152916 1.170137 0.008442
1520530412.253417 1.170122 0.008442
1520530412.353420 1.170133 0.008442
1520530412.453423 1.170009 0.008442
1520530412.553426 1.170016 0.008442
1520530412.653630 1.170051 0.008441
1520530412.753633 1.170042 0.008441
1520530412.803634 1.170083 0.008442
1520530412.903637 1.170107 0.008442
1520530413.003641 1.170103 0.008442
1520530413.053009 1.170079 0.008441
1520530413.153012 1.170162 0.008437
1520530413.253016 1.170082 0.008440
1520530413.353019 1.170018 0.008441
1520530413.452940 1.169922 0.008441
1520530413.552943 1.169815 0.008438
1520530413.652946 1.169967 0.008438
1520530413.853107 1.170259 0.008440
1520530413.953110 1.170059 0.008440
1520530414.053113 1.169923 0.008442
1520530414.153116 1.170111 0.008441
1520530414.252894 1.170174 0.008442
1520530414.352897 1.170092 0.008442
1520530414.452900 1.170131 0.008442
1520530414.552903 1.170400 0.008439
1520530414.652705 1.170171 0.008441
1520530414.752708 1.170172 0.008442
1520530414.852712 1.170142 0.008442
1520530414.952715 1.169979 0.008443
1520530415.052718 1.170155 0.008442
1520530415.103195 1.170080 0.008442
1520530415.203199 1.169873 0.008442
1520530415.303202 1.169751 0.008441
1520530415.453206 1.169918 0.008441
1520530415.553069 1.169924 0.008442
1520530415.653072 1.170071 0.008442
1520530415.803077 1.170069 0.008440
1520530415.903361 1.170124 0.008441
1520530416.053366 1.170158 0.008441
1520530416.503381 1.170051 0.008442
1520530416.653386 1.170102 0.008442
1520530416.753274 1.170016 0.008442
1520530416.853277 1.169957 0.008442
1520530416.953280 1.169856 0.008441
1520530417.053283 1.169945 0.008442
1520530417.153371 1.170023 0.008441
1520530417.253374 1.170067 0.008442
1520530417.403379 1.170153 0.008442
1520530417.603465 1.170346 0.008442
1520530417.703468 1.169983 0.008442
1520530417.803472 1.170012 0.008442
1520530417.903475 1.169921 0.008442
1520530418.003458 1.169988 0.008443
1520530418.103461 1.170018 0.008442
1520530418.203465 1.170022 0.008443
1520530418.303468 1.170017 0.008442
1520530418.503435 1.169922 0.008442
1520530418.703442 1.169972 0.008442
1520530418.803345 1.170040 0.008442
1520530418.903348 1.170075 0.008442
1520530419.003351 1.170081 0.008442
1520530419.103354 1.169995 0.008441
1520530419.203534 1.169966 0.008441
1520530419.303537 1.170031 0.008442
1520530419.453542 1.170089 0.008442
1520530419.603729 1.170196 0.008442
1520530419.753734 1.170052 0.008442
1520530419.853738 1.170036 0.008442
1520530419.953740 1.170016 0.008442
1520530420.053599 1.169907 0.008442
1520530420.153602 1.170015 0.008442
1520530420.253605 1.170009 0.008442
1520530420.353608 1.169982 0.008442
1520530420.453700 1.169973 0.008442
1520530420.603705 1.169941 0.008442
1520530420.803356 1.169939 0.008442
1520530420.953361 1.169909 0.008442
1520530421.053364 1.169985 0.008442
1520530421.153367 1.169978 0.008442
1520530421.253431 1.169897 0.008442
1520530421.353434 1.169941 0.008441
1520530421.453437 1.169894 0.008441
1520530421.553440 1.169917 0.008442
1520530421.653613 1.169961 0.008442
1520530421.803617 1.169963 0.008442
1520530421.953693 1.169896 0.008442
1520530422.053472 1.169936 0.008442
1520530422.153476 1.169947 0.008443
1520530422.253479 1.169893 0.008443
1520530422.353482 1.169930 0.008443
1520530422.453395 1.169976 0.008442
1520530422.553398 1.169926 0.008443
1520530422.653400 1.169876 0.008442
1520530422.753403 1.169880 0.008442
1520530422.853580 1.169909 0.008442
1520530423.053588 1.169934 0.008442
1520530423.153591 1.169909 0.008443
1520530423.253316 1.169907 0.008443
1520530423.353319 1.169920 0.008442
1520530423.453322 1.169913 0.008442
1520530423.603327 1.169961 0.008442
1520530423.652983 1.170027 0.008442
1520530423.752986 1.169931 0.008442
1520530423.802988 1.169850 0.008440
1520530423.902991 1.169847 0.008443
1520530424.002994 1.169887 0.008442
1520530424.052950 1.169916 0.008442
1520530424.153255 1.169876 0.008441
1520530424.253258 1.169869 0.008436
1520530424.353261 1.169860 0.008419
1520530424.453264 1.169928 0.008431
1520530424.504722 1.170015 0.008441
1520530424.604726 1.170039 0.008441
1520530424.704729 1.170061 0.008440
1520530424.854733 1.170021 0.008438
1520530424.953377 1.169984 0.008438
1520530425.003378 1.169958 0.008442
1520530425.103381 1.169939 0.008440
1520530425.203384 1.169922 0.008419
1520530425.303732 1.169963 0.008435
1520530425.403735 1.170006 0.008439
1520530425.603741 1.170133 0.008436
1520530425.703675 1.169977 0.008440
1520530425.753677 1.169982 0.008441
1520530425.853680 1.170043 0.008440
1520530425.953683 1.169901 0.008442
1520530426.103474 1.170006 0.008442
1520530426.203477 1.170024 0.008441
1520530426.253478 1.170001 0.008437
1520530426.353481 1.170010 0.008438
1520530426.403483 1.170031 0.008439
1520530426.503486 1.169944 0.008442
1520530426.653554 1.170200 0.008440
1520530426.753558 1.170261 0.008432
1520530426.803559 1.170036 0.008442
1520530426.903562 1.170010 0.008441
1520530427.003600 1.170010 0.008437
1520530427.103603 1.169992 0.008441
1520530427.203606 1.169877 0.008441
1520530427.303609 1.169942 0.008441
1520530427.403594 1.169514 0.008440
1520530427.503597 1.169697 0.008442
1520530427.803679 1.169623 0.008442
1520530427.903683 1.169820 0.008441
1520530427.953684 1.169965 0.008441
1520530428.053687 1.170386 0.008442
1520530428.103692 1.170445 0.008440
1520530428.203537 1.170155 0.008443
1520530428.253538 1.170172 0.008443
1520530428.353542 1.170017 0.008435
1520530428.403618 1.169994 0.008439
1520530428.503546 1.170075 0.008441
1520530428.553451 1.169954 0.008438
1520530428.653454 1.169946 0.008442
1520530428.703455 1.169961 0.008441
1520530428.803458 1.169748 0.008442
1520530428.903461 1.169845 0.008441
1520530428.953463 1.169721 0.008441
1520530429.053445 1.169547 0.008442
1520530429.103447 1.169981 0.008441
1520530429.203450 1.169498 0.008442
1520530429.253451 1.169720 0.008442
1520530429.353455 1.169816 0.008442
1520530429.403551 1.169852 0.008442
1520530429.503555 1.169897 0.008442
1520530429.553556 1.170329 0.008443
1520530429.653559 1.170109 0.008443
1520530429.703560 1.170200 0.008442
1520530429.803622 1.170103 0.008443
1520530429.853626 1.170210 0.008442
1520530429.953626 1.170009 0.008442
1520530430.003663 1.170103 0.008441
1520530430.103631 1.170060 0.008441
1520530430.153632 1.169996 0.008442
1520530430.253346 1.169963 0.008442
1520530430.303347 1.169923 0.008442
1520530430.403350 1.169936 0.008443
1520530430.453352 1.170016 0.008443
1520530430.553355 1.169990 0.008443
1520530430.653528 1.170019 0.008442
1520530430.703530 1.170095 0.008442
1520530430.803533 1.170099 0.008443
1520530430.903536 1.170070 0.008442
1520530431.003696 1.169911 0.008442
1520530431.103700 1.170010 0.008443
1520530431.153701 1.169962 0.008442
1520530431.253704 1.170044 0.008442
1520530431.303706 1.170113 0.008442
1520530431.403709 1.169954 0.008443
1520530431.453562 1.169971 0.008442
1520530431.553565 1.169913 0.008442
1520530431.603567 1.169948 0.008442
1520530431.703570 1.170040 0.008443
1520530431.753571 1.170087 0.008443
1520530431.853524 1.170050 0.008443
1520530431.903526 1.170126 0.008442
1520530432.003529 1.170124 0.008443
1520530432.053530 1.170151 0.008443
1520530432.153533 1.170186 0.008443
1520530432.203536 1.170129 0.008443
1520530432.303698 1.170148 0.008441
1520530432.353700 1.170025 0.008442
1520530432.453702 1.169932 0.008443
1520530432.553705 1.169923 0.008442
1520530432.603708 1.170008 0.008443
1520530432.703550 1.169921 0.008442
1520530432.753551 1.169933 0.008442
1520530432.853554 1.169916 0.008442
1520530432.903556 1.170129 0.008442
1520530433.003559 1.170035 0.008441
1520530433.053690 1.170365 0.008443
1520530433.153693 1.170411 0.008442
1520530433.253695 1.170300 0.008441
1520530433.353699 1.170182 0.008440
1520530433.453702 1.170077 0.008441
1520530433.553795 1.170106 0.008442
1520530433.653798 1.170162 0.008442
1520530433.753801 1.170123 0.008443
1520530433.853804 1.170058 0.008442
1520530433.903631 1.170069 0.008442
1520530434.003634 1.170042 0.008442
1520530434.053635 1.170065 0.008442
1520530434.153638 1.170025 0.008442
1520530434.203641 1.170151 0.008443
1520530434.303478 1.170108 0.008443
1520530434.353481 1.170033 0.008443
1520530434.453483 1.169971 0.008442
1520530434.503485 1.169995 0.008442
1520530434.603488 1.170223 0.008442
1520530434.653489 1.170240 0.008442
1520530434.753658 1.170447 0.008443
1520530434.803658 1.170308 0.008442
1520530434.903661 1.169954 0.008442
1520530434.953663 1.169936 0.008442
1520530435.053667 1.169862 0.008442
1520530435.153798 1.170070 0.008442
1520530435.253801 1.170189 0.008442
1520530435.353804 1.170133 0.008442
1520530435.403806 1.170199 0.008439
1520530435.504086 1.170149 0.008442
1520530435.554088 1.170233 0.008442
1520530435.654091 1.170187 0.008443
1520530435.704092 1.170117 0.008442
1520530435.804096 1.170043 0.008443
1520530435.854097 1.170071 0.008443
1520530435.953835 1.170026 0.008442
1520530436.003837 1.170060 0.008442
1520530436.103839 1.170037 0.008442
1520530436.153841 1.170100 0.008442
1520530436.253844 1.170069 0.008442
1520530436.353956 1.170039 0.008442
1520530436.453978 1.170002 0.008441
1520530436.653965 1.169956 0.008442
1520530436.754031 1.170139 0.008441
1520530436.854034 1.170141 0.008441
1520530436.904035 1.170162 0.008441
1520530437.004039 1.170343 0.008441
1520530437.054040 1.170720 0.008440
1520530437.153533 1.170225 0.008438
1520530437.203536 1.170084 0.008441
1520530437.303539 1.170198 0.008441
1520530437.353539 1.170355 0.008441
1520530437.453545 1.170364 0.008442
1520530437.503545 1.170197 0.008442
1520530437.603872 1.170171 0.008442
1520530437.653873 1.169937 0.008430
1520530437.753876 1.170090 0.008442
1520530437.853879 1.170108 0.008441
1520530437.954482 1.169927 0.008440
1520530438.104484 1.169913 0.008438
1520530438.204487 1.170073 0.008442
1520530438.254489 1.169960 0.008442
1520530438.354492 1.169877 0.008442
1520530438.403621 1.169985 0.008442
1520530438.503624 1.170026 0.008442
1520530438.553626 1.170006 0.008442
1520530438.653629 1.169965 0.008442
1520530438.753632 1.169951 0.008441
1520530438.804389 1.170063 0.008436
1520530438.904392 1.170051 0.008442
1520530439.004395 1.170131 0.008442
1520530439.204654 1.170085 0.008442
1520530439.354659 1.170105 0.008442
1520530439.554665 1.170335 0.008442
1520530439.654178 1.169924 0.008442
1520530439.754182 1.169766 0.008441
1520530439.854185 1.170010 0.008442
1520530439.954188 1.169948 0.008442
1520530440.054101 1.169839 0.008442
1520530440.154104 1.169904 0.008442
1520530440.254107 1.169964 0.008442
1520530440.354110 1.170021 0.008442
1520530440.453977 1.170067 0.008442
1520530440.553980 1.170135 0.008442
1520530440.653984 1.170073 0.008442
1520530440.753987 1.170015 0.008442
1520530440.853871 1.170164 0.008442
1520530440.953874 1.170285 0.008442
1520530441.053876 1.170420 0.008441
1520530441.153883 1.170351 0.008442
1520530441.253889 1.170418 0.008442
1520530441.353892 1.170192 0.008442
1520530441.453895 1.170038 0.008442
1520530441.553898 1.169922 0.008442
1520530441.654083 1.169869 0.008442
1520530441.804088 1.169868 0.008442
1520530441.954092 1.170003 0.008442
1520530442.054030 1.169975 0.008442
1520530442.154034 1.169878 0.008442
1520530442.254038 1.169886 0.008442
1520530442.354040 1.169834 0.008442
1520530442.453714 1.170062 0.008442
1520530442.553717 1.169965 0.008441
1520530442.603719 1.170190 0.008442
1520530442.703722 1.170201 0.008442
1520530442.753723 1.170143 0.008442
1520530442.853726 1.170127 0.008442
1520530442.904376 1.170011 0.008442
1520530443.004379 1.170399 0.008442
1520530443.104382 1.170520 0.008441
1520530443.254387 1.169980 0.008440
1520530443.504473 1.170335 0.008441
1520530443.604476 1.170458 0.008441
1520530443.704013 1.170323 0.008441
1520530443.804016 1.170175 0.008442
1520530443.904020 1.170232 0.008442
1520530444.004023 1.170113 0.008442
1520530444.104403 1.170203 0.008441
1520530444.204406 1.170184 0.008442
1520530444.254406 1.170071 0.008441
1520530444.354410 1.170031 0.008442
1520530444.454413 1.170198 0.008442
1520530444.555263 1.170127 0.008442
1520530444.655166 1.170140 0.008442
1520530444.755169 1.169755 0.008441
1520530444.855172 1.169905 0.008442
1520530444.954962 1.170034 0.008442
1520530445.004964 1.170266 0.008442
1520530445.104967 1.170213 0.008442
1520530445.204970 1.170010 0.008442
1520530445.304973 1.170046 0.008441
1520530445.353892 1.170146 0.008440
1520530445.453896 1.170260 0.008439
1520530445.553899 1.170335 0.008441
1520530445.603900 1.170251 0.008439
1520530445.703904 1.170209 0.008441
1520530445.753751 1.170167 0.008442
1520530445.853755 1.170152 0.008441
1520530445.903755 1.170143 0.008442
1520530446.003758 1.170149 0.008442
1520530446.103761 1.170098 0.008440
1520530446.154954 1.170291 0.008440
1520530446.254902 1.170486 0.008442
1520530446.354905 1.170502 0.008442
1520530446.454908 1.170550 0.008442
1520530446.554783 1.170412 0.008442
1520530446.654786 1.170126 0.008442
1520530446.754789 1.169733 0.008442
1520530446.854792 1.170075 0.008442
1520530446.954330 1.170151 0.008442
1520530447.054334 1.170085 0.008442
1520530447.154337 1.170076 0.008442
1520530447.254340 1.169947 0.008442
1520530447.354343 1.169990 0.008442
1520530447.454125 1.169938 0.008442
1520530447.554128 1.170136 0.008442
1520530447.704133 1.170296 0.008442
1520530447.954077 1.170248 0.008442
1520530448.253886 1.170167 0.008442
