DelayedMarginalization 0.000958374 2.60809e-08 0.00171551 1378
DelayedMarginalizationOnly 0.00045297 1.69268e-08 0.00083517 1378
EF-marginalizeFrame 0.0013467 3.68213e-08 0.00242417 1378
FullSystem::trackNewCoarse 0.00227187 1.61304e-07 0.00575127 2672
FullSystem::trackNewCoarseNoIMU 0.00129806 8.36669e-08 0.00230466 111
FullSystemOptimize 0.0306356 6.95822e-05 0.0604381 1384
GraphUnrolling 0.000226472 -nan 0.000226472 1
IMUInitAddPose 2.26292e-05 8.77245e-12 5.8524e-05 1384
IMUInitOptimize 0.0072593 8.90846e-06 0.0093698 2
IMUIntegration::finishKeyframeOperations 6.45619e-05 1.67098e-10 0.00033182 1377
InitializerFirstFrame 0.0326757 -nan 0.0326757 1
InitializerOtherFrames 0.0579497 0.000101487 0.0833365 35
MainMarginalization 0.00119036 3.22059e-08 0.00216177 1378
MarginalizeMainGraph 0.000505048 6.40544e-09 0.000879551 1378
PGBA 0.0160583 -nan 0.0160583 1
PGBAFull 0.0167147 -nan 0.0167147 1
PrepareGraphForMainOptimization 0.000249255 -nan 0.000249255 1
VisualMarginalization 4.03972e-05 7.66479e-11 7.7543e-05 1378
activatePointsMT 0.00353063 1.01051e-06 0.00973878 1384
addActiveFrame 0.035711 0.000704232 0.100215 2819
addIMUData 0.000655112 2.02614e-08 0.00121879 2672
addIMUDataToBA 3.66266e-05 1.48015e-10 0.000143982 2818
addKeyframeToBA 3.21894e-05 1.68044e-11 7.4472e-05 1384
afterCoarseTracking 2.53626e-07 4.25485e-15 6.36e-07 2783
baIteration 0.00686794 1.72055e-06 0.0132003 5075
baMatrixInversion 0.000225024 1.5444e-09 0.000619997 5075
baUpdateBuildHessians 0.000514229 5.07181e-09 0.00298412 5075
coarseTrackingIteration 0.000211475 5.87066e-09 0.0032615 22762
computeBAUpdate 0.00082425 1.21844e-08 0.00328877 5075
computeCoarseUpdate 9.30742e-05 1.19357e-09 0.00321173 21098
computeFactorForCoarseGraphAndMarginalCovariances 0.0030106 3.36614e-07 0.00611856 1377
convertHAndBFromDSO 0.000144246 3.6966e-09 0.00042073 10592
debugPlot 7.47529e-08 9.75904e-16 3.6e-07 1384
debugPlotIDepthMap 3.558e-07 5.21006e-15 7.78e-07 1384
debugPlotIDepthMapFloat 7.79241e-08 7.59038e-16 3.3e-07 1384
deliverTrackedFrame 0.0303637 0.00069916 0.0949281 2784
flagFramesForMarginalization 1.55905e-06 2.71739e-13 1.2441e-05 1384
fullCoarseTracking 0.00297753 3.30517e-07 0.0113326 2783
initObjectsAndMakeImage 0.00205062 3.17789e-08 0.00370135 2819
makeKeyframe 0.0559574 9.96212e-05 0.0949239 1384
makeKeyframeChangeTrackingRef 0.00232991 1.53618e-07 0.00485171 1384
makeNewTraces 0.00531955 6.41527e-07 0.0105532 1384
makeNonKeyframe 0.00505859 3.44893e-06 0.0087527 1400
marginalizeAndRemovePoints 0.00347781 1.15344e-06 0.0081975 1384
marginalizeFrame 0.00260658 1.25148e-07 0.00386638 1378
marginalizeFrameOverhead 0.00125761 5.90099e-08 0.00234453 1378
marginalizeFrames 0.00260305 3.34013e-07 0.00675101 1384
newFrameAndNewResidualsForOldPoints 0.00099253 3.3804e-08 0.00180357 1384
printBiases 3.97536e-05 1.08896e-10 0.000184973 1384
printEigenValLine 1.07284e-07 5.68957e-16 5.09e-07 1384
printLogLine 1.95264e-07 3.99853e-15 5.07e-07 1384
publishInMakeKeyframe 1.92725e-07 3.99178e-15 6.92e-07 1384
removeOutliers 0.000188822 1.93344e-09 0.000458599 1384
swapTrackingRef 2.13324e-05 9.77952e-12 5.0574e-05 1384
timeMeasurement 6.99853e-07 3.93353e-14 6.765e-06 2819
traceNewCoarse 0.00422601 3.25117e-06 0.00873978 2784
updateBAValues 5.97705e-06 5.33355e-12 9.9661e-05 9930
zero 8.77379e-08 1.91167e-16 2.78e-07 2819
