DelayedMarginalization 0.000951882 2.41737e-08 0.00142991 1378
DelayedMarginalizationOnly 0.000448841 1.61695e-08 0.000725515 1378
EF-marginalizeFrame 0.00134074 3.18095e-08 0.00208507 1378
FullSystem::trackNewCoarse 0.00226727 1.6262e-07 0.00549713 2671
FullSystem::trackNewCoarseNoIMU 0.00132142 1.06971e-07 0.002742 112
FullSystemOptimize 0.0301783 6.28746e-05 0.0564743 1384
GraphUnrolling 0.000227125 -nan 0.000227125 1
IMUInitAddPose 2.29151e-05 9.5005e-12 6.48e-05 1384
IMUInitOptimize 0.0060797 9.8589e-07 0.0067818 2
IMUIntegration::finishKeyframeOperations 5.7694e-05 1.10837e-10 0.000151522 1377
InitializerFirstFrame 0.0326255 -nan 0.0326255 1
InitializerOtherFrames 0.0581457 0.000102369 0.0840246 35
MainMarginalization 0.00118177 2.8315e-08 0.00173754 1378
MarginalizeMainGraph 0.000502721 5.72025e-09 0.000852415 1378
PGBA 0.0156707 -nan 0.0156707 1
PGBAFull 0.0161272 -nan 0.0161272 1
PrepareGraphForMainOptimization 0.000249683 -nan 0.000249683 1
VisualMarginalization 4.05569e-05 9.72186e-11 0.000160389 1378
activatePointsMT 0.00357591 1.06421e-06 0.00916023 1384
addActiveFrame 0.0353914 0.000683053 0.094911 2819
addIMUData 0.000652929 2.04308e-08 0.00118896 2671
addIMUDataToBA 3.60844e-05 1.38988e-10 0.000101251 2818
addKeyframeToBA 3.26649e-05 2.85835e-11 0.000106912 1384
afterCoarseTracking 2.58349e-07 3.73427e-15 6.17e-07 2783
baIteration 0.00674479 1.62579e-06 0.0119764 5086
baMatrixInversion 0.000222203 1.23286e-09 0.000641878 5086
baUpdateBuildHessians 0.000508235 4.019e-09 0.00161359 5086
coarseTrackingIteration 0.000210656 5.70239e-09 0.00352502 22784
computeBAUpdate 0.000815087 9.89807e-09 0.00191847 5086
computeCoarseUpdate 9.28879e-05 9.83471e-10 0.00335125 21101
computeFactorForCoarseGraphAndMarginalCovariances 0.00294133 2.26231e-07 0.00555185 1377
convertHAndBFromDSO 0.000141285 3.4432e-09 0.000412563 10603
debugPlot 8.49595e-08 2.06389e-15 4.77e-07 1384
debugPlotIDepthMap 3.33959e-07 1.23752e-13 1.1175e-05 1384
debugPlotIDepthMapFloat 7.34335e-08 7.35408e-16 3.53e-07 1384
deliverTrackedFrame 0.0300526 0.00067668 0.0890892 2784
flagFramesForMarginalization 1.60939e-06 2.90291e-13 1.1152e-05 1384
fullCoarseTracking 0.00296853 3.23993e-07 0.00890386 2783
initObjectsAndMakeImage 0.00204468 2.64513e-08 0.0037865 2819
makeKeyframe 0.0553443 8.5128e-05 0.0890866 1384
makeKeyframeChangeTrackingRef 0.00228971 1.21147e-07 0.00398643 1384
makeNewTraces 0.00523777 5.08791e-07 0.00926901 1384
makeNonKeyframe 0.00504591 3.28085e-06 0.00866428 1400
marginalizeAndRemovePoints 0.0034787 1.13152e-06 0.00778579 1384
marginalizeFrame 0.00261179 1.19511e-07 0.00438779 1378
marginalizeFrameOverhead 0.00126873 6.13287e-08 0.00229882 1378
marginalizeFrames 0.00260821 3.2747e-07 0.00668022 1384
newFrameAndNewResidualsForOldPoints 0.00100529 3.577e-08 0.00174993 1384
printBiases 3.64126e-05 1.42817e-10 0.000251292 1384
printEigenValLine 1.13305e-07 3.38983e-14 6.928e-06 1384
printLogLine 1.83759e-07 4.31056e-15 5.95e-07 1384
publishInMakeKeyframe 2.07632e-07 4.60641e-14 6.838e-06 1384
removeOutliers 0.000188242 1.95407e-09 0.000482919 1384
swapTrackingRef 2.13703e-05 1.19454e-11 5.9919e-05 1384
timeMeasurement 7.40643e-07 1.19983e-13 1.1007e-05 2819
traceNewCoarse 0.00421031 3.16941e-06 0.00936215 2784
updateBAValues 6.01583e-06 4.06269e-12 3.512e-05 9924
zero 9.50954e-08 2.81061e-14 6.519e-06 2819
