DelayedMarginalization 0.000963288 2.919e-08 0.00176973 1386
DelayedMarginalizationOnly 0.000464963 1.78199e-08 0.000884918 1386
EF-marginalizeFrame 0.00132496 4.14374e-08 0.00224978 1386
FullSystem::trackNewCoarse 0.00246106 9.97451e-07 0.00967432 2671
FullSystem::trackNewCoarseNoIMU 0.00242543 4.85479e-05 0.0551324 101
FullSystemOptimize 0.0364459 4.38554e-05 0.0586216 1392
GraphUnrolling 0.00784005 6.71336e-05 0.0322419 12
IMUInitAddPose 2.32717e-05 8.25029e-12 4.847e-05 1392
IMUInitOptimize 0.00499292 4.3514e-06 0.00734042 6
IMUIntegration::finishKeyframeOperations 5.97359e-05 1.59734e-10 0.000283328 1381
InitializerFirstFrame 0.0327566 -nan 0.0327566 1
InitializerOtherFrames 0.060606 7.68909e-05 0.0806498 46
MainMarginalization 0.00119614 3.63265e-08 0.00205006 1386
MarginalizationReplacementBuildGraph 0.000773601 3.96107e-07 0.00208479 11
MarginalizationReplacementReplaceGraph 0.0091087 7.34058e-05 0.0324339 10
MarginalizeMainGraph 0.000497558 7.36388e-09 0.00120408 1386
PGBA 0.0184424 2.00579e-05 0.0216093 2
PGBAFull 0.0034455 5.78314e-05 0.0235969 13
PrepareGraphForMainOptimization 0.0079007 6.76902e-05 0.0324067 12
VisualMarginalization 4.08269e-05 7.836e-11 0.000137142 1386
activatePointsMT 0.00303873 4.9199e-07 0.00609228 1392
addActiveFrame 0.0377996 0.00080457 0.0993915 2819
addIMUData 0.000665687 2.29645e-08 0.00141545 2671
addIMUDataToBA 3.73411e-05 1.59842e-10 0.000125402 2818
addKeyframeToBA 3.06745e-05 1.83666e-11 6.3648e-05 1392
afterCoarseTracking 2.61028e-07 3.89581e-15 7.95e-07 2772
baIteration 0.00547117 1.25563e-06 0.0107838 8325
baMatrixInversion 0.000225462 1.74955e-09 0.000731917 8325
baUpdateBuildHessians 0.000497566 8.46839e-09 0.00495989 8325
coarseTrackingIteration 0.000181634 4.07482e-09 0.00105562 31223
computeBAUpdate 0.000802874 1.67562e-08 0.00529294 8325
computeCoarseUpdate 9.53398e-05 4.96709e-10 0.000981078 28373
computeFactorForCoarseGraphAndMarginalCovariances 0.00304172 3.86738e-07 0.00617765 1381
convertHAndBFromDSO 0.000146741 3.12048e-09 0.000475294 13870
debugPlot 7.62665e-08 1.15526e-15 3.98e-07 1392
debugPlotIDepthMap 3.99123e-07 9.33844e-14 1.1454e-05 1392
debugPlotIDepthMapFloat 7.68685e-08 5.97444e-16 3.46e-07 1392
deliverTrackedFrame 0.0320425 0.000790255 0.0961603 2773
flagFramesForMarginalization 1.49415e-06 1.56888e-13 3.363e-06 1392
fullCoarseTracking 0.00322471 2.89935e-06 0.0552357 2772
initObjectsAndMakeImage 0.00210506 5.0029e-08 0.00365248 2819
makeKeyframe 0.0592215 8.73312e-05 0.0961574 1392
makeKeyframeChangeTrackingRef 0.00218792 1.90988e-07 0.00417493 1392
makeNewTraces 0.00550668 8.89236e-07 0.0123058 1392
makeNonKeyframe 0.00464298 2.88018e-06 0.00890814 1381
marginalizeAndRemovePoints 0.00234837 9.38368e-07 0.00727922 1392
marginalizeFrame 0.00208038 1.36023e-07 0.00331817 1386
marginalizeFrameOverhead 0.000753084 6.03231e-08 0.00187434 1386
marginalizeFrames 0.00207885 2.43982e-07 0.00399878 1392
newFrameAndNewResidualsForOldPoints 0.000883773 7.11876e-08 0.00173898 1392
printBiases 3.68922e-05 8.37449e-11 7.6382e-05 1392
printEigenValLine 1.10268e-07 3.8527e-16 4.92e-07 1392
printLogLine 2.57214e-07 2.35267e-13 1.8187e-05 1392
publishInMakeKeyframe 1.93996e-07 2.31823e-14 5.33e-06 1392
removeOutliers 0.000132938 2.08575e-09 0.000293281 1392
swapTrackingRef 2.18588e-05 1.20156e-11 5.1349e-05 1392
timeMeasurement 7.13338e-07 1.05341e-13 1.2804e-05 2819
traceNewCoarse 0.00383877 2.86963e-06 0.00889857 2773
updateBAValues 5.29898e-06 3.16891e-12 7.474e-05 13981
zero 9.07652e-08 4.87256e-16 4.42e-07 2819
