0.000000 -0.444357 -0.064511  0.144465 0.360248 0.148413 0.129722
0.000000 -0.509439 -0.114949  0.332843 0.317588 0.148000 0.135763
0.000000 -0.440095 -0.100333 -0.106037 0.267930 0.145696 0.128462
0.000000 -0.450761 -0.051504 -0.199605 0.241851 0.143591 0.122512
0.000000 -0.618008 -0.025793  0.157537 0.263994 0.141605 0.121123
0.000000 -0.691152  0.020087  0.014773 0.288189 0.139026 0.122247
0.000000 -0.769539  0.122028 -0.229854 0.294218 0.133899 0.120812
0.000000 -0.759000  0.096207 -0.264236 0.298922 0.131433 0.122262
0.000000 -0.676634  0.058664 -0.119652 0.313990 0.130020 0.123717
0.000000 -0.639627  0.053509  0.010411 0.316417 0.129388 0.123748
0.000000 -0.572127  0.054402  0.192642 0.312919 0.131560 0.120194
0.000000 -0.511253  0.059166  0.007218 0.289375 0.133641 0.118847
0.000000 -0.391796  0.027719  0.018028 0.249873 0.143655 0.117528
0.000000 -0.298460  0.059423  0.097062 0.206728 0.151472 0.117661
0.000000 -0.214540  0.078004  0.023252 0.168165 0.136159 0.113752
0.000000 -0.186571  0.081721 -0.085483 0.155858 0.130046 0.113154
0.000000 -0.263144  0.078528 -0.001429 0.157569 0.146884 0.115200
0.000000 -0.369558  0.066564  0.125441 0.146560 0.134553 0.113349
0.000000 -0.556417  0.025593  0.038746 0.145916 0.124365 0.112158
0.000000 -0.671877 -0.007630 -0.055289 0.154008 0.119185 0.111806
0.000000 -0.666932  0.173919 -0.277991 0.163656 0.118287 0.112085
0.000000 -0.627957  0.262055 -0.394564 0.167847 0.118270 0.114708
0.000000 -0.527586  0.234968 -0.323561 0.164093 0.118127 0.118786
0.000000 -0.629791  0.198528 -0.116510 0.170016 0.118049 0.119625
0.000000 -0.811976  0.126834 -0.046523 0.184106 0.118164 0.116790
0.000000 -0.916231  0.083080 -0.101894 0.201579 0.117369 0.117207
0.000000 -0.953801  0.055041  0.072207 0.212538 0.116649 0.117165
0.000000 -0.954408  0.089249  0.250553 0.224260 0.117445 0.114085
0.000000 -0.985984  0.150832  0.201934 0.232311 0.116895 0.113607
0.000000 -0.931553  0.253899  0.096135 0.241623 0.116990 0.113058
0.000000 -0.852170  0.312835  0.071926 0.254798 0.118837 0.112664
0.000000 -0.708984  0.318380  0.237399 0.269799 0.128011 0.112462
0.000000 -0.555398  0.325373  0.188581 0.258159 0.139302 0.112660
0.000000 -0.532692  0.352919  0.005966 0.253243 0.152678 0.113390
0.000000 -0.486943  0.401307  0.027392 0.244100 0.156304 0.112453
0.000000 -0.387809  0.501370  0.019358 0.217870 0.165295 0.112249
0.000000 -0.283410  0.568987 -0.156819 0.199497 0.172521 0.110534
0.000000 -0.224158  0.580857 -0.242815 0.194260 0.176817 0.108828
0.000000 -0.162713  0.577960 -0.281653 0.191013 0.188535 0.108482
0.000000 -0.051059  0.539441 -0.174633 0.189775 0.197772 0.108866
0.000000 -0.104130  0.543664  0.109118 0.193747 0.216338 0.109359
0.000000 -0.147575  0.494056  0.261285 0.193006 0.218297 0.108855
0.000000 -0.071576  0.396779  0.434329 0.189688 0.216072 0.110599
0.000000 0.031306 0.364580 0.249512 0.178835 0.207191 0.110897
0.000000 0.114511 0.335157 0.039704 0.171253 0.204296 0.109902
0.000000  0.249431  0.310854 -0.137581 0.170071 0.198749 0.108774
0.000000  0.323211  0.247232 -0.208537 0.173064 0.192432 0.107560
0.000000  0.309726  0.206260 -0.194194 0.182365 0.188123 0.107440
0.000000  0.361221  0.005130 -0.095291 0.215689 0.197869 0.111256
0.000000  0.503523  0.020301 -0.184602 0.197905 0.172637 0.109226
0.000000  0.555290  0.009370 -0.235765 0.193779 0.163938 0.108080
0.000000  0.604852 -0.085634 -0.330225 0.195317 0.158696 0.108191
0.000000  0.561822 -0.036727 -0.292357 0.205455 0.156822 0.108710
0.000000  0.527861  0.063892 -0.122968 0.223816 0.157867 0.109250
0.000000  0.341266  0.261603 -0.111278 0.227262 0.164875 0.107749
0.000000  0.313191  0.223987 -0.074948 0.217486 0.159505 0.107149
0.000000  0.258364  0.038480 -0.035897 0.196317 0.159886 0.106782
0.000000  0.278370  0.002937 -0.115650 0.185843 0.152792 0.106199
0.000000  0.386150 -0.037143  0.072690 0.187740 0.149277 0.106121
0.000000  0.366506 -0.092379  0.179277 0.184980 0.145966 0.105722
0.000000  0.285518 -0.083969 -0.022068 0.179848 0.145102 0.106136
0.000000  0.287871 -0.219189 -0.111063 0.174596 0.144886 0.105702
0.000000  0.341552 -0.368503 -0.022584 0.174190 0.146932 0.106126
0.000000  0.366860 -0.348353 -0.248158 0.176573 0.145144 0.105843
0.000000  0.401502 -0.317869 -0.234303 0.182740 0.149294 0.106788
0.000000  0.433037 -0.283565  0.080836 0.187767 0.158815 0.106444
0.000000  0.454257 -0.178343  0.195991 0.194221 0.161995 0.105659
0.000000  0.451638 -0.209999  0.037223 0.196227 0.159813 0.105467
0.000000  0.418269 -0.351111 -0.112089 0.198869 0.158580 0.105337
0.000000  0.459267 -0.427829 -0.029983 0.204959 0.164047 0.105389
0.000000  0.538507 -0.408930 -0.111335 0.210255 0.168326 0.105311
0.000000  0.616291 -0.379948 -0.162693 0.216552 0.171545 0.105793
0.000000  0.742694 -0.355996 -0.001744 0.229903 0.174239 0.105811
0.000000  0.761775 -0.310519 -0.032538 0.242758 0.172141 0.105649
0.000000  0.748858 -0.241513 -0.103874 0.254938 0.166681 0.105712
0.000000  0.689299 -0.181018 -0.149604 0.258794 0.158738 0.106043
0.000000  0.551676 -0.115760 -0.201327 0.252106 0.149535 0.106992
0.000000  0.502524 -0.123929 -0.291547 0.243630 0.143812 0.107888
0.000000  0.431499 -0.175826 -0.234343 0.228064 0.142651 0.109966
0.000000  0.385653 -0.142666 -0.121853 0.211290 0.139845 0.108734
0.000000  0.330258 -0.133777 -0.215769 0.197920 0.136772 0.109145
0.000000  0.232813 -0.143142 -0.367417 0.175332 0.136057 0.112028
0.000000  0.188926 -0.063144 -0.398198 0.161580 0.133471 0.114138
0.000000  0.067584  0.249700 -0.287571 0.146186 0.130044 0.113255
0.000000 -0.016064  0.230879 -0.380517 0.137995 0.127665 0.115711
0.000000 -0.145866  0.206943 -0.460511 0.130007 0.126256 0.117969
0.000000 -0.237047  0.114156 -0.352318 0.124376 0.125503 0.119197
0.000000 -0.276396  0.078056 -0.199509 0.122355 0.124925 0.118031
0.000000 -0.286790 -0.039573  0.110825 0.127238 0.127490 0.110480
0.000000 -0.239166 -0.130759  0.182437 0.127556 0.125723 0.106425
0.000000 -0.266802 -0.171710  0.050338 0.127294 0.123956 0.105583
0.000000 -0.321851 -0.129752 -0.104103 0.129098 0.123901 0.105540
0.000000 -0.146801 -0.086934 -0.199287 0.130253 0.124511 0.106132
0.000000 -0.021734 -0.025046 -0.092320 0.126716 0.123164 0.105643
0.000000  0.014769  0.163542 -0.261788 0.123212 0.122400 0.106675
0.000000 -0.198748  0.540455 -0.104242 0.124316 0.125608 0.107745
0.000000 -0.416236  0.619851  0.012237 0.125190 0.128410 0.107293
0.000000 -0.531558  0.633485 -0.004133 0.125718 0.131108 0.106301
0.000000 -0.626532  0.560955 -0.292069 0.127791 0.133907 0.106518
0.000000 -0.675890  0.501452 -0.277854 0.130881 0.136770 0.107631
0.000000 -0.676064  0.445574 -0.150048 0.134635 0.139484 0.107776
0.000000 -0.711695  0.411743 -0.079516 0.138829 0.141039 0.107132
0.000000 -0.729150  0.366439  0.045422 0.142829 0.141213 0.106584
0.000000 -0.729776  0.367197  0.123828 0.147858 0.142032 0.106222
0.000000 -0.678826  0.399776  0.137600 0.149914 0.142531 0.105314
0.000000 -0.635158  0.367382  0.131969 0.151373 0.141220 0.104724
0.000000 -0.688854  0.336877  0.143016 0.154073 0.140949 0.104711
0.000000 -0.725698  0.344464  0.147567 0.157002 0.140463 0.104265
0.000000 -0.766098  0.324992  0.144911 0.161585 0.140102 0.104532
0.000000 -0.718944  0.281836  0.059633 0.162386 0.138151 0.104736
0.000000 -0.693965  0.247001 -0.008317 0.164571 0.135746 0.104575
0.000000 -0.674342  0.190313 -0.079800 0.164811 0.133167 0.104633
0.000000 -0.621494  0.114790 -0.014991 0.165369 0.130349 0.104606
0.000000 -0.571676  0.066707  0.133567 0.171202 0.131753 0.104296
0.000000 -0.560573  0.108701  0.071926 0.171015 0.130628 0.104360
0.000000 -0.415218  0.233293  0.006544 0.166986 0.130910 0.105045
0.000000 -0.433045  0.209922 -0.087627 0.161086 0.128199 0.104296
0.000000 -0.481427  0.162100 -0.157835 0.160576 0.131501 0.104040
0.000000 -0.457611  0.183881 -0.003256 0.156758 0.131211 0.103811
0.000000 -0.395096  0.206235  0.016146 0.153905 0.132109 0.103715
0.000000 -0.373546  0.269777 -0.154569 0.146949 0.130393 0.103738
0.000000 -0.404159  0.328188 -0.232777 0.143522 0.130174 0.103950
0.000000 -0.431887  0.363610 -0.242465 0.141798 0.130304 0.104366
0.000000 -0.520619  0.386060 -0.177109 0.144812 0.134201 0.104946
0.000000 -0.663586  0.329909 -0.030203 0.148552 0.135770 0.104952
0.000000 -0.694259  0.259718 -0.081494 0.150003 0.135362 0.104626
0.000000 -0.738510  0.206470 -0.177125 0.152751 0.133550 0.104589
0.000000 -0.770298  0.122586 -0.189958 0.154898 0.131820 0.104833
0.000000 -0.809343  0.029437 -0.110340 0.160324 0.129348 0.105355
0.000000 -0.800078 -0.148305 -0.024327 0.165708 0.127406 0.105367
0.000000 -0.546927 -0.298835  0.152644 0.172146 0.125457 0.104889
0.000000 -0.344556 -0.407606  0.078938 0.167831 0.123548 0.104280
0.000000  0.190534 -0.619219  0.160029 0.152223 0.125996 0.104168
0.000000  0.565517 -0.719223  0.215118 0.139376 0.129069 0.104096
0.000000  0.869730 -0.806702  0.224847 0.134905 0.133913 0.104525
0.000000  1.278974 -0.880689  0.364631 0.134971 0.139954 0.105223
0.000000  1.621817 -0.923866  0.434829 0.145214 0.147088 0.105635
0.000000  1.766745 -0.930078  0.441321 0.153001 0.150092 0.105633
0.000000  1.787239 -0.934188  0.382067 0.161607 0.151778 0.106111
0.000000  1.764945 -0.913904  0.313503 0.172632 0.153533 0.106026
0.000000  1.696106 -0.830066  0.254380 0.186677 0.154944 0.106211
0.000000  1.569711 -0.695967  0.204912 0.199474 0.155102 0.106318
0.000000  1.387353 -0.507811  0.360519 0.211492 0.154580 0.106187
0.000000  1.065384 -0.311978  0.494678 0.216034 0.151360 0.107537
0.000000  0.732488 -0.191338  0.356376 0.210025 0.144871 0.108836
0.000000  0.495923 -0.197183  0.125390 0.196855 0.139822 0.108302
0.000000  0.414447 -0.253678 -0.192578 0.182041 0.135922 0.106564
0.000000  0.233809 -0.336024 -0.147709 0.166135 0.134774 0.104717
0.000000  0.125339 -0.330925 -0.029096 0.160417 0.135174 0.104243
0.000000 -0.140635 -0.218353  0.139982 0.149323 0.135728 0.104050
0.000000 -0.449469 -0.088845  0.028794 0.137450 0.133989 0.103981
0.000000 -0.563342 -0.185351  0.080081 0.135530 0.133229 0.103885
0.000000 -0.698396 -0.208320  0.018935 0.137486 0.134160 0.104094
0.000000 -0.810598 -0.287349 -0.123689 0.143406 0.134433 0.104613
0.000000 -0.882696 -0.376170 -0.245356 0.151540 0.133841 0.104187
0.000000 -0.860553 -0.391128 -0.331672 0.159263 0.136918 0.104748
0.000000 -0.826966 -0.393797 -0.362189 0.166013 0.138638 0.105710
0.000000 -0.854319 -0.282283 -0.180135 0.174592 0.143086 0.107288
0.000000 -1.049270 -0.060755  0.056895 0.186336 0.142758 0.107082
0.000000 -1.212384 -0.065907  0.129947 0.195797 0.145125 0.105984
0.000000 -1.362877 -0.121299  0.026640 0.208127 0.145736 0.106090
0.000000 -1.475484 -0.248898 -0.070048 0.231197 0.144797 0.106131
0.000000 -1.532052 -0.389400 -0.194496 0.253880 0.145940 0.107008
0.000000 -1.504152 -0.448542 -0.283835 0.274782 0.149350 0.107603
0.000000 -1.492730 -0.470180 -0.311059 0.290570 0.150339 0.108186
0.000000 -1.551642 -0.527890 -0.332331 0.309404 0.155583 0.108842
0.000000 -1.686777 -0.708349 -0.215731 0.350315 0.166140 0.113806
0.000000 -1.798493 -0.774074 -0.131903 0.374555 0.173644 0.112704
0.000000 -1.880529 -0.841533 -0.045319 0.406627 0.185153 0.113825
0.000000 -1.902583 -0.890621 -0.073589 0.455336 0.191126 0.116910
0.000000 -1.948641 -0.999921 -0.382423 0.520339 0.216487 0.125477
0.000000 -2.019189 -1.186792 -0.244879 0.572871 0.242798 0.125195
0.000000 -1.923709 -1.330190 -0.150769 0.605343 0.271905 0.126169
0.000000 -1.842963 -1.402797 -0.082335 0.598985 0.280724 0.123951
0.000000 -1.861340 -1.376280 -0.048488 0.599540 0.301870 0.122549
0.000000 -1.892967 -1.332780 -0.096891 0.637852 0.310897 0.119863
0.000000 -1.960453 -1.388564 -0.129147 0.657814 0.330075 0.119255
0.000000 -2.020480 -1.472375  0.008091 0.694630 0.356378 0.116687
0.000000 -1.994839 -1.535056 -0.073201 0.743012 0.385477 0.117328
0.000000 -1.927763 -1.682649 -0.234201 0.771933 0.418136 0.117932
0.000000 -1.837436 -1.836496 -0.310818 0.724101 0.426639 0.120743
0.000000 -1.746396 -1.944481 -0.313602 0.626812 0.434883 0.120421
0.000000 -1.621853 -1.947994 -0.167331 0.557429 0.465197 0.119194
0.000000 -1.560599 -1.931647 -0.085728 0.466283 0.448026 0.117223
0.000000 -1.530684 -1.939484 -0.014430 0.473168 0.481172 0.113924
0.000000 -1.537158 -2.057676  0.193068 0.492181 0.554127 0.114911
0.000000 -1.347436 -2.134644  0.179952 0.481095 0.623859 0.111605
0.000000 -1.090934 -2.330480 -0.018076 0.479421 0.714767 0.113681
0.000000 -0.900995 -2.672625 -0.123744 0.457972 0.819426 0.118868
0.000000 -0.967609 -2.782375 -0.334580 0.388955 0.856316 0.119106
0.000000 -1.175123 -3.038892 -0.242958 0.359819 0.928987 0.121682
0.000000 -1.234987 -3.136306 -0.116107 0.374573 1.019757 0.117925
0.000000 -1.211842 -3.084062 -0.225581 0.402562 1.136042 0.118785
0.000000 -1.123335 -2.983104 -0.050887 0.389744 1.166870 0.121606
0.000000 -1.086214 -2.855703 -0.136997 0.325300 0.916679 0.117359
0.000000 -1.185884 -2.921573 -0.214003 0.325952 0.991851 0.113673
0.000000 -1.146995 -2.875950 -0.231852 0.329186 1.079352 0.115208
0.000000 -1.076055 -2.680678 -0.085768 0.247251 0.609207 0.112925
0.000000 -1.003769 -2.495021 -0.264789 0.235313 0.621152 0.110635
0.000000 -0.988123 -2.364730 -0.324919 0.180413 0.315291 0.111683
0.000000 -1.073829 -2.349517 -0.241421 0.192898 0.379187 0.110698
0.000000 -1.192694 -2.278514 -0.006017 0.207861 0.423809 0.112105
0.000000 -1.186586 -2.080420 -0.060340 0.180048 0.279002 0.109468
0.000000 -1.254737 -1.915453 -0.247852 0.172937 0.244298 0.108768
0.000000 -1.392947 -1.796169 -0.231241 0.186058 0.259897 0.113068
0.000000 -1.452172 -1.713908 -0.113463 0.215617 0.295034 0.109802
0.000000 -1.553630 -1.659807 -0.320574 0.243064 0.254702 0.112970
0.000000 -1.665033 -1.587359 -0.230464 0.267162 0.279771 0.115285
0.000000 -1.841065 -1.399065 -0.199070 0.268709 0.261316 0.113133
0.000000 -1.949517 -1.219373 -0.268830 0.272874 0.246954 0.113085
0.000000 -2.045646 -0.984260 -0.077073 0.290900 0.229997 0.114162
0.000000 -2.063509 -0.846011 -0.220736 0.310273 0.206452 0.113996
0.000000 -2.073023 -0.668579 -0.429637 0.334933 0.208997 0.114904
0.000000 -2.190547 -0.590615 -0.510989 0.355570 0.198062 0.118632
0.000000 -2.364393 -0.548681 -0.397874 0.392902 0.200907 0.116816
0.000000 -2.497859 -0.569329 -0.472181 0.437276 0.208344 0.117868
0.000000 -2.693521 -0.578160 -0.259754 0.496868 0.214455 0.120115
0.000000 -2.971664 -0.481936 -0.110157 0.534325 0.221842 0.116887
0.000000 -3.079113 -0.438717 -0.048260 0.554029 0.227690 0.117599
0.000000 -3.244957 -0.322421  0.007990 0.601654 0.244187 0.120296
0.000000 -3.521824 -0.235374 -0.118353 0.646691 0.259653 0.119036
0.000000 -3.764316 -0.132904 -0.199223 0.681966 0.274604 0.116646
0.000000 -3.822482 -0.078485 -0.228697 0.694571 0.282335 0.117225
0.000000 -3.962340  0.007186 -0.287115 0.686547 0.291516 0.119477
0.000000 -4.126643  0.054025 -0.260802 0.706537 0.307521 0.119751
0.000000 -4.337080  0.115343 -0.234879 0.742102 0.330101 0.120054
0.000000 -4.405820  0.130710 -0.239908 0.756538 0.340645 0.120155
0.000000 -4.508980  0.163917 -0.289487 0.788503 0.359840 0.123170
0.000000 -4.783326  0.291785 -0.577111 0.861243 0.399412 0.130073
0.000000 -5.036866  0.602091 -0.665586 0.950768 0.411581 0.128985
0.000000 -5.223604  0.906434 -0.541923 0.992629 0.427296 0.137186
0.000000 -5.268285  1.150265 -0.464004 1.015651 0.441106 0.140650
0.000000 -5.163210  1.409096 -0.397656 1.000582 0.455949 0.137502
0.000000 -5.105101  1.602660 -0.336198 0.988893 0.465661 0.139154
0.000000 -4.990279  1.787499 -0.184201 0.925428 0.468975 0.139496
0.000000 -4.895968  1.889632 -0.053011 0.793580 0.475883 0.131715
0.000000 -4.923122  1.966016 -0.045125 0.792217 0.491673 0.130242
0.000000 -4.920071  1.965577 -0.118147 0.795066 0.511078 0.132382
0.000000 -4.897393  2.002004 -0.158981 0.819449 0.516345 0.130818
0.000000 -4.936978  2.049981 -0.191468 0.835901 0.528250 0.133418
0.000000 -4.914176  2.095482 -0.149994 0.880130 0.549292 0.133163
0.000000 -4.778404  2.065976 -0.078849 0.755997 0.518689 0.130751
0.000000 -4.645240  2.070796  0.064336 0.691300 0.497574 0.129414
0.000000 -4.599118  2.057853  0.170164 0.636021 0.492080 0.126807
0.000000 -4.673746  2.103107  0.237183 0.680031 0.518517 0.123141
0.000000 -4.728284  2.108586  0.167371 0.739181 0.526224 0.123306
0.000000 -4.768719  2.012194  0.069353 0.797650 0.514322 0.127684
0.000000 -4.859554  1.963158 -0.050800 0.868674 0.579901 0.133064
0.000000 -4.902048  1.952499 -0.142818 0.965803 0.639694 0.130390
0.000000 -4.822499  1.826731 -0.198882 0.773849 0.530874 0.135247
0.000000 -5.096938  1.659684 -0.244662 0.711178 0.517169 0.142536
0.000000 -5.209227  1.730980 -0.317391 0.734888 0.517463 0.143251
0.000000 -5.273596  1.834618 -0.240048 0.837380 0.606280 0.161090
0.000000 -5.553280  1.913448 -0.460108 0.645115 0.528605 0.149470
0.000000 -5.770699  2.125917 -0.460403 0.636331 0.570983 0.144783
0.000000 -5.848167  2.154348 -0.316369 0.694109 0.594012 0.157138
0.000000 -5.731645  2.132664 -0.361869 0.660383 0.461392 0.151204
0.000000 -5.830114  2.397968 -0.524276 0.738543 0.437294 0.168717
0.000000 -5.931599  2.501529 -0.535321 0.977311 0.518479 0.184167
0.000000 -6.008274  2.857007 -0.459555 1.155822 0.664159 0.199129
0.000000 -6.107840  3.015366 -0.437175 1.340704 0.874373 0.195289
0.000000 -6.029994  2.929354 -0.246878 1.438824 0.962143 0.218311
0.000000 -6.237095  3.114056 -0.202751 1.615116 1.013688 0.234937
0.000000 -6.432913  3.257065 -0.341382 1.787163 1.124829 0.261782
0.000000 -6.728929  3.505020 -0.569344 2.020959 1.353298 0.292469
0.000000 -6.918230  3.675044 -0.684760 2.160853 1.400202 0.290181
0.000000 -7.162120  3.777948 -0.794629 2.314090 1.538804 0.273178
0.000000 -7.435535  3.938431 -0.665315 2.510610 1.607843 0.259140
0.000000 -7.691908  4.049627 -0.566641 2.667319 1.697796 0.294529
0.000000 -7.874825  4.203270 -0.519082 2.673217 1.507201 0.290746
0.000000 -8.075426  4.368197 -0.671835 2.850714 1.485822 0.289892
0.000000 -8.403525  4.711947 -0.795350 3.175301 1.994180 0.323226
0.000000 -8.868215  5.118243 -1.004345 3.755235 2.471467 0.376240
0.000000 -9.252980  5.510992 -1.121548 4.086952 2.728910 0.410637
0.000000 -9.685254  5.698027 -0.955722 4.927227 3.641788 0.506280
0.000000 -10.368536   6.150409  -0.722173 5.501807 4.229081 0.539897
0.000000 -10.637861   6.251519  -0.785930 5.601936 4.392428 0.550228
0.000000 -10.782145   6.362876  -0.875499 6.620267 4.673994 0.631318
0.000000 -10.935503   6.460216  -1.001845 6.637546 4.519587 0.596872
0.000000 -11.236824   6.621112  -1.115937 6.159167 4.676993 0.602281
0.000000 -11.506911   6.737320  -1.232039 6.513081 4.475397 0.643540
0.000000 -12.054356   6.904404  -1.408548 7.056014 5.019509 0.679972
0.000000 -13.018553   7.312605  -1.286052 7.940987 5.837339 0.778667
0.000000 -13.245054   7.372791  -1.216287 8.946589 6.164292 0.807313
0.000000 -14.059242   7.753437  -1.249378 9.279587 7.824130 0.878934
0.000000 -14.880839   8.048607  -1.325950 10.665079  9.042921  0.997624
0.000000 -15.174203   8.313865  -1.298634 11.949801  7.884541  1.042554
0.000000 -15.661779   8.778363  -1.623414 12.481509  9.273526  1.164049
0.000000 -16.625560   9.163108  -1.661258 14.741921 12.899367  1.279919
0.000000 -17.309553   9.575483  -1.772222 14.720910 11.771443  1.360608
0.000000 -17.638230   9.908279  -1.838455 13.752142 11.078897  1.392480
0.000000 -18.014205  10.606175  -1.886411 10.381059  9.266377  1.174143
0.000000 -18.905662  11.605652  -2.078774 5.663178 5.636664 0.988642
0.000000 -17.730490  12.585099  -2.058057 5.893002 6.673089 1.098271
0.000000 -17.717232  13.689917  -2.198200 4.179400 4.165206 1.045206
0.000000 -18.436786  13.946682  -2.210316 5.394708 5.563603 1.244508
0.000000 -19.054050  13.879268  -2.276135 3.357090 3.885656 1.235172
0.000000 -19.895149  13.796160  -2.337766 4.056308 4.524701 1.317263
0.000000 -19.480435  12.871266  -2.156119 3.752406 4.758523 1.052209
0.000000 -19.509995  12.022647  -1.929777 2.740653 5.547663 0.736166
0.000000 -20.361190  11.319156  -2.113815 1.297545 2.608295 0.646674
0.000000 -22.029583  12.759579  -2.790847 2.040742 3.362746 0.633305
0.000000 -23.114262  12.764856  -3.253063 2.106332 3.067317 0.658108
0.000000 -23.599111  12.977751  -3.191986 1.974588 2.734867 0.689285
0.000000 -22.759913  13.924166  -2.940123 3.374750 3.819544 0.849756
0.000000 -22.814620  14.678272  -2.982817 3.644963 3.700161 0.912248
0.000000 -23.238983  15.520641  -2.874222 4.891747 6.464798 0.973708
0.000000 -23.764680  15.719341  -2.889808 4.913441 6.535215 0.977607
0.000000 -23.987446  15.713220  -3.108564  7.949929 13.188994  1.039161
0.000000 -24.430114  15.967695  -3.153362 5.864213 8.887916 1.066768
0.000000 -24.852181  16.298465  -3.130486 6.731322 9.580338 1.151704
0.000000 -25.446340  16.875064  -3.548523  7.459636 13.499815  1.221358
0.000000 -26.084139  17.327639  -3.812892  9.401602 16.446439  1.303754
0.000000 -26.438032  17.819930  -3.963460  9.373990 16.619364  1.347248
0.000000 -27.065596  18.213619  -3.944505 10.289475 18.291106  1.434084
0.000000 -27.798782  18.787751  -3.995319 11.725532 20.041375  1.516067
0.000000 -28.415788  19.384946  -4.032157 12.552732 21.099812  1.599392
0.000000 -29.325467  19.989395  -4.163420 14.404619 22.942087  1.722972
0.000000 -29.665806  20.694639  -4.176332 15.169327 24.026396  1.814280
0.000000 -30.332442  21.066604  -4.217613 15.810579 23.500153  1.897906
0.000000 -30.281978  22.092768  -4.208509 16.201229 24.282041  1.960933
0.000000 -30.633142  22.536638  -4.356670 16.630143 23.292336  1.986995
0.000000 -31.398424  23.312798  -4.712029 18.368154 26.011999  2.153127
0.000000 -32.245725  24.223016  -4.674290 19.805542 28.005645  2.320722
0.000000 -32.626215  24.707457  -4.769702 21.023761 29.447450  2.437469
0.000000 -32.953244  25.401241  -5.033504 22.233913 30.235027  2.554171
0.000000 -33.609736  26.459665  -5.404474 26.064704 32.371308  2.730585
0.000000 -34.486328  27.368314  -5.801510 29.147718 34.496851  2.921740
0.000000 -35.352940  27.926502  -5.951908 30.101953 39.127093  3.168885
0.000000 -35.849878  28.316245  -5.988781 30.898723 39.696982  3.264427
0.000000 -36.346610  28.674673  -6.015033 31.392429 41.270823  3.402867
0.000000 -37.091285  29.284961  -6.254949 34.227241 42.818109  3.606866
0.000000 -37.820118  29.808447  -6.624462 36.922021 48.334911  3.912389
0.000000 -39.602860  31.809527  -6.985186 47.384915 59.899156  4.667139
0.000000 -40.218005  32.243456  -7.261320 49.266937 60.160087  4.717655
0.000000 -41.362870  33.279483  -7.578694 56.428653 65.568018  5.362344
0.000000 -41.809098  33.542304  -7.565666 50.673967 67.083474  5.279599
0.000000 -42.104675  34.081535  -7.655513 51.530137 69.465110  5.492524
0.000000 -42.821509  34.745503  -7.915913 53.502057 74.151788  5.772477
0.000000 -43.767559  35.466543  -8.172202 62.417892 87.223464  6.612656
0.000000 -44.338227  35.857783  -8.166794 68.640627 95.771416  6.663059
0.000000 -44.747719  36.387526  -8.413473  72.957194 105.131635   7.072212
0.000000 -45.327983  36.876208  -8.673375  89.102703 110.720408   8.794292
0.000000 -46.052805  37.416739  -8.940112  84.910656 120.416243   8.772655
0.000000 -47.054072  38.078172  -8.955437 129.415410 141.339183  12.908794
0.000000 -48.286616  39.134340  -9.369135 138.583484 162.492332  13.838105
0.000000 -49.118991  39.902557  -9.456105 145.525439 168.266202  14.666319
0.000000 -49.903822  40.641389  -9.647681 141.550260 174.953434  13.291431
0.000000 -50.156734  40.912022  -9.788938 111.088563 175.056382  10.904629
0.000000 -51.472463  41.963034 -10.163401 139.354000 214.945695  13.932605
0.000000 -52.033265  42.367779 -10.210876 132.709081 226.934288  14.430367
0.000000 -53.137350  43.305046 -10.606726 237.341188 258.915132  26.187175
0.000000 -54.218475  44.071696 -10.734121 228.806845 279.711877  25.446981
0.000000 -55.220413  44.886043 -11.129634 264.968991 303.986252  29.015201
0.000000 -55.671509  45.427444 -11.371206 226.194291 301.381766  22.494167
0.000000 -56.721580  46.132651 -11.459222 264.741322 334.370664  28.673567
0.000000 -57.002088  46.515364 -11.556778 286.719716 346.296585  29.800256
0.000000 -58.719010  47.881580 -11.974649 329.197910 421.411185  39.424799
0.000000 -59.238990  48.380720 -12.128128 303.947409 387.507161  31.986526
0.000000 -59.898236  48.965129 -12.413828 277.085906 415.258344  29.297571
0.000000 -60.223186  49.572539 -12.437077 356.815131 448.348071  44.304545
0.000000 -60.993070  50.046902 -12.598157 341.420855 486.557132  46.495262
0.000000 -61.527113  50.353894 -12.831027 325.064513 453.776726  35.840737
0.000000 -62.405922  50.901672 -13.131820 293.147552 401.449597  29.005177
0.000000 -63.174086  51.452221 -13.233910 341.642520 443.385768  38.405550
0.000000 -63.843590  52.064885 -13.134893 399.396684 517.744376  42.370178
0.000000 -64.735950  52.925343 -13.251278 450.344843 567.992519  52.073985
0.000000 -67.118783  54.799458 -14.320868 446.097109 605.229548  38.015851
0.000000 -67.952117  55.163699 -14.596191 587.595901 674.106288  75.109111
0.000000 -69.643262  56.747923 -14.771566 792.226365 895.377106 109.298411
0.000000 -72.048016  59.099187 -15.062174 617.931155 764.299404  54.680689
0.000000 -73.073050  59.796198 -15.511711 850.387131 929.466068  92.833395
0.000000 -74.315340  61.136293 -15.768470  890.961998 1118.205996  101.500289
0.000000 -75.451221  62.120486 -16.077759  789.263335 1085.848113   81.645499
0.000000 -75.920767  62.595426 -16.087936 663.031015 906.454206  60.148158
0.000000 -76.923709  64.000839 -16.605029 623.296476 766.345035  57.194580
0.000000 -76.427924  64.005072 -16.431986  990.455418 1403.401028  145.013919
0.000000 -81.570717  68.982135 -17.520729 1612.676173 1740.225560  126.291286
0.000000 -81.166234  68.625131 -17.168112 1146.966213 1608.422540   89.858724
0.000000 -81.210602  68.652377 -16.960811  904.257324 1421.800796   75.244543
0.000000 -81.432806  68.944402 -17.051392  885.809098 1707.540803  102.917111
0.000000 -82.700825  69.515214 -16.958660 1069.483329 1566.188851  101.156505
0.000000 -83.966164  70.896465 -17.498139 1248.736410 1755.729161  117.036482
0.000000 -85.090742  72.282845 -17.681211 1232.568229 1783.443372  123.255807
0.000000 -86.234805  72.737326 -18.062047 1180.812301 1705.686317   85.754750
0.000000 -86.737573  73.672629 -18.271927 1224.193526 1819.222668  108.487900
0.000000 -87.941063  75.080442 -18.391981 1330.826040 1809.934154  103.557616
0.000000 -88.422543  75.691634 -18.513066 1357.527170 1655.671899   99.643033
0.000000 -89.326952  75.903803 -18.821393 1391.014075 1680.661752   99.345673
0.000000 -90.157878  77.060494 -18.974644 2338.949000 3450.813691  229.537087
0.000000 -90.642123  77.647270 -19.270323 1965.515143 2438.976976  160.177163
0.000000 -91.072954  78.590898 -19.542817 2186.265933 3047.621477  198.986341
0.000000 -91.325188  79.118203 -19.675599 2309.504898 3689.445421  237.134204
0.000000 -91.834730  79.886207 -19.714213 2479.150754 3711.386192  226.706552
0.000000 -93.256095  81.563536 -19.794791 3136.225428 4545.824193  416.564130
0.000000 -93.611861  82.254942 -20.055041 2299.256318 2921.383771  168.212207
0.000000 -94.171701  82.532933 -20.272936 2406.376326 3252.195902  190.973889
0.000000 -94.647490  83.466134 -20.658928 2601.906832 3361.193250  233.540893
0.000000 -95.337224  83.471567 -20.883996 2481.029547 2904.176303  189.689085
0.000000 -95.285237  84.153763 -21.041640 2531.375308 2978.490527  190.476495
0.000000 -95.517925  84.540671 -21.175111 2346.822928 2908.154750  176.238713
0.000000 -95.825187  85.289846 -21.324460 2364.761139 2950.460588  166.044037
0.000000 -96.279370  85.715538 -21.329403 2648.140173 3066.612936  185.263428
0.000000 -97.455418  87.299779 -21.741529 3018.638387 3193.238672  243.326729
0.000000 -96.912441  87.661775 -21.678586 2980.828604 3385.175365  228.831118
0.000000 -97.829775  88.582743 -21.923144 3251.000901 4028.212616  250.164473
0.000000 -98.916656  90.334024 -22.492375 3724.819682 3591.380499  265.392057
0.000000 -99.903735  90.810157 -22.430758 6393.054931 7838.453149  857.114147
0.000000 -101.146538   91.593334  -22.713657 5529.800829 5995.696179  643.506885
0.000000 -103.440184   93.106990  -23.065597 5529.536861 7447.101119  617.324984
0.000000 -104.970321   93.727970  -23.599505 4507.625433 6184.788387  453.657546
0.000000 -105.832681   94.144258  -23.876174 6544.590416 5278.917324  459.167231
0.000000 -107.446815   94.465461  -24.111367 4835.991786 5436.136470  398.333100
0.000000 -108.537208   95.475705  -24.463565 4506.223268 5147.311124  332.331817
0.000000 -109.586782   95.967118  -24.860131 4632.577795 3472.092003  241.433612
0.000000 -110.403208   96.334552  -25.201136 4268.784356 4255.711786  217.629381
0.000000 -111.381201   97.543799  -25.662011 4136.309477 6235.503122  380.026154
0.000000 -113.217138   98.244779  -25.869415 6081.247225 8573.170191  680.405096
0.000000 -114.003019   99.277349  -26.062007 4737.440140 4864.690398  285.921520
0.000000 -113.516123   99.703862  -25.588897 4125.228379 5560.858531  221.801989
0.000000 -112.995828   99.078263  -24.955210 4199.267683 4452.040003  221.491492
0.000000 -115.787569  101.473322  -25.623888 4358.143223 5850.637875  197.016110
0.000000 -117.770227  103.344620  -26.623869 4688.779186 6482.312685  263.004723
0.000000 -117.820015  103.916587  -26.848513 5310.339659 5375.043583  316.707857
0.000000 -117.602780  103.792444  -26.898687 3750.560560 4478.025148  218.161111
0.000000 -118.570333  103.819730  -27.018405 5574.518563 6277.264045  317.807789
0.000000 -117.923275  104.430619  -26.680557 6008.142593 6654.596048  365.958538
0.000000 -115.236866  104.359408  -25.824305 5355.025356 6568.849941  315.974396
0.000000 -113.899847  101.631419  -24.849296 2973.432702 5065.171466  125.561134
0.000000 -113.990308  101.120223  -24.299623 1172.394047 2579.241334  124.185296
0.000000 -116.685648  102.719000  -25.169771 4009.330487 5046.613504  244.905837
0.000000 -116.067274  101.483617  -24.697545 2393.899826 4426.381201  251.397375
0.000000 -115.122955  100.445023  -24.130911 2187.450258 3401.609315   95.844333
0.000000 -115.388211  100.660288  -24.128724 1926.616226 2953.806758  181.769372
0.000000 -114.899118  100.623508  -23.964061 2304.816279 2777.512184  164.681943
0.000000 -113.668680  101.614176  -23.475086 2414.791462 2854.182870  182.629509
0.000000 -115.484641  103.169792  -23.933010 2862.455283 3937.455053  191.187630
0.000000 -117.851126  104.035170  -24.636464 3489.879868 6378.883736  314.651912
0.000000 -120.450327  105.319629  -25.460745 3941.696654 6791.574998  239.362295
0.000000 -123.861614  106.500860  -26.190162 4967.863586 8070.236152  169.944166
0.000000 -122.871703  108.257430  -26.009313 5745.712834 5533.083098  206.941176
0.000000 -123.974118  109.131000  -26.328745 5292.656049 7683.755740  264.925056
0.000000 -126.563734  109.434970  -26.785023 2759.493967 6639.482719  242.715253
0.000000 -127.681743  110.030059  -27.273632 6549.228397 7467.148290  423.157393
0.000000 -129.096188  110.035900  -27.596068 11609.936643 14060.882445   980.618139
0.000000 -130.684864  110.942340  -28.039657 12137.438399 15574.255833  1453.688449
0.000000 -133.530343  110.291171  -28.567295 11205.656361 12403.639586   846.674117
0.000000 -134.651601  110.457666  -28.737301 12279.057921 12995.202230   958.980332
0.000000 -135.576054  110.330073  -28.896860 4284.224686 9405.441619  471.573916
0.000000 -136.502873  111.118999  -29.417543 4890.897926 7079.844315  346.926967
0.000000 -137.445615  111.151766  -29.732126  7318.459886 13328.784444   871.072046
0.000000 -138.001185  111.375346  -30.061527  8462.238880 11569.093644   777.594882
0.000000 -138.616793  112.366360  -30.307137 10519.714436 13578.171715  1148.826765
0.000000 -142.411420  114.544973  -31.093764 11923.677170 15898.417720  1385.499973
0.000000 -144.016315  114.629883  -31.529743  8648.314940 14874.216676   973.231355
0.000000 -144.801313  115.039788  -31.633648 12547.239969 19111.663650  1463.249396
0.000000 -148.311053  116.850009  -32.289933 13309.222942 19881.795872  1710.355159
0.000000 -149.227049  117.789793  -32.548084 15424.644924 18807.100619  1741.088179
0.000000 -150.595185  119.364281  -32.951447 20560.296559 18391.609566  2992.482356
0.000000 -152.138590  120.359849  -33.020559 20776.569212 25848.324547  3739.457539
0.000000 -154.078334  121.255758  -33.562965 22092.608989 22062.060300  2925.239161
0.000000 -155.312576  121.441557  -33.957304 17659.819547 25202.997594  2558.742683
0.000000 -156.413298  121.586432  -34.302920 11069.002027 20247.773278   608.975775
0.000000 -155.385221  121.308773  -33.873287  8458.945744 11384.778016   746.834479
0.000000 -154.672101  121.878781  -33.865740 1913.807053 3661.091097  140.605786
0.000000 -154.542348  121.716992  -33.613668 1893.996717 3327.421287  139.799388
0.000000 -154.317689  122.456556  -33.671228 1788.011052 3674.653609  145.085945
0.000000 -154.027815  122.853878  -33.719811 1880.819339 4327.450403  175.413987
0.000000 -158.358449  115.433298  -34.535037 2031.332359 4031.220399  138.430314
0.000000 -157.429103  115.838117  -34.115757 4426.589864 7829.312445  331.969382
0.000000 -157.482726  115.977398  -33.970468 1741.967406 3676.949196  212.611959
0.000000 -156.940062  116.450410  -33.824802 1500.199980 2399.813450  155.079837
0.000000 -156.205672  117.082829  -33.788229 1573.020404 2332.479945  159.332977
0.000000 -155.765033  117.220470  -33.696740 1696.348624 2488.363800  163.137390
0.000000 -155.686542  117.759723  -33.622804 2488.034021 3467.350044  181.950404
0.000000 -155.583832  118.535624  -33.605654 4905.654769 4559.133616  321.567711
0.000000 -155.724747  119.142175  -33.751349 5663.941862 8531.538070  244.377213
