0.000000 3.632223 0.645109
0.000000 3.578899 0.617255
0.000000 3.489555 0.599845
0.000000 3.477953 0.550183
0.000000 3.450475 0.569259
0.000000 3.470378 0.549303
0.000000 3.473496 0.472400
0.000000 3.464022 0.434639
0.000000 3.472154 0.424029
0.000000 3.475377 0.426115
0.000000 3.492576 0.415331
0.000000 3.519352 0.409051
0.000000 3.514028 0.395591
0.000000 3.533535 0.384248
0.000000 3.523152 0.364937
0.000000 3.517461 0.362355
0.000000 3.516338 0.357425
0.000000 3.513713 0.353010
0.000000 3.549707 0.336127
0.000000 3.559739 0.300861
0.000000 3.569486 0.274428
0.000000 3.564402 0.253362
0.000000 3.553517 0.239965
0.000000 3.538144 0.234851
0.000000 3.513474 0.222364
0.000000 3.525415 0.219271
0.000000 3.540935 0.214333
0.000000 3.552539 0.203817
0.000000 3.570169 0.198567
0.000000 3.574825 0.196690
0.000000 3.570907 0.193240
0.000000 3.558113 0.191382
0.000000 3.547648 0.182064
0.000000 3.578008 0.177838
0.000000 3.587150 0.172958
0.000000 3.594564 0.164735
0.000000 3.589024 0.156974
0.000000 3.631167 0.155095
0.000000 3.618264 0.143622
0.000000 3.617104 0.140657
0.000000 3.622846 0.138906
0.000000 3.626220 0.137166
0.000000 3.658983 0.132469
0.000000 3.657991 0.130653
0.000000 3.648331 0.130014
0.000000 3.675449 0.128242
0.000000 3.684465 0.127074
0.000000 3.683381 0.126521
0.000000 3.656358 0.125667
0.000000 3.646003 0.124827
0.000000 3.655966 0.124090
0.000000 3.669717 0.123480
0.000000 3.662298 0.121769
0.000000 3.670614 0.120997
0.000000 3.651486 0.117146
0.000000 3.651078 0.114674
0.000000 3.651431 0.110904
0.000000 3.649146 0.110013
0.000000 3.653382 0.110386
0.000000 3.636633 0.110106
0.000000 3.630702 0.109551
0.000000 3.636482 0.108537
0.000000 3.642418 0.108358
0.000000 3.639772 0.106791
0.000000 3.643405 0.106526
0.000000 3.636451 0.106359
0.000000 3.638864 0.105410
0.000000 3.649117 0.104506
0.000000 3.653323 0.103667
0.000000 3.648413 0.104349
0.000000 3.643899 0.104303
0.000000 3.638224 0.104039
0.000000 3.624617 0.104530
0.000000 3.626691 0.103903
0.000000 3.623443 0.102390
0.000000 3.625120 0.100497
0.000000 3.630284 0.099773
0.000000 3.638725 0.098663
0.000000 3.642764 0.097537
0.000000 3.647262 0.096572
0.000000 3.643227 0.096341
0.000000 3.643467 0.095338
0.000000 3.653619 0.095320
0.000000 3.650429 0.092964
0.000000 3.657540 0.092437
0.000000 3.656558 0.091553
0.000000 3.665268 0.090718
0.000000 3.665592 0.090689
0.000000 3.664429 0.089600
0.000000 3.659893 0.089009
0.000000 3.665333 0.088733
0.000000 3.662115 0.088571
0.000000 3.655561 0.088241
0.000000 3.648391 0.087954
0.000000 3.657510 0.087456
0.000000 3.667327 0.086387
0.000000 3.677543 0.086177
0.000000 3.677620 0.085299
0.000000 3.668770 0.084365
0.000000 3.666185 0.084861
0.000000 3.668646 0.084594
0.000000 3.668538 0.084270
0.000000 3.665669 0.083844
0.000000 3.660990 0.083378
0.000000 3.661984 0.084024
0.000000 3.659716 0.083383
0.000000 3.653210 0.082605
0.000000 3.665110 0.083670
0.000000 3.668129 0.083465
0.000000 3.665364 0.083286
0.000000 3.665440 0.083008
0.000000 3.663066 0.082442
0.000000 3.671407 0.083683
0.000000 3.670971 0.083212
0.000000 3.679960 0.083235
0.000000 3.677367 0.083152
0.000000 3.673842 0.082402
0.000000 3.676975 0.081482
0.000000 3.675661 0.081302
0.000000 3.668879 0.082874
0.000000 3.663137 0.082740
0.000000 3.661998 0.082972
0.000000 3.663458 0.082772
0.000000 3.664204 0.082548
0.000000 3.662503 0.082501
0.000000 3.665941 0.082614
0.000000 3.668086 0.082255
0.000000 3.667885 0.082161
0.000000 3.669122 0.082071
0.000000 3.663549 0.082075
0.000000 3.666172 0.081739
0.000000 3.665085 0.081412
0.000000 3.667899 0.080515
0.000000 3.664131 0.079431
0.000000 3.669478 0.078560
0.000000 3.655181 0.077289
0.000000 3.637633 0.076701
0.000000 3.642453 0.075773
0.000000 3.646391 0.075907
0.000000 3.646698 0.075682
0.000000 3.645931 0.075633
0.000000 3.645310 0.075645
0.000000 3.645402 0.075671
0.000000 3.644270 0.075923
0.000000 3.643397 0.075782
0.000000 3.642938 0.075418
0.000000 3.652956 0.075351
0.000000 3.652250 0.074850
0.000000 3.654573 0.074637
0.000000 3.646472 0.074009
0.000000 3.630057 0.073155
0.000000 3.620433 0.073176
0.000000 3.619586 0.072899
0.000000 3.617237 0.073511
0.000000 3.621822 0.073374
0.000000 3.607704 0.073474
0.000000 3.603672 0.073639
0.000000 3.612318 0.073512
0.000000 3.615279 0.073808
0.000000 3.600270 0.073205
0.000000 3.609314 0.073423
0.000000 3.627830 0.073511
0.000000 3.625735 0.073726
0.000000 3.621924 0.073752
0.000000 3.611577 0.073891
0.000000 3.611595 0.074055
0.000000 3.602683 0.074303
0.000000 3.604589 0.074109
0.000000 3.606039 0.074128
0.000000 3.614189 0.074303
0.000000 3.613452 0.074359
0.000000 3.608482 0.070192
0.000000 3.599952 0.072823
0.000000 3.588243 0.072836
0.000000 3.588388 0.072651
0.000000 3.588095 0.073152
0.000000 3.617215 0.074074
0.000000 3.616176 0.073845
0.000000 3.617186 0.073902
0.000000 3.609145 0.072687
0.000000 3.595599 0.072643
0.000000 3.595109 0.072532
0.000000 3.599849 0.070274
0.000000 3.595704 0.073804
0.000000 3.598360 0.074125
0.000000 3.596013 0.074185
0.000000 3.598636 0.074131
0.000000 3.606860 0.073821
0.000000 3.621977 0.073928
0.000000 3.623767 0.072812
0.000000 3.643070 0.069269
0.000000 3.650294 0.070052
0.000000 3.630499 0.069903
0.000000 3.600841 0.065296
0.000000 3.554188 0.073463
0.000000 3.557770 0.073320
0.000000 3.591847 0.046327
0.000000 3.534789 0.073765
0.000000 3.566503 0.037328
0.000000 3.514051 0.072127
0.000000 3.517957 0.074208
0.000000 3.520226 0.045656
0.000000 3.538403 0.057263
0.000000 3.522366 0.073464
0.000000 3.547272 0.072787
0.000000 3.576064 0.056572
0.000000 3.566456 0.071946
0.000000 3.618698 0.068600
0.000000 3.647714 0.068047
0.000000 3.640359 0.056342
0.000000 3.631698 0.061029
0.000000 3.610899 0.071570
0.000000 3.610589 0.072592
0.000000 3.627849 0.071772
0.000000 3.658483 0.073858
0.000000 3.665797 0.069580
0.000000 3.676015 0.072902
0.000000 3.685656 0.073298
0.000000 3.686963 0.069874
0.000000 3.684499 0.073013
0.000000 3.682960 0.073223
0.000000 3.692913 0.072400
0.000000 3.680292 0.052688
0.000000 3.685099 0.069832
0.000000 3.710516 0.056619
0.000000 3.720379 0.065256
0.000000 3.729632 0.054680
0.000000 3.708790 0.064778
0.000000 3.686681 0.073026
0.000000 3.659622 0.071763
0.000000 3.670057 0.071716
0.000000 3.651768 0.063453
0.000000 3.618633 0.072040
0.000000 3.617352 0.068178
0.000000 3.613328 0.059085
0.000000 3.581837 0.068719
0.000000 3.598199 0.070434
0.000000 3.613604 0.069312
0.000000 3.585044 0.069154
0.000000 3.588908 0.070801
0.000000 3.571587 0.053221
0.000000 3.536718 0.055156
0.000000 3.545928 0.054097
0.000000 3.513630 0.071713
0.000000 3.544981 0.070103
0.000000 3.543523 0.070430
0.000000 3.546426 0.068402
0.000000 3.532831 0.067202
0.000000 3.571140 0.047807
0.000000 3.558184 0.045450
0.000000 3.516685 0.068729
0.000000 3.498278 0.064603
0.000000 3.562379 0.038232
0.000000 3.616104 0.052841
0.000000 3.645655 0.061797
0.000000 3.660610 0.055546
0.000000 3.673453 0.043914
0.000000 3.718629 0.068974
0.000000 3.700198 0.069874
0.000000 3.666826 0.068501
0.000000 3.665836 0.073568
0.000000 3.651597 0.065928
0.000000 3.650130 0.073075
0.000000 3.662118 0.071765
0.000000 3.663831 0.072668
0.000000 3.661321 0.073523
0.000000 3.655505 0.073533
0.000000 3.659205 0.067331
0.000000 3.664288 0.059926
0.000000 3.661100 0.069291
0.000000 3.649341 0.071400
0.000000 3.649853 0.071809
0.000000 3.660660 0.072422
0.000000 3.659061 0.073854
0.000000 3.659377 0.074264
0.000000 3.658155 0.074135
0.000000 3.655036 0.061987
0.000000 3.657378 0.072971
0.000000 3.649103 0.066364
0.000000 3.653942 0.071440
0.000000 3.654304 0.073064
0.000000 3.655484 0.074181
0.000000 3.659644 0.071866
0.000000 3.658250 0.068768
0.000000 3.649626 0.071695
0.000000 3.656845 0.074142
0.000000 3.657031 0.072595
0.000000 3.624486 0.069205
0.000000 3.646223 0.069479
0.000000 3.658373 0.064687
0.000000 3.640671 0.034937
0.000000 3.665363 0.012125
0.000000 3.769907 0.024669
0.000000 3.645045 0.004172
0.000000 3.714783 0.020249
0.000000 3.791280 0.002686
0.000000 3.759682 0.008984
0.000000 3.731004 0.012639
0.000000 3.562657 0.021301
0.000000 3.369443 0.011016
0.000000 3.359240 0.027384
0.000000 3.755522 0.019846
0.000000 3.755007 0.009208
0.000000 3.795552 0.043002
0.000000 3.652083 0.009187
0.000000 3.668713 0.033472
0.000000 3.674161 0.054867
0.000000 3.705833 0.071589
0.000000 3.682236 0.043991
0.000000 3.688515 0.071169
0.000000 3.669825 0.063154
0.000000 3.605724 0.024237
0.000000 3.628359 0.061178
0.000000 3.623594 0.061456
0.000000 3.630324 0.060589
0.000000 3.635635 0.055120
0.000000 3.636870 0.070762
0.000000 3.647755 0.071949
0.000000 3.639671 0.059301
0.000000 3.642144 0.042091
0.000000 3.613996 0.059976
0.000000 3.631115 0.070254
0.000000 3.637893 0.069483
0.000000 3.641194 0.068528
0.000000 3.637714 0.040559
0.000000 3.631639 0.037446
0.000000 3.615315 0.073497
0.000000 3.631925 0.070402
0.000000 3.640011 0.073272
0.000000 3.640732 0.067840
0.000000 3.640927 0.073468
0.000000 3.641211 0.072552
0.000000 3.647326 0.072587
0.000000 3.645503 0.074252
0.000000 3.648493 0.071970
0.000000 3.650016 0.070789
0.000000 3.648054 0.067334
0.000000 3.646864 0.057941
0.000000 3.648012 0.066776
0.000000 3.649763 0.073525
0.000000 3.649104 0.074312
0.000000 3.648721 0.073190
0.000000 3.651061 0.074217
0.000000 3.650133 0.074318
0.000000 3.648387 0.074270
0.000000 3.648174 0.074247
0.000000 3.650817 0.074313
0.000000 3.652271 0.074201
0.000000 3.651435 0.073847
0.000000 3.649917 0.074251
0.000000 3.651522 0.074019
0.000000 3.648453 0.074207
0.000000 3.650555 0.074315
0.000000 3.650930 0.074266
0.000000 3.653831 0.072659
0.000000 3.655756 0.073865
0.000000 3.653849 0.074050
0.000000 3.653990 0.074324
0.000000 3.653327 0.073363
0.000000 3.653123 0.074150
0.000000 3.651975 0.065771
0.000000 3.652619 0.074071
0.000000 3.650133 0.071896
0.000000 3.650988 0.071655
0.000000 3.653216 0.072084
0.000000 3.648234 0.074071
0.000000 3.649606 0.069561
0.000000 3.658333 0.071845
0.000000 3.655355 0.072891
0.000000 3.656249 0.074277
0.000000 3.647664 0.074022
0.000000 3.645536 0.074178
0.000000 3.643704 0.074106
0.000000 3.641309 0.074095
0.000000 3.641307 0.062450
0.000000 3.643646 0.059930
0.000000 3.627121 0.067265
0.000000 3.625008 0.074311
0.000000 3.610255 0.072318
0.000000 3.601495 0.055188
0.000000 3.596594 0.059038
0.000000 3.592660 0.074103
0.000000 3.588211 0.063886
0.000000 3.582867 0.073979
0.000000 3.587762 0.071457
0.000000 3.590029 0.057587
0.000000 3.601731 0.071877
0.000000 3.606735 0.064547
0.000000 3.608012 0.057791
0.000000 3.604379 0.073672
0.000000 3.609053 0.071950
0.000000 3.604534 0.072522
0.000000 3.602347 0.074170
0.000000 3.604221 0.074024
0.000000 3.607023 0.074105
0.000000 3.607343 0.074087
0.000000 3.611123 0.074192
0.000000 3.610895 0.073240
0.000000 3.614032 0.073743
0.000000 3.611262 0.055777
0.000000 3.607497 0.072659
0.000000 3.612203 0.072432
0.000000 3.613596 0.072023
0.000000 3.616242 0.074101
0.000000 3.607324 0.066200
0.000000 3.605125 0.072351
0.000000 3.606555 0.071560
0.000000 3.605743 0.074064
0.000000 3.605400 0.073820
0.000000 3.606040 0.073662
0.000000 3.611041 0.073352
0.000000 3.612284 0.074080
0.000000 3.618407 0.072836
0.000000 3.618736 0.045711
0.000000 3.619354 0.073531
0.000000 3.613712 0.069297
0.000000 3.614046 0.072949
0.000000 3.618663 0.053915
0.000000 3.621049 0.064805
0.000000 3.588147 0.068878
0.000000 3.548917 0.048290
0.000000 3.600918 0.062706
0.000000 3.627882 0.067058
0.000000 3.625257 0.053374
0.000000 3.612270 0.066818
0.000000 3.610565 0.063004
0.000000 3.598437 0.058737
0.000000 3.549350 0.044041
0.000000 3.469041 0.059779
0.000000 3.449680 0.072354
0.000000 3.489036 0.019186
0.000000 3.461280 0.016400
0.000000 3.415560 0.064614
0.000000 3.423137 0.029348
0.000000 3.406413 0.054122
0.000000 3.391560 0.061287
0.000000 3.417905 0.030810
0.000000 3.443936 0.043201
0.000000 3.471978 0.047162
0.000000 3.505095 0.058783
0.000000 3.489014 0.061480
0.000000 3.512341 0.021024
0.000000 3.527105 0.050772
0.000000 3.515211 0.072404
0.000000 3.519830 0.062193
0.000000 3.523830 0.065486
0.000000 3.532418 0.056357
0.000000 3.540454 0.038117
0.000000 3.543593 0.032328
0.000000 3.554123 0.067894
0.000000 3.557192 0.052419
0.000000 3.549015 0.066337
0.000000 3.552670 0.058366
0.000000 3.557448 0.072748
0.000000 3.565781 0.070341
0.000000 3.567260 0.071924
0.000000 3.568897 0.072110
0.000000 3.571787 0.071654
0.000000 3.573967 0.073827
0.000000 3.579465 0.073574
0.000000 3.592974 0.063653
0.000000 3.601789 0.068000
0.000000 3.613090 0.073901
0.000000 3.612290 0.007207
0.000000 3.605011 0.054682
0.000000 3.620505 0.022504
0.000000 3.622525 0.055108
0.000000 3.612427 0.028116
0.000000 3.501318 0.042748
0.000000 3.524295 0.033762
0.000000 3.531710 0.069697
0.000000 3.530702 0.065945
0.000000 3.518975 0.066140
0.000000 3.516603 0.080195
0.000000 3.526473 0.065501
0.000000 3.539387 0.015530
0.000000 3.537259 0.064990
