DelayedMarginalization 0.000891911 4.91052e-08 0.00155813 494
DelayedMarginalizationOnly 0.000408348 3.97969e-08 0.000789637 494
EF-marginalizeFrame 0.00128809 6.39697e-08 0.00214648 494
FullSystem::trackNewCoarse 0.00474493 2.96957e-06 0.0123673 2442
FullSystem::trackNewCoarseNoIMU 0.00335141 5.24623e-05 0.0931251 157
FullSystemOptimize 0.0355004 0.000146925 0.0610943 510
GraphUnrolling 0.0120538 4.53326e-05 0.0281784 9
IMUInitAddPose 2.62645e-05 2.10991e-11 5.6093e-05 510
IMUInitOptimize 0.00485236 3.2595e-06 0.00948999 18
IMUIntegration::finishKeyframeOperations 6.06077e-05 3.7104e-10 0.00035887 477
InitializerFirstFrame 0.0563035 4.39101e-05 0.0683925 6
InitializerOtherFrames 0.216292 0.000748585 0.259501 45
MainMarginalization 0.00114092 5.31928e-08 0.00193409 494
MarginalizationReplacementBuildGraph 0.00172663 7.00363e-07 0.00254356 3
MarginalizationReplacementReplaceGraph 0.0230288 5.67691e-05 0.0283565 2
MarginalizeMainGraph 0.000482716 8.94355e-09 0.000830626 494
PGBA 0.0662185 0.000934179 0.0932718 8
PGBAFull 0.0523751 0.00176768 0.0992655 11
PrepareGraphForMainOptimization 0.0121385 4.5679e-05 0.028322 9
VisualMarginalization 4.4224e-05 2.23212e-10 0.000302871 494
activatePointsMT 0.0040518 1.62864e-06 0.00788915 510
addActiveFrame 0.0274046 0.00138364 0.294951 2650
addIMUData 0.000865629 6.27011e-08 0.00152905 2442
addIMUDataToBA 3.28777e-05 1.30213e-10 0.000283595 2644
addKeyframeToBA 3.17075e-05 7.0176e-11 7.3755e-05 510
afterCoarseTracking 1.69641e-05 7.58461e-09 0.000881482 2599
baIteration 0.00537217 3.33671e-06 0.0110028 3064
baMatrixInversion 0.000217526 4.30305e-09 0.000575894 3064
baUpdateBuildHessians 0.000505359 1.78168e-08 0.00181597 3064
coarseTrackingIteration 0.000224793 6.79951e-09 0.00894774 39074
computeBAUpdate 0.000799547 4.3451e-08 0.00210332 3064
computeCoarseUpdate 0.000106109 6.66065e-10 0.00204272 37307
computeFactorForCoarseGraphAndMarginalCovariances 0.00333554 5.14024e-07 0.00605419 477
convertHAndBFromDSO 0.000148979 4.01151e-09 0.000652631 5039
debugPlot 9.09059e-08 1.59482e-15 3.69e-07 510
debugPlotIDepthMap 0.0033152 1.14981e-06 0.00685894 510
debugPlotIDepthMapFloat 1.64235e-07 1.30778e-15 3.68e-07 510
deliverTrackedFrame 0.015905 0.000686023 0.195723 2605
flagFramesForMarginalization 1.44976e-06 2.13795e-13 2.542e-06 510
fullCoarseTracking 0.00561204 6.3986e-06 0.093191 2599
initObjectsAndMakeImage 0.00246145 7.0478e-08 0.00613093 2650
makeKeyframe 0.0638548 0.000499054 0.194646 510
makeKeyframeChangeTrackingRef 0.00598292 3.14378e-06 0.0111452 510
makeNewTraces 0.00632526 1.01058e-06 0.0109297 510
makeNonKeyframe 0.00288677 3.59014e-06 0.00974095 2095
marginalizeAndRemovePoints 0.00218848 2.6557e-06 0.00693026 510
marginalizeFrame 0.00197676 3.28584e-07 0.00380496 494
marginalizeFrameOverhead 0.000686064 2.03964e-07 0.00253642 494
marginalizeFrames 0.0019216 4.69653e-07 0.00381523 510
newFrameAndNewResidualsForOldPoints 0.000668663 2.32267e-07 0.00207782 510
printBiases 2.96643e-05 1.06041e-10 7.0806e-05 510
printEigenValLine 1.46573e-07 4.69391e-14 4.965e-06 510
printLogLine 1.9206e-05 5.93231e-12 3.4178e-05 510
publishInMakeKeyframe 0.000217179 8.62683e-09 0.000941633 510
removeOutliers 0.000114453 6.80611e-09 0.000435562 510
swapTrackingRef 3.34683e-05 5.91797e-11 5.8175e-05 505
timeMeasurement 1.02227e-06 5.8779e-13 1.2582e-05 2650
traceNewCoarse 0.00267151 3.23165e-06 0.00973073 2605
updateBAValues 5.66762e-06 4.34666e-12 2.2743e-05 4880
zero 1.00214e-07 4.7068e-14 1.1143e-05 2650
