1520530315.599645 1.208644 0.324344
1520530315.749639 1.191054 0.239368
1520530315.849642 1.241060 0.192698
1520530315.949645 1.261611 0.178743
1520530316.100221 1.242825 0.176290
1520530316.300227 1.211853 0.152474
1520530316.450231 1.183530 0.156176
1520530316.600278 1.182389 0.160091
1520530316.800284 1.177025 0.156489
1520530316.949773 1.188235 0.151303
1520530317.049776 1.204860 0.146174
1520530317.199781 1.210107 0.130972
1520530317.349743 1.196897 0.112424
1520530317.549752 1.191532 0.100006
1520530317.699755 1.189125 0.094715
1520530317.800239 1.185928 0.091728
1520530317.950243 1.179939 0.093369
1520530318.100248 1.178923 0.092813
1520530318.200769 1.176802 0.092511
1520530318.350774 1.178597 0.089444
1520530318.500778 1.182136 0.085839
1520530318.650568 1.184625 0.082731
1520530318.850574 1.190199 0.080045
1520530318.999955 1.203786 0.078505
1520530319.049958 1.209472 0.077484
1520530319.199962 1.216401 0.072329
1520530319.349967 1.209184 0.063844
1520530319.449833 1.199391 0.060972
1520530319.599838 1.197909 0.058824
1520530319.749942 1.195924 0.058063
1520530319.850343 1.191688 0.057865
1520530319.950346 1.191739 0.059295
1520530320.050349 1.191862 0.057605
1520530320.150352 1.189752 0.055933
1520530320.250402 1.187798 0.054577
1520530320.400407 1.185396 0.053400
1520530320.550412 1.183525 0.052384
1520530320.649871 1.187140 0.051663
1520530320.799876 1.193568 0.049626
1520530320.949880 1.197209 0.047283
1520530321.099742 1.196108 0.045587
1520530321.199745 1.199554 0.044846
1520530321.299749 1.199642 0.043918
1520530321.449856 1.191780 0.042248
1520530321.549859 1.189107 0.041457
1520530321.649862 1.193123 0.040950
1520530321.799867 1.196099 0.040359
1520530321.950155 1.206140 0.040075
1520530322.050158 1.199419 0.039384
1520530322.150162 1.199769 0.038931
1520530322.300208 1.201621 0.038652
1520530322.550216 1.204039 0.038337
1520530322.700026 1.209048 0.037770
1520530322.850030 1.208333 0.037055
1520530323.050036 1.207391 0.036143
1520530323.200077 1.204441 0.035830
1520530323.350082 1.204486 0.035412
1520530323.450085 1.205310 0.034654
1520530323.550346 1.203924 0.033651
1520530323.650349 1.203584 0.032879
1520530323.800354 1.203374 0.032269
1520530323.950154 1.204419 0.031942
1520530324.100159 1.204406 0.031754
1520530324.250163 1.204844 0.031492
1520530324.349910 1.205874 0.031242
1520530324.449913 1.203351 0.030922
1520530324.549915 1.204259 0.030615
1520530324.649919 1.204065 0.030354
1520530324.750020 1.203153 0.030172
1520530324.900024 1.203810 0.030165
1520530325.050029 1.203606 0.030042
1520530325.150817 1.205295 0.029876
1520530325.300822 1.206138 0.029478
1520530325.500828 1.212349 0.028868
1520530325.700918 1.213653 0.027936
1520530325.850922 1.214094 0.027480
1520530326.000543 1.212297 0.027214
1520530326.150548 1.212983 0.026938
1520530326.300552 1.213968 0.026668
1520530326.400206 1.214123 0.026568
1520530326.600213 1.215423 0.026479
1520530326.800428 1.215492 0.026442
1520530327.000434 1.216403 0.025860
1520530327.150431 1.217420 0.024433
1520530327.300436 1.217003 0.024076
1520530327.450441 1.217928 0.023858
1520530327.550090 1.218644 0.023662
1520530327.650103 1.219670 0.023441
1520530327.750096 1.221101 0.023250
1520530327.800097 1.219712 0.023173
1520530327.900100 1.218314 0.023068
1520530328.000280 1.219987 0.022921
1520530328.100283 1.219932 0.022794
1520530328.300290 1.219017 0.022594
1520530328.350291 1.219761 0.022554
1520530328.450338 1.219903 0.022501
1520530328.550342 1.220760 0.022476
1520530328.600344 1.220259 0.022455
1520530328.700347 1.219468 0.022430
1520530328.800086 1.220118 0.022401
1520530328.900089 1.220792 0.022315
1520530329.050093 1.222306 0.022114
1520530329.150097 1.222101 0.021975
1520530329.250095 1.221973 0.021811
1520530329.350049 1.223431 0.021630
1520530329.500053 1.223186 0.021350
1520530329.600097 1.223992 0.021244
1520530329.700100 1.224053 0.021162
1520530329.750102 1.224317 0.021131
1520530329.850105 1.224185 0.021078
1520530329.950109 1.224385 0.021029
1520530330.050161 1.224751 0.020939
1520530330.150164 1.225856 0.020781
1520530330.250167 1.226788 0.020558
1520530330.350170 1.226901 0.020301
1520530330.450787 1.226227 0.020092
1520530330.500788 1.226741 0.020016
1520530330.600792 1.226804 0.019950
1520530330.700795 1.227689 0.019943
1520530330.750797 1.227794 0.019933
1520530330.850367 1.227930 0.019887
1520530330.950279 1.227427 0.019792
1520530331.050282 1.227704 0.019697
1520530331.150285 1.229354 0.019634
1520530331.250735 1.229486 0.019581
1520530331.350738 1.230075 0.019561
1520530331.450741 1.229846 0.019549
1520530331.500743 1.229343 0.019544
1520530331.600746 1.229208 0.019515
1520530331.650479 1.229499 0.019476
1520530331.750483 1.229741 0.019344
1520530331.800484 1.229648 0.019244
1520530331.900488 1.229253 0.018974
1520530332.000491 1.229616 0.018716
1520530332.100388 1.229457 0.018497
1520530332.200392 1.229723 0.018330
1520530332.300399 1.229164 0.018216
1520530332.400401 1.229312 0.018166
1520530332.500483 1.229416 0.018142
1520530332.550483 1.229482 0.018138
1520530332.650488 1.229363 0.018132
1520530332.750491 1.229594 0.018097
1520530332.850494 1.230130 0.018035
1520530332.950166 1.230959 0.017977
1520530333.050169 1.231606 0.017928
1520530333.100171 1.231837 0.017912
1520530333.200174 1.232269 0.017886
1520530333.250175 1.232196 0.017860
1520530333.350610 1.232411 0.017806
1520530333.400612 1.232610 0.017779
1520530333.500615 1.232768 0.017743
1520530333.650619 1.233098 0.017730
1520530333.750542 1.233054 0.017712
1520530333.800544 1.233091 0.017710
1520530333.900547 1.233219 0.017701
1520530333.950549 1.233145 0.017695
1520530334.050551 1.232945 0.017648
1520530334.150218 1.234681 0.017522
1520530334.250221 1.235240 0.017397
1520530334.300222 1.235336 0.017350
1520530334.400225 1.235697 0.017270
1520530334.500228 1.235943 0.017212
1520530334.600088 1.236311 0.017166
1520530334.700091 1.236754 0.017134
1520530334.800094 1.237201 0.017104
1520530334.900097 1.237126 0.017065
1520530335.000929 1.236701 0.017021
1520530335.100933 1.236657 0.017014
1520530335.200936 1.236720 0.017002
1520530335.300938 1.236574 0.016989
1520530335.401458 1.236543 0.016975
1520530335.501461 1.236420 0.016964
1520530335.601512 1.236440 0.016956
1520530335.750223 1.236328 0.016949
1520530335.800224 1.236847 0.016949
1520530335.900227 1.236556 0.016929
1520530336.000230 1.236266 0.016901
1520530336.050232 1.236425 0.016890
1520530336.150177 1.236277 0.016867
1520530336.250180 1.236243 0.016841
1520530336.350183 1.236420 0.016794
1520530336.450186 1.236740 0.016730
1520530336.550582 1.236154 0.016653
1520530336.650586 1.236158 0.016607
1520530336.750588 1.236661 0.016570
1520530336.850591 1.236967 0.016546
1520530336.950594 1.236613 0.016531
1520530337.000258 1.236285 0.016523
1520530337.100266 1.236231 0.016504
1520530337.200351 1.235875 0.016484
1520530337.300267 1.235834 0.016475
1520530337.400301 1.236505 0.016480
1520530337.500304 1.236049 0.016471
1520530337.600307 1.236314 0.016452
1520530337.700310 1.236881 0.016418
1520530337.800854 1.236814 0.016347
1520530337.900857 1.237037 0.016291
1520530338.000860 1.236457 0.016229
1520530338.100863 1.236225 0.016183
1520530338.200470 1.235572 0.016133
1520530338.250473 1.235163 0.016125
1520530338.350476 1.234843 0.016104
1520530338.450479 1.234772 0.016086
1520530338.550482 1.234136 0.016071
1520530338.650261 1.234039 0.016048
1520530338.750266 1.234142 0.016031
1520530338.850267 1.233779 0.016008
1520530338.950270 1.233902 0.015986
1520530339.050959 1.233587 0.015961
1520530339.150962 1.234006 0.015935
1520530339.200963 1.233917 0.015930
1520530339.300966 1.233892 0.015917
1520530339.400970 1.233655 0.015903
1520530339.501689 1.233481 0.015902
1520530339.601692 1.233408 0.015893
1520530339.701695 1.233219 0.015881
1520530339.801698 1.233627 0.015859
1520530339.851056 1.233812 0.015852
1520530339.951059 1.234287 0.015830
1520530340.051062 1.234298 0.015801
1520530340.151065 1.234798 0.015787
1520530340.250395 1.235348 0.015764
1520530340.300397 1.235328 0.015746
1520530340.400400 1.235300 0.015713
1520530340.500403 1.235387 0.015686
1520530340.600406 1.235514 0.015664
1520530340.700348 1.235514 0.015643
1520530340.850353 1.235667 0.015636
1520530341.050774 1.235955 0.015625
1520530341.300782 1.236769 0.015608
1520530341.500713 1.236487 0.015602
1520530341.750720 1.236249 0.015590
1520530341.900542 1.235941 0.015577
1520530342.050546 1.236121 0.015562
1520530342.150549 1.235894 0.015544
1520530342.250553 1.236144 0.015532
1520530342.400676 1.236226 0.015500
1520530342.500679 1.236368 0.015485
1520530342.650684 1.236260 0.015451
1520530342.750644 1.236342 0.015419
1520530342.900649 1.236233 0.015355
1520530343.000653 1.236078 0.015293
1520530343.101131 1.235830 0.015220
1520530343.201134 1.235874 0.015145
1520530343.301138 1.235571 0.015039
1520530343.401141 1.235583 0.014947
1520530343.501404 1.235237 0.014835
1520530343.601407 1.234920 0.014724
1520530343.701410 1.235197 0.014599
1520530343.801413 1.235113 0.014463
1520530343.901416 1.234998 0.014329
1520530344.001403 1.234530 0.014190
1520530344.101406 1.234552 0.014061
1520530344.201410 1.234361 0.013923
1520530344.301413 1.234402 0.013796
1520530344.401411 1.234387 0.013686
1520530344.451412 1.234471 0.013627
1520530344.551415 1.234668 0.013522
1520530344.651418 1.234486 0.013416
1520530344.751636 1.234049 0.013320
1520530344.851639 1.233769 0.013239
1520530344.951642 1.234067 0.013190
1520530345.051645 1.234255 0.013112
1520530345.151845 1.234288 0.013052
1520530345.251745 1.234305 0.012992
1520530345.351748 1.234297 0.012946
1520530345.451751 1.234398 0.012900
1520530345.551195 1.234069 0.012862
1520530345.601196 1.234221 0.012850
1520530345.701199 1.234017 0.012806
1520530345.801203 1.233764 0.012780
1520530345.851204 1.233689 0.012768
1520530345.951161 1.233723 0.012742
1520530346.001475 1.233521 0.012731
1520530346.101479 1.233599 0.012705
1520530346.201481 1.234071 0.012695
1520530346.251483 1.234145 0.012680
1520530346.351486 1.234182 0.012663
1520530346.451378 1.234357 0.012652
1520530346.551380 1.234221 0.012638
1520530346.651383 1.233904 0.012626
1520530346.751386 1.233825 0.012617
1520530346.801545 1.233954 0.012612
1520530346.901548 1.234254 0.012603
1520530347.001551 1.234098 0.012593
1520530347.101554 1.233880 0.012587
1520530347.201400 1.234093 0.012583
1520530347.301403 1.234229 0.012580
1520530347.401407 1.234290 0.012572
1520530347.451408 1.234273 0.012568
1520530347.551411 1.234059 0.012563
1520530347.651220 1.233783 0.012561
1520530347.751223 1.233596 0.012557
1520530347.851226 1.233695 0.012554
1520530347.951229 1.233681 0.012552
1520530348.051164 1.233613 0.012548
1520530348.151168 1.233637 0.012545
1520530348.251170 1.233719 0.012543
1520530348.351173 1.233683 0.012541
1520530348.451416 1.233548 0.012539
1520530348.551419 1.233542 0.012539
1520530348.651423 1.233400 0.012539
1520530348.751426 1.233423 0.012536
1520530348.801428 1.233571 0.012536
1520530348.901315 1.233508 0.012536
1520530348.951318 1.233530 0.012535
1520530349.051321 1.233678 0.012536
1520530349.101323 1.233673 0.012535
1520530349.201326 1.233782 0.012534
1520530349.301107 1.233782 0.012533
1520530349.401110 1.233783 0.012531
1520530349.451112 1.233737 0.012532
1520530349.551115 1.233680 0.012533
1520530349.650935 1.233749 0.012532
1520530349.750943 1.233801 0.012531
1520530349.850941 1.233723 0.012531
1520530349.950944 1.233737 0.012530
1520530350.000946 1.233788 0.012529
1520530350.101378 1.233796 0.012530
1520530350.151379 1.233765 0.012529
1520530350.251384 1.233801 0.012529
1520530350.351387 1.233824 0.012528
1520530350.451515 1.233895 0.012528
1520530350.501516 1.233866 0.012526
1520530350.601520 1.233904 0.012526
1520530350.701523 1.234044 0.012525
1520530350.801526 1.234026 0.012525
1520530350.901571 1.234025 0.012523
1520530351.001574 1.234022 0.012522
1520530351.101578 1.234067 0.012521
1520530351.151579 1.234109 0.012521
1520530351.251582 1.234153 0.012519
1520530351.351680 1.234172 0.012518
1520530351.451683 1.234179 0.012518
1520530351.551686 1.234162 0.012517
1520530351.651689 1.234176 0.012516
1520530351.751696 1.234247 0.012515
1520530351.851700 1.234323 0.012512
1520530351.951703 1.234235 0.012513
1520530352.051706 1.234207 0.012511
1520530352.151806 1.234129 0.012511
1520530352.251809 1.234226 0.012510
1520530352.351812 1.234247 0.012510
1520530352.451816 1.234236 0.012509
1520530352.551471 1.234441 0.012508
1520530352.651474 1.234326 0.012504
1520530352.751477 1.234224 0.012506
1520530352.851480 1.234387 0.012504
1520530352.901098 1.234203 0.012503
1520530353.001101 1.233985 0.012505
1520530353.101208 1.233986 0.012503
1520530353.201107 1.234014 0.012503
1520530353.301110 1.233990 0.012503
1520530353.351398 1.233921 0.012503
1520530353.451401 1.233854 0.012502
1520530353.501402 1.233911 0.012502
1520530353.601405 1.234053 0.012501
1520530353.701408 1.234207 0.012499
1520530353.801738 1.233967 0.012501
1520530353.901741 1.233853 0.012499
1520530354.001744 1.233821 0.012500
1520530354.101747 1.233826 0.012498
1520530354.151896 1.233835 0.012499
1520530354.251899 1.234057 0.012498
1520530354.351902 1.233779 0.012496
1520530354.451905 1.233681 0.012497
1520530354.551594 1.233730 0.012497
1520530354.601593 1.233728 0.012497
1520530354.701596 1.233673 0.012497
1520530354.801599 1.233836 0.012496
1520530354.901602 1.233809 0.012495
1520530355.001360 1.233768 0.012493
1520530355.101363 1.233642 0.012494
1520530355.201366 1.233643 0.012494
1520530355.301370 1.233597 0.012494
1520530355.401407 1.233656 0.012493
1520530355.501410 1.233650 0.012493
1520530355.601414 1.233626 0.012493
1520530355.701417 1.233647 0.012490
1520530355.801531 1.233554 0.012490
1520530355.901534 1.233627 0.012492
1520530355.951536 1.233666 0.012492
1520530356.051539 1.233603 0.012492
1520530356.101541 1.233628 0.012490
1520530356.201376 1.233559 0.012491
1520530356.251380 1.233553 0.012490
1520530356.351380 1.233547 0.012491
1520530356.401382 1.233686 0.012489
1520530356.501385 1.233609 0.012490
1520530356.601233 1.233501 0.012490
1520530356.701236 1.233521 0.012490
1520530356.801239 1.233503 0.012490
1520530356.851240 1.233489 0.012490
1520530356.951243 1.233537 0.012489
1520530357.051154 1.233586 0.012489
1520530357.151157 1.233540 0.012489
1520530357.251160 1.233528 0.012488
1520530357.351164 1.233519 0.012488
1520530357.401658 1.233489 0.012488
1520530357.501662 1.233536 0.012488
1520530357.551663 1.233492 0.012488
1520530357.651666 1.233471 0.012488
1520530357.751669 1.233506 0.012488
1520530357.851585 1.233550 0.012486
1520530357.951560 1.233533 0.012487
1520530358.001562 1.233520 0.012486
1520530358.101565 1.233491 0.012487
1520530358.201568 1.233446 0.012487
1520530358.351628 1.233455 0.012486
1520530358.451631 1.233484 0.012486
1520530358.551634 1.233465 0.012485
1520530358.651798 1.233388 0.012486
1520530358.751801 1.233450 0.012486
1520530358.851805 1.233292 0.012486
1520530358.951808 1.233484 0.012485
1520530359.051806 1.233523 0.012485
1520530359.151809 1.233566 0.012485
1520530359.251812 1.233560 0.012485
1520530359.351815 1.233499 0.012484
1520530359.451919 1.233498 0.012485
1520530359.551871 1.233498 0.012484
1520530359.651874 1.233478 0.012484
1520530359.751878 1.233516 0.012484
1520530359.851881 1.233529 0.012484
1520530359.951828 1.233559 0.012484
1520530360.051831 1.233545 0.012484
1520530360.151834 1.233838 0.012482
1520530360.251837 1.233819 0.012483
1520530360.301316 1.233801 0.012481
1520530360.401319 1.233566 0.012483
1520530360.501323 1.233702 0.012483
1520530360.601326 1.233757 0.012482
1520530360.700978 1.233868 0.012482
1520530360.750980 1.233754 0.012482
1520530360.850983 1.233914 0.012481
1520530360.950988 1.233915 0.012482
1520530361.051064 1.234198 0.012479
1520530361.151045 1.233976 0.012482
1520530361.251048 1.233854 0.012481
1520530361.351051 1.233832 0.012482
1520530361.451055 1.233814 0.012482
1520530361.551692 1.233795 0.012482
1520530361.651695 1.233719 0.012477
1520530361.701696 1.233650 0.012480
1520530361.801700 1.233663 0.012482
1520530361.851701 1.233810 0.012482
1520530361.951941 1.233812 0.012482
1520530362.001942 1.233863 0.012481
1520530362.101945 1.234033 0.012481
1520530362.201949 1.233897 0.012481
1520530362.301951 1.233922 0.012481
1520530362.401625 1.233999 0.012480
1520530362.501628 1.234097 0.012481
1520530362.601631 1.234202 0.012480
1520530362.701634 1.234241 0.012479
1520530362.801366 1.234203 0.012478
1520530362.901369 1.234187 0.012479
1520530363.001372 1.234156 0.012479
1520530363.101375 1.234123 0.012479
1520530363.201651 1.234108 0.012478
1520530363.301654 1.234098 0.012479
1520530363.401658 1.234202 0.012478
1520530363.501661 1.234414 0.012478
1520530363.551745 1.234406 0.012477
1520530363.651748 1.234327 0.012478
1520530363.751751 1.234311 0.012478
1520530363.851754 1.234251 0.012477
1520530363.901756 1.234349 0.012478
1520530364.001782 1.234855 0.012477
1520530364.051784 1.235146 0.012476
1520530364.151786 1.234927 0.012476
1520530364.201788 1.234605 0.012476
1520530364.301791 1.234558 0.012477
1520530364.351792 1.234522 0.012476
1520530364.451854 1.234577 0.012476
1520530364.501856 1.234391 0.012475
1520530364.601859 1.234426 0.012475
1520530364.651861 1.234356 0.012476
1520530364.751864 1.234311 0.012477
1520530364.852377 1.234357 0.012477
1520530364.952380 1.234293 0.012477
1520530365.052383 1.234308 0.012477
1520530365.201844 1.234408 0.012478
1520530365.301847 1.234420 0.012477
1520530365.401850 1.234494 0.012477
1520530365.501853 1.234570 0.012477
1520530365.601535 1.234621 0.012476
1520530365.701539 1.234608 0.012476
1520530365.801546 1.234583 0.012476
1520530365.901545 1.234539 0.012476
1520530366.001907 1.234592 0.012476
1520530366.101910 1.234546 0.012475
1520530366.151911 1.234516 0.012475
1520530366.251915 1.234520 0.012476
1520530366.301916 1.234479 0.012476
1520530366.402120 1.234501 0.012475
1520530366.502124 1.234587 0.012475
1520530366.552125 1.234689 0.012474
1520530366.652128 1.234705 0.012475
1520530366.752132 1.234739 0.012474
1520530366.852166 1.234690 0.012475
1520530366.952169 1.234664 0.012475
1520530367.002170 1.234692 0.012475
1520530367.102178 1.234698 0.012475
1520530367.152175 1.234704 0.012475
1520530367.252540 1.234697 0.012475
1520530367.352543 1.234650 0.012475
1520530367.452546 1.234562 0.012474
1520530367.552549 1.234544 0.012475
1520530367.652264 1.234569 0.012475
1520530367.752267 1.234641 0.012475
1520530367.852271 1.234638 0.012474
1520530367.952274 1.234619 0.012474
1520530368.052124 1.234595 0.012474
1520530368.152127 1.234613 0.012474
1520530368.252130 1.234606 0.012474
1520530368.352134 1.234615 0.012475
1520530368.452048 1.234677 0.012473
1520530368.502050 1.234676 0.012474
1520530368.602053 1.234674 0.012474
1520530368.652054 1.234661 0.012472
1520530368.752057 1.234726 0.012474
1520530368.851389 1.235028 0.012469
1520530368.901391 1.234693 0.012473
1520530369.001394 1.234635 0.012474
1520530369.051395 1.234518 0.012473
1520530369.151398 1.234683 0.012474
1520530369.201400 1.234626 0.012474
1520530369.301537 1.234644 0.012474
1520530369.401540 1.234719 0.012474
1520530369.501543 1.234728 0.012474
1520530369.551545 1.234801 0.012474
1520530369.651548 1.234722 0.012474
1520530369.701896 1.234617 0.012474
1520530369.801900 1.234664 0.012474
1520530369.901903 1.234836 0.012474
1520530370.001906 1.234684 0.012473
1520530370.101930 1.234737 0.012474
1520530370.251934 1.234762 0.012474
1520530370.451940 1.234818 0.012474
1520530370.601899 1.234884 0.012473
1520530370.851892 1.234791 0.012473
1520530371.001944 1.234797 0.012473
1520530371.101947 1.234901 0.012473
1520530371.251952 1.234924 0.012473
1520530371.401953 1.234901 0.012473
1520530371.501956 1.234928 0.012473
1520530371.651961 1.234879 0.012474
1520530371.751959 1.234828 0.012473
1520530371.851963 1.234743 0.012473
1520530371.951966 1.234732 0.012473
1520530372.001968 1.234732 0.012473
1520530372.101971 1.234694 0.012472
1520530372.251958 1.234693 0.012472
1520530372.401963 1.234836 0.012472
1520530372.501966 1.234885 0.012473
1520530372.601958 1.234786 0.012473
1520530372.701961 1.234851 0.012473
1520530372.801964 1.234887 0.012473
1520530372.901967 1.234794 0.012472
1520530373.001619 1.234758 0.012473
1520530373.151624 1.234840 0.012473
1520530373.251627 1.234860 0.012473
1520530373.351457 1.234981 0.012473
1520530373.401458 1.234873 0.012473
1520530373.501461 1.234806 0.012473
1520530373.601465 1.234689 0.012473
1520530373.701467 1.234746 0.012473
1520530373.801615 1.234676 0.012473
1520530373.901585 1.234677 0.012472
1520530374.001588 1.234808 0.012473
1520530374.051589 1.234817 0.012473
1520530374.151592 1.234845 0.012473
1520530374.201953 1.234859 0.012472
1520530374.301956 1.234851 0.012472
1520530374.401959 1.234851 0.012472
1520530374.501962 1.234870 0.012473
1520530374.652408 1.234910 0.012473
1520530374.802413 1.234893 0.012473
1520530374.902417 1.234855 0.012472
1520530375.002442 1.234902 0.012473
1520530375.102445 1.235013 0.012472
1520530375.202449 1.234873 0.012472
1520530375.302452 1.234865 0.012472
1520530375.402252 1.234810 0.012472
1520530375.502216 1.234859 0.012472
1520530375.602219 1.234911 0.012472
1520530375.702222 1.234923 0.012470
1520530375.752223 1.234868 0.012472
1520530375.852258 1.234875 0.012472
1520530375.952261 1.234939 0.012472
1520530376.052264 1.234896 0.012473
1520530376.102265 1.234848 0.012470
1520530376.202270 1.234887 0.012472
1520530376.251950 1.234981 0.012471
1520530376.351954 1.234830 0.012469
1520530376.401954 1.234911 0.012471
1520530376.501958 1.234946 0.012472
1520530376.601961 1.234945 0.012472
1520530376.702664 1.234953 0.012472
1520530376.752666 1.234970 0.012472
1520530376.852669 1.234955 0.012472
1520530376.902671 1.234937 0.012472
1520530377.002721 1.234928 0.012472
1520530377.102900 1.234898 0.012472
1520530377.202903 1.234884 0.012472
1520530377.302906 1.234974 0.012472
1520530377.402909 1.234970 0.012472
1520530377.451719 1.235050 0.012470
1520530377.551722 1.235051 0.012471
1520530377.651725 1.234932 0.012472
1520530377.751728 1.235002 0.012472
1520530377.851407 1.235132 0.012472
1520530377.901409 1.235027 0.012471
1520530378.001412 1.235001 0.012472
1520530378.101416 1.235038 0.012472
1520530378.151417 1.235096 0.012471
1520530378.251420 1.235084 0.012472
1520530378.301511 1.234943 0.012471
1520530378.401515 1.234937 0.012471
1520530378.451516 1.234998 0.012470
1520530378.551519 1.234990 0.012471
1520530378.601571 1.234977 0.012472
1520530378.702209 1.235044 0.012472
1520530378.752210 1.235133 0.012472
1520530378.852213 1.235073 0.012471
1520530378.952216 1.235040 0.012472
1520530379.052220 1.235010 0.012472
1520530379.152151 1.234944 0.012472
1520530379.252154 1.234942 0.012472
1520530379.352157 1.234976 0.012472
1520530379.452160 1.234976 0.012472
1520530379.501850 1.235021 0.012472
1520530379.601853 1.235010 0.012472
1520530379.701856 1.235013 0.012472
1520530379.801860 1.235018 0.012472
1520530379.901824 1.234968 0.012472
1520530380.001827 1.235009 0.012472
1520530380.101830 1.235057 0.012471
1520530380.151832 1.235017 0.012471
1520530380.251835 1.235068 0.012472
1520530380.352160 1.234954 0.012471
1520530380.402163 1.234983 0.012471
1520530380.502165 1.235179 0.012471
1520530380.602168 1.235197 0.012471
1520530380.652170 1.235121 0.012471
1520530380.752135 1.235226 0.012472
1520530380.852138 1.235105 0.012472
1520530380.952141 1.235077 0.012471
1520530381.002143 1.235115 0.012472
1520530381.102146 1.235100 0.012472
1520530381.152048 1.235086 0.012471
1520530381.252051 1.235078 0.012471
1520530381.352054 1.235015 0.012472
1520530381.452057 1.235007 0.012471
1520530381.552262 1.235001 0.012472
1520530381.652265 1.235010 0.012472
1520530381.752268 1.234991 0.012472
1520530381.852271 1.235004 0.012471
1520530381.952332 1.235053 0.012472
1520530382.052335 1.235035 0.012472
1520530382.152338 1.235017 0.012472
1520530382.252342 1.234977 0.012471
1520530382.352159 1.235026 0.012471
1520530382.452162 1.235058 0.012472
1520530382.552165 1.235058 0.012471
1520530382.652168 1.235095 0.012472
1520530382.752171 1.235079 0.012472
1520530382.902248 1.235060 0.012472
1520530383.002250 1.235069 0.012472
1520530383.152255 1.235091 0.012472
1520530383.252208 1.235029 0.012471
1520530383.352211 1.235068 0.012472
1520530383.452214 1.235078 0.012472
1520530383.552217 1.235081 0.012472
1520530383.652472 1.235077 0.012472
1520530383.752476 1.235049 0.012472
1520530383.852479 1.235249 0.012470
1520530383.952482 1.235171 0.012471
1520530384.052531 1.235308 0.012472
1520530384.102533 1.235318 0.012471
1520530384.202536 1.235534 0.012471
1520530384.302539 1.235628 0.012471
1520530384.402432 1.235201 0.012471
1520530384.502435 1.235136 0.012472
1520530384.602439 1.235141 0.012471
1520530384.702442 1.235405 0.012468
1520530384.802857 1.235352 0.012471
1520530384.902860 1.235285 0.012471
1520530384.952861 1.235244 0.012471
1520530385.052864 1.235253 0.012471
1520530385.102866 1.235168 0.012471
1520530385.202869 1.235227 0.012472
1520530385.252705 1.235191 0.012471
1520530385.352709 1.235293 0.012471
1520530385.402710 1.235282 0.012471
1520530385.502713 1.235270 0.012471
1520530385.552715 1.235207 0.012471
1520530385.652486 1.235176 0.012471
1520530385.752489 1.235132 0.012471
1520530385.802491 1.235187 0.012471
1520530385.902494 1.235197 0.012472
1520530385.952497 1.235180 0.012472
1520530386.052544 1.235167 0.012472
1520530386.152547 1.235169 0.012471
1520530386.252550 1.235187 0.012471
1520530386.352553 1.235161 0.012471
1520530386.452758 1.235190 0.012471
1520530386.552761 1.235215 0.012472
1520530386.652764 1.235211 0.012471
1520530386.752767 1.235197 0.012471
1520530386.852674 1.235178 0.012472
1520530386.952678 1.235149 0.012472
1520530387.052681 1.235166 0.012471
1520530387.152684 1.235177 0.012471
1520530387.252606 1.235163 0.012472
1520530387.302607 1.235099 0.012472
1520530387.402611 1.235101 0.012471
1520530387.452612 1.235264 0.012472
1520530387.552615 1.235305 0.012471
1520530387.602617 1.235345 0.012471
1520530387.702457 1.235424 0.012472
1520530387.752459 1.235349 0.012471
1520530387.852464 1.235220 0.012472
1520530387.902463 1.235138 0.012471
1520530388.002466 1.235166 0.012471
1520530388.052468 1.235232 0.012470
1520530388.152496 1.235249 0.012470
1520530388.202544 1.235201 0.012470
1520530388.302501 1.235091 0.012471
1520530388.352502 1.235063 0.012470
1520530388.452505 1.235116 0.012471
1520530388.552854 1.235135 0.012471
1520530388.652857 1.235151 0.012471
1520530388.702858 1.235151 0.012469
1520530388.802861 1.235218 0.012471
1520530388.902233 1.235162 0.012470
1520530388.952235 1.235104 0.012471
1520530389.052238 1.235129 0.012471
1520530389.152242 1.235161 0.012471
1520530389.252245 1.235129 0.012471
1520530389.352936 1.235182 0.012471
1520530389.402938 1.235171 0.012471
1520530389.502940 1.235027 0.012471
1520530389.602943 1.235079 0.012471
1520530389.702846 1.235152 0.012471
1520530389.753403 1.235271 0.012470
1520530389.853406 1.235208 0.012471
1520530389.903408 1.235194 0.012471
1520530390.003411 1.235209 0.012471
1520530390.053412 1.235133 0.012469
1520530390.152569 1.235181 0.012471
1520530390.202569 1.235143 0.012471
1520530390.302572 1.235199 0.012471
1520530390.352575 1.235149 0.012471
1520530390.452578 1.235086 0.012471
1520530390.502578 1.235076 0.012471
1520530390.603326 1.235169 0.012471
1520530390.653327 1.235252 0.012471
1520530390.753331 1.235147 0.012471
1520530390.803333 1.235127 0.012471
1520530390.903336 1.235116 0.012471
1520530391.003381 1.235133 0.012470
1520530391.053383 1.235137 0.012471
1520530391.153385 1.235164 0.012471
1520530391.253388 1.235154 0.012472
1520530391.352333 1.235242 0.012471
1520530391.452336 1.235219 0.012472
1520530391.552339 1.235148 0.012471
1520530391.652342 1.235108 0.012471
1520530391.752424 1.235105 0.012471
1520530391.902429 1.235151 0.012471
1520530391.952430 1.235127 0.012471
1520530392.052433 1.235188 0.012471
1520530392.152436 1.235162 0.012471
1520530392.203142 1.235411 0.012471
1520530392.303145 1.235195 0.012471
1520530392.353147 1.235114 0.012471
1520530392.453150 1.235039 0.012471
1520530392.553153 1.235057 0.012471
1520530392.602235 1.235112 0.012471
1520530392.702237 1.235012 0.012470
1520530392.752239 1.235050 0.012470
1520530392.852242 1.234982 0.012471
1520530392.902243 1.234953 0.012471
1520530393.002174 1.234995 0.012471
1520530393.102156 1.235117 0.012471
1520530393.202159 1.235136 0.012471
1520530393.302161 1.235144 0.012471
1520530393.402921 1.235422 0.012472
1520530393.502924 1.235371 0.012471
1520530393.552926 1.235342 0.012472
1520530393.652929 1.235222 0.012472
1520530393.702931 1.235167 0.012472
1520530393.802958 1.235097 0.012471
1520530393.902961 1.235254 0.012470
1520530394.052965 1.235891 0.012434
1520530394.152969 1.235039 0.012472
1520530394.202165 1.235195 0.012468
1520530394.302169 1.235111 0.012472
1520530394.402172 1.235089 0.012471
1520530394.502175 1.235071 0.012471
1520530394.602189 1.235109 0.012471
1520530394.652876 1.235093 0.012470
1520530394.752879 1.235114 0.012470
1520530394.852882 1.235147 0.012472
1520530394.952885 1.235088 0.012471
1520530395.053731 1.235209 0.012472
1520530395.103732 1.235154 0.012472
1520530395.203735 1.235226 0.012472
1520530395.303738 1.235254 0.012472
1520530395.403742 1.235217 0.012472
1520530395.502707 1.235132 0.012472
1520530395.602710 1.235070 0.012471
1520530395.702713 1.235089 0.012471
1520530395.802716 1.235172 0.012471
1520530395.903079 1.235244 0.012471
1520530396.003083 1.235219 0.012472
1520530396.103085 1.235206 0.012471
1520530396.203089 1.235166 0.012472
1520530396.303237 1.235156 0.012472
1520530396.403240 1.235105 0.012471
1520530396.453241 1.235072 0.012471
1520530396.553244 1.235094 0.012471
1520530396.653248 1.235071 0.012471
1520530396.753147 1.235130 0.012471
1520530396.853150 1.235119 0.012471
1520530396.953153 1.235136 0.012471
1520530397.053156 1.235161 0.012471
1520530397.102782 1.235142 0.012471
1520530397.202785 1.235074 0.012471
1520530397.302788 1.235067 0.012470
1520530397.402791 1.235102 0.012471
1520530397.502304 1.235073 0.012470
1520530397.602308 1.235124 0.012471
1520530397.702310 1.235018 0.012469
1520530397.802315 1.235174 0.012471
1520530397.852315 1.235136 0.012471
1520530397.952586 1.235088 0.012471
1520530398.052589 1.235074 0.012471
1520530398.152592 1.235070 0.012470
1520530398.252596 1.234997 0.012470
1520530398.303365 1.235413 0.012471
1520530398.403368 1.235225 0.012472
1520530398.453370 1.235247 0.012471
1520530398.553373 1.235279 0.012472
1520530398.603375 1.235253 0.012472
1520530398.703221 1.235220 0.012472
1520530398.753223 1.235062 0.012471
1520530398.853226 1.235015 0.012471
1520530398.903227 1.235061 0.012471
1520530399.003230 1.235079 0.012471
1520530399.053232 1.234994 0.012470
1520530399.152330 1.235147 0.012468
1520530399.202332 1.235049 0.012469
1520530399.302335 1.235032 0.012470
1520530399.352336 1.235058 0.012470
1520530399.452339 1.235064 0.012471
1520530399.502341 1.235066 0.012470
1520530399.603008 1.235155 0.012471
1520530399.703011 1.235148 0.012471
1520530399.803014 1.235163 0.012470
1520530399.903017 1.235149 0.012471
1520530399.953275 1.235060 0.012471
1520530400.053278 1.235068 0.012471
1520530400.103279 1.234964 0.012471
1520530400.203283 1.235050 0.012471
1520530400.253284 1.235053 0.012471
1520530400.352494 1.235092 0.012471
1520530400.402496 1.235091 0.012469
1520530400.502500 1.235069 0.012469
1520530400.602502 1.235041 0.012469
1520530400.702505 1.235071 0.012469
1520530400.752291 1.235089 0.012471
1520530400.852294 1.235102 0.012470
1520530400.952297 1.235005 0.012469
1520530401.052300 1.235064 0.012471
1520530401.102302 1.235053 0.012471
1520530401.202755 1.235036 0.012471
1520530401.252756 1.235070 0.012470
1520530401.352759 1.235121 0.012471
1520530401.402761 1.235156 0.012471
1520530401.502764 1.235152 0.012471
1520530401.603037 1.235266 0.012471
1520530401.653039 1.235143 0.012470
1520530401.753042 1.235169 0.012471
1520530401.853045 1.235159 0.012471
1520530401.953048 1.235139 0.012471
1520530402.052283 1.235082 0.012471
1520530402.102285 1.235048 0.012471
1520530402.202287 1.235034 0.012471
1520530402.252289 1.235046 0.012471
1520530402.352292 1.235043 0.012471
1520530402.402567 1.235255 0.012468
1520530402.502571 1.235046 0.012471
1520530402.552572 1.235034 0.012470
1520530402.652672 1.235048 0.012471
1520530402.752578 1.235042 0.012471
1520530402.853417 1.235237 0.012470
1520530402.903419 1.235133 0.012470
1520530403.003422 1.235126 0.012471
1520530403.053424 1.235051 0.012471
1520530403.153427 1.234978 0.012470
1520530403.202933 1.234990 0.012471
1520530403.302936 1.235122 0.012471
1520530403.352938 1.235152 0.012471
1520530403.452941 1.235064 0.012471
1520530403.502943 1.234889 0.012471
1520530403.602946 1.234935 0.012471
1520530403.652254 1.235033 0.012470
1520530403.752257 1.235034 0.012470
1520530403.802258 1.235028 0.012469
1520530403.902261 1.235021 0.012470
1520530404.002264 1.235070 0.012471
1520530404.052745 1.235181 0.012470
1520530404.152748 1.235026 0.012471
1520530404.202749 1.235033 0.012471
1520530404.302752 1.235065 0.012471
1520530404.402755 1.235043 0.012470
1520530404.503114 1.235025 0.012470
1520530404.553115 1.235041 0.012470
1520530404.653119 1.235051 0.012471
1520530404.703120 1.235042 0.012471
1520530404.803123 1.235037 0.012471
1520530404.852642 1.235046 0.012470
1520530404.952645 1.235034 0.012471
1520530405.002647 1.235055 0.012471
1520530405.102650 1.235041 0.012471
1520530405.202653 1.235017 0.012471
1520530405.252327 1.235021 0.012471
1520530405.352331 1.235049 0.012471
1520530405.402333 1.235077 0.012470
1520530405.502335 1.235054 0.012471
1520530405.552337 1.235084 0.012470
1520530405.652792 1.235199 0.012470
1520530405.702792 1.235061 0.012470
1520530405.802797 1.235026 0.012471
1520530405.852855 1.235026 0.012471
1520530405.952801 1.235004 0.012470
1520530406.052804 1.235027 0.012471
1520530406.103570 1.235126 0.012470
1520530406.203573 1.235048 0.012470
1520530406.253574 1.234984 0.012470
1520530406.353577 1.235065 0.012471
1520530406.403579 1.235034 0.012471
1520530406.503485 1.235126 0.012470
1520530406.603489 1.235165 0.012470
1520530406.703492 1.235202 0.012471
1520530406.803495 1.235061 0.012471
1520530406.902692 1.235048 0.012470
1520530406.952693 1.234881 0.012470
1520530407.052696 1.234816 0.012469
1520530407.102698 1.234897 0.012471
1520530407.202701 1.235009 0.012470
1520530407.252702 1.235118 0.012469
1520530407.353185 1.235049 0.012470
1520530407.403187 1.234990 0.012469
1520530407.503190 1.234991 0.012469
1520530407.553191 1.235050 0.012470
1520530407.653194 1.235003 0.012470
1520530407.703510 1.234987 0.012471
1520530407.803513 1.235057 0.012470
1520530407.853515 1.235060 0.012470
1520530407.953518 1.235061 0.012470
1520530408.003519 1.235052 0.012470
1520530408.103522 1.235068 0.012470
1520530408.153603 1.235116 0.012470
1520530408.253606 1.235024 0.012470
1520530408.353609 1.235029 0.012470
1520530408.453613 1.235032 0.012470
1520530408.553374 1.235002 0.012470
1520530408.653377 1.234909 0.012468
1520530408.753380 1.234885 0.012469
1520530408.853383 1.234876 0.012469
1520530408.952878 1.234923 0.012468
1520530409.052890 1.234985 0.012469
1520530409.152884 1.234996 0.012469
1520530409.202886 1.234884 0.012470
1520530409.302889 1.234965 0.012470
1520530409.402904 1.234963 0.012470
1520530409.502907 1.235035 0.012470
1520530409.602910 1.235328 0.012471
1520530409.702913 1.235431 0.012470
1520530409.802656 1.235121 0.012470
1520530409.902659 1.235004 0.012469
1520530410.002662 1.234975 0.012470
1520530410.102666 1.235117 0.012460
1520530410.153223 1.235114 0.012462
1520530410.253226 1.235044 0.012468
1520530410.353231 1.235040 0.012469
1520530410.453232 1.235026 0.012471
1520530410.553235 1.235026 0.012470
1520530410.603875 1.235083 0.012470
1520530410.703878 1.235057 0.012471
1520530410.803881 1.235001 0.012470
1520530410.903884 1.235074 0.012471
1520530411.003418 1.235011 0.012470
1520530411.103421 1.234998 0.012470
1520530411.253426 1.235046 0.012470
1520530411.403009 1.235013 0.012471
1520530411.503012 1.235051 0.012471
1520530411.603015 1.235039 0.012470
1520530411.703018 1.234983 0.012470
1520530411.753020 1.235001 0.012470
1520530411.852907 1.235016 0.012470
1520530411.902909 1.235039 0.012470
1520530412.002912 1.234989 0.012470
1520530412.052913 1.234996 0.012470
1520530412.152916 1.235015 0.012470
1520530412.203416 1.235056 0.012469
1520530412.303419 1.235010 0.012470
1520530412.403422 1.235054 0.012470
1520530412.453423 1.235014 0.012470
1520530412.553426 1.235141 0.012470
1520530412.603428 1.235072 0.012470
1520530412.703631 1.235080 0.012470
1520530412.803634 1.235011 0.012470
1520530412.903637 1.235039 0.012469
1520530412.953639 1.234984 0.012469
1520530413.053009 1.235033 0.012469
1520530413.103011 1.235023 0.012469
1520530413.203014 1.235094 0.012471
1520530413.303017 1.235081 0.012470
1520530413.403021 1.235055 0.012470
1520530413.502941 1.235049 0.012470
1520530413.602944 1.235014 0.012470
1520530413.802951 1.234985 0.012470
1520530413.903189 1.235021 0.012470
1520530413.953110 1.235017 0.012467
1520530414.053113 1.234986 0.012470
1520530414.153116 1.234975 0.012470
1520530414.252894 1.234979 0.012470
1520530414.352897 1.234899 0.012469
1520530414.452900 1.235009 0.012470
1520530414.552903 1.235128 0.012470
1520530414.652705 1.235343 0.012469
1520530414.752708 1.235187 0.012470
1520530414.852712 1.235249 0.012469
1520530414.952715 1.234955 0.012470
1520530415.052718 1.234798 0.012470
1520530415.103195 1.234893 0.012470
1520530415.203199 1.235005 0.012470
1520530415.303202 1.234991 0.012471
1520530415.453206 1.235019 0.012470
1520530415.553069 1.235056 0.012470
1520530415.653072 1.234974 0.012470
1520530415.753075 1.234954 0.012470
1520530415.853079 1.235104 0.012469
1520530415.953363 1.235003 0.012468
1520530416.103368 1.235161 0.012469
1520530416.453380 1.235078 0.012470
1520530416.603384 1.235152 0.012468
1520530416.703272 1.235004 0.012470
1520530416.753274 1.235056 0.012468
1520530416.853277 1.234856 0.012469
1520530416.953280 1.234998 0.012470
1520530417.053283 1.235015 0.012468
1520530417.153371 1.234986 0.012469
1520530417.253374 1.234926 0.012470
1520530417.453381 1.235141 0.012470
1520530417.603465 1.235101 0.012469
1520530417.703468 1.235009 0.012468
1520530417.803472 1.235002 0.012469
1520530417.903475 1.234983 0.012469
1520530418.003458 1.234965 0.012470
1520530418.103461 1.234965 0.012470
1520530418.203465 1.234914 0.012469
1520530418.303468 1.234880 0.012468
1520530418.453434 1.234913 0.012470
1520530418.603439 1.234923 0.012470
1520530418.753343 1.235002 0.012470
1520530418.853346 1.235008 0.012469
1520530418.953350 1.235004 0.012469
1520530419.053353 1.235043 0.012468
1520530419.153533 1.235003 0.012469
1520530419.253536 1.235012 0.012469
1520530419.403541 1.235027 0.012469
1520530419.553545 1.235063 0.012469
1520530419.703733 1.235054 0.012470
1520530419.803736 1.235028 0.012469
1520530419.903739 1.235007 0.012469
1520530420.003597 1.235019 0.012469
1520530420.103600 1.235050 0.012470
1520530420.203604 1.235051 0.012470
1520530420.253605 1.235030 0.012469
1520530420.353608 1.234997 0.012468
1520530420.453700 1.235002 0.012469
1520530420.553704 1.234981 0.012470
1520530420.753710 1.234989 0.012468
1520530420.853358 1.235010 0.012469
1520530420.953361 1.235057 0.012468
1520530421.053364 1.235098 0.012466
1520530421.153367 1.235003 0.012469
1520530421.253431 1.235032 0.012470
1520530421.353434 1.234967 0.012469
1520530421.453437 1.234978 0.012470
1520530421.553440 1.235003 0.012469
1520530421.653613 1.234970 0.012469
1520530421.753616 1.234972 0.012469
1520530421.903620 1.235005 0.012469
1520530422.053472 1.234983 0.012468
1520530422.153476 1.234935 0.012469
1520530422.253479 1.234762 0.012467
1520530422.353482 1.234931 0.012468
1520530422.453395 1.235001 0.012467
1520530422.553398 1.234917 0.012468
1520530422.653400 1.234851 0.012468
1520530422.753403 1.234952 0.012469
1520530422.853580 1.234976 0.012469
1520530423.053588 1.235093 0.012470
1520530423.153591 1.235024 0.012469
1520530423.253316 1.234924 0.012469
1520530423.303317 1.234933 0.012469
1520530423.403322 1.234981 0.012469
1520530423.503324 1.234968 0.012469
1520530423.603327 1.235292 0.012470
1520530423.702985 1.235139 0.012469
1520530423.752986 1.235145 0.012468
1520530423.852990 1.235126 0.012468
1520530423.952993 1.235052 0.012469
1520530424.002994 1.235021 0.012468
1520530424.103253 1.235010 0.012467
1520530424.153255 1.235055 0.012468
1520530424.253258 1.235051 0.012469
1520530424.353261 1.235253 0.012449
1520530424.453264 1.234989 0.012468
1520530424.504722 1.234956 0.012469
1520530424.604726 1.235149 0.012469
1520530424.704729 1.235056 0.012469
1520530424.854733 1.235703 0.012419
1520530424.903374 1.235048 0.012452
1520530425.003378 1.235066 0.012469
1520530425.103381 1.235032 0.012469
1520530425.203384 1.235173 0.012459
1520530425.303732 1.235012 0.012469
1520530425.403735 1.235067 0.012469
1520530425.603741 1.235179 0.012469
1520530425.653743 1.235175 0.012466
1520530425.753677 1.235095 0.012469
1520530425.803679 1.235000 0.012469
1520530425.903682 1.235085 0.012469
1520530426.003685 1.235064 0.012468
1520530426.103474 1.235192 0.012470
1520530426.203477 1.235121 0.012469
1520530426.253478 1.235024 0.012469
1520530426.353481 1.235100 0.012469
1520530426.403483 1.235046 0.012467
1520530426.503486 1.235057 0.012469
1520530426.703556 1.235229 0.012470
1520530426.803559 1.235201 0.012469
1520530426.853560 1.235076 0.012468
1520530426.953598 1.235093 0.012467
1520530427.003600 1.235146 0.012469
1520530427.103603 1.235152 0.012468
1520530427.203606 1.235091 0.012469
1520530427.303609 1.235099 0.012469
1520530427.403594 1.235044 0.012469
1520530427.503597 1.235329 0.012468
1520530427.803679 1.235338 0.012470
1520530427.903683 1.235323 0.012470
1520530428.003686 1.235246 0.012469
1520530428.053687 1.235228 0.012468
1520530428.153535 1.235165 0.012469
1520530428.203537 1.235094 0.012468
1520530428.303540 1.235099 0.012469
1520530428.353542 1.235085 0.012469
1520530428.453544 1.235060 0.012469
1520530428.503546 1.235073 0.012469
1520530428.603452 1.235082 0.012469
1520530428.703455 1.235056 0.012469
1520530428.753457 1.235028 0.012469
1520530428.853460 1.235017 0.012469
1520530428.903461 1.235101 0.012469
1520530429.003444 1.235155 0.012469
1520530429.053445 1.235181 0.012469
1520530429.153448 1.235139 0.012469
1520530429.203450 1.235157 0.012469
1520530429.303453 1.234915 0.012468
1520530429.353455 1.234973 0.012469
1520530429.453553 1.235179 0.012468
1520530429.503555 1.235252 0.012469
1520530429.603558 1.235190 0.012469
1520530429.653559 1.235091 0.012469
1520530429.753562 1.235096 0.012469
1520530429.803622 1.235109 0.012469
1520530429.903625 1.235114 0.012469
1520530429.953626 1.235100 0.012469
1520530430.053629 1.235089 0.012469
1520530430.103631 1.235119 0.012469
1520530430.203344 1.235067 0.012469
1520530430.253346 1.235034 0.012469
1520530430.353349 1.235043 0.012469
1520530430.403350 1.235099 0.012469
1520530430.503353 1.235052 0.012469
1520530430.603527 1.234979 0.012469
1520530430.653528 1.235046 0.012469
1520530430.753532 1.235048 0.012469
1520530430.853534 1.235088 0.012469
1520530430.953538 1.235076 0.012469
1520530431.053698 1.235087 0.012469
1520530431.103700 1.235100 0.012469
1520530431.203703 1.235173 0.012469
1520530431.253704 1.235139 0.012469
1520530431.353708 1.235212 0.012469
1520530431.403709 1.235195 0.012468
1520530431.503564 1.235149 0.012469
1520530431.553565 1.235112 0.012469
1520530431.653568 1.235174 0.012469
1520530431.703570 1.235237 0.012469
1520530431.803573 1.235292 0.012469
1520530431.853524 1.235155 0.012469
1520530431.953527 1.235193 0.012469
1520530432.003529 1.235129 0.012468
1520530432.103532 1.235144 0.012469
1520530432.153533 1.235106 0.012468
1520530432.253696 1.235170 0.012469
1520530432.303698 1.235121 0.012469
1520530432.403701 1.235064 0.012469
1520530432.503704 1.235061 0.012469
1520530432.553705 1.235043 0.012469
1520530432.653548 1.235058 0.012469
1520530432.703550 1.235101 0.012468
1520530432.803553 1.235038 0.012469
1520530432.853554 1.235077 0.012469
1520530432.953557 1.235218 0.012469
1520530433.003559 1.235210 0.012469
1520530433.103691 1.235288 0.012469
1520530433.153693 1.235311 0.012469
1520530433.253695 1.235285 0.012469
1520530433.353699 1.235293 0.012469
1520530433.453702 1.235155 0.012469
1520530433.553795 1.235093 0.012469
1520530433.653798 1.235044 0.012469
1520530433.703799 1.235042 0.012469
1520530433.803803 1.235041 0.012469
1520530433.903631 1.235076 0.012469
1520530434.003634 1.235084 0.012469
1520530434.053635 1.235077 0.012469
1520530434.153638 1.235071 0.012469
1520530434.203641 1.235044 0.012469
1520530434.303478 1.235011 0.012469
1520530434.353481 1.235002 0.012469
1520530434.453483 1.234980 0.012469
1520530434.503485 1.235085 0.012469
1520530434.603488 1.235095 0.012468
1520530434.653489 1.235075 0.012468
1520530434.753658 1.235077 0.012469
1520530434.803658 1.235079 0.012469
1520530434.903661 1.235085 0.012468
1520530434.953663 1.235031 0.012469
1520530435.053667 1.235005 0.012469
1520530435.153798 1.235005 0.012469
1520530435.203799 1.235021 0.012469
1520530435.303802 1.235052 0.012469
1520530435.353804 1.235053 0.012469
1520530435.453807 1.235055 0.012469
1520530435.504086 1.235033 0.012469
1520530435.604089 1.235014 0.012469
1520530435.654091 1.235026 0.012468
1520530435.754094 1.235036 0.012469
1520530435.804096 1.235042 0.012468
1520530435.904099 1.235037 0.012469
1520530435.953835 1.235031 0.012469
1520530436.053838 1.235023 0.012469
1520530436.103839 1.235020 0.012469
1520530436.203843 1.235019 0.012469
1520530436.303846 1.234997 0.012469
1520530436.403957 1.234920 0.012469
1520530436.553962 1.234997 0.012469
1520530436.703966 1.235102 0.012469
1520530436.804032 1.235223 0.012469
1520530436.854034 1.235106 0.012468
1520530436.954037 1.235041 0.012469
1520530437.004039 1.235165 0.012468
1520530437.104042 1.235074 0.012467
1520530437.153533 1.235065 0.012466
1520530437.253536 1.235055 0.012469
1520530437.303539 1.235009 0.012469
1520530437.403543 1.235066 0.012469
1520530437.453545 1.235114 0.012468
1520530437.553870 1.235034 0.012468
1520530437.603872 1.235004 0.012469
1520530437.703875 1.235041 0.012469
1520530437.753876 1.235035 0.012469
1520530437.853879 1.234973 0.012469
1520530437.954482 1.235007 0.012469
1520530438.054484 1.235025 0.012469
1520530438.154486 1.235055 0.012469
1520530438.204487 1.235067 0.012469
1520530438.304490 1.235070 0.012469
1520530438.354492 1.234971 0.012469
1520530438.453623 1.234923 0.012468
1520530438.503624 1.234923 0.012469
1520530438.603628 1.234980 0.012469
1520530438.703631 1.234955 0.012469
1520530438.753632 1.235004 0.012468
1520530438.854392 1.235048 0.012469
1520530438.954395 1.235041 0.012469
1520530439.104398 1.235068 0.012469
1520530439.204654 1.235101 0.012469
1520530439.354659 1.235067 0.012468
1520530439.604177 1.234762 0.012469
1520530439.704263 1.234901 0.012468
1520530439.804183 1.234914 0.012469
1520530439.904186 1.235021 0.012469
1520530440.004099 1.235099 0.012468
1520530440.154104 1.235138 0.012469
1520530440.304109 1.235259 0.012468
1520530440.404112 1.235342 0.012469
1520530440.503979 1.235393 0.012468
1520530440.603982 1.235539 0.012468
1520530440.703986 1.235406 0.012468
1520530440.853871 1.235346 0.012468
1520530440.953874 1.235268 0.012469
1520530441.053876 1.235227 0.012468
1520530441.153883 1.235177 0.012468
1520530441.253889 1.235183 0.012469
1520530441.353892 1.235130 0.012469
1520530441.453895 1.235058 0.012469
1520530441.553898 1.235010 0.012469
1520530441.654083 1.235031 0.012469
1520530441.804088 1.235069 0.012469
1520530441.954092 1.235094 0.012469
1520530442.054030 1.234992 0.012466
1520530442.154034 1.234947 0.012468
1520530442.254038 1.234989 0.012466
1520530442.354040 1.235076 0.012465
1520530442.453714 1.235010 0.012468
1520530442.503716 1.235043 0.012464
1520530442.603719 1.235004 0.012468
1520530442.703722 1.234967 0.012468
1520530442.753723 1.234993 0.012467
1520530442.853726 1.235044 0.012468
1520530442.904376 1.235012 0.012468
1520530443.004379 1.234984 0.012468
1520530443.104382 1.234962 0.012468
1520530443.204385 1.234954 0.012469
1520530443.354468 1.235028 0.012469
1520530443.504473 1.235106 0.012468
1520530443.604476 1.235059 0.012469
1520530443.704013 1.235127 0.012465
1520530443.754014 1.235082 0.012468
1520530443.854018 1.235057 0.012469
1520530443.954022 1.235061 0.012468
1520530444.054024 1.235040 0.012469
1520530444.154403 1.235009 0.012468
1520530444.254406 1.235009 0.012468
1520530444.354410 1.234979 0.012469
1520530444.454413 1.234983 0.012469
1520530444.505161 1.235051 0.012468
1520530444.605164 1.234832 0.012467
1520530444.705167 1.234906 0.012469
1520530444.805170 1.234997 0.012469
1520530444.905173 1.235080 0.012470
1520530445.004964 1.234972 0.012469
1520530445.054965 1.234954 0.012469
1520530445.154968 1.235003 0.012468
1520530445.204970 1.234973 0.012468
1520530445.304973 1.234939 0.012468
1520530445.353892 1.234947 0.012468
1520530445.453896 1.234936 0.012466
1520530445.503898 1.234961 0.012468
1520530445.603900 1.234943 0.012468
1520530445.653902 1.234928 0.012466
1520530445.753751 1.234944 0.012465
1520530445.803752 1.234923 0.012467
1520530445.903755 1.234937 0.012468
1520530445.953757 1.234941 0.012468
1520530446.053761 1.234925 0.012468
1520530446.154954 1.235007 0.012467
1520530446.204900 1.234923 0.012468
1520530446.304903 1.234927 0.012469
1520530446.404906 1.234889 0.012468
1520530446.504909 1.234946 0.012468
1520530446.604785 1.234978 0.012468
1520530446.704788 1.235013 0.012467
1520530446.804791 1.235035 0.012466
1520530446.904794 1.235023 0.012466
1520530447.004332 1.234982 0.012466
1520530447.104335 1.234928 0.012468
1520530447.204338 1.235119 0.012468
1520530447.304342 1.234958 0.012468
1520530447.404124 1.235023 0.012468
1520530447.554128 1.235028 0.012468
1520530447.704133 1.235053 0.012468
1520530447.954077 1.235071 0.012468
1520530448.253886 1.235167 0.012468
1520530449.053906 1.235024 0.012467
