1403636904.651666 0.000146 0.004410 0.000000 0.102954 0.106399 0.000000
1403636905.001667 -0.005206  0.012508 -0.000000 0.102851 0.106230 0.000000
1403636905.401667 -0.004416  0.010450  0.000000 0.102241 0.105942 0.000000
1403636905.851666 -0.004556  0.010692  0.000000 0.099948 0.105450 0.000000
1403636906.401667 -0.005011  0.010501  0.000000 0.096724 0.103053 0.000000
1403636906.851666 -0.006942  0.014562  0.000000 0.095034 0.101649 0.000000
1403636907.301666 -0.007713  0.016271  0.000000 0.093449 0.099948 0.000000
1403636907.651666 -0.007933  0.016852  0.000000 0.091592 0.097476 0.000000
1403636907.901667 -0.008100  0.016984  0.000000 0.090227 0.095471 0.000000
1403636908.151666 -0.008044  0.016977  0.000000 0.088727 0.093146 0.000000
1403636908.451666 -0.007907  0.017042  0.000000 0.086488 0.090092 0.000000
1403636908.751667 -0.007829  0.017193  0.000000 0.083308 0.086377 0.000000
1403636909.001667 -0.007760  0.017355 -0.000000 0.080069 0.082684 0.000000
1403636909.201667 -0.007754  0.017634 -0.000000 0.077249 0.079402 0.000000
1403636909.401667 -0.007648  0.017604 -0.000000 0.074456 0.075945 0.000000
1403636909.651666 -0.007557  0.017588 -0.000000 0.071057 0.071689 0.000000
1403636909.851666 -0.007479  0.017909 -0.000000 0.068492 0.068568 0.000000
1403636910.101666 -0.007433  0.018204 -0.000000 0.065264 0.065204 0.000000
1403636910.351666 -0.007317  0.018576 -0.000000 0.062079 0.062265 0.000000
1403636910.651666 -0.007172  0.018705 -0.000001 0.058836 0.059314 0.000000
1403636910.951666 -0.006789  0.019124 -0.000001 0.055866 0.056661 0.000000
1403636911.251667 -0.006313  0.019613 -0.000002 0.053228 0.054249 0.000000
1403636911.551666 -0.005909  0.020305 -0.000001 0.050869 0.052022 0.000000
1403636911.901667 -0.005718  0.021552 -0.000001 0.048468 0.049764 0.000000
1403636912.251667 -0.005750  0.022363 -0.000000 0.046535 0.047781 0.000000
1403636912.651666 -0.005779  0.023446 -0.000000 0.044821 0.045904 0.000000
1403636913.001667 -0.005695  0.024353 -0.000001 0.043660 0.044597 0.000000
1403636913.551666 -0.005621  0.024835 -0.000001 0.042406 0.043114 0.000000
1403636914.001667 -0.005312  0.025096 -0.000001 0.041716 0.042208 0.000000
1403636914.401667 -0.004810  0.025535 -0.000002 0.041241 0.041542 0.000000
1403636914.801666 -0.003955  0.026221 -0.000002 0.040830 0.040952 0.000000
1403636915.251667 -0.003258  0.026724 -0.000002 0.040458 0.040459 0.000000
1403636915.701667 -0.002369  0.027303 -0.000002 0.040119 0.040111 0.000000
1403636916.001667 -0.001673  0.027759 -0.000001 0.039987 0.039933 0.000000
1403636916.351666 -0.001079  0.028241 -0.000001 0.039767 0.039763 0.000000
1403636916.601666 -0.000650  0.028633 -0.000001 0.039632 0.039686 0.000000
1403636916.901667 -0.000299  0.028983 -0.000001 0.039568 0.039684 0.000000
1403636917.301666  0.000100  0.029285 -0.000001 0.039175 0.039408 0.000000
1403636917.501667  0.000347  0.029448 -0.000001 0.038339 0.038722 0.000000
1403636917.801666  0.000489  0.029531 -0.000001 0.035304 0.035950 0.000000
1403636918.801666  0.001026  0.029403 -0.000002 0.018670 0.019769 0.000000
1403636919.101666  0.001957  0.028927 -0.000002 0.015031 0.015921 0.000000
1403636919.401667  0.002389  0.028516 -0.000001 0.012364 0.012832 0.000000
1403636919.751667  0.002747  0.028319 -0.000001 0.009917 0.010071 0.000000
1403636920.501667  0.003822  0.027162 -0.000003 0.006692 0.006552 0.000000
1403636921.601666  0.006334  0.024916 -0.000003 0.004604 0.004385 0.000000
1403636921.901667  0.007024  0.023982 -0.000001 0.004238 0.004041 0.000000
1403636922.351666 0.006758 0.023703 0.000000 0.003735 0.003602 0.000000
1403636922.851666 0.006207 0.023749 0.000001 0.003211 0.003152 0.000000
1403636923.401667 0.005778 0.023735 0.000000 0.002696 0.002668 0.000000
1403636924.701667 0.006054 0.024066 0.000000 0.001831 0.001834 0.000000
1403636925.251667 0.005815 0.024290 0.000000 0.001631 0.001633 0.000000
1403636925.501667  0.005879  0.024382 -0.000000 0.001541 0.001546 0.000000
1403636926.001667  0.006018  0.024335 -0.000000 0.001377 0.001375 0.000000
1403636926.251667  0.005964  0.024278 -0.000000 0.001305 0.001293 0.000000
1403636926.851666  0.005981  0.024251 -0.000000 0.001129 0.001118 0.000000
1403636927.151666 0.005652 0.024749 0.000000 0.001049 0.001044 0.000000
1403636927.351666 0.005520 0.025138 0.000000 0.000998 0.000998 0.000000
1403636927.601666 0.005446 0.025125 0.000000 0.000934 0.000938 0.000000
1403636928.051666 0.005238 0.025065 0.000000 0.000826 0.000834 0.000000
1403636928.301666  0.005183  0.024992 -0.000000 0.000771 0.000780 0.000000
1403636928.701667 0.005069 0.024877 0.000000 0.000692 0.000700 0.000000
1403636929.101666 0.004906 0.024849 0.000000 0.000625 0.000630 0.000000
1403636929.451666  0.004825  0.024862 -0.000000 0.000574 0.000577 0.000000
1403636929.951666 0.004598 0.024846 0.000000 0.000514 0.000517 0.000000
1403636930.451666 0.004258 0.024879 0.000000 0.000468 0.000470 0.000000
1403636931.001667  0.004322  0.024881 -0.000000 0.000431 0.000430 0.000000
1403636931.251667  0.004408  0.024907 -0.000000 0.000418 0.000416 0.000000
1403636931.601666  0.004573  0.024953 -0.000000 0.000400 0.000395 0.000000
1403636932.351666  0.004991  0.024861 -0.000000 0.000367 0.000359 0.000000
1403636932.751667 0.005023 0.024955 0.000000 0.000355 0.000345 0.000000
1403636933.101666 0.005060 0.024830 0.000000 0.000341 0.000333 0.000000
1403636933.351666  0.005032  0.024757 -0.000000 0.000331 0.000325 0.000000
1403636933.801666 0.005032 0.024648 0.000000 0.000311 0.000307 0.000000
1403636934.201667  0.005060  0.024646 -0.000000 0.000295 0.000291 0.000000
1403636934.401667 0.004965 0.024748 0.000000 0.000287 0.000283 0.000000
1403636934.601666 0.004939 0.024805 0.000000 0.000279 0.000275 0.000000
1403636934.801666  0.004974  0.024716 -0.000000 0.000271 0.000267 0.000000
1403636935.301666  0.005030  0.024499 -0.000000 0.000250 0.000245 0.000000
1403636935.901667  0.005128  0.024272 -0.000000 0.000225 0.000220 0.000000
1403636936.501667  0.005437  0.023995 -0.000000 0.000205 0.000198 0.000000
1403636937.151666  0.005701  0.023607 -0.000000 0.000187 0.000181 0.000000
1403636937.901667  0.005883  0.023450 -0.000000 0.000171 0.000165 0.000000
1403636938.301666  0.005977  0.023433 -0.000000 0.000163 0.000158 0.000000
1403636938.651666 0.006000 0.023431 0.000000 0.000157 0.000153 0.000000
1403636939.001667 0.005989 0.023590 0.000000 0.000152 0.000148 0.000000
1403636939.501667 0.005853 0.023668 0.000000 0.000145 0.000141 0.000000
1403636939.901667  0.005790  0.023702 -0.000000 0.000140 0.000135 0.000000
1403636940.201667 0.005736 0.023790 0.000000 0.000136 0.000132 0.000000
1403636940.501667 0.005623 0.023864 0.000000 0.000133 0.000129 0.000000
1403636940.701667  0.005573  0.023898 -0.000000 0.000132 0.000127 0.000000
1403636940.901667  0.005570  0.023903 -0.000000 0.000130 0.000125 0.000000
1403636941.101666  0.005588  0.023893 -0.000000 0.000128 0.000123 0.000000
1403636941.351666 0.005483 0.023972 0.000000 0.000125 0.000120 0.000000
1403636941.601666 0.005411 0.023971 0.000000 0.000123 0.000118 0.000000
1403636941.851666 0.005314 0.023989 0.000000 0.000120 0.000116 0.000000
1403636942.101666 0.005224 0.024006 0.000000 0.000118 0.000113 0.000000
1403636942.351666  0.005177  0.023995 -0.000000 0.000116 0.000111 0.000000
1403636942.601666 0.005105 0.023999 0.000000 0.000114 0.000110 0.000000
1403636942.801666 0.005089 0.024000 0.000000 0.000113 0.000109 0.000000
1403636943.051666 0.005101 0.023996 0.000000 0.000111 0.000107 0.000000
1403636943.301666 0.005090 0.024032 0.000000 0.000110 0.000105 0.000000
1403636943.551666 0.004956 0.024051 0.000000 0.000110 0.000105 0.000000
1403636943.801666 0.004932 0.024042 0.000000 0.000108 0.000103 0.000000
1403636944.001667 0.004889 0.024011 0.000000 0.000107 0.000102 0.000000
1403636944.151666 0.004821 0.023993 0.000000 0.000106 0.000101 0.000000
1403636944.451666  0.004794  0.023943 -0.000000 0.000105 0.000100 0.000000
1403636944.651666  0.004789  0.023907 -0.000000 0.000104 0.000099 0.000000
1403636944.801666  0.004787  0.023898 -0.000000 0.000103 0.000099 0.000000
1403636945.201667 0.004787 0.023883 0.000000 0.000101 0.000097 0.000000
1403636945.751667  0.004814  0.023848 -0.000000 0.000100 0.000096 0.000000
1403636946.201667 0.004800 0.023837 0.000000 0.000098 0.000095 0.000000
1403636946.551666 0.004783 0.023840 0.000000 0.000098 0.000094 0.000000
1403636946.851666 0.004771 0.023818 0.000000 0.000097 0.000093 0.000000
1403636947.201667 0.004761 0.023811 0.000000 0.000096 0.000092 0.000000
1403636947.401667  0.004779  0.023815 -0.000000 0.000096 0.000092 0.000000
1403636948.301666  0.004814  0.023796 -0.000000 0.000094 0.000091 0.000000
1403636948.751667  0.004846  0.023787 -0.000000 0.000093 0.000090 0.000000
1403636948.951666  0.004860  0.023802 -0.000000 0.000093 0.000090 0.000000
1403636949.301666  0.004875  0.023834 -0.000000 0.000093 0.000089 0.000000
1403636949.651666 0.004880 0.023863 0.000000 0.000092 0.000089 0.000000
1403636949.951666  0.004872  0.023907 -0.000000 0.000092 0.000088 0.000000
1403636950.401667 0.004815 0.023977 0.000000 0.000091 0.000088 0.000000
1403636950.751667 0.004795 0.024038 0.000000 0.000091 0.000087 0.000000
1403636951.051666 0.004776 0.024037 0.000000 0.000090 0.000087 0.000000
1403636951.301666  0.004765  0.024037 -0.000000 0.000090 0.000087 0.000000
1403636951.601666 0.004756 0.024037 0.000000 0.000090 0.000087 0.000000
1403636951.851666 0.004727 0.024034 0.000000 0.000089 0.000086 0.000000
1403636952.051666  0.004732  0.024048 -0.000000 0.000089 0.000086 0.000000
1403636952.251667 0.004732 0.024107 0.000000 0.000089 0.000086 0.000000
1403636952.451666 0.004726 0.024143 0.000000 0.000089 0.000086 0.000000
1403636952.651666 0.004723 0.024188 0.000000 0.000089 0.000085 0.000000
1403636952.901667  0.004733  0.024173 -0.000000 0.000088 0.000085 0.000000
1403636953.151666 0.004734 0.024179 0.000000 0.000088 0.000085 0.000000
1403636953.401667 0.004736 0.024164 0.000000 0.000088 0.000085 0.000000
1403636953.651666 0.004767 0.024139 0.000000 0.000087 0.000084 0.000000
1403636953.851666 0.004779 0.024101 0.000000 0.000087 0.000084 0.000000
1403636954.001667 0.004764 0.024070 0.000000 0.000087 0.000084 0.000000
1403636954.151666  0.004762  0.024037 -0.000000 0.000087 0.000084 0.000000
1403636954.351666  0.004751  0.024009 -0.000000 0.000087 0.000084 0.000000
1403636954.501667 0.004741 0.023989 0.000000 0.000087 0.000084 0.000000
1403636954.651666  0.004738  0.023993 -0.000000 0.000086 0.000084 0.000000
1403636954.801666 0.004729 0.023978 0.000000 0.000086 0.000083 0.000000
1403636954.951666 0.004720 0.023987 0.000000 0.000086 0.000083 0.000000
1403636955.101666 0.004706 0.023984 0.000000 0.000086 0.000083 0.000000
1403636955.251667 0.004691 0.023991 0.000000 0.000086 0.000083 0.000000
1403636955.401667 0.004680 0.024003 0.000000 0.000086 0.000083 0.000000
1403636955.551666  0.004674  0.024006 -0.000000 0.000086 0.000083 0.000000
1403636955.701667  0.004671  0.024030 -0.000000 0.000086 0.000083 0.000000
1403636955.901667  0.004658  0.024047 -0.000000 0.000085 0.000083 0.000000
1403636956.101666 0.004642 0.024084 0.000000 0.000085 0.000082 0.000000
1403636956.301666  0.004630  0.024101 -0.000000 0.000085 0.000082 0.000000
1403636956.501667  0.004630  0.024106 -0.000000 0.000085 0.000082 0.000000
1403636956.701667  0.004622  0.024100 -0.000000 0.000085 0.000082 0.000000
1403636956.901667 0.004611 0.024092 0.000000 0.000084 0.000082 0.000000
1403636957.051666 0.004615 0.024102 0.000000 0.000084 0.000082 0.000000
1403636957.201667 0.004619 0.024116 0.000000 0.000084 0.000082 0.000000
1403636957.451666 0.004637 0.024128 0.000000 0.000084 0.000081 0.000000
1403636957.751667 0.004654 0.024152 0.000000 0.000084 0.000081 0.000000
1403636957.951666  0.004666  0.024143 -0.000000 0.000084 0.000081 0.000000
1403636958.151666  0.004674  0.024132 -0.000000 0.000084 0.000081 0.000000
1403636958.401667 0.004666 0.024119 0.000000 0.000084 0.000081 0.000000
1403636959.301666 0.004658 0.024137 0.000000 0.000084 0.000081 0.000000
1403636960.001667  0.004668  0.024133 -0.000000 0.000084 0.000081 0.000000
1403636960.551666  0.004674  0.024117 -0.000000 0.000083 0.000081 0.000000
1403636960.901667 0.004680 0.024108 0.000000 0.000083 0.000081 0.000000
1403636961.101666  0.004682  0.024094 -0.000000 0.000083 0.000081 0.000000
1403636961.301666  0.004678  0.024086 -0.000000 0.000083 0.000081 0.000000
1403636961.551666  0.004682  0.024067 -0.000000 0.000083 0.000081 0.000000
1403636961.751667  0.004687  0.024062 -0.000000 0.000083 0.000081 0.000000
1403636961.951666  0.004691  0.024053 -0.000000 0.000083 0.000081 0.000000
1403636962.151666 0.004692 0.024048 0.000000 0.000083 0.000081 0.000000
1403636962.351666 0.004697 0.024041 0.000000 0.000083 0.000081 0.000000
1403636962.501667  0.004701  0.024037 -0.000000 0.000083 0.000080 0.000000
1403636962.651666  0.004708  0.024029 -0.000000 0.000083 0.000080 0.000000
1403636962.851666  0.004713  0.024014 -0.000000 0.000082 0.000080 0.000000
1403636963.101666  0.004708  0.024009 -0.000000 0.000082 0.000080 0.000000
1403636963.451666  0.004706  0.023990 -0.000000 0.000081 0.000079 0.000000
1403636963.801666  0.004700  0.023959 -0.000000 0.000081 0.000079 0.000000
1403636964.151666 0.004683 0.023930 0.000000 0.000080 0.000078 0.000000
1403636964.551666  0.004655  0.023908 -0.000000 0.000079 0.000077 0.000000
1403636964.801666 0.004627 0.023899 0.000000 0.000079 0.000077 0.000000
1403636964.951666  0.004564  0.023883 -0.000000 0.000079 0.000077 0.000000
1403636965.101666  0.004522  0.023881 -0.000000 0.000079 0.000076 0.000000
1403636965.251667  0.004512  0.023890 -0.000000 0.000078 0.000076 0.000000
1403636965.401667 0.004515 0.023896 0.000000 0.000078 0.000076 0.000000
1403636965.551666  0.004519  0.023900 -0.000000 0.000078 0.000076 0.000000
1403636965.701667  0.004534  0.023890 -0.000000 0.000077 0.000075 0.000000
1403636965.851666  0.004563  0.023881 -0.000000 0.000077 0.000075 0.000000
1403636966.051666  0.004581  0.023853 -0.000000 0.000077 0.000075 0.000000
1403636966.301666  0.004589  0.023838 -0.000000 0.000076 0.000074 0.000000
1403636966.501667  0.004597  0.023830 -0.000000 0.000076 0.000074 0.000000
1403636966.801666 0.004605 0.023825 0.000000 0.000075 0.000073 0.000000
1403636967.101666  0.004608  0.023811 -0.000000 0.000075 0.000073 0.000000
1403636967.401667  0.004621  0.023790 -0.000000 0.000075 0.000072 0.000000
1403636967.701667  0.004624  0.023771 -0.000000 0.000074 0.000072 0.000000
1403636968.001667 0.004617 0.023763 0.000000 0.000074 0.000071 0.000000
1403636968.251667 0.004614 0.023759 0.000000 0.000074 0.000071 0.000000
1403636968.551666  0.004588  0.023758 -0.000000 0.000073 0.000071 0.000000
1403636968.851666  0.004568  0.023744 -0.000000 0.000073 0.000070 0.000000
1403636969.151666 0.004555 0.023732 0.000000 0.000073 0.000070 0.000000
1403636969.401667 0.004528 0.023710 0.000000 0.000073 0.000070 0.000000
1403636969.751667 0.004505 0.023691 0.000000 0.000072 0.000069 0.000000
1403636970.101666  0.004491  0.023681 -0.000000 0.000072 0.000069 0.000000
1403636970.351666 0.004479 0.023666 0.000000 0.000072 0.000069 0.000000
1403636970.551666 0.004447 0.023618 0.000000 0.000072 0.000069 0.000000
1403636970.751667 0.004430 0.023609 0.000000 0.000071 0.000069 0.000000
1403636970.951666 0.004441 0.023620 0.000000 0.000071 0.000068 0.000000
1403636971.151666 0.004437 0.023617 0.000000 0.000071 0.000068 0.000000
1403636971.351666  0.004429  0.023615 -0.000000 0.000071 0.000068 0.000000
1403636971.601666  0.004412  0.023606 -0.000000 0.000071 0.000068 0.000000
1403636971.801666  0.004413  0.023589 -0.000000 0.000071 0.000068 0.000000
1403636972.101666  0.004406  0.023575 -0.000000 0.000070 0.000068 0.000000
1403636972.751667  0.004412  0.023561 -0.000000 0.000070 0.000067 0.000000
1403636973.301666  0.004420  0.023536 -0.000000 0.000070 0.000067 0.000000
1403636973.651666 0.004440 0.023535 0.000000 0.000070 0.000067 0.000000
1403636974.201667 0.004447 0.023517 0.000000 0.000069 0.000067 0.000000
1403636974.401667  0.004444  0.023524 -0.000000 0.000069 0.000067 0.000000
1403636974.601666  0.004424  0.023509 -0.000000 0.000069 0.000067 0.000000
1403636974.801666  0.004437  0.023520 -0.000000 0.000069 0.000066 0.000000
1403636975.051666 0.004411 0.023518 0.000000 0.000069 0.000066 0.000000
1403636975.401667  0.004406  0.023521 -0.000000 0.000069 0.000066 0.000000
1403636976.151666  0.004411  0.023514 -0.000000 0.000069 0.000066 0.000000
1403636976.401667 0.004416 0.023510 0.000000 0.000069 0.000066 0.000000
1403636976.601666  0.004429  0.023509 -0.000000 0.000069 0.000066 0.000000
1403636976.901667  0.004426  0.023502 -0.000000 0.000069 0.000066 0.000000
1403636977.551666 0.004443 0.023519 0.000000 0.000069 0.000066 0.000000
1403636978.051666 0.004447 0.023534 0.000000 0.000069 0.000066 0.000000
1403636978.501667 0.004455 0.023540 0.000000 0.000069 0.000066 0.000000
1403636978.901667  0.004460  0.023548 -0.000000 0.000069 0.000066 0.000000
1403636979.151666  0.004467  0.023553 -0.000000 0.000069 0.000066 0.000000
1403636979.451666 0.004473 0.023567 0.000000 0.000069 0.000066 0.000000
1403636979.751667  0.004478  0.023567 -0.000000 0.000069 0.000066 0.000000
1403636979.951666  0.004484  0.023568 -0.000000 0.000069 0.000066 0.000000
1403636980.201667  0.004495  0.023567 -0.000000 0.000069 0.000066 0.000000
1403636980.451666  0.004505  0.023566 -0.000000 0.000069 0.000066 0.000000
1403636980.801666 0.004510 0.023570 0.000000 0.000068 0.000066 0.000000
1403636981.101666  0.004505  0.023590 -0.000000 0.000068 0.000066 0.000000
1403636981.401667  0.004500  0.023612 -0.000000 0.000068 0.000066 0.000000
1403636981.701667  0.004496  0.023629 -0.000000 0.000068 0.000066 0.000000
1403636981.951666  0.004494  0.023643 -0.000000 0.000068 0.000066 0.000000
1403636982.151666  0.004494  0.023652 -0.000000 0.000068 0.000066 0.000000
1403636982.351666  0.004494  0.023657 -0.000000 0.000068 0.000066 0.000000
1403636982.501667  0.004495  0.023661 -0.000000 0.000068 0.000066 0.000000
1403636982.701667  0.004498  0.023672 -0.000000 0.000068 0.000066 0.000000
1403636982.851666  0.004499  0.023679 -0.000000 0.000068 0.000066 0.000000
1403636983.001667  0.004502  0.023685 -0.000000 0.000068 0.000066 0.000000
1403636983.151666  0.004502  0.023690 -0.000000 0.000068 0.000066 0.000000
1403636983.351666  0.004504  0.023697 -0.000000 0.000068 0.000066 0.000000
1403636983.551666  0.004509  0.023702 -0.000000 0.000068 0.000066 0.000000
1403636983.751667  0.004513  0.023704 -0.000000 0.000068 0.000066 0.000000
1403636983.901667  0.004516  0.023705 -0.000000 0.000068 0.000066 0.000000
1403636984.051666  0.004516  0.023703 -0.000000 0.000068 0.000066 0.000000
1403636984.201667 0.004517 0.023701 0.000000 0.000068 0.000066 0.000000
1403636984.401667 0.004521 0.023698 0.000000 0.000068 0.000066 0.000000
1403636984.601666 0.004521 0.023693 0.000000 0.000068 0.000066 0.000000
1403636984.851666 0.004523 0.023685 0.000000 0.000068 0.000066 0.000000
1403636985.051666 0.004530 0.023677 0.000000 0.000068 0.000066 0.000000
1403636985.251667 0.004541 0.023666 0.000000 0.000068 0.000066 0.000000
1403636985.451666  0.004548  0.023655 -0.000000 0.000068 0.000066 0.000000
1403636985.651666 0.004554 0.023645 0.000000 0.000068 0.000066 0.000000
1403636985.851666 0.004558 0.023637 0.000000 0.000068 0.000066 0.000000
1403636986.051666 0.004564 0.023631 0.000000 0.000068 0.000066 0.000000
1403636986.301666  0.004572  0.023626 -0.000000 0.000068 0.000066 0.000000
1403636986.601666 0.004578 0.023622 0.000000 0.000068 0.000066 0.000000
1403636986.901667  0.004584  0.023616 -0.000000 0.000068 0.000066 0.000000
1403636987.151666 0.004586 0.023614 0.000000 0.000068 0.000066 0.000000
1403636987.451666 0.004589 0.023611 0.000000 0.000068 0.000066 0.000000
1403636987.801666 0.004593 0.023608 0.000000 0.000068 0.000065 0.000000
1403636988.101666 0.004595 0.023605 0.000000 0.000068 0.000065 0.000000
1403636988.501667  0.004592  0.023601 -0.000000 0.000067 0.000065 0.000000
1403636989.001667  0.004596  0.023592 -0.000000 0.000067 0.000065 0.000000
1403636989.351666 0.004600 0.023592 0.000000 0.000067 0.000065 0.000000
1403636989.601666 0.004596 0.023597 0.000000 0.000067 0.000065 0.000000
1403636989.951666 0.004593 0.023600 0.000000 0.000067 0.000065 0.000000
1403636990.301666 0.004593 0.023604 0.000000 0.000067 0.000065 0.000000
1403636990.601666  0.004595  0.023605 -0.000000 0.000067 0.000065 0.000000
1403636990.951666 0.004595 0.023606 0.000000 0.000067 0.000065 0.000000
1403636991.251667 0.004593 0.023608 0.000000 0.000067 0.000065 0.000000
1403636991.601666 0.004594 0.023603 0.000000 0.000067 0.000065 0.000000
1403636992.001667  0.004598  0.023605 -0.000000 0.000067 0.000065 0.000000
1403636992.401667 0.004599 0.023604 0.000000 0.000067 0.000065 0.000000
1403636992.801666  0.004599  0.023602 -0.000000 0.000067 0.000065 0.000000
1403636993.301666  0.004593  0.023603 -0.000000 0.000067 0.000065 0.000000
1403636993.551666  0.004591  0.023600 -0.000000 0.000067 0.000065 0.000000
1403636993.851666  0.004602  0.023600 -0.000000 0.000067 0.000065 0.000000
1403636994.201667  0.004603  0.023602 -0.000000 0.000067 0.000065 0.000000
1403636994.551666  0.004601  0.023605 -0.000000 0.000067 0.000065 0.000000
1403636994.801666  0.004600  0.023606 -0.000000 0.000067 0.000065 0.000000
1403636995.201667 0.004599 0.023609 0.000000 0.000067 0.000065 0.000000
1403636995.601666  0.004598  0.023611 -0.000000 0.000067 0.000065 0.000000
1403636996.001667  0.004598  0.023611 -0.000000 0.000067 0.000065 0.000000
1403636996.451666  0.004600  0.023611 -0.000000 0.000067 0.000065 0.000000
1403636996.751667  0.004594  0.023612 -0.000000 0.000067 0.000065 0.000000
1403636996.951666  0.004585  0.023612 -0.000000 0.000067 0.000065 0.000000
1403636997.151666 0.004594 0.023613 0.000000 0.000067 0.000065 0.000000
1403636997.451666 0.004596 0.023612 0.000000 0.000067 0.000065 0.000000
1403636998.051666 0.004597 0.023613 0.000000 0.000067 0.000065 0.000000
1403636998.501667  0.004605  0.023617 -0.000000 0.000067 0.000065 0.000000
1403636998.801666 0.004597 0.023620 0.000000 0.000067 0.000065 0.000000
1403636999.301666  0.004587  0.023626 -0.000000 0.000067 0.000065 0.000000
1403636999.801666 0.004586 0.023632 0.000000 0.000067 0.000065 0.000000
1403637000.301666  0.004581  0.023637 -0.000000 0.000067 0.000065 0.000000
1403637000.801666 0.004574 0.023636 0.000000 0.000067 0.000065 0.000000
1403637001.201667 0.004580 0.023637 0.000000 0.000067 0.000065 0.000000
1403637001.551666  0.004582  0.023635 -0.000000 0.000067 0.000065 0.000000
1403637001.951666 0.004587 0.023631 0.000000 0.000067 0.000065 0.000000
1403637002.401667  0.004596  0.023638 -0.000000 0.000067 0.000065 0.000000
1403637002.901667  0.004610  0.023641 -0.000000 0.000067 0.000065 0.000000
1403637003.351666  0.004617  0.023644 -0.000000 0.000067 0.000065 0.000000
1403637003.851666  0.004627  0.023646 -0.000000 0.000067 0.000065 0.000000
1403637004.351666  0.004627  0.023637 -0.000000 0.000067 0.000065 0.000000
1403637004.751667  0.004615  0.023624 -0.000000 0.000067 0.000065 0.000000
1403637005.101666  0.004614  0.023619 -0.000000 0.000067 0.000065 0.000000
1403637005.251667  0.004648  0.023640 -0.000000 0.000067 0.000065 0.000000
1403637005.351666  0.004659  0.023644 -0.000000 0.000067 0.000065 0.000000
1403637005.501667  0.004666  0.023645 -0.000000 0.000067 0.000065 0.000000
1403637005.701667  0.004664  0.023642 -0.000000 0.000067 0.000065 0.000000
1403637006.251667  0.004674  0.023644 -0.000000 0.000066 0.000065 0.000000
1403637006.801666  0.004680  0.023649 -0.000000 0.000066 0.000065 0.000000
1403637007.001667  0.004681  0.023648 -0.000000 0.000066 0.000065 0.000000
1403637007.201667  0.004682  0.023647 -0.000000 0.000066 0.000065 0.000000
1403637007.451666 0.004683 0.023638 0.000000 0.000066 0.000065 0.000000
1403637007.601666 0.004685 0.023638 0.000000 0.000066 0.000065 0.000000
1403637007.751667 0.004688 0.023637 0.000000 0.000066 0.000065 0.000000
1403637007.951666  0.004697  0.023640 -0.000000 0.000066 0.000065 0.000000
1403637008.151666  0.004701  0.023639 -0.000000 0.000066 0.000065 0.000000
1403637008.351666  0.004710  0.023638 -0.000000 0.000066 0.000065 0.000000
1403637008.551666  0.004717  0.023633 -0.000000 0.000066 0.000065 0.000000
