1403636904.651666 -0.162819  0.549916  0.100357 0.159301 0.382644 0.168557
1403636905.001667 -0.160690  0.527766 -0.021546 0.155866 0.408479 0.167666
1403636905.401667 -0.191850  0.434357  0.157522 0.161871 0.399875 0.164340
1403636905.851666 -0.269112  0.306027 -0.053431 0.160312 0.322624 0.160668
1403636906.401667 -0.409498  0.222712  0.071971 0.184269 0.235193 0.146198
1403636906.851666 -0.369160  0.308314 -0.084132 0.196865 0.208117 0.143609
1403636907.301666 -0.424821  0.254274 -0.073156 0.211323 0.198970 0.141986
1403636907.651666 -0.536956  0.315031  0.170188 0.238889 0.194424 0.143964
1403636907.901667 -0.598385  0.401172  0.098381 0.252980 0.195855 0.148033
1403636908.151666 -0.636222  0.445531  0.045192 0.271252 0.206879 0.153181
1403636908.451666 -0.584522  0.413749 -0.059330 0.290240 0.222133 0.152303
1403636908.751667 -0.579141  0.390010  0.032185 0.308186 0.230984 0.150959
1403636909.001667 -0.645079  0.396877  0.229581 0.331987 0.237623 0.152663
1403636909.201667 -0.690145  0.433379  0.128506 0.340983 0.238486 0.155114
1403636909.401667 -0.751770  0.474622  0.046114 0.358967 0.244050 0.157981
1403636909.651666 -0.758762  0.496043 -0.103257 0.378957 0.253289 0.156023
1403636909.851666 -0.737551  0.522522 -0.198518 0.386218 0.258672 0.156644
1403636910.101666 -0.660205  0.380765 -0.248357 0.375984 0.252037 0.154404
1403636910.351666 -0.626194  0.298878 -0.045590 0.353245 0.224024 0.153102
1403636910.651666 -0.631888  0.272684 -0.033109 0.331391 0.202946 0.148195
1403636910.951666 -0.641616  0.241019 -0.134924 0.316634 0.188122 0.144688
1403636911.251667 -0.527974  0.255208 -0.011141 0.299307 0.176320 0.139639
1403636911.551666 -0.476693  0.223604  0.123835 0.270332 0.167890 0.131044
1403636911.901667 -0.471973  0.232765 -0.084525 0.251391 0.157663 0.127548
1403636912.251667 -0.515702  0.317876  0.007238 0.238513 0.155493 0.127637
1403636912.651666 -0.528767  0.368798 -0.076757 0.231859 0.157283 0.127264
1403636913.001667 -0.485933  0.487617 -0.214090 0.223467 0.164554 0.128694
1403636913.551666 -0.389288  0.503046  0.014218 0.200326 0.184489 0.131058
1403636914.001667 -0.340537  0.504782  0.109265 0.177874 0.193726 0.128514
1403636914.401667 -0.290541  0.505176  0.004423 0.161795 0.193354 0.124751
1403636914.801666 -0.264835  0.453283  0.181560 0.152032 0.195959 0.122141
1403636915.251667 -0.241129  0.390121 -0.116316 0.141808 0.182593 0.119773
1403636915.701667 -0.360549  0.397001  0.047059 0.142601 0.174073 0.119260
1403636916.001667 -0.295821  0.468911  0.176233 0.141098 0.174058 0.117381
1403636916.351666 -0.230195  0.427548  0.161169 0.138096 0.174833 0.116955
1403636916.601666 -0.232477  0.406818  0.073051 0.133683 0.169984 0.118294
1403636916.901667 -0.212021  0.299457 -0.069864 0.131903 0.160822 0.115806
1403636917.301666 -0.167972  0.227750 -0.271457 0.139071 0.154304 0.114581
1403636917.501667 -0.151677  0.206375 -0.328538 0.145700 0.154958 0.115967
1403636917.801666 -0.135179  0.143944 -0.118915 0.167174 0.171557 0.116237
1403636918.801666 -0.294866 -0.063744  0.355411 0.243849 0.236587 0.111007
1403636919.101666 -0.229486  0.078353  0.441997 0.215211 0.204033 0.110111
1403636919.401667 -0.051349  0.201790  0.350976 0.195926 0.188889 0.113040
1403636919.751667 0.051959 0.191338 0.135265 0.180980 0.181378 0.113427
1403636920.501667  0.333944  0.099385 -0.118413 0.179851 0.178801 0.107839
1403636921.601666  0.298847 -0.046198 -0.171644 0.198667 0.178109 0.110526
1403636921.901667  0.241868  0.066774 -0.199977 0.175114 0.153505 0.108102
1403636922.351666  0.182802  0.066764 -0.051847 0.162506 0.145004 0.107601
1403636922.851666  0.044616  0.042956 -0.131667 0.155666 0.145743 0.107537
1403636923.401667  0.228090  0.025824 -0.239145 0.158328 0.150074 0.107554
1403636924.701667 -0.314028  0.418188  0.029489 0.197860 0.202370 0.112296
1403636925.251667 -0.013082  0.485885 -0.327642 0.152896 0.169260 0.109245
1403636925.501667 -0.086841  0.500553 -0.318729 0.143612 0.165590 0.110074
1403636926.001667 -0.472891  0.676948  0.073863 0.149791 0.181290 0.108588
1403636926.251667 -0.452163  0.604142 -0.126572 0.150195 0.182339 0.107212
1403636926.851666 -0.133899  0.475076  0.050191 0.155742 0.185907 0.107890
1403636927.151666 -0.025407  0.531257 -0.066842 0.145101 0.176477 0.106498
1403636927.351666  0.039558  0.527875 -0.187095 0.140153 0.174528 0.106436
1403636927.601666  0.005195  0.571984 -0.204574 0.138318 0.174980 0.107348
1403636928.051666 -0.182614  0.820717 -0.064078 0.143595 0.195617 0.106826
1403636928.301666 -0.236625  0.874394 -0.157195 0.142222 0.206938 0.106499
1403636928.701667 -0.181301  0.762732 -0.057517 0.143128 0.221032 0.106854
1403636929.101666 -0.234344  0.743856  0.284471 0.143690 0.222121 0.105169
1403636929.451666 -0.087557  0.663333  0.173783 0.139448 0.209924 0.104905
1403636929.951666 -0.033511  0.534066 -0.000663 0.135702 0.195282 0.104987
1403636930.451666 0.074178 0.449485 0.222274 0.134078 0.177171 0.105640
1403636931.001667  0.225978  0.356082 -0.103287 0.131443 0.159584 0.105452
1403636931.251667 0.376616 0.309922 0.034921 0.129182 0.151708 0.104683
1403636931.601666 0.410398 0.087051 0.166054 0.132498 0.142092 0.104718
1403636932.351666  0.307252 -0.224196 -0.012647 0.147808 0.138991 0.105595
1403636932.751667  0.210739 -0.460890  0.277440 0.139297 0.132484 0.105093
1403636933.101666  0.167232 -0.588932 -0.016563 0.133193 0.134445 0.105284
1403636933.351666  0.124561 -0.593750 -0.152512 0.129967 0.138934 0.104399
1403636933.801666  0.064580 -0.427278  0.024546 0.130928 0.147182 0.104188
1403636934.201667  0.127948 -0.468065 -0.180591 0.128138 0.147119 0.104107
1403636934.401667  0.137069 -0.504242 -0.220995 0.126708 0.146454 0.104003
1403636934.601666  0.191298 -0.537886 -0.041902 0.127124 0.148468 0.104050
1403636934.801666  0.229177 -0.569679  0.128043 0.128382 0.151973 0.103882
1403636935.301666  0.199129 -0.459554  0.281375 0.136428 0.161213 0.104763
1403636935.901667  0.297227 -0.490056 -0.166671 0.138847 0.162427 0.105067
1403636936.501667  0.385851 -0.222882 -0.011509 0.143284 0.153211 0.104854
1403636937.151666  0.336132 -0.132202  0.126419 0.146320 0.143704 0.104962
1403636937.901667  0.240538 -0.072592 -0.242793 0.145186 0.139705 0.105652
1403636938.301666  0.007577 -0.224549 -0.252108 0.131809 0.130375 0.106069
1403636938.651666  0.169408 -0.424792 -0.007905 0.126396 0.129545 0.105528
1403636939.001667  0.361712 -0.517997  0.029044 0.126107 0.132249 0.104475
1403636939.501667  0.377649 -0.506107 -0.027942 0.130818 0.139834 0.104522
1403636939.901667  0.325229 -0.640364 -0.032045 0.129815 0.142703 0.103972
1403636940.201667  0.342980 -0.729815 -0.188964 0.127754 0.145938 0.103918
1403636940.501667  0.377165 -0.784974 -0.217937 0.127666 0.151085 0.104396
1403636940.701667  0.413643 -0.800597 -0.055575 0.127944 0.155155 0.104480
1403636940.901667  0.436437 -0.762456  0.085401 0.128559 0.158808 0.104083
1403636941.101666  0.457144 -0.681850  0.213912 0.129050 0.160009 0.103510
1403636941.351666  0.438756 -0.640084  0.168367 0.129713 0.159011 0.103242
1403636941.601666  0.404817 -0.648532  0.036726 0.129492 0.157423 0.103219
1403636941.851666  0.369933 -0.647484  0.065911 0.129466 0.156497 0.103164
1403636942.101666  0.377117 -0.620027  0.198827 0.128919 0.155454 0.103251
1403636942.351666  0.387075 -0.645976  0.041373 0.127738 0.154020 0.103349
1403636942.601666  0.442381 -0.667859 -0.089589 0.127663 0.153293 0.103191
1403636942.801666  0.500394 -0.649887 -0.105058 0.128083 0.152573 0.103043
1403636943.051666  0.527208 -0.612136  0.111655 0.130407 0.151783 0.103039
1403636943.301666  0.489787 -0.619933  0.034249 0.131123 0.149743 0.103046
1403636943.551666  0.434918 -0.631269 -0.110971 0.130963 0.148498 0.103007
1403636943.801666  0.366028 -0.656153 -0.249277 0.129960 0.147691 0.103096
1403636944.001667  0.320327 -0.651337 -0.350956 0.128145 0.147263 0.103531
1403636944.151666  0.334787 -0.570099 -0.245034 0.127105 0.146206 0.103845
1403636944.451666  0.388296 -0.338532  0.011692 0.127492 0.142277 0.103922
1403636944.651666  0.321662 -0.295089  0.097377 0.126307 0.136482 0.103424
1403636944.801666  0.222184 -0.280093  0.161622 0.124544 0.132941 0.103067
1403636945.201667  0.087226 -0.317552 -0.063525 0.121306 0.128266 0.103083
1403636945.751667 -0.052128 -0.321117 -0.096075 0.121807 0.130277 0.103619
1403636946.201667 -0.108166 -0.110724 -0.308510 0.118089 0.124308 0.103812
1403636946.551666 -0.190372 -0.117998 -0.461117 0.115292 0.119343 0.105195
1403636946.851666 -0.200597 -0.162796 -0.297624 0.114517 0.117333 0.106278
1403636947.201667  0.090402 -0.254780 -0.307683 0.114341 0.116947 0.107288
1403636947.401667  0.170717 -0.134593 -0.147557 0.113005 0.116041 0.107056
1403636948.301666  0.132550  0.371040 -0.217253 0.137262 0.136896 0.106767
1403636948.751667 -0.200623  0.590248 -0.156298 0.123178 0.126606 0.106117
1403636948.951666 -0.328231  0.622201 -0.034031 0.118054 0.124211 0.105090
1403636949.301666 -0.320159  0.513580 -0.195000 0.115282 0.123688 0.104423
1403636949.651666 -0.270175  0.391282 -0.165205 0.115225 0.122948 0.104580
1403636949.951666 -0.204272  0.340750 -0.011754 0.114825 0.120851 0.104036
1403636950.401667 -0.083919  0.489030 -0.108313 0.115941 0.122269 0.103537
1403636950.751667 -0.182185  0.521695 -0.041769 0.114675 0.122872 0.103463
1403636951.051666 -0.246196  0.460868  0.194154 0.114209 0.123036 0.103026
1403636951.301666 -0.202847  0.421865  0.029033 0.112944 0.121356 0.102791
1403636951.601666 -0.143400  0.516242 -0.074084 0.112395 0.121232 0.102793
1403636951.851666 -0.120183  0.629187  0.059145 0.111857 0.122483 0.102762
1403636952.051666 -0.170340  0.665675  0.036428 0.111041 0.123344 0.102676
1403636952.251667 -0.225799  0.662267 -0.085679 0.110526 0.124271 0.102632
1403636952.451666 -0.225882  0.609082 -0.189078 0.110318 0.124813 0.102662
1403636952.651666 -0.239104  0.522862 -0.171452 0.110323 0.124651 0.102831
1403636952.901667 -0.275530  0.464246 -0.132373 0.110989 0.123940 0.103010
1403636953.151666 -0.228189  0.472853 -0.274419 0.111214 0.122833 0.103210
1403636953.401667 -0.130545  0.497909 -0.188055 0.111288 0.122672 0.103629
1403636953.651666 -0.115921  0.505577 -0.033277 0.110996 0.123028 0.103529
1403636953.851666 -0.160782  0.563637  0.135151 0.110663 0.123381 0.103091
1403636954.001667 -0.216491  0.617731  0.167077 0.110346 0.123742 0.102747
1403636954.151666 -0.245482  0.644849  0.091461 0.110112 0.124227 0.102586
1403636954.351666 -0.274841  0.715375  0.123232 0.110420 0.125637 0.102524
1403636954.501667 -0.294491  0.753436  0.203131 0.110545 0.126682 0.102486
1403636954.651666 -0.292480  0.816007  0.078523 0.110466 0.127801 0.102521
1403636954.801666 -0.309239  0.842109 -0.118587 0.110437 0.129166 0.102489
1403636954.951666 -0.336839  0.838939 -0.215924 0.110557 0.130647 0.102474
1403636955.101666 -0.362311  0.802952 -0.201997 0.110829 0.131871 0.102544
1403636955.251667 -0.388183  0.812347 -0.083428 0.111350 0.133028 0.102612
1403636955.401667 -0.425214  0.804405 -0.012413 0.111963 0.133897 0.102594
1403636955.551666 -0.448441  0.803090 -0.113010 0.112579 0.134230 0.102584
1403636955.701667 -0.488636  0.772973 -0.133643 0.113334 0.134591 0.102637
1403636955.901667 -0.528600  0.776105 -0.000441 0.114983 0.135263 0.102663
1403636956.101666 -0.497372  0.724956  0.148269 0.116433 0.135402 0.102532
1403636956.301666 -0.405703  0.641205  0.036211 0.116681 0.134116 0.102474
1403636956.501667 -0.392766  0.602107 -0.073428 0.116347 0.132420 0.102454
1403636956.701667 -0.441221  0.541486 -0.175605 0.116329 0.130452 0.102496
1403636956.901667 -0.361279  0.434123 -0.037957 0.116478 0.127843 0.102538
1403636957.051666 -0.309513  0.371044  0.080393 0.115800 0.125264 0.102477
1403636957.201667 -0.297050  0.322962  0.170694 0.115079 0.122610 0.102430
1403636957.451666 -0.283569  0.285318  0.023196 0.114584 0.119198 0.102521
1403636957.751667 -0.293266  0.255334 -0.180221 0.114276 0.116379 0.102531
1403636957.951666 -0.276871  0.219538 -0.193553 0.113606 0.114141 0.102528
1403636958.151666 -0.208580  0.242120 -0.029067 0.113154 0.112645 0.102569
1403636958.401667 -0.118302  0.212409  0.205945 0.112650 0.112035 0.102466
1403636959.301666 -0.143622  0.271339 -0.225808 0.134868 0.135621 0.105107
1403636960.001667 -0.229759  0.169521  0.015550 0.130965 0.130372 0.104865
1403636960.551666 -0.379629  0.121270 -0.111329 0.123166 0.121317 0.103910
1403636960.901667 -0.448133 -0.007646 -0.219983 0.119232 0.115198 0.103543
1403636961.101666 -0.450022 -0.047356 -0.087842 0.117710 0.112408 0.103389
1403636961.301666 -0.416632 -0.058756  0.050057 0.116901 0.110789 0.103090
1403636961.551666 -0.379157 -0.086614  0.242606 0.117340 0.110577 0.102711
1403636961.751667 -0.352979 -0.106435  0.348373 0.117315 0.110376 0.102652
1403636961.951666 -0.343189 -0.135476  0.225457 0.116834 0.110106 0.102827
1403636962.151666 -0.321900 -0.160407  0.193536 0.116697 0.110339 0.102904
1403636962.351666 -0.302912 -0.199584  0.300523 0.116824 0.111143 0.103186
1403636962.501667 -0.282770 -0.218029  0.392783 0.116719 0.111564 0.103606
1403636962.651666 -0.263641 -0.254745  0.357782 0.116509 0.111995 0.104139
1403636962.851666 -0.242517 -0.347315  0.212400 0.116559 0.112831 0.104587
1403636963.101666 -0.184463 -0.443441  0.081153 0.117392 0.114867 0.104401
1403636963.451666 -0.058544 -0.480160 -0.045478 0.118628 0.119175 0.103546
1403636963.801666  0.016627 -0.496933  0.166038 0.119521 0.123169 0.103271
1403636964.151666  0.089830 -0.546039  0.323769 0.119631 0.125990 0.103914
1403636964.551666  0.148156 -0.645882  0.091099 0.119335 0.129002 0.104178
1403636964.801666  0.187673 -0.769135 -0.024530 0.117739 0.129911 0.103490
1403636964.951666  0.242896 -0.865823  0.064673 0.118012 0.131447 0.103188
1403636965.101666  0.301167 -0.920142  0.157289 0.118146 0.133590 0.103129
1403636965.251667  0.332538 -0.947353  0.235866 0.118946 0.135786 0.103200
1403636965.401667  0.301498 -0.979054  0.339167 0.119638 0.138842 0.103457
1403636965.551666  0.143416 -1.003829  0.506024 0.120348 0.141841 0.103983
1403636965.701667  0.034365 -0.982758  0.570059 0.120010 0.144941 0.104986
1403636965.851666  0.044512 -0.911116  0.438117 0.119181 0.146839 0.105775
1403636966.051666  0.086456 -0.889928  0.299476 0.118730 0.148306 0.106059
1403636966.301666  0.155355 -0.910969  0.135466 0.118629 0.150028 0.105551
1403636966.501667  0.210242 -0.882541  0.010496 0.118109 0.150887 0.104620
1403636966.801666  0.307811 -0.730505 -0.009089 0.119148 0.149852 0.103334
1403636967.101666  0.402407 -0.635015  0.035012 0.120382 0.146298 0.102954
1403636967.401667  0.486297 -0.605115 -0.028678 0.121741 0.141958 0.102620
1403636967.701667  0.596322 -0.612455 -0.002178 0.124071 0.138701 0.102580
1403636968.001667  0.685698 -0.636950 -0.352199 0.125445 0.135843 0.102485
1403636968.251667  0.793700 -0.631013 -0.277855 0.127395 0.134660 0.102857
1403636968.551666  0.882003 -0.613258 -0.050473 0.132198 0.134493 0.103150
1403636968.851666  0.945045 -0.644483 -0.016093 0.136976 0.133465 0.102964
1403636969.151666  0.988818 -0.678725  0.167904 0.142811 0.133235 0.102673
1403636969.401667  0.971915 -0.656126  0.309834 0.146252 0.132353 0.102458
1403636969.751667  0.824829 -0.650993  0.116333 0.147918 0.131896 0.102679
1403636970.101666  0.685123 -0.635932 -0.035422 0.145782 0.131308 0.102641
1403636970.351666  0.695266 -0.633181 -0.064916 0.142138 0.130282 0.102466
1403636970.551666  0.641303 -0.632685 -0.035000 0.140902 0.129483 0.102348
1403636970.751667  0.538505 -0.643644  0.117094 0.138302 0.129321 0.102293
1403636970.951666  0.366644 -0.657268  0.061643 0.134043 0.128570 0.102269
1403636971.151666  0.195877 -0.629494 -0.044914 0.128733 0.127935 0.102226
1403636971.351666  0.123641 -0.493011 -0.154175 0.123773 0.126601 0.102167
1403636971.601666  0.071185 -0.283885 -0.259482 0.119418 0.123603 0.102236
1403636971.801666  0.069985 -0.204492 -0.336484 0.116772 0.120280 0.102415
1403636972.101666  0.158000 -0.120083 -0.181637 0.116091 0.118055 0.102795
1403636972.751667 0.103447 0.008433 0.117225 0.126804 0.125739 0.103312
1403636973.301666  0.096392  0.031422 -0.195113 0.121879 0.120422 0.103213
1403636973.651666  0.050029  0.000340 -0.294104 0.116899 0.115604 0.103075
1403636974.201667  0.064896  0.022167 -0.086423 0.120221 0.119058 0.103369
1403636974.401667  0.049306  0.039168 -0.186484 0.116234 0.115298 0.103087
1403636974.601666  0.056435  0.025729 -0.273761 0.113729 0.112774 0.103056
1403636974.801666  0.091427 -0.006184 -0.156506 0.112444 0.111330 0.103055
1403636975.051666 0.057863 0.057945 0.036451 0.111767 0.110949 0.102743
1403636975.401667  0.020398  0.091982 -0.108996 0.111636 0.111148 0.102570
1403636976.151666 -0.087834  0.139188 -0.022387 0.127603 0.127334 0.103877
1403636976.401667  0.035595  0.222628 -0.158080 0.119323 0.119395 0.103231
1403636976.601666  0.116139  0.256364 -0.249896 0.115115 0.115562 0.102988
1403636976.901667  0.123684  0.258614 -0.335884 0.112846 0.113370 0.103298
1403636977.551666  0.142519  0.399516 -0.151707 0.122883 0.124183 0.104009
1403636978.051666  0.249675  0.409442 -0.136444 0.120072 0.122203 0.104162
1403636978.501667 0.231266 0.404293 0.125779 0.119640 0.121950 0.103326
1403636978.901667  0.069037  0.584918 -0.062322 0.117063 0.120775 0.102919
1403636979.151666  0.010071  0.596684 -0.216048 0.114254 0.120045 0.102781
1403636979.451666 -0.064108  0.573972 -0.136440 0.113355 0.120500 0.102941
1403636979.751667 -0.175578  0.660707  0.045086 0.112960 0.121598 0.102635
1403636979.951666 -0.260790  0.710704  0.060776 0.112181 0.121988 0.102334
1403636980.201667 -0.315051  0.692842 -0.089062 0.112224 0.123032 0.102221
1403636980.451666 -0.343125  0.655759 -0.211807 0.112590 0.124103 0.102250
1403636980.801666 -0.307296  0.592439 -0.099837 0.114948 0.125850 0.102552
1403636981.101666 -0.351053  0.569226 -0.063571 0.115343 0.125270 0.102445
1403636981.401667 -0.304330  0.544626 -0.192175 0.115242 0.123666 0.102466
1403636981.701667 -0.248321  0.527273 -0.058149 0.115352 0.123176 0.102597
1403636981.951666 -0.327418  0.533566  0.095737 0.115115 0.122338 0.102335
1403636982.151666 -0.414960  0.606122  0.015336 0.114586 0.121356 0.102168
1403636982.351666 -0.479650  0.736917 -0.041071 0.114663 0.121594 0.102116
1403636982.501667 -0.471495  0.816203  0.027556 0.114900 0.122498 0.102069
1403636982.701667 -0.429006  0.864185  0.070548 0.115268 0.124150 0.102023
1403636982.851666 -0.394735  0.874071  0.031963 0.114988 0.125027 0.101976
1403636983.001667 -0.398862  0.905289 -0.052607 0.114691 0.126011 0.101961
1403636983.151666 -0.395350  0.910698 -0.132627 0.114443 0.127068 0.101953
1403636983.351666 -0.393283  0.878894 -0.220542 0.114447 0.128486 0.102004
1403636983.551666 -0.395873  0.816130 -0.161741 0.114736 0.129590 0.102098
1403636983.751667 -0.444399  0.789276 -0.007334 0.115279 0.130315 0.102107
1403636983.901667 -0.474943  0.777903  0.092329 0.115561 0.130420 0.102018
1403636984.051666 -0.530520  0.802860  0.153444 0.116044 0.130600 0.101954
1403636984.201667 -0.570846  0.815040  0.077454 0.116474 0.130692 0.101942
1403636984.401667 -0.622389  0.816874 -0.072731 0.117313 0.131220 0.101959
1403636984.601666 -0.661992  0.784594 -0.120524 0.118379 0.131552 0.101969
1403636984.851666 -0.681080  0.711198  0.007135 0.120683 0.131964 0.102014
1403636985.051666 -0.645670  0.655681  0.067980 0.121688 0.131137 0.101998
1403636985.251667 -0.647160  0.619720 -0.149623 0.121996 0.129638 0.102002
1403636985.451666 -0.695096  0.595873 -0.126589 0.122775 0.128588 0.102005
1403636985.651666 -0.739501  0.538287  0.031851 0.123959 0.127464 0.102030
1403636985.851666 -0.785432  0.462898  0.120183 0.125248 0.125912 0.102118
1403636986.051666 -0.775704  0.302307 -0.044649 0.126041 0.123046 0.102100
1403636986.301666 -0.763584  0.098619 -0.167673 0.126908 0.118759 0.102131
1403636986.601666 -0.786230  0.002600 -0.057312 0.128918 0.115428 0.102219
1403636986.901667 -0.718057  0.011556  0.213354 0.130214 0.113749 0.102196
1403636987.151666 -0.635220 -0.008776  0.278247 0.128859 0.112094 0.102284
1403636987.451666 -0.592914 -0.060576  0.095410 0.127143 0.110867 0.102502
1403636987.801666 -0.500304 -0.227091  0.069582 0.125808 0.110893 0.102535
1403636988.101666 -0.389140 -0.323921  0.109774 0.123043 0.110430 0.102612
1403636988.501667 -0.097419 -0.337338  0.190895 0.120203 0.112553 0.102760
1403636989.001667  0.365566 -0.492471  0.036496 0.116449 0.116085 0.103227
1403636989.351666  0.699904 -0.599868  0.112113 0.113282 0.116101 0.102816
1403636989.601666  0.772322 -0.616990  0.250143 0.112604 0.115981 0.102718
1403636989.951666  0.735781 -0.636423  0.063471 0.114621 0.117103 0.102764
1403636990.301666  0.767765 -0.730587  0.241395 0.117972 0.119418 0.102751
1403636990.601666  0.728366 -0.763919  0.146700 0.118964 0.120049 0.102818
1403636990.951666  0.654719 -0.745410 -0.067665 0.119932 0.121286 0.102579
1403636991.251667  0.609785 -0.764627 -0.070280 0.119717 0.121661 0.102293
1403636991.601666  0.515072 -0.715401  0.245348 0.120316 0.123391 0.102329
1403636992.001667  0.531953 -0.597014  0.219610 0.119903 0.123642 0.102720
1403636992.401667  0.531910 -0.565037  0.028206 0.119459 0.121967 0.102650
1403636992.801666  0.434332 -0.533674  0.167506 0.119494 0.121697 0.102662
1403636993.301666  0.268606 -0.515109  0.132637 0.119861 0.122847 0.102817
1403636993.551666  0.289533 -0.564939  0.291865 0.116439 0.120098 0.102716
1403636993.851666  0.304161 -0.547531  0.157888 0.114091 0.118324 0.102779
1403636994.201667  0.313103 -0.603219 -0.007625 0.113379 0.117900 0.102643
1403636994.551666  0.421794 -0.789858 -0.009477 0.113819 0.119217 0.102441
1403636994.801666  0.472012 -0.846485  0.126069 0.113585 0.120211 0.102366
1403636995.201667  0.562363 -0.775178  0.073191 0.115849 0.123154 0.102476
1403636995.601666  0.637253 -0.849501  0.325298 0.118978 0.125803 0.102751
1403636996.001667  0.676794 -0.795447  0.078721 0.119627 0.126210 0.103008
1403636996.451666  0.636594 -0.688596  0.279101 0.123161 0.127336 0.103096
1403636996.751667  0.585666 -0.678253  0.152940 0.120827 0.124092 0.103260
1403636996.951666  0.540765 -0.652394 -0.034452 0.118917 0.121899 0.102862
1403636997.151666  0.503791 -0.592131 -0.129547 0.117373 0.120179 0.102442
1403636997.451666  0.437322 -0.486927 -0.028428 0.116911 0.118970 0.102201
1403636998.051666  0.197503 -0.350355  0.392214 0.124086 0.125400 0.103288
1403636998.501667  0.049106 -0.241205  0.263330 0.117648 0.119078 0.103686
1403636998.801666  0.066222 -0.224772  0.394198 0.113893 0.115123 0.103942
1403636999.301666  0.083346 -0.380326  0.089931 0.114637 0.115737 0.104246
1403636999.801666  0.131974 -0.452615 -0.078565 0.115069 0.116978 0.103332
1403637000.301666  0.210635 -0.570803  0.061097 0.116632 0.119402 0.102960
1403637000.801666  0.227974 -0.648319  0.166742 0.117151 0.121273 0.102938
1403637001.201667  0.288245 -0.697269  0.021464 0.114506 0.119832 0.102727
1403637001.551666  0.331732 -0.699608  0.212220 0.113768 0.119868 0.102645
1403637001.951666  0.344929 -0.667538 -0.006296 0.113669 0.120067 0.102620
1403637002.401667  0.317920 -0.635638 -0.034727 0.115206 0.121338 0.102493
1403637002.901667  0.267265 -0.654909  0.064650 0.117420 0.123452 0.102713
1403637003.351666  0.237852 -0.642290 -0.054554 0.115955 0.122364 0.102575
1403637003.851666  0.256810 -0.611411  0.074047 0.117411 0.123872 0.102694
1403637004.351666  0.178353 -0.540241  0.027887 0.117343 0.123422 0.102692
1403637004.751667  0.195755 -0.495053  0.212871 0.115302 0.121129 0.102619
1403637005.101666  0.228741 -0.331951 -0.147713 0.112486 0.117159 0.102340
1403637005.251667  0.218974 -0.296845 -0.213683 0.110920 0.114787 0.102140
1403637005.351666  0.210572 -0.292370 -0.226636 0.110074 0.113457 0.102061
1403637005.501667  0.171982 -0.277904 -0.202950 0.109438 0.112181 0.102019
1403637005.701667  0.145815 -0.278342 -0.008959 0.109153 0.111310 0.101986
1403637006.251667  0.110448 -0.208095  0.002309 0.115453 0.116516 0.102538
1403637006.801666  0.007623 -0.040828 -0.093252 0.116750 0.117002 0.102764
1403637007.001667  0.010121 -0.022734 -0.092062 0.113140 0.113091 0.102436
1403637007.201667  0.005630  0.003342 -0.086399 0.110872 0.110577 0.102228
1403637007.451666  0.052893 -0.043652 -0.122741 0.109529 0.109029 0.102117
1403637007.601666  0.075399 -0.077813 -0.145528 0.108604 0.108044 0.102044
1403637007.751667  0.048184 -0.097684 -0.122293 0.107992 0.107406 0.102009
1403637007.951666 -0.014346 -0.107078 -0.079135 0.107681 0.107137 0.101969
1403637008.151666  0.020540 -0.093455 -0.070559 0.107437 0.106954 0.101939
1403637008.351666 -0.052460 -0.076747  0.011683 0.107398 0.106973 0.101899
1403637008.551666 -0.125958 -0.062021  0.059508 0.107290 0.106942 0.101813
