DelayedMarginalization 0.000957079 2.71659e-08 0.00152097 1391
DelayedMarginalizationOnly 0.000460736 1.74211e-08 0.000780019 1391
EF-marginalizeFrame 0.00138839 5.02906e-08 0.00222795 1391
FullSystem::trackNewCoarse 0.00251825 6.8186e-07 0.00840644 2673
FullSystem::trackNewCoarseNoIMU 0.00139553 5.30535e-07 0.00842185 110
FullSystemOptimize 0.0376568 6.70927e-05 0.0927648 1397
GraphUnrolling 0.00698208 6.4508e-05 0.0289384 11
IMUInitAddPose 2.53886e-05 2.49417e-11 9.0126e-05 1397
IMUInitOptimize 0.00348269 2.49526e-06 0.00554831 4
IMUIntegration::finishKeyframeOperations 5.93242e-05 1.63073e-10 0.000142985 1388
InitializerFirstFrame 0.0343162 -nan 0.0343162 1
InitializerOtherFrames 0.0574623 8.44458e-05 0.0773089 35
MainMarginalization 0.00119775 3.59828e-08 0.00189984 1391
MarginalizationReplacementBuildGraph 0.000547478 1.46313e-07 0.0013927 9
MarginalizationReplacementReplaceGraph 0.00834357 7.13106e-05 0.0291287 9
MarginalizeMainGraph 0.00049564 6.63571e-09 0.000808656 1391
PGBA 0.0131868 1.59083e-06 0.0140786 2
PGBAFull 0.00292307 3.45949e-05 0.0154918 11
PrepareGraphForMainOptimization 0.00704055 6.50593e-05 0.0290927 11
VisualMarginalization 3.94421e-05 7.18676e-11 0.000123264 1391
activatePointsMT 0.00333729 7.78833e-07 0.00777738 1397
addActiveFrame 0.0394681 0.00089034 0.172935 2819
addIMUData 0.000679967 2.30608e-08 0.00152623 2673
addIMUDataToBA 3.58912e-05 1.3742e-10 0.00015315 2818
addKeyframeToBA 3.60118e-05 6.88606e-11 9.5811e-05 1397
afterCoarseTracking 2.74955e-07 5.03983e-15 1.399e-06 2783
baIteration 0.00581339 2.01729e-06 0.0432587 7984
baMatrixInversion 0.000228399 2.22114e-09 0.000985599 7984
baUpdateBuildHessians 0.000510373 1.5085e-07 0.0331097 7984
coarseTrackingIteration 0.000199113 4.21921e-09 0.000805736 27928
computeBAUpdate 0.000825991 1.63533e-07 0.0337197 7984
computeCoarseUpdate 9.6005e-05 4.83964e-10 0.000707024 26263
computeFactorForCoarseGraphAndMarginalCovariances 0.00300488 8.57416e-07 0.0293353 1388
convertHAndBFromDSO 0.000150957 3.67325e-09 0.000572633 13551
debugPlot 7.42899e-08 3.36713e-15 1.489e-06 1397
debugPlotIDepthMap 3.53898e-07 2.59414e-14 5.317e-06 1397
debugPlotIDepthMapFloat 8.08074e-08 2.85882e-15 1.545e-06 1397
deliverTrackedFrame 0.033832 0.00087924 0.158793 2784
flagFramesForMarginalization 1.75149e-06 4.96835e-13 1.2733e-05 1397
fullCoarseTracking 0.00324681 9.12031e-07 0.00927374 2783
initObjectsAndMakeImage 0.00212121 9.84376e-08 0.0106458 2819
makeKeyframe 0.0624851 0.000100326 0.158788 1397
makeKeyframeChangeTrackingRef 0.00229731 2.03104e-07 0.00477453 1397
makeNewTraces 0.0054024 9.34031e-07 0.0115715 1397
makeNonKeyframe 0.00496794 3.08473e-06 0.00979242 1387
marginalizeAndRemovePoints 0.00317769 1.01094e-06 0.0078243 1397
marginalizeFrame 0.00248944 1.78415e-07 0.00459629 1391
marginalizeFrameOverhead 0.00109865 7.75526e-08 0.00256859 1391
marginalizeFrames 0.00248699 3.12739e-07 0.00499302 1397
newFrameAndNewResidualsForOldPoints 0.00105156 5.84863e-08 0.00250635 1397
printBiases 3.80975e-05 1.51153e-10 0.000146174 1397
printEigenValLine 1.12388e-07 2.99682e-14 6.526e-06 1397
printLogLine 2.0136e-07 4.28823e-15 9e-07 1397
publishInMakeKeyframe 2.08553e-07 9.56527e-13 3.6634e-05 1397
removeOutliers 0.000186538 4.25973e-09 0.000826957 1397
swapTrackingRef 2.47011e-05 2.9104e-11 5.4947e-05 1397
timeMeasurement 1.06443e-06 4.9471e-12 0.000102768 2819
traceNewCoarse 0.00413923 3.01704e-06 0.00977906 2784
updateBAValues 6.36029e-06 6.88931e-12 0.000119261 13122
zero 1.20349e-07 7.48752e-14 1.1681e-05 2819
