1520530315.499642 1.272010 0.503224
1520530315.649646 1.218648 0.310734
1520530315.799640 1.248762 0.238071
1520530315.899643 1.242398 0.204088
1520530316.100221 1.183074 0.193423
1520530316.250226 1.194583 0.205331
1520530316.400230 1.179600 0.190932
1520530316.600278 1.181855 0.179039
1520530316.800284 1.184620 0.175721
1520530316.949773 1.199620 0.170587
1520530317.049776 1.216976 0.166064
1520530317.249782 1.221114 0.134725
1520530317.399745 1.211892 0.119951
1520530317.599752 1.208050 0.108094
1520530317.750237 1.198141 0.101833
1520530317.900242 1.190726 0.099142
1520530318.050246 1.187686 0.103169
1520530318.200769 1.197049 0.102933
1520530318.350774 1.199804 0.100311
1520530318.500778 1.203062 0.096679
1520530318.650568 1.205018 0.093032
1520530318.850574 1.207403 0.089444
1520530318.999955 1.222202 0.087891
1520530319.049958 1.222452 0.082757
1520530319.199962 1.227144 0.077244
1520530319.349967 1.228207 0.071761
1520530319.449833 1.224102 0.068629
1520530319.599838 1.224158 0.066025
1520530319.749942 1.219910 0.065059
1520530319.850343 1.217596 0.064914
1520530319.950346 1.216350 0.064018
1520530320.050349 1.216541 0.062184
1520530320.150352 1.215477 0.060349
1520530320.250402 1.216355 0.058893
1520530320.400407 1.214556 0.057763
1520530320.550412 1.210665 0.056848
1520530320.649871 1.214863 0.056072
1520530320.799876 1.221554 0.054107
1520530320.949880 1.226500 0.051685
1520530321.099742 1.222331 0.049912
1520530321.199745 1.222950 0.049095
1520530321.299749 1.221565 0.048141
1520530321.449856 1.218843 0.046875
1520530321.599860 1.217675 0.045976
1520530321.699863 1.218975 0.045381
1520530321.850152 1.223511 0.044872
1520530322.000157 1.224661 0.043944
1520530322.150162 1.226928 0.043254
1520530322.350210 1.226280 0.042982
1520530322.550216 1.229198 0.042638
1520530322.700026 1.237410 0.042157
1520530322.850030 1.237770 0.041365
1520530323.000035 1.235814 0.040737
1520530323.150076 1.236266 0.040224
1520530323.300080 1.237136 0.039932
1520530323.450085 1.244570 0.039020
1520530323.550346 1.242142 0.037973
1520530323.650349 1.242060 0.037088
1520530323.800354 1.242438 0.036389
1520530323.950154 1.242344 0.035989
1520530324.150160 1.244549 0.035718
1520530324.299908 1.248755 0.035444
1520530324.399911 1.253329 0.033888
1520530324.499994 1.253271 0.033512
1520530324.649919 1.253470 0.033054
1520530324.750020 1.252059 0.032830
1520530324.900024 1.250694 0.032666
1520530325.050029 1.250926 0.032499
1520530325.150817 1.252045 0.032316
1520530325.300822 1.250534 0.031863
1520530325.450827 1.252816 0.031440
1520530325.650917 1.254722 0.030469
1520530325.850922 1.252284 0.029778
1520530326.000543 1.248499 0.029461
1520530326.150548 1.248730 0.029164
1520530326.300552 1.249963 0.028901
1520530326.400206 1.251686 0.028765
1520530326.600213 1.251907 0.028666
1520530326.750427 1.250840 0.028664
1520530327.000434 1.256108 0.028178
1520530327.150431 1.257259 0.027688
1520530327.300436 1.256087 0.027248
1520530327.450441 1.256793 0.026983
1520530327.550090 1.257440 0.026781
1520530327.650103 1.257861 0.026555
1520530327.750096 1.259135 0.026377
1520530327.800097 1.259990 0.026322
1520530327.900100 1.258736 0.026206
1520530328.000280 1.259801 0.026067
1520530328.100283 1.259830 0.025884
1520530328.250288 1.261293 0.025778
1520530328.350291 1.262283 0.025686
1520530328.400337 1.261309 0.025639
1520530328.500340 1.261364 0.025601
1520530328.600344 1.261844 0.025580
1520530328.700347 1.262121 0.025563
1520530328.800086 1.262095 0.025522
1520530328.950091 1.261265 0.025334
1520530329.100095 1.261319 0.025088
1520530329.200044 1.261920 0.024937
1520530329.300047 1.262745 0.024754
1520530329.400050 1.263030 0.024543
1520530329.600097 1.263952 0.024250
1520530329.700100 1.264060 0.024139
1520530329.800104 1.264158 0.024064
1520530329.850105 1.263703 0.024032
1520530329.950109 1.263424 0.023960
1520530330.050161 1.264151 0.023863
1520530330.150164 1.265625 0.023673
1520530330.250167 1.266382 0.023409
1520530330.350170 1.266908 0.023124
1520530330.450787 1.266060 0.022911
1520530330.500788 1.266496 0.022843
1520530330.600792 1.266181 0.022782
1520530330.700795 1.266505 0.022767
1520530330.750797 1.266532 0.022753
1520530330.850367 1.267304 0.022706
1520530330.900277 1.267494 0.022652
1520530331.000280 1.266122 0.022518
1520530331.100283 1.266026 0.022436
1520530331.200286 1.266289 0.022377
1520530331.300736 1.265878 0.022342
1520530331.400740 1.266033 0.022321
1520530331.450741 1.266258 0.022307
1520530331.550744 1.266230 0.022274
1520530331.600746 1.266233 0.022247
1520530331.700481 1.265703 0.022135
1520530331.750483 1.265408 0.022037
1520530331.850486 1.265061 0.021764
1520530331.900488 1.264802 0.021595
1520530332.000491 1.264917 0.021306
1520530332.100388 1.264617 0.021064
1520530332.200392 1.264768 0.020887
1520530332.300399 1.264434 0.020764
1520530332.400401 1.264667 0.020714
1520530332.500483 1.264711 0.020695
1520530332.600486 1.264894 0.020693
1520530332.650488 1.265022 0.020684
1520530332.750491 1.265028 0.020647
1520530332.850494 1.265596 0.020583
1520530332.950166 1.266183 0.020509
1520530333.050169 1.266186 0.020456
1520530333.150173 1.265863 0.020426
1520530333.250175 1.266158 0.020395
1520530333.350610 1.266278 0.020344
1520530333.400612 1.266422 0.020320
1520530333.500615 1.266766 0.020284
1520530333.650619 1.266389 0.020272
1520530333.750542 1.266365 0.020259
1520530333.800544 1.266158 0.020254
1520530333.900547 1.266132 0.020245
1520530333.950549 1.266253 0.020234
1520530334.050551 1.266696 0.020192
1520530334.150218 1.266996 0.020067
1520530334.250221 1.267353 0.019969
1520530334.300222 1.266943 0.019918
1520530334.400225 1.266950 0.019842
1520530334.500228 1.267233 0.019784
1520530334.600088 1.266993 0.019741
1520530334.700091 1.266731 0.019711
1520530334.800094 1.266637 0.019675
1520530334.900097 1.266269 0.019642
1520530335.000929 1.265785 0.019603
1520530335.100933 1.265834 0.019592
1520530335.200936 1.266041 0.019577
1520530335.300938 1.265907 0.019565
1520530335.401458 1.265927 0.019552
1520530335.501461 1.265976 0.019543
1520530335.601512 1.265797 0.019535
1520530335.750223 1.265593 0.019523
1520530335.800224 1.266115 0.019523
1520530335.900227 1.265781 0.019503
1520530336.000230 1.265894 0.019472
1520530336.050232 1.265838 0.019458
1520530336.150177 1.265712 0.019433
1520530336.250180 1.265399 0.019401
1520530336.350183 1.265246 0.019343
1520530336.450186 1.265319 0.019285
1520530336.550582 1.264864 0.019204
1520530336.650586 1.264553 0.019146
1520530336.750588 1.265474 0.019104
1520530336.850591 1.266106 0.019071
1520530336.950594 1.266165 0.019051
1520530337.000258 1.265956 0.019040
1520530337.100266 1.265832 0.019012
1520530337.200351 1.265539 0.018978
1520530337.300267 1.265769 0.018967
1520530337.400301 1.266310 0.018975
1520530337.500304 1.265867 0.018968
1520530337.600307 1.265978 0.018950
1520530337.700310 1.266595 0.018911
1520530337.800854 1.266846 0.018840
1520530337.900857 1.267460 0.018774
1520530338.000860 1.267479 0.018708
1520530338.100863 1.267687 0.018652
1520530338.200470 1.267403 0.018603
1520530338.250473 1.267243 0.018594
1520530338.350476 1.267120 0.018567
1520530338.450479 1.267207 0.018546
1520530338.550482 1.266973 0.018532
1520530338.650261 1.266930 0.018507
1520530338.750266 1.267097 0.018488
1520530338.850267 1.266798 0.018453
1520530338.950270 1.266719 0.018432
1520530339.050959 1.266263 0.018404
1520530339.150962 1.266470 0.018374
1520530339.250965 1.266303 0.018362
1520530339.350968 1.266036 0.018348
1520530339.451687 1.265946 0.018341
1520530339.551690 1.265706 0.018331
1520530339.651693 1.265106 0.018322
1520530339.751697 1.265473 0.018306
1520530339.801698 1.265965 0.018294
1520530339.901057 1.266346 0.018275
1520530340.001061 1.266709 0.018250
1520530340.101063 1.266993 0.018229
1520530340.201067 1.267787 0.018209
1520530340.250395 1.267969 0.018193
1520530340.350399 1.268242 0.018163
1520530340.450401 1.268372 0.018134
1520530340.550404 1.268528 0.018102
1520530340.650347 1.268759 0.018078
1520530340.750350 1.268713 0.018063
1520530340.900354 1.268779 0.018054
1520530341.050774 1.268827 0.018051
1520530341.300782 1.269382 0.018034
1520530341.450787 1.269423 0.018027
1520530341.650717 1.269625 0.018022
1520530341.800722 1.269684 0.018003
1520530341.950578 1.269867 0.017998
1520530342.100548 1.269820 0.017982
1520530342.200551 1.269703 0.017963
1520530342.300673 1.270127 0.017942
1520530342.450678 1.270605 0.017914
1520530342.600683 1.270639 0.017877
1520530342.700643 1.270690 0.017846
1520530342.800646 1.270911 0.017810
1520530342.900649 1.271079 0.017768
1520530343.000653 1.271036 0.017693
1520530343.101131 1.271136 0.017622
1520530343.201134 1.271555 0.017541
1520530343.301138 1.271491 0.017425
1520530343.401141 1.271759 0.017330
1520530343.451144 1.271785 0.017270
1520530343.551476 1.271514 0.017153
1520530343.651407 1.271860 0.017031
1520530343.751410 1.272165 0.016884
1520530343.851414 1.271832 0.016731
1520530343.951402 1.271808 0.016603
1520530344.051405 1.271597 0.016456
1520530344.151408 1.271845 0.016318
1520530344.251411 1.271979 0.016173
1520530344.351408 1.271910 0.016040
1520530344.451412 1.272040 0.015930
1520530344.551415 1.272118 0.015832
1520530344.651418 1.272202 0.015724
1520530344.751636 1.272046 0.015612
1520530344.851639 1.272082 0.015541
1520530344.951642 1.272431 0.015467
1520530345.051645 1.272450 0.015391
1520530345.151845 1.272547 0.015331
1520530345.251745 1.272557 0.015267
1520530345.351748 1.272535 0.015219
1520530345.451751 1.272755 0.015173
1520530345.551195 1.272439 0.015131
1520530345.651198 1.272683 0.015098
1520530345.751201 1.272331 0.015058
1520530345.851204 1.272183 0.015036
1520530345.901206 1.272230 0.015018
1520530346.001475 1.272340 0.014997
1520530346.101479 1.272150 0.014971
1520530346.201481 1.272534 0.014956
1520530346.251483 1.272872 0.014944
1520530346.351486 1.273085 0.014924
1520530346.451378 1.272995 0.014913
1520530346.551380 1.273100 0.014898
1520530346.651383 1.272739 0.014884
1520530346.751386 1.272670 0.014877
1520530346.851546 1.273055 0.014869
1520530346.901548 1.273291 0.014863
1520530347.001551 1.273068 0.014850
1520530347.101554 1.272942 0.014847
1520530347.201400 1.273048 0.014839
1520530347.301403 1.273194 0.014836
1520530347.351405 1.273221 0.014831
1520530347.451408 1.273112 0.014827
1520530347.551411 1.272885 0.014823
1520530347.651220 1.272579 0.014816
1520530347.751223 1.272371 0.014814
1520530347.851226 1.272501 0.014810
1520530347.951229 1.272537 0.014806
1520530348.051164 1.272486 0.014802
1520530348.151168 1.272418 0.014801
1520530348.251170 1.272458 0.014799
1520530348.351173 1.272390 0.014798
1520530348.451416 1.272731 0.014793
1520530348.551419 1.272420 0.014794
1520530348.651423 1.272378 0.014794
1520530348.701425 1.272300 0.014792
1520530348.801428 1.272458 0.014792
1520530348.851315 1.272450 0.014790
1520530348.951318 1.272383 0.014789
1520530349.001320 1.272416 0.014789
1520530349.101323 1.272612 0.014789
1520530349.151325 1.272671 0.014788
1520530349.251106 1.272706 0.014788
1520530349.351109 1.272800 0.014785
1520530349.401110 1.272649 0.014786
1520530349.501114 1.272637 0.014785
1520530349.601117 1.272564 0.014786
1520530349.700937 1.272658 0.014785
1520530349.800940 1.272733 0.014785
1520530349.900986 1.272685 0.014785
1520530349.950944 1.272670 0.014783
1520530350.051376 1.272673 0.014786
1520530350.101378 1.272698 0.014783
1520530350.201381 1.272673 0.014783
1520530350.301384 1.272688 0.014782
1520530350.401387 1.272726 0.014781
1520530350.501516 1.272857 0.014781
1520530350.551518 1.272845 0.014780
1520530350.651521 1.272945 0.014779
1520530350.751524 1.272951 0.014778
1520530350.851527 1.272954 0.014777
1520530350.951573 1.272931 0.014777
1520530351.051576 1.272972 0.014776
1520530351.101578 1.273021 0.014775
1520530351.201581 1.273100 0.014773
1520530351.301683 1.273142 0.014771
1520530351.401685 1.273126 0.014771
1520530351.501759 1.273050 0.014771
1520530351.601688 1.273251 0.014769
1520530351.701695 1.273052 0.014767
1520530351.801698 1.273115 0.014765
1520530351.901701 1.273048 0.014766
1520530352.001704 1.273014 0.014766
1520530352.101805 1.273009 0.014763
1520530352.201808 1.273024 0.014763
1520530352.301811 1.273042 0.014762
1520530352.401814 1.273029 0.014762
1520530352.501469 1.273007 0.014761
1520530352.601472 1.273043 0.014761
1520530352.701475 1.273081 0.014759
1520530352.801478 1.273173 0.014759
1520530352.901098 1.273339 0.014754
1520530353.001101 1.273122 0.014756
1520530353.101208 1.273150 0.014753
1520530353.201107 1.273083 0.014754
1520530353.301110 1.273109 0.014755
1520530353.351398 1.272989 0.014755
1520530353.451401 1.273071 0.014754
1520530353.501402 1.273018 0.014753
1520530353.601405 1.273114 0.014753
1520530353.701408 1.273412 0.014750
1520530353.801738 1.273240 0.014752
1520530353.901741 1.273051 0.014751
1520530354.001744 1.272924 0.014751
1520530354.101747 1.272913 0.014752
1520530354.201897 1.273300 0.014750
1520530354.301900 1.273025 0.014750
1520530354.351902 1.273095 0.014749
1520530354.451905 1.273051 0.014750
1520530354.551594 1.273081 0.014748
1520530354.601593 1.273153 0.014749
1520530354.701596 1.273210 0.014749
1520530354.801599 1.273253 0.014748
1520530354.901602 1.273221 0.014747
1520530355.001360 1.273220 0.014745
1520530355.101363 1.273110 0.014746
1520530355.201366 1.273138 0.014746
1520530355.301370 1.273067 0.014746
1520530355.401407 1.273112 0.014745
1520530355.501410 1.273139 0.014745
1520530355.601414 1.273126 0.014743
1520530355.701417 1.273169 0.014742
1520530355.801531 1.272761 0.014740
1520530355.901534 1.273040 0.014744
1520530355.951536 1.273044 0.014744
1520530356.051539 1.273119 0.014743
1520530356.151542 1.273187 0.014742
1520530356.201376 1.273171 0.014741
1520530356.301379 1.273135 0.014742
1520530356.351380 1.273212 0.014740
1520530356.451383 1.273219 0.014741
1520530356.551386 1.273136 0.014741
1520530356.651234 1.273089 0.014742
1520530356.701236 1.273288 0.014741
1520530356.801239 1.273200 0.014740
1520530356.851240 1.273128 0.014740
1520530356.951243 1.273122 0.014741
1520530357.051154 1.273238 0.014740
1520530357.151157 1.273288 0.014740
1520530357.251160 1.273199 0.014741
1520530357.351164 1.273171 0.014739
1520530357.401658 1.273225 0.014740
1520530357.501662 1.273215 0.014740
1520530357.551663 1.273108 0.014740
1520530357.651666 1.273113 0.014740
1520530357.751669 1.273126 0.014740
1520530357.851585 1.273123 0.014738
1520530357.951560 1.273119 0.014740
1520530358.001562 1.273132 0.014739
1520530358.101565 1.273070 0.014739
1520530358.201568 1.273024 0.014739
1520530358.301626 1.273000 0.014738
1520530358.401629 1.273072 0.014738
1520530358.501632 1.273080 0.014738
1520530358.601636 1.273094 0.014738
1520530358.701800 1.273074 0.014738
1520530358.801803 1.273093 0.014737
1520530358.901806 1.273103 0.014737
1520530359.001810 1.273071 0.014737
1520530359.101811 1.273008 0.014737
1520530359.201810 1.273015 0.014737
1520530359.301813 1.273022 0.014736
1520530359.401817 1.273108 0.014736
1520530359.501870 1.273100 0.014736
1520530359.601873 1.273186 0.014735
1520530359.701876 1.273032 0.014736
1520530359.801879 1.273069 0.014736
1520530359.901826 1.273132 0.014735
1520530360.001829 1.273162 0.014735
1520530360.101832 1.273282 0.014735
1520530360.201836 1.273393 0.014734
1520530360.301316 1.273439 0.014733
1520530360.351317 1.273221 0.014735
1520530360.451321 1.273242 0.014735
1520530360.551324 1.273332 0.014735
1520530360.651327 1.273334 0.014735
1520530360.700978 1.273398 0.014734
1520530360.800981 1.273385 0.014733
1520530360.900984 1.273589 0.014729
1520530360.950988 1.273394 0.014729
1520530361.051064 1.273735 0.014732
1520530361.151045 1.273716 0.014732
1520530361.251048 1.273745 0.014732
1520530361.351051 1.273669 0.014734
1520530361.451055 1.273652 0.014733
1520530361.551692 1.273426 0.014733
1520530361.651695 1.273393 0.014723
1520530361.701696 1.273351 0.014729
1520530361.801700 1.273441 0.014733
1520530361.851701 1.273491 0.014733
1520530361.951941 1.273504 0.014734
1520530362.001942 1.273561 0.014734
1520530362.101945 1.273877 0.014733
1520530362.201949 1.273788 0.014733
1520530362.301951 1.273631 0.014732
1520530362.401625 1.273763 0.014732
1520530362.501628 1.273867 0.014732
1520530362.601631 1.273988 0.014732
1520530362.701634 1.274105 0.014730
1520530362.801366 1.273997 0.014729
1520530362.901369 1.273954 0.014730
1520530363.001372 1.273913 0.014731
1520530363.101375 1.273888 0.014730
1520530363.201651 1.273941 0.014729
1520530363.301654 1.273886 0.014729
1520530363.401658 1.273946 0.014730
1520530363.501661 1.274003 0.014730
1520530363.601746 1.274142 0.014729
1520530363.651748 1.274061 0.014730
1520530363.751751 1.274397 0.014730
1520530363.851754 1.274649 0.014729
1520530363.901756 1.274449 0.014727
1520530364.001782 1.273968 0.014728
1520530364.051784 1.273297 0.014718
1520530364.151786 1.273805 0.014705
1520530364.201788 1.274062 0.014710
1520530364.301791 1.274097 0.014726
1520530364.351792 1.274055 0.014728
1520530364.451854 1.274115 0.014727
1520530364.501856 1.273994 0.014726
1520530364.601859 1.273832 0.014728
1520530364.651861 1.273895 0.014729
1520530364.751864 1.273949 0.014729
1520530364.852377 1.273989 0.014729
1520530364.952380 1.273958 0.014728
1520530365.052383 1.273949 0.014728
1520530365.152386 1.274000 0.014729
1520530365.251846 1.273979 0.014729
1520530365.351849 1.274011 0.014728
1520530365.451852 1.274110 0.014728
1520530365.551855 1.274137 0.014728
1520530365.651537 1.274088 0.014728
1520530365.751540 1.274124 0.014727
1520530365.851543 1.274073 0.014728
1520530365.951546 1.274077 0.014727
1520530366.001907 1.274110 0.014728
1520530366.101910 1.274063 0.014728
1520530366.151911 1.273995 0.014727
1520530366.251915 1.274061 0.014728
1520530366.301916 1.274024 0.014727
1520530366.402120 1.274065 0.014727
1520530366.502124 1.274154 0.014727
1520530366.602127 1.274176 0.014727
1520530366.652128 1.274108 0.014726
1520530366.752132 1.274167 0.014727
1520530366.802133 1.274174 0.014727
1520530366.902167 1.274142 0.014727
1520530367.002170 1.274143 0.014727
1520530367.052172 1.274136 0.014727
1520530367.152175 1.274085 0.014726
1520530367.252540 1.274155 0.014726
1520530367.352543 1.274152 0.014726
1520530367.452546 1.274108 0.014726
1520530367.552549 1.274109 0.014726
1520530367.652264 1.274117 0.014727
1520530367.752267 1.274227 0.014726
1520530367.852271 1.274215 0.014726
1520530367.952274 1.274173 0.014725
1520530368.052124 1.274145 0.014726
1520530368.152127 1.274157 0.014726
1520530368.252130 1.274196 0.014725
1520530368.352134 1.274191 0.014726
1520530368.402135 1.274113 0.014726
1520530368.502050 1.274170 0.014726
1520530368.552051 1.274160 0.014725
1520530368.652054 1.274211 0.014725
1520530368.752057 1.274181 0.014725
1520530368.802058 1.274290 0.014721
1520530368.901391 1.274365 0.014725
1520530368.951392 1.274174 0.014725
1520530369.051395 1.274073 0.014725
1520530369.101397 1.274141 0.014725
1520530369.201400 1.274110 0.014725
1520530369.251401 1.274164 0.014726
1520530369.351538 1.274361 0.014725
1520530369.451542 1.274434 0.014725
1520530369.551545 1.274357 0.014725
1520530369.601546 1.274414 0.014724
1520530369.701896 1.274339 0.014724
1520530369.801900 1.274256 0.014725
1520530369.901903 1.274305 0.014725
1520530370.051908 1.274290 0.014725
1520530370.151931 1.274312 0.014725
1520530370.301935 1.274353 0.014725
1520530370.501883 1.274368 0.014725
1520530370.701889 1.274368 0.014724
1520530370.901941 1.274327 0.014725
1520530371.051946 1.274444 0.014725
1520530371.151949 1.274406 0.014725
1520530371.301953 1.274432 0.014724
1520530371.401953 1.274490 0.014724
1520530371.501956 1.274475 0.014724
1520530371.651961 1.274432 0.014725
1520530371.801961 1.274413 0.014725
1520530371.901964 1.274382 0.014724
1520530372.001968 1.274470 0.014724
1520530372.101971 1.274432 0.014721
1520530372.251958 1.274416 0.014724
1520530372.401963 1.274500 0.014724
1520530372.551956 1.274484 0.014724
1520530372.651960 1.274569 0.014724
1520530372.751963 1.274549 0.014724
1520530372.851966 1.274470 0.014724
1520530372.951617 1.274388 0.014724
1520530373.051620 1.274395 0.014724
1520530373.201626 1.274513 0.014725
1520530373.251627 1.274324 0.014724
1520530373.351457 1.274405 0.014724
1520530373.451460 1.274341 0.014724
1520530373.501461 1.274283 0.014723
1520530373.601465 1.274239 0.014724
1520530373.651466 1.274292 0.014723
1520530373.751469 1.274319 0.014724
1520530373.801615 1.274279 0.014724
1520530373.901585 1.274330 0.014723
1520530374.001588 1.274359 0.014724
1520530374.101591 1.274367 0.014724
1520530374.201953 1.274372 0.014723
1520530374.301956 1.274420 0.014723
1520530374.401959 1.274406 0.014723
1520530374.501962 1.274355 0.014724
1520530374.652408 1.274473 0.014724
1520530374.802413 1.274497 0.014723
1520530374.902417 1.274440 0.014723
1520530375.002442 1.274570 0.014723
1520530375.102445 1.274636 0.014724
1520530375.202449 1.274479 0.014725
1520530375.302452 1.274424 0.014723
1520530375.402252 1.274392 0.014722
1520530375.502216 1.274474 0.014723
1520530375.602219 1.274450 0.014723
1520530375.652220 1.274430 0.014723
1520530375.752223 1.274437 0.014723
1520530375.852258 1.274264 0.014723
1520530375.952261 1.274331 0.014722
1520530376.052264 1.274366 0.014723
1520530376.152267 1.274268 0.014721
1520530376.202270 1.274291 0.014722
1520530376.301951 1.274380 0.014722
1520530376.351954 1.274528 0.014722
1520530376.451957 1.274543 0.014723
1520530376.551960 1.274514 0.014723
1520530376.652663 1.274461 0.014723
1520530376.702664 1.274553 0.014722
1520530376.802668 1.274557 0.014720
1520530376.852669 1.274529 0.014723
1520530376.952672 1.274501 0.014723
1520530377.002721 1.274469 0.014723
1520530377.102900 1.274383 0.014723
1520530377.202903 1.274543 0.014721
1520530377.302906 1.274479 0.014723
1520530377.402909 1.274497 0.014723
1520530377.501720 1.274478 0.014723
1520530377.551722 1.274433 0.014723
1520530377.651725 1.274509 0.014721
1520530377.751728 1.274602 0.014723
1520530377.851407 1.274541 0.014723
1520530377.951411 1.274510 0.014723
1520530378.051414 1.274475 0.014723
1520530378.101416 1.274502 0.014723
1520530378.201419 1.274557 0.014723
1520530378.301511 1.274497 0.014723
1520530378.351513 1.274506 0.014723
1520530378.451516 1.274554 0.014722
1520530378.501517 1.274493 0.014723
1520530378.601571 1.274528 0.014723
1520530378.651522 1.274590 0.014723
1520530378.752210 1.274688 0.014720
1520530378.852213 1.274584 0.014723
1520530378.952216 1.274552 0.014723
1520530379.052220 1.274505 0.014723
1520530379.152151 1.274460 0.014723
1520530379.252154 1.274509 0.014723
1520530379.352157 1.274481 0.014723
1520530379.452160 1.274524 0.014723
1520530379.501850 1.274559 0.014723
1520530379.601853 1.274579 0.014723
1520530379.701856 1.274533 0.014722
1520530379.801860 1.274547 0.014723
1520530379.901824 1.274500 0.014722
1520530380.001827 1.274560 0.014723
1520530380.101830 1.274560 0.014723
1520530380.201888 1.274492 0.014722
1520530380.301736 1.274467 0.014722
1520530380.402163 1.274500 0.014722
1520530380.452163 1.274519 0.014722
1520530380.552166 1.274711 0.014723
1520530380.652170 1.274684 0.014722
1520530380.702171 1.274575 0.014721
1520530380.802136 1.274618 0.014721
1520530380.902139 1.274656 0.014722
1520530380.952141 1.274573 0.014721
1520530381.052144 1.274549 0.014723
1520530381.102146 1.274572 0.014722
1520530381.202049 1.274553 0.014722
1520530381.302052 1.274449 0.014722
1520530381.402056 1.274416 0.014723
1520530381.502058 1.274385 0.014723
1520530381.602264 1.274396 0.014723
1520530381.702267 1.274430 0.014723
1520530381.802324 1.274471 0.014723
1520530381.902273 1.274492 0.014723
1520530382.002334 1.274493 0.014724
1520530382.102337 1.274467 0.014723
1520530382.202340 1.274465 0.014722
1520530382.302343 1.274522 0.014723
1520530382.402160 1.274495 0.014723
1520530382.502164 1.274541 0.014723
1520530382.602167 1.274524 0.014723
1520530382.702170 1.274547 0.014723
1520530382.802244 1.274609 0.014722
1520530382.952249 1.274512 0.014723
1520530383.052252 1.274548 0.014723
1520530383.152255 1.274652 0.014723
1520530383.252208 1.274603 0.014723
1520530383.352211 1.274567 0.014723
1520530383.452214 1.274530 0.014723
1520530383.552217 1.274579 0.014723
1520530383.652472 1.274560 0.014723
1520530383.752476 1.274577 0.014723
1520530383.852479 1.274641 0.014722
1520530383.952482 1.274604 0.014723
1520530384.052531 1.274894 0.014723
1520530384.152534 1.275159 0.014723
1520530384.252537 1.275016 0.014723
1520530384.352541 1.274898 0.014721
1520530384.452434 1.274643 0.014722
1520530384.552437 1.274563 0.014723
1520530384.652440 1.275043 0.014720
1520530384.752443 1.274918 0.014722
1520530384.802857 1.274780 0.014723
1520530384.902860 1.274804 0.014722
1520530385.002916 1.274787 0.014722
1520530385.102866 1.274678 0.014723
1520530385.202869 1.274454 0.014723
1520530385.252705 1.274541 0.014723
1520530385.352709 1.274742 0.014723
1520530385.402710 1.274823 0.014722
1520530385.502713 1.274743 0.014722
1520530385.552715 1.274669 0.014722
1520530385.652486 1.274572 0.014723
1520530385.702487 1.274580 0.014723
1520530385.802491 1.274616 0.014723
1520530385.852492 1.274605 0.014723
1520530385.952497 1.274636 0.014723
1520530386.002497 1.274592 0.014723
1520530386.102546 1.274580 0.014723
1520530386.202549 1.274602 0.014723
1520530386.302552 1.274611 0.014723
1520530386.402554 1.274605 0.014723
1520530386.502760 1.274618 0.014723
1520530386.602814 1.274632 0.014723
1520530386.702766 1.274626 0.014723
1520530386.802769 1.274596 0.014722
1520530386.902676 1.274547 0.014723
1520530387.002679 1.274565 0.014723
1520530387.102682 1.274548 0.014722
1520530387.202685 1.274569 0.014723
1520530387.302607 1.274622 0.014722
1520530387.402611 1.274535 0.014722
1520530387.452612 1.274542 0.014722
1520530387.552615 1.274616 0.014722
1520530387.602617 1.274638 0.014721
1520530387.702457 1.274689 0.014722
1520530387.752459 1.274710 0.014722
1520530387.852464 1.274632 0.014722
1520530387.902463 1.274582 0.014721
1520530388.002466 1.274615 0.014722
1520530388.052468 1.274643 0.014722
1520530388.152496 1.274644 0.014722
1520530388.202544 1.274597 0.014722
1520530388.302501 1.274570 0.014723
1520530388.352502 1.274569 0.014722
1520530388.452505 1.274556 0.014722
1520530388.552854 1.274591 0.014723
1520530388.652857 1.274601 0.014723
1520530388.702858 1.274606 0.014721
1520530388.802861 1.274617 0.014723
1520530388.902233 1.274594 0.014723
1520530389.002237 1.274569 0.014722
1520530389.102240 1.274561 0.014722
1520530389.202243 1.274532 0.014722
1520530389.302934 1.274545 0.014720
1520530389.352936 1.274664 0.014722
1520530389.452939 1.274762 0.014721
1520530389.552942 1.274694 0.014722
1520530389.652948 1.274612 0.014722
1520530389.702846 1.274573 0.014722
1520530389.803445 1.274655 0.014723
1520530389.853406 1.274572 0.014722
1520530389.953409 1.274573 0.014721
1520530390.003411 1.274699 0.014722
1520530390.103414 1.274630 0.014722
1520530390.152569 1.274827 0.014722
1520530390.252572 1.274620 0.014722
1520530390.302572 1.274675 0.014722
1520530390.402575 1.274689 0.014722
1520530390.452578 1.274620 0.014722
1520530390.553324 1.276212 0.014722
1520530390.603326 1.274718 0.014723
1520530390.703329 1.274784 0.014723
1520530390.753331 1.274621 0.014722
1520530390.853334 1.274584 0.014722
1520530390.953379 1.274595 0.014722
1520530391.003381 1.274618 0.014722
1520530391.103384 1.274614 0.014722
1520530391.203387 1.274606 0.014723
1520530391.303389 1.274746 0.014723
1520530391.352333 1.274704 0.014723
1520530391.452336 1.274643 0.014722
1520530391.502338 1.274583 0.014722
1520530391.602341 1.274574 0.014722
1520530391.702344 1.274648 0.014722
1520530391.802426 1.274599 0.014722
1520530391.902429 1.274638 0.014720
1520530392.002432 1.274607 0.014722
1520530392.102435 1.274716 0.014722
1520530392.152436 1.274717 0.014722
1520530392.253143 1.274810 0.014722
1520530392.303145 1.274646 0.014722
1520530392.403148 1.274705 0.014722
1520530392.453150 1.274678 0.014722
1520530392.553153 1.274532 0.014723
1520530392.652236 1.274385 0.014722
1520530392.752239 1.274431 0.014722
1520530392.802241 1.274572 0.014722
1520530392.902243 1.274618 0.014722
1520530392.952245 1.274617 0.014722
1520530393.052154 1.274742 0.014722
1520530393.152157 1.274911 0.014722
1520530393.252160 1.274971 0.014720
1520530393.352164 1.274848 0.014719
1520530393.402921 1.274976 0.014720
1520530393.502924 1.274930 0.014721
1520530393.552926 1.274895 0.014720
1520530393.652929 1.274771 0.014723
1520530393.702931 1.274848 0.014721
1520530393.802958 1.274745 0.014721
1520530393.902961 1.274969 0.014721
1520530394.052965 1.275500 0.014660
1520530394.152969 1.274437 0.014722
1520530394.202165 1.274579 0.014714
1520530394.302169 1.274565 0.014721
1520530394.352170 1.274627 0.014721
1520530394.452173 1.274767 0.014721
1520530394.552176 1.274652 0.014720
1520530394.652876 1.274709 0.014722
1520530394.752879 1.274759 0.014705
1520530394.852882 1.274619 0.014723
1520530394.952885 1.274589 0.014722
1520530395.053731 1.274744 0.014722
1520530395.103732 1.274760 0.014723
1520530395.203735 1.274818 0.014721
1520530395.303738 1.274797 0.014723
1520530395.403742 1.274757 0.014721
1520530395.502707 1.274664 0.014723
1520530395.602710 1.274613 0.014722
1520530395.702713 1.274624 0.014722
1520530395.853078 1.274814 0.014720
1520530395.953081 1.274788 0.014721
1520530396.053084 1.274724 0.014722
1520530396.153087 1.274696 0.014721
1520530396.253235 1.274674 0.014722
1520530396.303237 1.274623 0.014721
1520530396.403240 1.274617 0.014722
1520530396.453241 1.274603 0.014721
1520530396.553244 1.274612 0.014722
1520530396.603246 1.274610 0.014720
1520530396.703145 1.274657 0.014722
1520530396.803148 1.274720 0.014722
1520530396.903152 1.274704 0.014722
1520530397.003155 1.274323 0.014722
1520530397.102782 1.274456 0.014722
1520530397.202785 1.274601 0.014721
1520530397.302788 1.274499 0.014719
1520530397.402791 1.274647 0.014722
1520530397.502304 1.274604 0.014721
1520530397.602308 1.274729 0.014720
1520530397.652309 1.274517 0.014721
1520530397.752312 1.274572 0.014721
1520530397.852315 1.274547 0.014720
1520530397.952586 1.274583 0.014722
1520530398.052589 1.274596 0.014722
1520530398.152592 1.274589 0.014721
1520530398.252596 1.274542 0.014722
1520530398.303365 1.274454 0.014721
1520530398.403368 1.274779 0.014723
1520530398.453370 1.274914 0.014723
1520530398.553373 1.274766 0.014724
1520530398.603375 1.274731 0.014724
1520530398.703221 1.274736 0.014724
1520530398.753223 1.274506 0.014723
1520530398.853226 1.274450 0.014722
1520530398.903227 1.274474 0.014722
1520530399.003230 1.274187 0.014722
1520530399.053232 1.274462 0.014721
1520530399.152330 1.274632 0.014719
1520530399.202332 1.274590 0.014721
1520530399.302335 1.274575 0.014721
1520530399.352336 1.274597 0.014721
1520530399.452339 1.274603 0.014723
1520530399.502341 1.274600 0.014721
1520530399.603008 1.274697 0.014722
1520530399.703011 1.274687 0.014722
1520530399.803014 1.274685 0.014722
1520530399.903017 1.274677 0.014722
1520530399.953275 1.274589 0.014723
1520530400.053278 1.274597 0.014723
1520530400.103279 1.274494 0.014722
1520530400.203283 1.274519 0.014723
1520530400.253284 1.274596 0.014723
1520530400.352494 1.274583 0.014722
1520530400.402496 1.274617 0.014721
1520530400.502500 1.274603 0.014721
1520530400.602502 1.274570 0.014721
1520530400.702505 1.274649 0.014720
1520530400.802292 1.274590 0.014722
1520530400.902295 1.274598 0.014722
1520530401.002299 1.274551 0.014720
1520530401.102302 1.274651 0.014721
1520530401.152303 1.274656 0.014722
1520530401.252756 1.274685 0.014721
1520530401.302758 1.274749 0.014722
1520530401.402761 1.274695 0.014722
1520530401.452763 1.274564 0.014722
1520530401.552766 1.274563 0.014722
1520530401.653039 1.274631 0.014722
1520530401.753042 1.274640 0.014722
1520530401.853045 1.274635 0.014722
1520530401.903047 1.274610 0.014722
1520530402.002281 1.274607 0.014722
1520530402.052283 1.274556 0.014722
1520530402.152286 1.274570 0.014722
1520530402.202287 1.274573 0.014722
1520530402.302290 1.274568 0.014722
1520530402.352292 1.274584 0.014722
1520530402.452569 1.274538 0.014721
1520530402.502571 1.274545 0.014722
1520530402.602574 1.274607 0.014723
1520530402.702577 1.274696 0.014722
1520530402.803416 1.274660 0.014721
1520530402.853417 1.274453 0.014721
1520530402.953420 1.274560 0.014722
1520530403.003422 1.274578 0.014720
1520530403.103425 1.274892 0.014722
1520530403.202933 1.275194 0.014722
1520530403.302936 1.274802 0.014720
1520530403.402940 1.274564 0.014722
1520530403.452941 1.274309 0.014722
1520530403.552945 1.274284 0.014722
1520530403.602946 1.274380 0.014721
1520530403.702256 1.274550 0.014721
1520530403.752257 1.274647 0.014720
1520530403.852261 1.274651 0.014722
1520530403.902261 1.274572 0.014722
1520530404.002264 1.274663 0.014721
1520530404.052745 1.274593 0.014722
1520530404.152748 1.274594 0.014721
1520530404.202749 1.274609 0.014722
1520530404.302752 1.274606 0.014722
1520530404.402755 1.274562 0.014721
1520530404.453112 1.274581 0.014722
1520530404.553115 1.274637 0.014722
1520530404.603117 1.274597 0.014722
1520530404.703120 1.274572 0.014722
1520530404.803123 1.274594 0.014721
1520530404.852642 1.274551 0.014722
1520530404.952645 1.274557 0.014722
1520530405.002647 1.274555 0.014722
1520530405.102650 1.274580 0.014722
1520530405.152651 1.274600 0.014721
1520530405.252327 1.274580 0.014722
1520530405.302330 1.274595 0.014722
1520530405.402333 1.274594 0.014722
1520530405.452334 1.274590 0.014722
1520530405.552337 1.274611 0.014722
1520530405.602339 1.274617 0.014722
1520530405.702792 1.274594 0.014722
1520530405.752795 1.274548 0.014720
1520530405.852855 1.274589 0.014722
1520530405.902800 1.274604 0.014722
1520530406.002803 1.274569 0.014722
1520530406.103570 1.274600 0.014721
1520530406.203573 1.274671 0.014722
1520530406.253574 1.274718 0.014723
1520530406.353577 1.274791 0.014722
1520530406.403579 1.274759 0.014723
1520530406.503485 1.274799 0.014722
1520530406.553487 1.274927 0.014720
1520530406.653490 1.274783 0.014722
1520530406.753493 1.274527 0.014721
1520530406.853497 1.274452 0.014721
1520530406.902692 1.274423 0.014721
1520530407.002694 1.274365 0.014708
1520530407.052696 1.274488 0.014721
1520530407.152699 1.274722 0.014722
1520530407.202701 1.274719 0.014719
1520530407.303185 1.274771 0.014721
1520530407.353185 1.274473 0.014720
1520530407.453221 1.274491 0.014722
1520530407.503190 1.274589 0.014721
1520530407.603193 1.274559 0.014722
1520530407.653194 1.274596 0.014722
1520530407.753511 1.274639 0.014722
1520530407.803513 1.274615 0.014722
1520530407.903516 1.274617 0.014721
1520530407.953518 1.274623 0.014722
1520530408.053521 1.274613 0.014721
1520530408.103522 1.274622 0.014722
1520530408.203605 1.274563 0.014722
1520530408.303608 1.274530 0.014722
1520530408.403612 1.274544 0.014721
1520530408.503614 1.274550 0.014721
1520530408.553374 1.274546 0.014721
1520530408.653377 1.274474 0.014721
1520530408.753380 1.274399 0.014719
1520530408.853383 1.274420 0.014720
1520530408.952878 1.274490 0.014720
1520530409.052890 1.274485 0.014721
1520530409.152884 1.274389 0.014716
1520530409.202886 1.274419 0.014716
1520530409.302889 1.274507 0.014721
1520530409.402904 1.274679 0.014722
1520530409.502907 1.274552 0.014720
1520530409.602910 1.274839 0.014722
1520530409.702913 1.274978 0.014721
1520530409.802656 1.274672 0.014720
1520530409.902659 1.274565 0.014722
1520530410.002662 1.274753 0.014699
1520530410.102666 1.274704 0.014702
1520530410.153223 1.274690 0.014718
1520530410.253226 1.274634 0.014717
1520530410.353231 1.274606 0.014720
1520530410.453232 1.274582 0.014722
1520530410.553235 1.274511 0.014720
1520530410.653876 1.274573 0.014722
1520530410.753879 1.274466 0.014722
1520530410.853882 1.274476 0.014722
1520530410.953885 1.274551 0.014723
1520530411.053420 1.274553 0.014722
1520530411.153423 1.274682 0.014719
1520530411.303427 1.274701 0.014721
1520530411.403009 1.274745 0.014720
1520530411.453010 1.274659 0.014720
1520530411.553013 1.274620 0.014722
1520530411.653017 1.274599 0.014722
1520530411.753020 1.274600 0.014721
1520530411.852907 1.274602 0.014722
1520530411.902909 1.274599 0.014722
1520530412.002912 1.274581 0.014722
1520530412.052913 1.274558 0.014721
1520530412.152916 1.274566 0.014722
1520530412.203416 1.274592 0.014721
1520530412.303419 1.274582 0.014722
1520530412.403422 1.274605 0.014722
1520530412.503425 1.274654 0.014722
1520530412.553426 1.274601 0.014721
1520530412.653630 1.274681 0.014722
1520530412.753633 1.274637 0.014722
1520530412.853636 1.274638 0.014722
1520530412.953639 1.274664 0.014722
1520530413.003641 1.274536 0.014721
1520530413.103011 1.274560 0.014722
1520530413.203014 1.274540 0.014721
1520530413.303017 1.274514 0.014722
1520530413.403021 1.274554 0.014722
1520530413.502941 1.274758 0.014722
1520530413.602944 1.274610 0.014722
1520530413.802951 1.274884 0.014717
1520530413.903189 1.274600 0.014722
1520530414.003112 1.274609 0.014721
1520530414.103115 1.274569 0.014722
1520530414.203118 1.274611 0.014721
1520530414.302896 1.274643 0.014721
1520530414.402899 1.274641 0.014722
1520530414.502902 1.274724 0.014723
1520530414.602906 1.274631 0.014723
1520530414.702707 1.274564 0.014723
1520530414.802710 1.274550 0.014722
1520530414.902714 1.274574 0.014722
1520530415.002717 1.274522 0.014723
1520530415.103195 1.273987 0.014721
1520530415.153197 1.274519 0.014720
1520530415.253200 1.274488 0.014722
1520530415.353203 1.274532 0.014723
1520530415.453206 1.274536 0.014722
1520530415.553069 1.274536 0.014723
1520530415.653072 1.274559 0.014722
1520530415.753075 1.274570 0.014723
1520530415.853079 1.274610 0.014722
1520530415.953363 1.274468 0.014723
1520530416.103368 1.274384 0.014723
1520530416.453380 1.274456 0.014723
1520530416.603384 1.274838 0.014720
1520530416.703272 1.274676 0.014717
1520530416.803277 1.274845 0.014723
1520530416.903278 1.274573 0.014723
1520530417.003283 1.274432 0.014720
1520530417.103391 1.274511 0.014722
1520530417.203373 1.274581 0.014722
1520530417.353378 1.274548 0.014722
1520530417.603465 1.274671 0.014722
1520530417.703468 1.274600 0.014721
1520530417.803472 1.274562 0.014722
1520530417.903475 1.274635 0.014721
1520530418.003458 1.274539 0.014722
1520530418.103461 1.274506 0.014720
1520530418.203465 1.274441 0.014719
1520530418.303468 1.274514 0.014720
1520530418.453434 1.274546 0.014722
1520530418.603439 1.274562 0.014722
1520530418.753343 1.274556 0.014722
1520530418.853346 1.274663 0.014719
1520530418.953350 1.274664 0.014719
1520530419.053353 1.274654 0.014714
1520530419.153533 1.274590 0.014720
1520530419.253536 1.274592 0.014720
1520530419.353539 1.274606 0.014722
1520530419.453542 1.274555 0.014722
1520530419.603729 1.274546 0.014722
1520530419.753734 1.274610 0.014722
1520530419.853738 1.274625 0.014721
1520530419.953740 1.274655 0.014718
1520530420.053599 1.274583 0.014721
1520530420.153602 1.274611 0.014721
1520530420.203604 1.274690 0.014721
1520530420.303607 1.274696 0.014721
1520530420.403699 1.274650 0.014720
1520530420.553704 1.274624 0.014722
1520530420.753710 1.274735 0.014720
1520530420.853358 1.274491 0.014721
1520530420.953361 1.274633 0.014721
1520530421.053364 1.274743 0.014711
1520530421.103366 1.274651 0.014717
1520530421.203429 1.274637 0.014721
1520530421.303432 1.274605 0.014720
1520530421.353434 1.274565 0.014722
1520530421.453437 1.274588 0.014719
1520530421.553440 1.274619 0.014721
1520530421.653613 1.274662 0.014722
1520530421.753616 1.274621 0.014722
1520530421.853618 1.274526 0.014722
1520530422.003623 1.274527 0.014720
1520530422.103474 1.274509 0.014721
1520530422.203477 1.274510 0.014722
1520530422.303480 1.274513 0.014722
1520530422.403483 1.274493 0.014722
1520530422.503396 1.274493 0.014722
1520530422.603400 1.274481 0.014722
1520530422.703403 1.274428 0.014721
1520530422.803406 1.274398 0.014721
1520530422.953585 1.274507 0.014721
1520530423.053588 1.274667 0.014722
1520530423.153591 1.274770 0.014723
1520530423.203592 1.274707 0.014722
1520530423.303317 1.274574 0.014722
1520530423.403322 1.274532 0.014722
1520530423.503324 1.274583 0.014722
1520530423.603327 1.274672 0.014722
1520530423.652983 1.274832 0.014722
1520530423.752986 1.274636 0.014721
1520530423.852990 1.274578 0.014722
1520530423.902991 1.274598 0.014721
1520530424.002994 1.274582 0.014722
1520530424.052950 1.274564 0.014722
1520530424.153255 1.274549 0.014722
1520530424.253258 1.274553 0.014722
1520530424.353261 1.275309 0.014695
1520530424.403263 1.274597 0.014721
1520530424.504722 1.274540 0.014724
1520530424.554724 1.274743 0.014720
1520530424.654727 1.274677 0.014723
1520530424.804732 1.274724 0.014723
1520530424.903374 1.274689 0.014723
1520530424.953377 1.274689 0.014722
1520530425.053379 1.274643 0.014723
1520530425.153383 1.274616 0.014723
1520530425.253385 1.274899 0.014699
1520530425.353734 1.274526 0.014722
1520530425.453737 1.274600 0.014722
1520530425.603741 1.274759 0.014723
1520530425.703675 1.274801 0.014723
1520530425.753677 1.274723 0.014723
1520530425.853680 1.274666 0.014722
1520530425.903682 1.274604 0.014722
1520530426.003685 1.274671 0.014723
1520530426.103474 1.274732 0.014722
1520530426.203477 1.274703 0.014722
1520530426.303480 1.274629 0.014722
1520530426.353481 1.274714 0.014721
1520530426.453484 1.274690 0.014720
1520530426.553551 1.274648 0.014722
1520530426.653554 1.274799 0.014722
1520530426.753558 1.274741 0.014722
1520530426.803559 1.274663 0.014722
1520530426.903562 1.274657 0.014720
1520530426.953598 1.274602 0.014711
1520530427.053602 1.274686 0.014718
1520530427.153605 1.274793 0.014720
1520530427.253608 1.274703 0.014721
1520530427.353592 1.274660 0.014722
1520530427.453595 1.274490 0.014723
1520530427.803679 1.274907 0.014723
1520530427.903683 1.274928 0.014723
1520530428.003686 1.274829 0.014720
1520530428.053687 1.274756 0.014721
1520530428.153535 1.274716 0.014722
1520530428.203537 1.274724 0.014721
1520530428.303540 1.274745 0.014720
1520530428.353542 1.274660 0.014720
1520530428.453544 1.274599 0.014721
1520530428.503546 1.274586 0.014722
1520530428.603452 1.274535 0.014721
1520530428.703455 1.274564 0.014723
1520530428.753457 1.274558 0.014722
1520530428.853460 1.274671 0.014723
1520530428.953463 1.274768 0.014722
1520530429.003444 1.274838 0.014722
1520530429.103447 1.274877 0.014722
1520530429.153448 1.274877 0.014722
1520530429.253451 1.274840 0.014722
1520530429.303453 1.274778 0.014722
1520530429.403551 1.274808 0.014722
1520530429.453553 1.274917 0.014721
1520530429.553556 1.274867 0.014722
1520530429.603558 1.274783 0.014722
1520530429.703560 1.274730 0.014722
1520530429.753562 1.274671 0.014722
1520530429.853626 1.274720 0.014721
1520530429.903625 1.274659 0.014721
1520530430.003663 1.274650 0.014722
1520530430.053629 1.274587 0.014722
1520530430.153632 1.274582 0.014722
1520530430.203344 1.274546 0.014721
1520530430.303347 1.274606 0.014722
1520530430.353349 1.274667 0.014721
1520530430.453352 1.274669 0.014722
1520530430.553355 1.274543 0.014722
1520530430.653528 1.274518 0.014721
1520530430.703530 1.274618 0.014722
1520530430.803533 1.274583 0.014721
1520530430.853534 1.274641 0.014721
1520530430.953538 1.274657 0.014722
1520530431.053698 1.274649 0.014721
1520530431.153701 1.274632 0.014722
1520530431.203703 1.274603 0.014722
1520530431.303706 1.274620 0.014722
1520530431.353708 1.274716 0.014720
1520530431.453562 1.274662 0.014722
1520530431.503564 1.274626 0.014722
1520530431.603567 1.274426 0.014721
1520530431.653568 1.274531 0.014722
1520530431.753571 1.274599 0.014722
1520530431.803573 1.274685 0.014722
1520530431.903526 1.274831 0.014722
1520530431.953527 1.274838 0.014721
1520530432.053530 1.274709 0.014722
1520530432.103532 1.274644 0.014722
1520530432.203536 1.274654 0.014721
1520530432.253696 1.274708 0.014722
1520530432.353700 1.274592 0.014721
1520530432.453702 1.274570 0.014722
1520530432.503704 1.274556 0.014722
1520530432.603708 1.274617 0.014722
1520530432.653548 1.274603 0.014721
1520530432.753551 1.274678 0.014720
1520530432.803553 1.274597 0.014721
1520530432.903556 1.274658 0.014722
1520530433.003559 1.274797 0.014722
1520530433.053690 1.274945 0.014722
1520530433.153693 1.274893 0.014721
1520530433.203694 1.274754 0.014722
1520530433.303697 1.274789 0.014722
1520530433.403700 1.274701 0.014721
1520530433.503793 1.274648 0.014721
1520530433.603796 1.274598 0.014720
1520530433.703799 1.274562 0.014722
1520530433.803803 1.274546 0.014722
1520530433.903631 1.274590 0.014722
1520530433.953632 1.274584 0.014722
1520530434.053635 1.274632 0.014722
1520530434.103637 1.274640 0.014722
1520530434.203641 1.274646 0.014721
1520530434.253642 1.274473 0.014721
1520530434.353481 1.274500 0.014722
1520530434.403481 1.274579 0.014722
1520530434.503485 1.274588 0.014722
1520530434.553486 1.274592 0.014722
1520530434.653489 1.274621 0.014721
1520530434.703655 1.274475 0.014721
1520530434.803658 1.274597 0.014722
1520530434.853723 1.274595 0.014721
1520530434.953663 1.274581 0.014722
1520530435.053667 1.274527 0.014722
1520530435.103796 1.274552 0.014722
1520530435.203799 1.274536 0.014721
1520530435.253801 1.274525 0.014722
1520530435.353804 1.274578 0.014722
1520530435.403806 1.274565 0.014722
1520530435.504086 1.274556 0.014721
1520530435.554088 1.274540 0.014721
1520530435.654091 1.274567 0.014722
1520530435.704092 1.274539 0.014721
1520530435.804096 1.274531 0.014721
1520530435.854097 1.274592 0.014722
1520530435.953835 1.274572 0.014722
1520530436.003837 1.274561 0.014720
1520530436.103839 1.274555 0.014722
1520530436.153841 1.274564 0.014722
1520530436.253844 1.274519 0.014722
1520530436.353956 1.274485 0.014722
1520530436.453978 1.274553 0.014722
1520530436.653965 1.274738 0.014721
1520530436.754031 1.274719 0.014721
1520530436.854034 1.274616 0.014721
1520530436.904035 1.274714 0.014721
1520530437.004039 1.274581 0.014721
1520530437.054040 1.274616 0.014721
1520530437.153533 1.274628 0.014720
1520530437.203536 1.274493 0.014708
1520530437.303539 1.274531 0.014717
1520530437.353539 1.274667 0.014721
1520530437.453545 1.274759 0.014721
1520530437.503545 1.274737 0.014719
1520530437.603872 1.274592 0.014721
1520530437.653873 1.274586 0.014720
1520530437.753876 1.274544 0.014721
1520530437.803878 1.274560 0.014721
1520530437.903881 1.274576 0.014720
1520530438.004481 1.274509 0.014721
1520530438.104484 1.274540 0.014721
1520530438.204487 1.274529 0.014722
1520530438.304490 1.274505 0.014722
1520530438.354492 1.274504 0.014720
1520530438.453623 1.274458 0.014720
1520530438.503624 1.274436 0.014722
1520530438.603628 1.274486 0.014721
1520530438.703631 1.274449 0.014721
1520530438.804389 1.274456 0.014719
1520530438.854392 1.274546 0.014721
1520530438.954395 1.274572 0.014721
1520530439.054398 1.274529 0.014721
1520530439.154401 1.274538 0.014722
1520530439.254655 1.274623 0.014722
1520530439.404660 1.274517 0.014722
1520530439.554665 1.274275 0.014721
1520530439.654178 1.274364 0.014721
1520530439.754182 1.274468 0.014721
1520530439.854185 1.274523 0.014721
1520530439.954188 1.274594 0.014721
1520530440.054101 1.274565 0.014721
1520530440.204106 1.274813 0.014721
1520530440.304109 1.274972 0.014720
1520530440.404112 1.275221 0.014720
1520530440.503979 1.275323 0.014721
1520530440.603982 1.275384 0.014721
1520530440.703986 1.275322 0.014720
1520530440.803989 1.275234 0.014721
1520530440.903872 1.275058 0.014721
1520530441.003875 1.274934 0.014721
1520530441.103878 1.274874 0.014721
1520530441.203881 1.274778 0.014721
1520530441.303927 1.274773 0.014721
1520530441.403893 1.274694 0.014722
1520530441.503896 1.274723 0.014721
1520530441.603899 1.274755 0.014722
1520530441.704084 1.274717 0.014721
1520530441.854089 1.274639 0.014721
1520530442.004094 1.274549 0.014721
1520530442.104032 1.274727 0.014720
1520530442.204035 1.274511 0.014719
1520530442.304038 1.274497 0.014716
1520530442.404042 1.274502 0.014721
1520530442.453714 1.274546 0.014718
1520530442.553717 1.274533 0.014720
1520530442.603719 1.274670 0.014711
1520530442.703722 1.274592 0.014720
1520530442.753723 1.274505 0.014721
1520530442.853726 1.274466 0.014721
1520530442.904376 1.274358 0.014719
1520530443.004379 1.274473 0.014718
1520530443.104382 1.274450 0.014719
1520530443.204385 1.274509 0.014721
1520530443.354468 1.274662 0.014721
1520530443.504473 1.274799 0.014721
1520530443.604476 1.274648 0.014721
1520530443.704013 1.274693 0.014715
1520530443.754014 1.274552 0.014718
1520530443.854018 1.274517 0.014720
1520530443.954022 1.274599 0.014720
1520530444.054024 1.274587 0.014721
1520530444.154403 1.274553 0.014718
1520530444.254406 1.274505 0.014720
1520530444.354410 1.274477 0.014721
1520530444.454413 1.274487 0.014721
1520530444.505161 1.274210 0.014720
1520530444.605164 1.274383 0.014720
1520530444.705167 1.274463 0.014721
1520530444.805170 1.274539 0.014722
1520530444.905173 1.274576 0.014722
1520530444.954962 1.274487 0.014721
1520530445.054965 1.274465 0.014721
1520530445.104967 1.274478 0.014720
1520530445.204970 1.274435 0.014721
1520530445.304973 1.274461 0.014720
1520530445.353892 1.274573 0.014721
1520530445.453896 1.274448 0.014717
1520530445.503898 1.274469 0.014720
1520530445.603900 1.274451 0.014719
1520530445.653902 1.274441 0.014719
1520530445.753751 1.274461 0.014721
1520530445.803752 1.274459 0.014711
1520530445.903755 1.274486 0.014721
1520530445.953757 1.274478 0.014721
1520530446.053761 1.274457 0.014721
1520530446.103761 1.274437 0.014721
1520530446.204900 1.274367 0.014721
1520530446.304903 1.274474 0.014721
1520530446.404906 1.274385 0.014721
1520530446.504909 1.274412 0.014721
1520530446.604785 1.274506 0.014720
1520530446.704788 1.274532 0.014720
1520530446.804791 1.274527 0.014718
1520530446.904794 1.274530 0.014717
1520530446.954330 1.274533 0.014718
1520530447.054334 1.274573 0.014719
1520530447.154337 1.274505 0.014720
1520530447.254340 1.274527 0.014720
1520530447.354343 1.274470 0.014720
1520530447.454125 1.274524 0.014721
1520530447.604130 1.274592 0.014710
1520530447.754142 1.274399 0.014720
1520530448.203885 1.275062 0.014721
1520530448.353889 1.275038 0.014713
