1520530315.499642 1.127762 0.416989
1520530315.649646 1.114960 0.254506
1520530315.799640 1.123780 0.178688
1520530315.949645 1.058572 0.164337
1520530316.100221 1.049114 0.185748
1520530316.300227 1.069448 0.176427
1520530316.450231 1.074855 0.166287
1520530316.600278 1.074508 0.161811
1520530316.800284 1.072988 0.159302
1520530316.949773 1.083907 0.154626
1520530316.999775 1.092655 0.145585
1520530317.149779 1.113570 0.134358
1520530317.349743 1.109750 0.111792
1520530317.549752 1.096917 0.099365
1520530317.699755 1.092550 0.094696
1520530317.800239 1.089445 0.092968
1520530317.950243 1.086044 0.095281
1520530318.100248 1.088458 0.094901
1520530318.200769 1.088857 0.094544
1520530318.350774 1.088658 0.092267
1520530318.500778 1.097718 0.088407
1520530318.650568 1.106272 0.085513
1520530318.850574 1.115058 0.082971
1520530318.999955 1.127168 0.078325
1520530319.099959 1.131120 0.075446
1520530319.199962 1.137606 0.072381
1520530319.349967 1.134418 0.064599
1520530319.449833 1.127691 0.062014
1520530319.599838 1.127738 0.059941
1520530319.749942 1.123551 0.059143
1520530319.850343 1.121122 0.058688
1520530319.950346 1.121413 0.057827
1520530320.050349 1.123544 0.056372
1520530320.150352 1.124638 0.054932
1520530320.250402 1.124056 0.053580
1520530320.400407 1.123088 0.052536
1520530320.550412 1.124102 0.051690
1520530320.649871 1.127376 0.050931
1520530320.799876 1.135142 0.049110
1520530320.949880 1.143653 0.047035
1520530321.099742 1.145427 0.045419
1520530321.199745 1.147443 0.044645
1520530321.349750 1.146690 0.043595
1520530321.499857 1.143383 0.042415
1520530321.599860 1.143325 0.041752
1520530321.699863 1.144418 0.041242
1520530321.799867 1.144475 0.040837
1520530321.950155 1.155235 0.040416
1520530322.050158 1.152471 0.039797
1520530322.150162 1.153062 0.039312
1520530322.300208 1.151974 0.038988
1520530322.550216 1.152399 0.038657
1520530322.700026 1.156020 0.038119
1520530322.850030 1.157418 0.037329
1520530323.000035 1.155956 0.036795
1520530323.150076 1.155644 0.036331
1520530323.300080 1.156521 0.036026
1520530323.450085 1.159780 0.035068
1520530323.550346 1.161074 0.034102
1520530323.650349 1.161433 0.031968
1520530323.750353 1.161412 0.031567
1520530323.900153 1.161793 0.031139
1520530324.000156 1.161340 0.030965
1520530324.150160 1.159860 0.030622
1520530324.299908 1.160908 0.030361
1520530324.399911 1.161965 0.030169
1520530324.499994 1.160596 0.029803
1520530324.599917 1.159305 0.029481
1520530324.700018 1.157838 0.029230
1520530324.850023 1.158668 0.029113
1520530325.000028 1.160347 0.029037
1520530325.100816 1.161571 0.028951
1520530325.300822 1.159904 0.028537
1520530325.500828 1.165310 0.027978
1520530325.700918 1.165675 0.027116
1520530325.850922 1.165328 0.026689
1520530326.000543 1.164573 0.026375
1520530326.150548 1.163126 0.026111
1520530326.300552 1.163782 0.025875
1520530326.400206 1.164536 0.025788
1520530326.600213 1.164706 0.025674
1520530326.800428 1.164030 0.025632
1520530327.000434 1.164010 0.025142
1520530327.150431 1.164062 0.024625
1520530327.300436 1.163877 0.024250
1520530327.450441 1.165152 0.024009
1520530327.550090 1.165427 0.023848
1520530327.600091 1.164516 0.023670
1520530327.700094 1.166471 0.023450
1520530327.800097 1.166719 0.023311
1520530327.850099 1.166446 0.023259
1520530327.950102 1.165689 0.023123
1520530328.050282 1.166811 0.023035
1520530328.150285 1.166879 0.022896
1520530328.300290 1.166101 0.022740
1520530328.400337 1.165480 0.022664
1520530328.450338 1.165816 0.022634
1520530328.550342 1.166381 0.022615
1520530328.650346 1.165873 0.022603
1520530328.750348 1.165813 0.022579
1520530328.850087 1.166461 0.022529
1520530329.000092 1.167689 0.022387
1520530329.150097 1.168015 0.022185
1520530329.200044 1.168085 0.022109
1520530329.300047 1.169049 0.021945
1520530329.400050 1.168899 0.021742
1520530329.600097 1.168489 0.021462
1520530329.700100 1.168214 0.021380
1520530329.800104 1.168434 0.021323
1520530329.900107 1.168855 0.021275
1520530330.000110 1.168866 0.021194
1520530330.050161 1.169148 0.021132
1520530330.150164 1.170132 0.020976
1520530330.250167 1.171087 0.020756
1520530330.300169 1.171916 0.020630
1520530330.400172 1.172669 0.020400
1520530330.450787 1.172808 0.020299
1520530330.550790 1.172264 0.020196
1520530330.650793 1.172144 0.020162
1520530330.700795 1.172485 0.020159
1520530330.800798 1.172382 0.020131
1520530330.850367 1.172318 0.020102
1520530330.950279 1.172153 0.020008
1520530331.050282 1.172344 0.019912
1520530331.150285 1.173107 0.019843
1520530331.250735 1.173721 0.019797
1520530331.350738 1.173826 0.019769
1520530331.450741 1.173751 0.019755
1520530331.500743 1.173266 0.019743
1520530331.600746 1.173304 0.019710
1520530331.650479 1.173822 0.019674
1520530331.750483 1.174049 0.019527
1520530331.800484 1.173696 0.019400
1520530331.900488 1.173158 0.019123
1520530332.000491 1.173593 0.018864
1520530332.100388 1.173506 0.018639
1520530332.200392 1.173650 0.018470
1520530332.300399 1.173730 0.018355
1520530332.400401 1.174012 0.018295
1520530332.450399 1.173954 0.018277
1520530332.550483 1.173537 0.018270
1520530332.600486 1.173387 0.018270
1520530332.700489 1.173771 0.018254
1520530332.800492 1.174267 0.018207
1520530332.900164 1.175044 0.018149
1520530332.950166 1.175280 0.018115
1520530333.050169 1.175525 0.018064
1520530333.150173 1.176093 0.018040
1520530333.250175 1.177062 0.018004
1520530333.300608 1.176964 0.017971
1520530333.400612 1.177572 0.017913
1520530333.500615 1.177237 0.017867
1520530333.650619 1.177370 0.017853
1520530333.750542 1.178076 0.017842
1520530333.800544 1.178004 0.017838
1520530333.900547 1.178508 0.017831
1520530333.950549 1.178967 0.017809
1520530334.050551 1.178737 0.017769
1520530334.150218 1.180383 0.017643
1520530334.250221 1.180935 0.017530
1520530334.300222 1.181095 0.017483
1520530334.400225 1.181489 0.017403
1520530334.500228 1.181707 0.017343
1520530334.600088 1.181942 0.017298
1520530334.700091 1.182619 0.017264
1520530334.800094 1.183109 0.017233
1520530334.900097 1.183064 0.017196
1520530334.950928 1.182898 0.017181
1520530335.050931 1.182320 0.017148
1520530335.150934 1.182167 0.017141
1520530335.250937 1.182185 0.017126
1520530335.351457 1.182419 0.017114
1520530335.451459 1.182814 0.017108
1520530335.551462 1.182025 0.017099
1520530335.651465 1.181988 0.017090
1520530335.750223 1.182208 0.017081
1520530335.850226 1.183095 0.017075
1520530335.950229 1.183483 0.017059
1520530336.000230 1.183160 0.017046
1520530336.100233 1.183451 0.017028
1520530336.200179 1.183283 0.017000
1520530336.300182 1.183841 0.016963
1520530336.400185 1.184531 0.016905
1520530336.500188 1.185091 0.016822
1520530336.550582 1.185610 0.016784
1520530336.650586 1.185958 0.016721
1520530336.750588 1.186750 0.016684
1520530336.850591 1.186913 0.016652
1520530336.950594 1.187159 0.016634
1520530337.050259 1.187502 0.016606
1520530337.150262 1.188409 0.016572
1520530337.250265 1.189127 0.016543
1520530337.350269 1.189235 0.016544
1520530337.450303 1.189542 0.016527
1520530337.550306 1.189154 0.016510
1520530337.650309 1.189873 0.016475
1520530337.750312 1.190595 0.016413
1520530337.850855 1.191379 0.016323
1520530337.950858 1.191861 0.016239
1520530338.050862 1.191958 0.016166
1520530338.150864 1.191680 0.016116
1520530338.250473 1.190493 0.016069
1520530338.350476 1.189986 0.016053
1520530338.450479 1.190082 0.016035
1520530338.550482 1.189798 0.016018
1520530338.650261 1.190028 0.015998
1520530338.750266 1.190100 0.015973
1520530338.850267 1.189774 0.015944
1520530338.950270 1.189851 0.015925
1520530339.050959 1.189473 0.015895
1520530339.100960 1.189570 0.015884
1520530339.200963 1.189828 0.015865
1520530339.300966 1.189719 0.015851
1520530339.400970 1.189480 0.015844
1520530339.501689 1.189215 0.015840
1520530339.601692 1.189039 0.015834
1520530339.701695 1.189176 0.015817
1520530339.751697 1.189248 0.015812
1520530339.851056 1.189456 0.015796
1520530339.901057 1.189493 0.015788
1520530340.001061 1.189717 0.015767
1520530340.101063 1.189776 0.015747
1520530340.201067 1.190249 0.015729
1520530340.300397 1.190236 0.015698
1520530340.400400 1.190238 0.015664
1520530340.500403 1.190404 0.015637
1520530340.600406 1.190811 0.015611
1520530340.700348 1.190752 0.015596
1520530340.850353 1.190782 0.015579
1520530341.000358 1.191158 0.015574
1520530341.100776 1.191451 0.015567
1520530341.300782 1.191586 0.015548
1520530341.500713 1.191458 0.015539
1520530341.750720 1.191449 0.015526
1520530341.900542 1.191198 0.015510
1520530342.050546 1.191277 0.015493
1520530342.150549 1.190879 0.015479
1520530342.250553 1.191269 0.015465
1520530342.400676 1.191474 0.015431
1520530342.550681 1.191560 0.015403
1520530342.700643 1.191607 0.015366
1520530342.850648 1.192340 0.015313
1520530342.950651 1.192025 0.015246
1520530343.050654 1.191681 0.015170
1520530343.151133 1.191550 0.015097
1520530343.251136 1.191531 0.014992
1520530343.351140 1.191245 0.014903
1520530343.401141 1.191212 0.014862
1520530343.501404 1.191368 0.014753
1520530343.601407 1.191240 0.014627
1520530343.701410 1.191815 0.014502
1520530343.801413 1.191851 0.014353
1520530343.901416 1.191858 0.014214
1520530344.001403 1.191418 0.014067
1520530344.101406 1.191235 0.013922
1520530344.201410 1.191030 0.013789
1520530344.301413 1.190623 0.013660
1520530344.401411 1.190270 0.013540
1520530344.451412 1.190187 0.013484
1520530344.551415 1.190028 0.013378
1520530344.651418 1.189725 0.013274
1520530344.751636 1.189318 0.013184
1520530344.851639 1.189213 0.013106
1520530344.951642 1.189387 0.013043
1520530345.051645 1.189393 0.012972
1520530345.151845 1.189250 0.012908
1520530345.251745 1.189196 0.012850
1520530345.351748 1.189149 0.012804
1520530345.451751 1.189238 0.012760
1520530345.551195 1.188980 0.012722
1520530345.601196 1.189138 0.012711
1520530345.701199 1.188942 0.012663
1520530345.801203 1.188576 0.012639
1520530345.851204 1.188471 0.012628
1520530345.951161 1.188520 0.012600
1520530346.001475 1.188330 0.012590
1520530346.101479 1.188265 0.012565
1520530346.201481 1.188608 0.012551
1520530346.301485 1.188821 0.012532
1520530346.351486 1.188876 0.012526
1520530346.451378 1.188598 0.012513
1520530346.551380 1.188464 0.012502
1520530346.651383 1.188296 0.012492
1520530346.751386 1.188092 0.012480
1520530346.801545 1.188156 0.012477
1520530346.901548 1.188488 0.012469
1520530347.001551 1.188381 0.012463
1520530347.101554 1.188254 0.012456
1520530347.201400 1.188390 0.012450
1520530347.301403 1.188494 0.012446
1520530347.351405 1.188540 0.012443
1520530347.451408 1.188421 0.012438
1520530347.501410 1.188281 0.012436
1520530347.601218 1.188064 0.012432
1520530347.701222 1.187853 0.012429
1520530347.801224 1.187883 0.012426
1520530347.901227 1.187840 0.012423
1520530348.001163 1.187956 0.012420
1520530348.101166 1.187968 0.012416
1520530348.201169 1.187898 0.012415
1520530348.301184 1.187790 0.012415
1520530348.401175 1.187912 0.012412
1520530348.501419 1.187741 0.012410
1520530348.601422 1.187717 0.012411
1520530348.651423 1.187479 0.012411
1520530348.751426 1.187612 0.012410
1520530348.801428 1.187563 0.012410
1520530348.901315 1.187514 0.012409
1520530348.951318 1.187675 0.012407
1520530349.051321 1.187732 0.012408
1520530349.101323 1.187634 0.012407
1520530349.201326 1.187649 0.012408
1520530349.301107 1.187668 0.012407
1520530349.401110 1.187755 0.012406
1520530349.451112 1.187708 0.012406
1520530349.551115 1.187680 0.012406
1520530349.650935 1.187664 0.012406
1520530349.700937 1.187682 0.012406
1520530349.800940 1.187709 0.012405
1520530349.900986 1.187693 0.012405
1520530349.950944 1.187678 0.012403
1520530350.051376 1.187699 0.012404
1520530350.151379 1.187751 0.012403
1520530350.201381 1.187706 0.012403
1520530350.301384 1.187760 0.012402
1520530350.401387 1.187810 0.012401
1520530350.501516 1.187882 0.012400
1520530350.601520 1.187911 0.012400
1520530350.701523 1.188011 0.012399
1520530350.801526 1.187932 0.012398
1520530350.901571 1.187915 0.012397
1520530351.001574 1.187919 0.012396
1520530351.101578 1.187975 0.012395
1520530351.201581 1.188059 0.012394
1520530351.301683 1.188154 0.012393
1520530351.401685 1.188178 0.012393
1520530351.501759 1.188206 0.012392
1520530351.601688 1.188395 0.012390
1520530351.701695 1.188233 0.012389
1520530351.801698 1.188376 0.012387
1520530351.901701 1.188290 0.012385
1520530352.001704 1.188243 0.012386
1520530352.101805 1.188250 0.012385
1520530352.201808 1.188295 0.012384
1520530352.301811 1.188349 0.012383
1520530352.401814 1.188372 0.012383
1520530352.501469 1.188349 0.012382
1520530352.601472 1.188344 0.012382
1520530352.701475 1.188313 0.012380
1520530352.801478 1.188334 0.012381
1520530352.901098 1.188457 0.012377
1520530352.951099 1.188286 0.012380
1520530353.051102 1.188326 0.012378
1520530353.151105 1.188241 0.012377
1520530353.251108 1.188234 0.012377
1520530353.351398 1.188135 0.012377
1520530353.401399 1.188117 0.012377
1520530353.501402 1.188193 0.012377
1520530353.601405 1.188470 0.012376
1520530353.701408 1.188566 0.012374
1520530353.801738 1.188284 0.012375
1520530353.901741 1.188162 0.012373
1520530354.001744 1.188101 0.012374
1520530354.101747 1.188082 0.012374
1520530354.201897 1.188301 0.012373
1520530354.301900 1.188130 0.012372
1520530354.351902 1.188085 0.012372
1520530354.451905 1.188031 0.012372
1520530354.551594 1.188092 0.012371
1520530354.651595 1.188169 0.012371
1520530354.701596 1.188212 0.012371
1520530354.851600 1.188253 0.012371
1520530354.951359 1.188289 0.012369
1520530355.051362 1.188226 0.012367
1520530355.151365 1.188160 0.012369
1520530355.251368 1.188174 0.012369
1520530355.351371 1.188121 0.012368
1520530355.451408 1.188135 0.012368
1520530355.551411 1.188161 0.012367
1520530355.651416 1.188230 0.012366
1520530355.751418 1.188265 0.012365
1520530355.851533 1.188145 0.012366
1520530355.951536 1.188252 0.012366
1520530356.001537 1.188262 0.012366
1520530356.101541 1.188302 0.012366
1520530356.201376 1.188360 0.012365
1520530356.301379 1.188341 0.012364
1520530356.401382 1.188505 0.012364
1520530356.451383 1.188587 0.012364
1520530356.551386 1.188509 0.012365
1520530356.651234 1.188328 0.012364
1520530356.751237 1.188428 0.012364
1520530356.801239 1.188351 0.012362
1520530356.901242 1.188454 0.012363
1520530357.001153 1.188582 0.012364
1520530357.101156 1.188368 0.012363
1520530357.201159 1.188405 0.012363
1520530357.301162 1.188355 0.012362
1520530357.351164 1.188394 0.012363
1520530357.451660 1.188472 0.012363
1520530357.501662 1.188439 0.012363
1520530357.601666 1.188442 0.012363
1520530357.651666 1.188432 0.012362
1520530357.751669 1.188459 0.012362
1520530357.851585 1.188488 0.012361
1520530357.951560 1.188509 0.012362
1520530358.001562 1.188501 0.012361
1520530358.101565 1.188486 0.012361
1520530358.201568 1.188457 0.012361
1520530358.301626 1.188475 0.012361
1520530358.401629 1.188515 0.012360
1520530358.501632 1.188512 0.012360
1520530358.601636 1.188488 0.012360
1520530358.701800 1.188470 0.012360
1520530358.801803 1.188470 0.012360
1520530358.901806 1.188542 0.012360
1520530359.001810 1.188537 0.012359
1520530359.101811 1.188561 0.012359
1520530359.201810 1.188514 0.012359
1520530359.301813 1.188412 0.012359
1520530359.401817 1.188482 0.012359
1520530359.501870 1.188498 0.012358
1520530359.601873 1.188592 0.012358
1520530359.701876 1.188510 0.012358
1520530359.751878 1.188505 0.012358
1520530359.851881 1.188422 0.012357
1520530359.951828 1.188548 0.012358
1520530360.051831 1.188570 0.012358
1520530360.151834 1.188727 0.012357
1520530360.251837 1.188744 0.012356
1520530360.301316 1.188844 0.012352
1520530360.401319 1.188647 0.012357
1520530360.501323 1.188705 0.012357
1520530360.601326 1.188719 0.012356
1520530360.700978 1.188894 0.012356
1520530360.750980 1.188769 0.012357
1520530360.850983 1.188918 0.012355
1520530360.950988 1.188966 0.012355
1520530361.051064 1.189094 0.012354
1520530361.151045 1.189030 0.012355
1520530361.251048 1.188997 0.012355
1520530361.351051 1.188962 0.012355
1520530361.451055 1.188908 0.012355
1520530361.501690 1.188836 0.012355
1520530361.601693 1.188816 0.012352
1520530361.651695 1.188773 0.012349
1520530361.751698 1.188810 0.012354
1520530361.801700 1.188809 0.012355
1520530361.901939 1.188863 0.012355
1520530361.951941 1.188889 0.012355
1520530362.051944 1.189017 0.012354
1520530362.151947 1.189088 0.012354
1520530362.251950 1.188898 0.012352
1520530362.351623 1.189026 0.012353
1520530362.451626 1.189181 0.012353
1520530362.551629 1.189303 0.012353
1520530362.651727 1.189354 0.012351
1520530362.751364 1.189438 0.012350
1520530362.851367 1.189353 0.012350
1520530362.951370 1.189306 0.012350
1520530363.051374 1.189254 0.012350
1520530363.151650 1.189279 0.012349
1520530363.251653 1.189326 0.012348
1520530363.351656 1.189414 0.012349
1520530363.451659 1.189431 0.012349
1520530363.551745 1.189563 0.012348
1520530363.651748 1.189497 0.012349
1520530363.701749 1.189210 0.012349
1520530363.801753 1.189497 0.012349
1520530363.851754 1.189216 0.012345
1520530363.951780 1.189452 0.012348
1520530364.001782 1.189739 0.012348
1520530364.101785 1.189763 0.012348
1520530364.151786 1.189691 0.012347
1520530364.251789 1.189712 0.012347
1520530364.301791 1.189454 0.012348
1520530364.401853 1.189536 0.012348
1520530364.451854 1.189556 0.012345
1520530364.551858 1.189493 0.012348
1520530364.651861 1.189467 0.012348
1520530364.751864 1.189399 0.012349
1520530364.852377 1.189371 0.012348
1520530364.952380 1.189428 0.012348
1520530365.052383 1.189435 0.012348
1520530365.201844 1.189505 0.012349
1520530365.301847 1.189489 0.012348
1520530365.401850 1.189570 0.012348
1520530365.501853 1.189651 0.012348
1520530365.601535 1.189663 0.012347
1520530365.701539 1.189623 0.012347
1520530365.801546 1.189610 0.012347
1520530365.901545 1.189616 0.012347
1520530366.001907 1.189607 0.012346
1520530366.051908 1.189540 0.012345
1520530366.151911 1.189515 0.012345
1520530366.201913 1.189494 0.012346
1520530366.301916 1.189531 0.012346
1520530366.351918 1.189550 0.012346
1520530366.452121 1.189583 0.012346
1520530366.552125 1.189651 0.012345
1520530366.652128 1.189638 0.012346
1520530366.702130 1.189669 0.012346
1520530366.802133 1.189670 0.012346
1520530366.902167 1.189656 0.012346
1520530367.002170 1.189611 0.012345
1520530367.052172 1.189620 0.012346
1520530367.152175 1.189641 0.012346
1520530367.202177 1.189673 0.012345
1520530367.302541 1.189604 0.012345
1520530367.402544 1.189625 0.012345
1520530367.502548 1.189596 0.012345
1520530367.652264 1.189621 0.012345
1520530367.752267 1.189706 0.012345
1520530367.852271 1.189724 0.012345
1520530367.952274 1.189717 0.012344
1520530368.052124 1.189696 0.012345
1520530368.152127 1.189703 0.012344
1520530368.252130 1.189762 0.012344
1520530368.352134 1.189711 0.012345
1520530368.452048 1.189703 0.012344
1520530368.502050 1.189712 0.012344
1520530368.602053 1.189683 0.012344
1520530368.702056 1.189609 0.012345
1520530368.802058 1.189696 0.012344
1520530368.851389 1.189873 0.012339
1520530368.951392 1.189696 0.012344
1520530369.001394 1.189622 0.012339
1520530369.101397 1.189606 0.012344
1520530369.151398 1.189611 0.012344
1520530369.251401 1.189615 0.012344
1520530369.301537 1.189883 0.012344
1520530369.401540 1.189841 0.012344
1520530369.501543 1.189744 0.012343
1520530369.601546 1.189778 0.012344
1520530369.651548 1.189741 0.012342
1520530369.751899 1.189748 0.012344
1520530369.851902 1.189748 0.012344
1520530369.951905 1.189681 0.012344
1520530370.101930 1.189720 0.012344
1520530370.251934 1.189748 0.012344
1520530370.401938 1.189824 0.012344
1520530370.601899 1.189947 0.012344
1520530370.851892 1.189893 0.012343
1520530371.001944 1.189883 0.012344
1520530371.101947 1.189929 0.012343
1520530371.251952 1.189945 0.012343
1520530371.401953 1.189942 0.012343
1520530371.501956 1.189985 0.012343
1520530371.651961 1.189959 0.012343
1520530371.801961 1.189915 0.012343
1520530371.901964 1.189885 0.012343
1520530372.001968 1.189895 0.012342
1520530372.101971 1.189914 0.012342
1520530372.201977 1.189985 0.012342
1520530372.351961 1.190042 0.012343
1520530372.501966 1.189988 0.012342
1520530372.601958 1.189944 0.012343
1520530372.701961 1.189959 0.012342
1520530372.801964 1.189999 0.012341
1520530372.901967 1.189974 0.012342
1520530373.001619 1.189872 0.012342
1520530373.151624 1.189958 0.012342
1520530373.251627 1.189846 0.012343
1520530373.351457 1.189862 0.012342
1520530373.401458 1.189859 0.012342
1520530373.501461 1.189740 0.012342
1520530373.601465 1.189790 0.012343
1520530373.701467 1.189826 0.012342
1520530373.801615 1.189886 0.012343
1520530373.901585 1.189912 0.012342
1520530374.001588 1.189913 0.012342
1520530374.101591 1.189893 0.012342
1520530374.201953 1.189846 0.012342
1520530374.301956 1.189888 0.012342
1520530374.401959 1.189913 0.012342
1520530374.501962 1.189956 0.012342
1520530374.652408 1.189943 0.012342
1520530374.802413 1.189895 0.012343
1520530374.902417 1.189985 0.012342
1520530375.002442 1.189997 0.012342
1520530375.102445 1.190108 0.012341
1520530375.202449 1.190036 0.012342
1520530375.302452 1.189997 0.012342
1520530375.402252 1.189921 0.012342
1520530375.502216 1.190060 0.012341
1520530375.602219 1.190010 0.012341
1520530375.652220 1.190052 0.012340
1520530375.752223 1.189928 0.012342
1520530375.802225 1.189941 0.012342
1520530375.902259 1.189878 0.012342
1520530376.002262 1.189968 0.012342
1520530376.102265 1.189987 0.012342
1520530376.202270 1.189981 0.012342
1520530376.251950 1.189978 0.012341
1520530376.351954 1.190022 0.012341
1520530376.451957 1.190048 0.012339
1520530376.501958 1.190019 0.012342
1520530376.601961 1.190042 0.012342
1520530376.702664 1.190032 0.012341
1520530376.752666 1.190022 0.012341
1520530376.852669 1.190015 0.012342
1520530376.902671 1.189985 0.012342
1520530377.002721 1.189951 0.012341
1520530377.102900 1.190001 0.012340
1520530377.202903 1.190119 0.012339
1520530377.302906 1.190038 0.012342
1520530377.402909 1.190005 0.012342
1520530377.451719 1.189938 0.012342
1520530377.551722 1.190072 0.012339
1520530377.651725 1.190030 0.012341
1520530377.751728 1.190071 0.012341
1520530377.851407 1.190081 0.012342
1520530377.901409 1.190129 0.012342
1520530378.001412 1.190119 0.012341
1520530378.101416 1.190066 0.012342
1520530378.201419 1.190127 0.012341
1520530378.251420 1.190142 0.012341
1520530378.351513 1.190110 0.012341
1520530378.401515 1.190096 0.012340
1520530378.501517 1.190107 0.012340
1520530378.551519 1.190103 0.012342
1520530378.651522 1.190134 0.012341
1520530378.702209 1.190155 0.012341
1520530378.802212 1.190134 0.012341
1520530378.902215 1.190068 0.012341
1520530379.002218 1.190041 0.012341
1520530379.102149 1.190054 0.012341
1520530379.202152 1.190087 0.012341
1520530379.302155 1.190064 0.012342
1520530379.402159 1.190056 0.012341
1520530379.501850 1.190058 0.012342
1520530379.551852 1.190052 0.012341
1520530379.651855 1.190048 0.012341
1520530379.751858 1.190063 0.012341
1520530379.851861 1.190029 0.012341
1520530379.951826 1.190006 0.012341
1520530380.051829 1.190039 0.012341
1520530380.151832 1.190154 0.012341
1520530380.251835 1.190182 0.012341
1520530380.352160 1.190240 0.012341
1520530380.452163 1.190209 0.012339
1520530380.552166 1.190283 0.012339
1520530380.602168 1.190309 0.012340
1520530380.702171 1.190262 0.012340
1520530380.802136 1.190611 0.012341
1520530380.902139 1.190260 0.012338
1520530380.952141 1.190200 0.012339
1520530381.052144 1.190153 0.012341
1520530381.102146 1.190097 0.012340
1520530381.202049 1.190098 0.012340
1520530381.252051 1.190027 0.012340
1520530381.352054 1.190021 0.012341
1520530381.452057 1.190011 0.012340
1520530381.552262 1.190000 0.012341
1520530381.652265 1.189993 0.012341
1520530381.752268 1.190004 0.012341
1520530381.852271 1.190030 0.012341
1520530381.952332 1.190054 0.012341
1520530382.052335 1.190058 0.012341
1520530382.152338 1.190041 0.012341
1520530382.252342 1.190052 0.012341
1520530382.352159 1.190068 0.012341
1520530382.452162 1.190055 0.012341
1520530382.552165 1.190055 0.012341
1520530382.652168 1.190068 0.012341
1520530382.752171 1.190055 0.012341
1520530382.902248 1.190038 0.012340
1520530383.002250 1.190061 0.012341
1520530383.152255 1.190106 0.012341
1520530383.252208 1.190093 0.012341
1520530383.352211 1.190152 0.012341
1520530383.452214 1.190157 0.012340
1520530383.552217 1.190154 0.012341
1520530383.652472 1.190106 0.012341
1520530383.752476 1.190148 0.012341
1520530383.852479 1.190248 0.012340
1520530383.952482 1.190175 0.012341
1520530384.052531 1.190317 0.012340
1520530384.152534 1.190481 0.012341
1520530384.252537 1.190509 0.012341
1520530384.352541 1.190306 0.012341
1520530384.402432 1.190131 0.012340
1520530384.502435 1.190212 0.012341
1520530384.602439 1.190179 0.012340
1520530384.702442 1.190380 0.012340
1520530384.802857 1.190192 0.012341
1520530384.902860 1.190205 0.012341
1520530384.952861 1.190205 0.012340
1520530385.052864 1.190166 0.012341
1520530385.102866 1.190153 0.012341
1520530385.202869 1.190127 0.012341
1520530385.252705 1.190072 0.012341
1520530385.352709 1.190186 0.012341
1520530385.402710 1.190224 0.012341
1520530385.502713 1.190252 0.012341
1520530385.552715 1.190204 0.012341
1520530385.652486 1.190203 0.012341
1520530385.752489 1.190170 0.012341
1520530385.852492 1.190197 0.012341
1520530385.902494 1.190191 0.012341
1520530386.002497 1.190160 0.012341
1520530386.102546 1.190149 0.012341
1520530386.202549 1.190142 0.012341
1520530386.302552 1.190159 0.012341
1520530386.402554 1.190151 0.012341
1520530386.502760 1.190183 0.012341
1520530386.602814 1.190209 0.012341
1520530386.702766 1.190192 0.012341
1520530386.802769 1.190126 0.012341
1520530386.902676 1.190121 0.012341
1520530387.002679 1.190189 0.012341
1520530387.102682 1.190249 0.012341
1520530387.202685 1.190264 0.012340
1520530387.302607 1.190299 0.012341
1520530387.352609 1.190352 0.012340
1520530387.452612 1.190420 0.012341
1520530387.502614 1.190407 0.012339
1520530387.602617 1.190399 0.012340
1520530387.652619 1.190339 0.012340
1520530387.752459 1.190143 0.012340
1520530387.802460 1.190132 0.012341
1520530387.902463 1.190145 0.012341
1520530387.952465 1.190183 0.012341
1520530388.052468 1.190180 0.012341
1520530388.102494 1.190202 0.012341
1520530388.202544 1.190196 0.012341
1520530388.252499 1.190151 0.012341
1520530388.352502 1.190167 0.012341
1520530388.452505 1.190152 0.012341
1520530388.552854 1.190137 0.012341
1520530388.702858 1.190214 0.012341
1520530388.852863 1.190215 0.012341
1520530388.952235 1.190171 0.012341
1520530389.052238 1.190136 0.012341
1520530389.152242 1.190149 0.012341
1520530389.252245 1.190179 0.012341
1520530389.302934 1.190226 0.012340
1520530389.402938 1.190190 0.012341
1520530389.452939 1.190267 0.012340
1520530389.552942 1.190282 0.012340
1520530389.652948 1.190237 0.012341
1520530389.753403 1.190295 0.012341
1520530389.803445 1.190244 0.012341
1520530389.903408 1.190208 0.012341
1520530389.953409 1.190156 0.012341
1520530390.053412 1.190174 0.012342
1520530390.103414 1.190100 0.012341
1520530390.202569 1.190132 0.012341
1520530390.252572 1.190114 0.012339
1520530390.352575 1.190232 0.012341
1520530390.402575 1.190215 0.012341
1520530390.502578 1.190200 0.012341
1520530390.603326 1.190211 0.012341
1520530390.653327 1.190229 0.012341
1520530390.753331 1.190200 0.012341
1520530390.853334 1.190206 0.012341
1520530390.953379 1.190197 0.012341
1520530391.003381 1.190168 0.012340
1520530391.103384 1.190196 0.012341
1520530391.203387 1.190215 0.012341
1520530391.303389 1.190263 0.012342
1520530391.352333 1.190175 0.012341
1520530391.452336 1.190267 0.012341
1520530391.502338 1.190170 0.012341
1520530391.602341 1.190125 0.012341
1520530391.702344 1.190204 0.012340
1520530391.802426 1.190169 0.012341
1520530391.902429 1.190176 0.012339
1520530392.002432 1.190195 0.012341
1520530392.052433 1.190235 0.012341
1520530392.152436 1.190290 0.012340
1520530392.203142 1.190424 0.012341
1520530392.303145 1.190189 0.012341
1520530392.353147 1.190007 0.012340
1520530392.453150 1.189992 0.012341
1520530392.553153 1.190053 0.012341
1520530392.602235 1.190130 0.012341
1520530392.702237 1.189991 0.012340
1520530392.802241 1.190132 0.012341
1520530392.852242 1.190123 0.012341
1520530392.952245 1.190105 0.012341
1520530393.002174 1.190111 0.012341
1520530393.102156 1.190144 0.012341
1520530393.202159 1.190212 0.012341
1520530393.302161 1.190277 0.012341
1520530393.402921 1.190282 0.012341
1520530393.502924 1.190280 0.012341
1520530393.602927 1.190263 0.012341
1520530393.652929 1.190247 0.012341
1520530393.752932 1.190235 0.012339
1520530393.852959 1.190165 0.012341
1520530394.002964 1.190323 0.012341
1520530394.102968 1.190195 0.012341
1520530394.202165 1.190203 0.012341
1520530394.252167 1.190045 0.012337
1520530394.352170 1.190091 0.012338
1520530394.452173 1.190171 0.012340
1520530394.552176 1.190140 0.012341
1520530394.652876 1.190217 0.012341
1520530394.702878 1.190217 0.012341
1520530394.802881 1.190134 0.012341
1520530394.902884 1.190156 0.012341
1520530395.002887 1.190179 0.012339
1520530395.103732 1.190177 0.012339
1520530395.203735 1.190229 0.012341
1520530395.303738 1.190241 0.012342
1520530395.403742 1.190194 0.012340
1520530395.452705 1.190239 0.012341
1520530395.552709 1.190169 0.012340
1520530395.652712 1.190149 0.012341
1520530395.802716 1.190312 0.012338
1520530395.903079 1.190273 0.012341
1520530396.003083 1.190217 0.012341
1520530396.103085 1.190188 0.012341
1520530396.203089 1.190174 0.012341
1520530396.253235 1.190153 0.012341
1520530396.353238 1.190115 0.012341
1520530396.453241 1.190094 0.012341
1520530396.553244 1.190106 0.012340
1520530396.653248 1.190120 0.012340
1520530396.753147 1.190108 0.012341
1520530396.853150 1.190154 0.012341
1520530396.953153 1.190180 0.012341
1520530397.053156 1.190159 0.012341
1520530397.152784 1.190138 0.012341
1520530397.252787 1.190125 0.012340
1520530397.352790 1.190085 0.012339
1520530397.452793 1.190145 0.012340
1520530397.502304 1.190130 0.012341
1520530397.602308 1.190238 0.012339
1520530397.652309 1.190073 0.012340
1520530397.752312 1.190189 0.012341
1520530397.852315 1.190225 0.012341
1520530397.952586 1.190154 0.012340
1520530398.052589 1.190137 0.012340
1520530398.152592 1.190108 0.012341
1520530398.252596 1.190049 0.012341
1520530398.353367 1.190098 0.012341
1520530398.403368 1.190138 0.012341
1520530398.503371 1.190242 0.012342
1520530398.553373 1.190203 0.012341
1520530398.653376 1.190156 0.012341
1520530398.703221 1.190078 0.012341
1520530398.803225 1.190038 0.012341
1520530398.853226 1.190034 0.012341
1520530398.953229 1.190084 0.012341
1520530399.003230 1.190087 0.012340
1520530399.103233 1.189984 0.012340
1520530399.152330 1.190166 0.012335
1520530399.252333 1.190025 0.012338
1520530399.302335 1.190068 0.012341
1520530399.402342 1.190089 0.012340
1520530399.452339 1.190079 0.012340
1520530399.553006 1.190161 0.012341
1520530399.603008 1.190183 0.012341
1520530399.703011 1.190207 0.012340
1520530399.803014 1.190168 0.012341
1520530399.903017 1.190144 0.012341
1520530400.003276 1.190127 0.012341
1520530400.053278 1.190101 0.012341
1520530400.153281 1.190081 0.012341
1520530400.203283 1.190027 0.012341
1520530400.303286 1.190080 0.012341
1520530400.352494 1.190109 0.012341
1520530400.452498 1.190035 0.012341
1520530400.502500 1.190072 0.012340
1520530400.602502 1.190123 0.012340
1520530400.702505 1.190143 0.012340
1520530400.752291 1.190147 0.012338
1520530400.852294 1.190156 0.012340
1520530400.902295 1.190103 0.012341
1520530401.002299 1.190075 0.012340
1520530401.102302 1.190162 0.012340
1520530401.202755 1.190121 0.012340
1520530401.252756 1.190114 0.012340
1520530401.352759 1.190215 0.012340
1520530401.402761 1.190193 0.012341
1520530401.502764 1.190260 0.012340
1520530401.552766 1.190212 0.012340
1520530401.653039 1.190251 0.012341
1520530401.753042 1.190219 0.012340
1520530401.853045 1.190193 0.012341
1520530401.953048 1.190135 0.012341
1520530402.002281 1.190117 0.012340
1520530402.102285 1.190111 0.012341
1520530402.152286 1.190095 0.012340
1520530402.252289 1.190095 0.012341
1520530402.302290 1.190098 0.012341
1520530402.402567 1.190095 0.012340
1520530402.452569 1.190111 0.012339
1520530402.552572 1.190092 0.012341
1520530402.652672 1.190093 0.012341
1520530402.752578 1.190052 0.012341
1520530402.803416 1.190036 0.012340
1520530402.903419 1.190091 0.012341
1520530402.953420 1.190072 0.012341
1520530403.053424 1.190194 0.012341
1520530403.103425 1.190180 0.012341
1520530403.202933 1.190200 0.012341
1520530403.302936 1.190193 0.012341
1520530403.402940 1.190037 0.012341
1520530403.452941 1.189898 0.012340
1520530403.552945 1.189922 0.012341
1520530403.602946 1.189986 0.012340
1520530403.702256 1.190141 0.012340
1520530403.752257 1.190136 0.012338
1520530403.852261 1.190104 0.012341
1520530403.902261 1.190051 0.012340
1520530404.002264 1.190223 0.012340
1520530404.052745 1.190163 0.012340
1520530404.152748 1.190097 0.012340
1520530404.202749 1.190109 0.012341
1520530404.302752 1.190125 0.012341
1520530404.402755 1.190104 0.012340
1520530404.503114 1.190101 0.012341
1520530404.603117 1.190121 0.012341
1520530404.703120 1.190100 0.012341
1520530404.753122 1.190124 0.012341
1520530404.852642 1.190099 0.012341
1520530404.902643 1.190124 0.012340
1520530405.002647 1.190101 0.012340
1520530405.102650 1.190093 0.012341
1520530405.152651 1.190119 0.012340
1520530405.252327 1.190123 0.012340
1520530405.302330 1.190116 0.012341
1520530405.402333 1.190122 0.012340
1520530405.452334 1.190096 0.012341
1520530405.552337 1.190143 0.012341
1520530405.602339 1.190170 0.012340
1520530405.702792 1.190122 0.012340
1520530405.752795 1.190107 0.012340
1520530405.852855 1.190118 0.012340
1520530405.902800 1.190107 0.012340
1520530406.002803 1.190091 0.012341
1520530406.103570 1.190063 0.012341
1520530406.203573 1.190657 0.012341
1520530406.253574 1.190158 0.012341
1520530406.353577 1.190233 0.012341
1520530406.403579 1.190226 0.012341
1520530406.503485 1.190234 0.012340
1520530406.553487 1.190311 0.012340
1520530406.653490 1.190275 0.012341
1520530406.753493 1.190114 0.012341
1520530406.853497 1.190087 0.012341
1520530406.952693 1.190056 0.012341
1520530407.052696 1.190086 0.012341
1520530407.102698 1.190251 0.012340
1520530407.202701 1.190199 0.012340
1520530407.252702 1.190145 0.012341
1520530407.353185 1.190200 0.012341
1520530407.403187 1.190089 0.012341
1520530407.503190 1.190013 0.012341
1520530407.553191 1.190088 0.012341
1520530407.653194 1.190087 0.012341
1520530407.703510 1.190098 0.012341
1520530407.803513 1.190145 0.012340
1520530407.853515 1.190140 0.012340
1520530407.953518 1.190139 0.012340
1520530408.003519 1.190144 0.012340
1520530408.103522 1.190155 0.012340
1520530408.153603 1.190287 0.012340
1520530408.253606 1.190127 0.012340
1520530408.353609 1.190112 0.012340
1520530408.453613 1.190115 0.012340
1520530408.553374 1.190085 0.012340
1520530408.653377 1.190049 0.012339
1520530408.753380 1.190031 0.012339
1520530408.853383 1.190022 0.012340
1520530408.952878 1.190102 0.012340
1520530409.052890 1.190097 0.012339
1520530409.152884 1.190076 0.012338
1520530409.252887 1.190034 0.012339
1520530409.352902 1.190051 0.012340
1520530409.452906 1.190109 0.012340
1520530409.552909 1.190256 0.012340
1520530409.652912 1.190489 0.012340
1520530409.752654 1.190419 0.012341
1520530409.802656 1.190186 0.012341
1520530409.902659 1.190106 0.012341
1520530410.002662 1.190118 0.012339
1520530410.102666 1.190104 0.012340
1520530410.203224 1.190115 0.012340
1520530410.303227 1.190130 0.012341
1520530410.403230 1.190113 0.012341
1520530410.503232 1.190100 0.012341
1520530410.603875 1.190138 0.012341
1520530410.703878 1.190138 0.012341
1520530410.803881 1.190017 0.012340
1520530410.903884 1.190052 0.012341
1520530411.003418 1.190067 0.012341
1520530411.103421 1.190106 0.012340
1520530411.253426 1.190210 0.012340
1520530411.403009 1.190110 0.012341
1520530411.453010 1.190075 0.012339
1520530411.553013 1.190076 0.012340
1520530411.653017 1.190117 0.012339
1520530411.753020 1.190100 0.012340
1520530411.852907 1.190085 0.012340
1520530411.902909 1.190079 0.012340
1520530412.002912 1.190091 0.012341
1520530412.052913 1.190080 0.012341
1520530412.152916 1.190075 0.012341
1520530412.203416 1.190107 0.012340
1520530412.303419 1.190084 0.012341
1520530412.403422 1.190151 0.012340
1520530412.453423 1.190065 0.012340
1520530412.553426 1.190093 0.012341
1520530412.653630 1.190269 0.012341
1520530412.753633 1.190126 0.012340
1520530412.803634 1.190080 0.012340
1520530412.903637 1.190112 0.012341
1520530412.953639 1.190059 0.012341
1520530413.053009 1.190098 0.012341
1520530413.103011 1.190143 0.012340
1520530413.203014 1.190193 0.012341
1520530413.303017 1.190162 0.012341
1520530413.403021 1.190080 0.012341
1520530413.502941 1.190132 0.012340
1520530413.602944 1.190082 0.012341
1520530413.802951 1.190171 0.012338
1520530413.903189 1.190107 0.012340
1520530414.003112 1.190116 0.012341
1520530414.103115 1.190106 0.012340
1520530414.203118 1.190114 0.012340
1520530414.302896 1.190172 0.012340
1520530414.402899 1.190145 0.012340
1520530414.502902 1.190161 0.012341
1520530414.602906 1.190110 0.012341
1520530414.702707 1.190047 0.012341
1520530414.802710 1.190071 0.012340
1520530414.902714 1.190036 0.012341
1520530415.002717 1.190042 0.012341
1520530415.103195 1.189702 0.012340
1520530415.153197 1.190034 0.012339
1520530415.253200 1.190030 0.012340
1520530415.403205 1.190023 0.012341
1520530415.503115 1.190100 0.012340
1520530415.603071 1.190094 0.012340
1520530415.703074 1.190099 0.012341
1520530415.853079 1.190138 0.012340
1520530415.953363 1.190092 0.012340
1520530416.103368 1.190112 0.012341
1520530416.503381 1.190311 0.012339
1520530416.603384 1.190249 0.012339
1520530416.703272 1.190173 0.012339
1520530416.803277 1.190128 0.012340
1520530416.903278 1.190118 0.012341
1520530417.003283 1.190053 0.012341
1520530417.103391 1.190031 0.012340
1520530417.203373 1.190095 0.012340
1520530417.353378 1.190087 0.012341
1520530417.603465 1.190139 0.012341
1520530417.703468 1.190095 0.012341
1520530417.803472 1.190120 0.012339
1520530417.903475 1.190288 0.012337
1520530418.003458 1.190126 0.012341
1520530418.103461 1.190061 0.012341
1520530418.203465 1.190026 0.012340
1520530418.303468 1.190041 0.012341
1520530418.453434 1.190065 0.012341
1520530418.603439 1.190015 0.012341
1520530418.703442 1.190052 0.012339
1520530418.803345 1.190091 0.012340
1520530418.903348 1.190145 0.012340
1520530419.003351 1.190158 0.012339
1520530419.103354 1.190150 0.012340
1520530419.203534 1.190105 0.012341
1520530419.303537 1.190129 0.012341
1520530419.403541 1.190138 0.012340
1520530419.553545 1.190152 0.012340
1520530419.703733 1.190131 0.012341
1520530419.803736 1.190129 0.012340
1520530419.903739 1.190151 0.012340
1520530420.003597 1.190166 0.012340
1520530420.103600 1.190152 0.012339
1520530420.153602 1.190164 0.012339
1520530420.253605 1.190139 0.012341
1520530420.353608 1.190120 0.012340
1520530420.453700 1.190103 0.012340
1520530420.553704 1.190093 0.012341
1520530420.753710 1.190145 0.012340
1520530420.853358 1.190052 0.012341
1520530420.953361 1.190136 0.012337
1520530421.053364 1.190142 0.012339
1520530421.103366 1.190115 0.012340
1520530421.203429 1.190145 0.012339
1520530421.253431 1.190138 0.012340
1520530421.353434 1.190091 0.012341
1520530421.453437 1.190078 0.012340
1520530421.553440 1.190099 0.012340
1520530421.653613 1.190144 0.012341
1520530421.753616 1.190094 0.012341
1520530421.903620 1.190105 0.012341
1520530422.053472 1.190104 0.012340
1520530422.153476 1.190064 0.012340
1520530422.253479 1.190075 0.012341
1520530422.353482 1.190036 0.012340
1520530422.453395 1.190013 0.012340
1520530422.503396 1.190026 0.012340
1520530422.603400 1.190018 0.012341
1520530422.703403 1.189968 0.012340
1520530422.803406 1.189957 0.012341
1520530422.903583 1.189985 0.012340
1520530423.053588 1.190079 0.012342
1520530423.153591 1.190093 0.012341
1520530423.203592 1.190091 0.012341
1520530423.303317 1.190074 0.012341
1520530423.403322 1.190076 0.012341
1520530423.503324 1.190073 0.012341
1520530423.603327 1.190108 0.012341
1520530423.652983 1.190128 0.012341
1520530423.752986 1.190086 0.012341
1520530423.852990 1.190073 0.012341
1520530423.952993 1.190068 0.012341
1520530424.002994 1.190069 0.012341
1520530424.103253 1.190074 0.012341
1520530424.153255 1.190079 0.012340
1520530424.253258 1.190092 0.012340
1520530424.353261 1.190340 0.012330
1520530424.453264 1.190134 0.012340
1520530424.504722 1.190254 0.012340
1520530424.604726 1.190147 0.012341
1520530424.704729 1.190127 0.012341
1520530424.854733 1.190901 0.012284
1520530424.903374 1.190061 0.012294
1520530425.003378 1.190112 0.012338
1520530425.053379 1.190065 0.012338
1520530425.153383 1.189997 0.012338
1520530425.253385 1.190306 0.012313
1520530425.353734 1.189908 0.012337
1520530425.453737 1.190055 0.012341
1520530425.603741 1.190124 0.012341
1520530425.703675 1.190168 0.012341
1520530425.753677 1.190178 0.012341
1520530425.853680 1.190154 0.012341
1520530425.903682 1.190115 0.012340
1520530426.003685 1.190137 0.012341
1520530426.103474 1.190171 0.012341
1520530426.203477 1.190149 0.012341
1520530426.303480 1.190107 0.012340
1520530426.353481 1.190155 0.012341
1520530426.453484 1.190162 0.012340
1520530426.503486 1.190308 0.012339
1520530426.653554 1.190332 0.012341
1520530426.753558 1.190265 0.012340
1520530426.803559 1.190119 0.012340
1520530426.903562 1.190125 0.012341
1520530426.953598 1.190157 0.012339
1520530427.053602 1.190203 0.012340
1520530427.153605 1.190138 0.012340
1520530427.253608 1.190211 0.012341
1520530427.353592 1.190124 0.012341
1520530427.453595 1.190197 0.012340
1520530427.803679 1.190529 0.012340
1520530427.903683 1.190504 0.012340
1520530427.953684 1.190387 0.012337
1520530428.053687 1.190317 0.012340
1520530428.103692 1.190141 0.012338
1520530428.203537 1.190098 0.012340
1520530428.253538 1.190137 0.012340
1520530428.353542 1.190138 0.012340
1520530428.403618 1.190124 0.012341
1520530428.503546 1.189992 0.012340
1520530428.553451 1.190044 0.012341
1520530428.653454 1.190068 0.012341
1520530428.703455 1.190062 0.012341
1520530428.803458 1.190087 0.012341
1520530428.853460 1.190142 0.012341
1520530428.953463 1.190274 0.012341
1520530429.003444 1.190386 0.012341
1520530429.103447 1.190497 0.012341
1520530429.153448 1.190499 0.012341
1520530429.253451 1.190416 0.012341
1520530429.303453 1.190230 0.012341
1520530429.403551 1.190235 0.012341
1520530429.453553 1.190282 0.012340
1520530429.553556 1.190330 0.012341
1520530429.603558 1.190343 0.012340
1520530429.703560 1.190233 0.012341
1520530429.753562 1.190133 0.012341
1520530429.853626 1.190130 0.012341
1520530429.903625 1.190195 0.012341
1520530430.003663 1.190127 0.012341
1520530430.053629 1.190089 0.012341
1520530430.153632 1.190078 0.012341
1520530430.203344 1.190072 0.012341
1520530430.303347 1.190070 0.012341
1520530430.353349 1.190097 0.012341
1520530430.453352 1.190064 0.012341
1520530430.553355 1.190036 0.012341
1520530430.653528 1.190043 0.012341
1520530430.703530 1.190078 0.012341
1520530430.803533 1.190089 0.012341
1520530430.853534 1.190108 0.012341
1520530430.953538 1.190097 0.012341
1520530431.053698 1.190114 0.012341
1520530431.153701 1.190078 0.012341
1520530431.253704 1.190088 0.012341
1520530431.303706 1.190119 0.012341
1520530431.403709 1.190180 0.012341
1520530431.453562 1.190115 0.012341
1520530431.553565 1.190066 0.012340
1520530431.603567 1.189961 0.012340
1520530431.703570 1.190002 0.012340
1520530431.753571 1.190134 0.012341
1520530431.853524 1.190269 0.012341
1520530431.903526 1.190156 0.012341
1520530432.003529 1.190130 0.012341
1520530432.053530 1.190074 0.012341
1520530432.153533 1.190066 0.012341
1520530432.203536 1.190080 0.012341
1520530432.303698 1.190073 0.012341
1520530432.403701 1.190080 0.012341
1520530432.453702 1.190091 0.012341
1520530432.553705 1.190082 0.012341
1520530432.603708 1.190088 0.012341
1520530432.703550 1.190095 0.012341
1520530432.753551 1.190098 0.012340
1520530432.853554 1.190128 0.012340
1520530432.953557 1.190175 0.012341
1520530433.053690 1.190376 0.012341
1520530433.103691 1.190329 0.012340
1520530433.203694 1.190362 0.012341
1520530433.303697 1.190250 0.012341
1520530433.403700 1.190183 0.012341
1520530433.503793 1.190147 0.012341
1520530433.603796 1.190099 0.012340
1520530433.703799 1.190054 0.012341
1520530433.803803 1.190052 0.012341
1520530433.853804 1.190054 0.012341
1520530433.953632 1.190093 0.012341
1520530434.003634 1.190079 0.012341
1520530434.103637 1.190059 0.012341
1520530434.153638 1.190066 0.012341
1520530434.253642 1.190016 0.012341
1520530434.303478 1.190016 0.012341
1520530434.403481 1.190030 0.012341
1520530434.453483 1.190051 0.012341
1520530434.553486 1.190079 0.012341
1520530434.603488 1.190104 0.012340
1520530434.703655 1.190059 0.012340
1520530434.753658 1.190070 0.012341
1520530434.853723 1.190076 0.012341
1520530434.903661 1.190099 0.012340
1520530435.003664 1.190106 0.012341
1520530435.053667 1.190066 0.012341
1520530435.153798 1.190073 0.012341
1520530435.253801 1.190065 0.012341
1520530435.303802 1.190051 0.012341
1520530435.403806 1.190080 0.012341
1520530435.453807 1.190065 0.012341
1520530435.554088 1.190036 0.012341
1520530435.604089 1.190054 0.012341
1520530435.704092 1.190062 0.012341
1520530435.754094 1.190043 0.012341
1520530435.854097 1.190063 0.012341
1520530435.904099 1.190083 0.012341
1520530436.003837 1.190050 0.012340
1520530436.053838 1.190042 0.012341
1520530436.153841 1.190048 0.012341
1520530436.203843 1.190051 0.012341
1520530436.303846 1.190004 0.012341
1520530436.403957 1.189963 0.012341
1520530436.503960 1.189985 0.012341
1520530436.703966 1.190098 0.012341
1520530436.804032 1.190144 0.012341
1520530436.904035 1.190080 0.012341
1520530436.954037 1.190026 0.012340
1520530437.054040 1.190055 0.012340
1520530437.104042 1.190023 0.012339
1520530437.203536 1.190076 0.012340
1520530437.253536 1.190070 0.012341
1520530437.353539 1.190138 0.012340
1520530437.403543 1.190160 0.012340
1520530437.503545 1.190191 0.012340
1520530437.553870 1.190174 0.012340
1520530437.653873 1.190085 0.012340
1520530437.703875 1.190064 0.012341
1520530437.803878 1.190057 0.012341
1520530437.903881 1.190036 0.012340
1520530438.004481 1.190035 0.012341
1520530438.104484 1.189966 0.012341
1520530438.204487 1.190049 0.012341
1520530438.304490 1.189998 0.012341
1520530438.354492 1.189987 0.012340
1520530438.453623 1.189980 0.012340
1520530438.503624 1.189948 0.012340
1520530438.603628 1.189997 0.012340
1520530438.703631 1.189977 0.012340
1520530438.753632 1.190053 0.012330
1520530438.854392 1.190051 0.012341
1520530438.954395 1.190059 0.012340
1520530439.104398 1.190090 0.012341
1520530439.204654 1.190072 0.012341
1520530439.354659 1.189990 0.012340
1520530439.604177 1.189804 0.012341
1520530439.704263 1.189914 0.012341
1520530439.804183 1.189980 0.012341
1520530439.904186 1.190043 0.012341
1520530440.004099 1.190096 0.012340
1520530440.154104 1.190115 0.012341
1520530440.254107 1.190185 0.012340
1520530440.354110 1.190545 0.012340
1520530440.453977 1.190389 0.012339
1520530440.553980 1.190360 0.012340
1520530440.653984 1.190319 0.012341
1520530440.753987 1.190315 0.012340
1520530440.903872 1.190252 0.012341
1520530441.003875 1.190217 0.012341
1520530441.103878 1.190227 0.012340
1520530441.203881 1.190157 0.012341
1520530441.303927 1.190169 0.012341
1520530441.403893 1.190028 0.012341
1520530441.503896 1.190046 0.012341
1520530441.654083 1.190040 0.012341
1520530441.804088 1.190089 0.012341
1520530441.954092 1.190005 0.012341
1520530442.054030 1.190041 0.012340
1520530442.154034 1.189992 0.012338
1520530442.254038 1.190010 0.012339
1520530442.354040 1.190044 0.012339
1520530442.453714 1.190041 0.012339
1520530442.503716 1.190035 0.012336
1520530442.603719 1.190006 0.012339
1520530442.653721 1.190046 0.012338
1520530442.753723 1.190029 0.012340
1520530442.803725 1.190016 0.012340
1520530442.904376 1.189947 0.012340
1520530443.004379 1.190030 0.012339
1520530443.104382 1.189982 0.012339
1520530443.204385 1.189976 0.012341
1520530443.354468 1.190002 0.012340
1520530443.504473 1.190078 0.012341
1520530443.604476 1.190141 0.012340
1520530443.704013 1.190189 0.012335
1520530443.754014 1.190067 0.012340
1520530443.854018 1.189984 0.012340
1520530443.954022 1.190174 0.012340
1520530444.054024 1.190172 0.012340
1520530444.154403 1.190115 0.012339
1520530444.254406 1.190182 0.012338
1520530444.354410 1.190026 0.012340
1520530444.454413 1.189974 0.012340
1520530444.505161 1.190048 0.012337
1520530444.605164 1.189840 0.012339
1520530444.705167 1.189928 0.012341
1520530444.805170 1.190013 0.012341
1520530444.905173 1.190085 0.012340
1520530445.004964 1.190048 0.012341
1520530445.054965 1.190030 0.012340
1520530445.154968 1.190078 0.012341
1520530445.204970 1.190051 0.012340
1520530445.304973 1.189981 0.012340
1520530445.353892 1.189976 0.012340
1520530445.453896 1.190020 0.012337
1520530445.503898 1.189989 0.012340
1520530445.603900 1.189990 0.012339
1520530445.653902 1.189953 0.012339
1520530445.753751 1.189954 0.012340
1520530445.803752 1.189953 0.012340
1520530445.903755 1.189957 0.012338
1520530445.953757 1.189955 0.012340
1520530446.053761 1.189945 0.012340
1520530446.154954 1.189997 0.012340
1520530446.204900 1.189954 0.012340
1520530446.304903 1.189950 0.012340
1520530446.404906 1.189924 0.012340
1520530446.504909 1.189951 0.012340
1520530446.604785 1.189973 0.012340
1520530446.704788 1.189986 0.012340
1520530446.804791 1.190029 0.012339
1520530446.904794 1.190006 0.012339
1520530447.004332 1.189970 0.012339
1520530447.104335 1.189941 0.012340
1520530447.204338 1.189910 0.012340
1520530447.304342 1.189924 0.012340
1520530447.404124 1.190018 0.012340
1520530447.504127 1.190048 0.012339
1520530447.654131 1.190032 0.012337
1520530447.804072 1.190063 0.012340
1520530447.954077 1.190206 0.012340
1520530448.253886 1.190320 0.012340
