DelayedMarginalization 0.000972376 2.6091e-08 0.00185831 1385
DelayedMarginalizationOnly 0.000469174 1.81863e-08 0.00103861 1385
EF-marginalizeFrame 0.00140741 4.14979e-08 0.00281202 1385
FullSystem::trackNewCoarse 0.00313093 7.65718e-07 0.00847697 2674
FullSystem::trackNewCoarseNoIMU 0.00259342 6.82085e-05 0.0879515 109
FullSystemOptimize 0.0397861 5.32166e-05 0.0772138 1391
GraphUnrolling 0.00895566 7.22809e-05 0.0286102 9
IMUInitAddPose 2.47733e-05 1.42872e-11 5.3472e-05 1391
IMUInitOptimize 0.00305459 2.56916e-06 0.00530314 4
IMUIntegration::finishKeyframeOperations 6.06868e-05 1.56182e-10 0.000142347 1382
InitializerFirstFrame 0.035278 -nan 0.035278 1
InitializerOtherFrames 0.0591674 8.91315e-05 0.0791236 35
MainMarginalization 0.00121726 3.22775e-08 0.00234482 1385
MarginalizationReplacementBuildGraph 0.000925673 4.89239e-07 0.00209204 8
MarginalizationReplacementReplaceGraph 0.011238 7.18129e-05 0.0287716 7
MarginalizeMainGraph 0.000502639 6.49912e-09 0.000879685 1385
PGBA 0.0125034 1.15445e-05 0.0149059 2
PGBAFull 0.00315776 3.4268e-05 0.0166085 10
PrepareGraphForMainOptimization 0.00901693 7.28264e-05 0.0287448 9
VisualMarginalization 4.06166e-05 7.3272e-11 7.7659e-05 1385
activatePointsMT 0.00345588 8.59115e-07 0.00876087 1391
addActiveFrame 0.0440219 0.00105781 0.123707 2819
addIMUData 0.000682614 2.80389e-08 0.00290622 2674
addIMUDataToBA 3.65544e-05 1.88341e-10 0.000321894 2818
addKeyframeToBA 3.48267e-05 4.59128e-11 0.000111101 1391
afterCoarseTracking 6.88869e-05 1.09336e-07 0.00359609 2783
baIteration 0.00608632 1.43482e-06 0.0180568 8025
baMatrixInversion 0.000229934 1.80383e-09 0.000620349 8025
baUpdateBuildHessians 0.000513708 1.1643e-08 0.00801524 8025
coarseTrackingIteration 0.000195998 5.48413e-09 0.00379606 28576
computeBAUpdate 0.000830407 2.03029e-08 0.008538 8025
computeCoarseUpdate 9.4264e-05 1.34828e-09 0.00371221 26216
computeFactorForCoarseGraphAndMarginalCovariances 0.00313225 4.37082e-07 0.00587096 1382
convertHAndBFromDSO 0.000152018 3.5235e-09 0.000670033 13568
debugPlot 8.6473e-08 1.18489e-15 4.44e-07 1391
debugPlotIDepthMap 0.00295824 4.16078e-07 0.0064754 1391
debugPlotIDepthMapFloat 1.50035e-07 9.81274e-16 3.24e-07 1391
deliverTrackedFrame 0.0377257 0.00104989 0.117202 2784
flagFramesForMarginalization 1.63069e-06 5.40443e-13 2.0359e-05 1391
fullCoarseTracking 0.00395208 3.65667e-06 0.0880111 2783
initObjectsAndMakeImage 0.00211223 3.88556e-08 0.0036205 2819
makeKeyframe 0.0683519 8.88037e-05 0.116121 1391
makeKeyframeChangeTrackingRef 0.00528085 1.12989e-06 0.0105014 1391
makeNewTraces 0.00539724 6.72433e-07 0.0103566 1391
makeNonKeyframe 0.00498683 2.79927e-06 0.00962769 1393
marginalizeAndRemovePoints 0.00331346 9.44418e-07 0.0079402 1391
marginalizeFrame 0.00252183 2.4127e-07 0.0061288 1385
marginalizeFrameOverhead 0.00111214 1.69487e-07 0.00455495 1385
marginalizeFrames 0.0025189 3.91762e-07 0.00664875 1391
newFrameAndNewResidualsForOldPoints 0.00105525 5.87949e-08 0.00228277 1391
printBiases 3.84643e-05 1.48063e-10 0.000257551 1391
printEigenValLine 1.0401e-07 4.65784e-16 4.81e-07 1391
printLogLine 1.97636e-07 2.10922e-15 5e-07 1391
publishInMakeKeyframe 0.000298838 6.42388e-08 0.00302454 1391
removeOutliers 0.000181904 2.26112e-09 0.000665738 1391
swapTrackingRef 2.25591e-05 1.94386e-11 8.5232e-05 1391
timeMeasurement 8.09849e-07 3.56667e-13 1.6958e-05 2819
traceNewCoarse 0.00415529 2.7749e-06 0.00961348 2784
updateBAValues 6.09294e-06 5.51863e-12 8.4743e-05 13145
zero 9.57762e-08 4.75294e-16 3.18e-07 2819
