1520530315.649646 1.110855 0.413639
1520530315.799640 1.107210 0.234457
1520530315.949645 1.104942 0.211749
1520530316.100221 1.107288 0.203614
1520530316.300227 1.108064 0.183881
1520530316.450231 1.104336 0.170848
1520530316.650280 1.101939 0.163933
1520530316.850286 1.102702 0.159360
1520530316.949773 1.102237 0.153911
1520530317.149779 1.102353 0.136304
1520530317.349743 1.100392 0.117797
1520530317.549752 1.099840 0.106359
1520530317.750237 1.098720 0.099698
1520530317.900242 1.098688 0.095231
1520530318.050246 1.098948 0.092952
1520530318.150816 1.099980 0.091466
1520530318.300772 1.099683 0.088964
1520530318.450777 1.099116 0.086241
1520530318.600567 1.098666 0.083659
1520530318.750571 1.098110 0.081855
1520530318.900576 1.097490 0.080484
1520530318.999955 1.097976 0.078348
1520530319.149961 1.098510 0.072967
1520530319.299965 1.098252 0.067507
1520530319.399832 1.097430 0.064402
1520530319.549837 1.096978 0.061442
1520530319.699841 1.096429 0.060403
1520530319.800341 1.096359 0.060400
1520530319.900344 1.095990 0.060221
1520530320.000347 1.095698 0.059099
1520530320.100350 1.096264 0.057489
1520530320.200401 1.095921 0.056080
1520530320.300404 1.095460 0.054940
1520530320.450408 1.095076 0.053691
1520530320.599869 1.094422 0.051918
1520530320.749874 1.095181 0.049043
1520530320.899879 1.095717 0.045822
1520530321.049740 1.095289 0.043708
1520530321.199745 1.095676 0.042267
1520530321.349750 1.095525 0.040756
1520530321.499857 1.095294 0.039429
1520530321.649862 1.095387 0.038350
1520530321.799867 1.096153 0.037347
1520530321.900154 1.096923 0.036584
1520530322.050158 1.097052 0.035265
1520530322.200163 1.096291 0.034598
1520530322.450214 1.095953 0.034509
1520530322.650023 1.095990 0.033924
1520530322.850030 1.095784 0.032997
1520530323.000035 1.095669 0.032468
1520530323.150076 1.095909 0.032073
1520530323.250079 1.095622 0.031883
1520530323.400084 1.096006 0.030963
1520530323.500345 1.095856 0.029837
1520530323.600348 1.095361 0.028818
1520530323.700351 1.095117 0.028184
1520530323.850356 1.094856 0.027667
1520530323.950154 1.094750 0.027499
1520530324.100159 1.094925 0.027299
1520530324.250163 1.095735 0.027044
1520530324.299908 1.096077 0.026962
1520530324.449913 1.096313 0.026498
1520530324.549915 1.095577 0.026182
1520530324.700018 1.095464 0.025859
1520530324.850023 1.095447 0.025689
1520530325.000028 1.095451 0.025605
1520530325.100816 1.095614 0.025469
1520530325.300822 1.095754 0.025030
1520530325.500828 1.096387 0.024204
1520530325.700918 1.096224 0.023237
1520530325.900924 1.095772 0.022724
1520530326.000543 1.095531 0.022522
1520530326.150548 1.095383 0.022228
1520530326.300552 1.095378 0.021973
1520530326.400206 1.095585 0.021850
1520530326.600213 1.095536 0.021709
1520530326.750427 1.095479 0.021695
1520530326.950432 1.095818 0.021270
1520530327.050437 1.095743 0.020907
1520530327.150431 1.095354 0.020613
1520530327.300436 1.095266 0.020280
1520530327.450441 1.095368 0.020030
1520530327.550090 1.095356 0.019778
1520530327.650103 1.095410 0.019502
1520530327.750096 1.095112 0.019275
1520530327.850099 1.094220 0.019161
1520530327.950102 1.094158 0.019041
1520530328.050282 1.094403 0.018870
1520530328.150285 1.094136 0.018710
1520530328.300290 1.093678 0.018549
1520530328.400337 1.093643 0.018479
1520530328.450338 1.093640 0.018455
1520530328.550342 1.093471 0.018431
1520530328.650346 1.093491 0.018413
1520530328.750348 1.093409 0.018381
1520530328.800086 1.093485 0.018355
1520530329.000092 1.094306 0.018131
1520530329.100095 1.094348 0.017963
1520530329.200044 1.094475 0.017788
1520530329.300047 1.094956 0.017588
1520530329.400050 1.094531 0.017344
1520530329.650099 1.094453 0.017001
1520530329.750102 1.094776 0.016925
1520530329.850105 1.094562 0.016864
1520530329.950109 1.095200 0.016787
1520530330.050161 1.095386 0.016676
1520530330.150164 1.095710 0.016489
1520530330.250167 1.096064 0.016251
1520530330.350170 1.096195 0.015995
1520530330.450787 1.096483 0.015805
1520530330.550790 1.096869 0.015721
1520530330.650793 1.096980 0.015697
1520530330.700795 1.097395 0.015685
1520530330.800798 1.097632 0.015632
1520530330.850367 1.097261 0.015586
1520530330.950279 1.097118 0.015458
1520530331.050282 1.096896 0.015327
1520530331.150285 1.096986 0.015233
1520530331.250735 1.097026 0.015169
1520530331.350738 1.097009 0.015135
1520530331.450741 1.096804 0.015119
1520530331.550744 1.096500 0.015101
1520530331.650479 1.096385 0.015040
1520530331.750483 1.095795 0.014898
1520530331.850486 1.095247 0.014665
1520530331.900488 1.095073 0.014519
1520530332.000491 1.094777 0.014247
1520530332.100388 1.094661 0.014018
1520530332.200392 1.094890 0.013850
1520530332.300399 1.095056 0.013736
1520530332.400401 1.095215 0.013682
1520530332.500483 1.095348 0.013664
1520530332.550483 1.095502 0.013662
1520530332.650488 1.095558 0.013650
1520530332.750491 1.095608 0.013596
1520530332.850494 1.095514 0.013514
1520530332.900164 1.095676 0.013471
1520530333.000168 1.096154 0.013396
1520530333.100171 1.096243 0.013355
1520530333.200174 1.096570 0.013322
1520530333.300608 1.096941 0.013275
1520530333.400612 1.097135 0.013214
1520530333.500615 1.097162 0.013169
1520530333.650619 1.097879 0.013157
1520530333.700541 1.097868 0.013152
1520530333.800544 1.098001 0.013145
1520530333.850545 1.098133 0.013129
1520530333.950549 1.098222 0.013115
1520530334.000561 1.098211 0.013096
1520530334.100216 1.098688 0.013007
1520530334.350224 1.098171 0.012711
1520530334.450227 1.098204 0.012618
1520530334.550086 1.098209 0.012551
1520530334.650089 1.098408 0.012522
1520530334.750092 1.098534 0.012474
1520530334.850095 1.098520 0.012426
1520530334.950928 1.098358 0.012387
1520530335.100933 1.098247 0.012370
1520530335.200936 1.098813 0.012366
1520530335.300938 1.098732 0.012359
1520530335.401458 1.098819 0.012349
1520530335.501461 1.098837 0.012336
1520530335.601512 1.098591 0.012318
1520530335.750223 1.098621 0.012302
1520530335.900227 1.098873 0.012273
1520530336.000230 1.098923 0.012234
1520530336.100233 1.098840 0.012189
1520530336.200179 1.098678 0.012153
1520530336.300182 1.098841 0.012097
1520530336.400185 1.098795 0.012012
1520530336.500188 1.098457 0.011917
1520530336.600584 1.098151 0.011821
1520530336.700586 1.098081 0.011754
1520530336.800590 1.098094 0.011707
1520530336.900594 1.097935 0.011673
1520530337.000258 1.097992 0.011634
1520530337.100266 1.098209 0.011560
1520530337.200351 1.098440 0.011477
1520530337.300267 1.098700 0.011401
1520530337.400301 1.098786 0.011350
1520530337.500304 1.099101 0.011307
1520530337.600307 1.099653 0.011250
1520530337.700310 1.099973 0.011147
1520530337.800854 1.099992 0.010995
1520530337.950858 1.099842 0.010765
1520530338.050862 1.099590 0.010653
1520530338.150864 1.099088 0.010578
1520530338.200470 1.098913 0.010556
1520530338.300474 1.098802 0.010541
1520530338.400477 1.098762 0.010519
1520530338.500480 1.098824 0.010490
1520530338.600260 1.098876 0.010447
1520530338.700263 1.098944 0.010392
1520530338.800266 1.098800 0.010336
1520530338.900269 1.099144 0.010289
1520530339.000272 1.099248 0.010234
1520530339.100960 1.099307 0.010190
1520530339.150962 1.099362 0.010170
1520530339.250965 1.099570 0.010150
1520530339.350968 1.099700 0.010142
1520530339.451687 1.099652 0.010136
1520530339.551690 1.099564 0.010129
1520530339.651693 1.099505 0.010121
1520530339.751697 1.099545 0.010110
1520530339.851056 1.099577 0.010095
1520530339.951059 1.099689 0.010077
1520530340.051062 1.099790 0.010066
1520530340.151065 1.099957 0.010052
1520530340.250395 1.100177 0.010030
1520530340.350399 1.100135 0.009986
1520530340.450401 1.100163 0.009937
1520530340.550404 1.100259 0.009891
1520530340.650347 1.100237 0.009857
1520530340.750350 1.100319 0.009830
1520530340.900354 1.100359 0.009808
1520530341.050774 1.100462 0.009794
1520530341.300782 1.100649 0.009747
1520530341.500713 1.100589 0.009717
1520530341.750720 1.100583 0.009700
1520530341.900542 1.100479 0.009695
1520530342.100548 1.100258 0.009673
1520530342.250553 1.100259 0.009640
1520530342.350675 1.100172 0.009618
1520530342.500679 1.100254 0.009589
1520530342.650684 1.100148 0.009554
1520530342.750644 1.099975 0.009516
1520530342.850648 1.099690 0.009465
1520530342.950651 1.099409 0.009400
1520530343.050654 1.099181 0.009319
1520530343.151133 1.098965 0.009230
1520530343.251136 1.098691 0.009127
1520530343.351140 1.098399 0.009011
1520530343.401141 1.098216 0.008948
1520530343.501404 1.097933 0.008820
1520530343.601407 1.097560 0.008687
1520530343.701410 1.097312 0.008539
1520530343.801413 1.096915 0.008376
1520530343.901416 1.096552 0.008218
1520530344.001403 1.096120 0.008063
1520530344.101406 1.095712 0.007914
1520530344.201410 1.095344 0.007778
1520530344.301413 1.095026 0.007653
1520530344.401411 1.094660 0.007536
1520530344.451412 1.094642 0.007482
1520530344.551415 1.094336 0.007381
1520530344.651418 1.094104 0.007290
1520530344.751636 1.093868 0.007212
1520530344.851639 1.093756 0.007142
1520530344.951642 1.093722 0.007090
1520530345.051645 1.093660 0.007035
1520530345.151845 1.093549 0.006984
1520530345.251745 1.093447 0.006940
1520530345.351748 1.093391 0.006903
1520530345.451751 1.093345 0.006869
1520530345.551195 1.093384 0.006839
1520530345.651198 1.093362 0.006810
1520530345.751201 1.093284 0.006784
1520530345.801203 1.093250 0.006773
1520530345.901206 1.093192 0.006755
1520530345.951161 1.093124 0.006748
1520530346.051476 1.093128 0.006736
1520530346.151479 1.093165 0.006724
1520530346.251483 1.093184 0.006714
1520530346.301485 1.093139 0.006709
1520530346.401376 1.093131 0.006702
1520530346.501379 1.093130 0.006696
1520530346.551380 1.093130 0.006693
1520530346.651383 1.093102 0.006688
1520530346.701385 1.093102 0.006685
1520530346.801545 1.093123 0.006680
1520530346.851546 1.093152 0.006679
1520530346.951549 1.093151 0.006677
1520530347.001551 1.093117 0.006676
1520530347.101554 1.093071 0.006675
1520530347.151556 1.093064 0.006674
1520530347.251402 1.093042 0.006672
1520530347.301403 1.093015 0.006671
1520530347.401407 1.093020 0.006670
1520530347.451408 1.093018 0.006669
1520530347.551411 1.093053 0.006667
1520530347.651220 1.093035 0.006666
1520530347.751223 1.093031 0.006664
1520530347.851226 1.093046 0.006663
1520530347.951229 1.093045 0.006663
1520530348.001163 1.093050 0.006663
1520530348.101166 1.093050 0.006663
1520530348.151168 1.093063 0.006663
1520530348.251170 1.093069 0.006662
1520530348.351173 1.093054 0.006662
1520530348.401175 1.093064 0.006661
1520530348.501419 1.093068 0.006661
1520530348.601422 1.093084 0.006662
1520530348.701425 1.093066 0.006662
1520530348.751426 1.093054 0.006661
1520530348.851315 1.093056 0.006660
1520530348.901315 1.093037 0.006660
1520530349.001320 1.093083 0.006659
1520530349.051321 1.093113 0.006657
1520530349.151325 1.093129 0.006654
1520530349.201326 1.093145 0.006652
1520530349.301107 1.093164 0.006649
1520530349.401110 1.093173 0.006646
1520530349.451112 1.093227 0.006646
1520530349.551115 1.093253 0.006643
1520530349.650935 1.093264 0.006641
1520530349.750943 1.093298 0.006639
1520530349.800940 1.093291 0.006638
1520530349.900986 1.093299 0.006635
1520530350.000946 1.093366 0.006632
1520530350.051376 1.093407 0.006631
1520530350.151379 1.093453 0.006627
1520530350.201381 1.093457 0.006624
1520530350.301384 1.093545 0.006620
1520530350.351387 1.093578 0.006618
1520530350.451515 1.093629 0.006616
1520530350.551518 1.093661 0.006613
1520530350.601520 1.093688 0.006612
1520530350.701523 1.093715 0.006611
1520530350.801526 1.093715 0.006609
1520530350.901571 1.093733 0.006608
1520530351.001574 1.093742 0.006605
1520530351.101578 1.093794 0.006604
1520530351.201581 1.093853 0.006602
1520530351.301683 1.093940 0.006600
1520530351.401685 1.093974 0.006599
1520530351.501759 1.093975 0.006598
1520530351.601688 1.094023 0.006597
1520530351.701695 1.094045 0.006596
1520530351.801698 1.094010 0.006595
1520530351.901701 1.093956 0.006594
1520530352.001704 1.093891 0.006593
1520530352.101805 1.093868 0.006592
1520530352.201808 1.093893 0.006592
1520530352.301811 1.093909 0.006591
1520530352.401814 1.093897 0.006590
1520530352.501469 1.093885 0.006590
1520530352.601472 1.093920 0.006589
1520530352.701475 1.093951 0.006589
1520530352.801478 1.093965 0.006588
1520530352.901098 1.093964 0.006588
1520530353.001101 1.093946 0.006587
1520530353.101208 1.093985 0.006586
1520530353.201107 1.094022 0.006586
1520530353.251108 1.094034 0.006585
1520530353.351398 1.094063 0.006584
1520530353.401399 1.094083 0.006583
1520530353.501402 1.094096 0.006582
1520530353.601405 1.094127 0.006581
1520530353.701408 1.094160 0.006581
1520530353.751736 1.094130 0.006580
1520530353.851739 1.094146 0.006580
1520530353.901741 1.094150 0.006580
1520530354.001744 1.094156 0.006579
1520530354.051745 1.094153 0.006579
1520530354.151896 1.094201 0.006578
1520530354.201897 1.094210 0.006578
1520530354.301900 1.094205 0.006577
1520530354.351902 1.094207 0.006577
1520530354.451905 1.094223 0.006576
1520530354.501907 1.094228 0.006576
1520530354.601593 1.094249 0.006576
1520530354.651595 1.094276 0.006575
1520530354.751597 1.094296 0.006575
1520530354.851600 1.094316 0.006574
1520530354.951359 1.094304 0.006574
1520530355.051362 1.094289 0.006573
1520530355.151365 1.094271 0.006572
1520530355.251368 1.094284 0.006572
1520530355.351371 1.094309 0.006571
1520530355.401407 1.094309 0.006571
1520530355.501410 1.094296 0.006571
1520530355.601414 1.094266 0.006571
1520530355.701417 1.094271 0.006571
1520530355.801531 1.094287 0.006571
1520530355.901534 1.094296 0.006571
1520530355.951536 1.094285 0.006571
1520530356.051539 1.094272 0.006571
1520530356.151542 1.094276 0.006571
1520530356.201376 1.094273 0.006570
1520530356.301379 1.094290 0.006570
1520530356.351380 1.094291 0.006570
1520530356.451383 1.094315 0.006570
1520530356.551386 1.094336 0.006569
1520530356.601233 1.094344 0.006569
1520530356.701236 1.094354 0.006569
1520530356.801239 1.094364 0.006569
1520530356.901242 1.094387 0.006569
1520530357.001153 1.094376 0.006569
1520530357.101156 1.094371 0.006568
1520530357.151157 1.094377 0.006568
1520530357.251160 1.094402 0.006568
1520530357.351164 1.094427 0.006568
1520530357.451660 1.094476 0.006567
1520530357.501662 1.094471 0.006567
1520530357.601666 1.094496 0.006567
1520530357.651666 1.094508 0.006566
1520530357.751669 1.094547 0.006566
1520530357.851585 1.094585 0.006566
1520530357.951560 1.094591 0.006566
1520530358.051563 1.094585 0.006566
1520530358.151567 1.094574 0.006565
1520530358.251625 1.094571 0.006565
1520530358.351628 1.094555 0.006565
1520530358.451631 1.094539 0.006564
1520530358.551634 1.094510 0.006564
1520530358.651798 1.094495 0.006564
1520530358.751801 1.094501 0.006564
1520530358.851805 1.094511 0.006563
1520530358.951808 1.094524 0.006563
1520530359.051806 1.094541 0.006563
1520530359.151809 1.094511 0.006562
1520530359.251812 1.094500 0.006562
1520530359.351815 1.094484 0.006561
1520530359.451919 1.094481 0.006561
1520530359.551871 1.094482 0.006561
1520530359.651874 1.094486 0.006560
1520530359.751878 1.094520 0.006559
1520530359.851881 1.094542 0.006559
1520530359.951828 1.094544 0.006558
1520530360.051831 1.094595 0.006556
1520530360.151834 1.094668 0.006554
1520530360.201836 1.094677 0.006554
1520530360.301316 1.094762 0.006552
1520530360.401319 1.094821 0.006551
1520530360.501323 1.094849 0.006549
1520530360.601326 1.094872 0.006549
1520530360.700978 1.094956 0.006548
1520530360.800981 1.095038 0.006546
1520530360.900984 1.095146 0.006543
1520530361.000988 1.095229 0.006540
1520530361.101044 1.095248 0.006537
1520530361.201047 1.095296 0.006535
1520530361.301050 1.095325 0.006532
1520530361.401053 1.095412 0.006531
1520530361.501690 1.095501 0.006529
1520530361.601693 1.095552 0.006529
1520530361.651695 1.095564 0.006529
1520530361.751698 1.095590 0.006528
1520530361.801700 1.095586 0.006528
1520530361.901939 1.095616 0.006528
1520530361.951941 1.095604 0.006527
1520530362.051944 1.095584 0.006525
1520530362.151947 1.095649 0.006523
1520530362.251950 1.095724 0.006520
1520530362.351623 1.095804 0.006517
1520530362.451626 1.095930 0.006513
1520530362.551629 1.096060 0.006508
1520530362.651727 1.096182 0.006503
1520530362.751364 1.096307 0.006499
1520530362.851367 1.096343 0.006496
1520530362.951370 1.096349 0.006494
1520530363.051374 1.096365 0.006493
1520530363.151650 1.096325 0.006492
1520530363.251653 1.096307 0.006492
1520530363.351656 1.096308 0.006492
1520530363.451659 1.096310 0.006491
1520530363.551745 1.096326 0.006491
1520530363.651748 1.096345 0.006490
1520530363.701749 1.096377 0.006489
1520530363.801753 1.096419 0.006488
1520530363.851754 1.096444 0.006487
1520530363.951780 1.096467 0.006486
1520530364.001782 1.096481 0.006485
1520530364.101785 1.096584 0.006483
1520530364.151786 1.096606 0.006483
1520530364.251789 1.096673 0.006481
1520530364.301791 1.096730 0.006480
1520530364.401853 1.096784 0.006479
1520530364.501856 1.096840 0.006478
1520530364.551858 1.096799 0.006478
1520530364.651861 1.096804 0.006477
1520530364.751864 1.096811 0.006477
1520530364.802376 1.096796 0.006476
1520530364.902379 1.096807 0.006475
1520530365.002383 1.096830 0.006474
1520530365.102386 1.096889 0.006473
1520530365.201844 1.096908 0.006472
1520530365.351849 1.097003 0.006470
1520530365.451852 1.097077 0.006468
1520530365.551855 1.097174 0.006465
1520530365.651537 1.097240 0.006463
1520530365.751540 1.097273 0.006461
1520530365.851543 1.097290 0.006460
1520530365.951546 1.097275 0.006459
1520530366.001907 1.097268 0.006459
1520530366.101910 1.097245 0.006458
1520530366.151911 1.097229 0.006458
1520530366.251915 1.097217 0.006458
1520530366.301916 1.097203 0.006458
1520530366.402120 1.097224 0.006457
1520530366.452121 1.097240 0.006457
1520530366.552125 1.097278 0.006456
1520530366.602127 1.097285 0.006456
1520530366.702130 1.097308 0.006455
1520530366.752132 1.097318 0.006455
1520530366.852166 1.097337 0.006455
1520530366.902167 1.097365 0.006455
1520530367.002170 1.097373 0.006454
1520530367.052172 1.097360 0.006454
1520530367.152175 1.097371 0.006454
1520530367.252540 1.097365 0.006454
1520530367.352543 1.097384 0.006453
1520530367.452546 1.097400 0.006452
1520530367.552549 1.097414 0.006452
1520530367.652264 1.097457 0.006450
1520530367.752267 1.097512 0.006449
1520530367.852271 1.097573 0.006448
1520530367.952274 1.097586 0.006446
1520530368.052124 1.097563 0.006446
1520530368.152127 1.097552 0.006445
1520530368.252130 1.097522 0.006444
1520530368.352134 1.097499 0.006444
1520530368.402135 1.097469 0.006444
1520530368.502050 1.097426 0.006444
1520530368.552051 1.097421 0.006443
1520530368.652054 1.097449 0.006443
1520530368.702056 1.097458 0.006443
1520530368.802058 1.097479 0.006443
1520530368.901391 1.097503 0.006443
1520530368.951392 1.097505 0.006442
1520530369.051395 1.097506 0.006442
1520530369.101397 1.097516 0.006442
1520530369.201400 1.097521 0.006442
1520530369.251401 1.097523 0.006442
1520530369.351538 1.097558 0.006442
1520530369.451542 1.097558 0.006442
1520530369.551545 1.097544 0.006442
1520530369.601546 1.097556 0.006442
1520530369.701896 1.097553 0.006442
1520530369.801900 1.097579 0.006442
1520530369.901903 1.097571 0.006442
1520530370.051908 1.097564 0.006442
1520530370.201933 1.097618 0.006441
1520530370.351937 1.097644 0.006441
1520530370.501883 1.097682 0.006440
1520530370.651886 1.097724 0.006439
1520530370.851892 1.097724 0.006438
1520530371.001944 1.097789 0.006437
1520530371.101947 1.097812 0.006436
1520530371.251952 1.097848 0.006436
1520530371.401953 1.097814 0.006435
1520530371.501956 1.097841 0.006435
1520530371.651961 1.097845 0.006435
1520530371.801961 1.097772 0.006434
1520530371.901964 1.097753 0.006434
1520530372.001968 1.097747 0.006434
1520530372.101971 1.097761 0.006434
1520530372.251958 1.097787 0.006434
1520530372.401963 1.097840 0.006433
1520530372.551956 1.097860 0.006432
1520530372.651960 1.097869 0.006431
1520530372.751963 1.097842 0.006431
1520530372.851966 1.097819 0.006430
1520530372.951617 1.097801 0.006430
1520530373.051620 1.097765 0.006430
1520530373.201626 1.097773 0.006429
1520530373.301629 1.097742 0.006429
1520530373.351457 1.097728 0.006429
1520530373.451460 1.097716 0.006428
1520530373.501461 1.097731 0.006428
1520530373.601465 1.097731 0.006428
1520530373.651466 1.097731 0.006427
1520530373.751469 1.097729 0.006427
1520530373.851583 1.097700 0.006427
1520530373.901585 1.097710 0.006427
1520530374.001588 1.097711 0.006426
1520530374.051589 1.097716 0.006426
1520530374.151592 1.097715 0.006426
1520530374.201953 1.097716 0.006426
1520530374.301956 1.097726 0.006426
1520530374.401959 1.097732 0.006426
1520530374.501962 1.097759 0.006426
1520530374.602407 1.097787 0.006425
1520530374.752412 1.097844 0.006425
1520530374.852415 1.097866 0.006425
1520530374.952418 1.097887 0.006424
1520530375.052444 1.097954 0.006424
1520530375.152447 1.097955 0.006423
1520530375.252454 1.097964 0.006423
1520530375.352453 1.097950 0.006423
1520530375.452214 1.097947 0.006423
1520530375.552217 1.097950 0.006422
1520530375.652220 1.097958 0.006422
1520530375.702222 1.097937 0.006422
1520530375.802225 1.097921 0.006422
1520530375.902259 1.097905 0.006421
1520530376.002262 1.097907 0.006421
1520530376.052264 1.097886 0.006421
1520530376.152267 1.097881 0.006421
1520530376.251950 1.097906 0.006421
1520530376.351954 1.097911 0.006421
1520530376.401954 1.097905 0.006421
1520530376.501958 1.097894 0.006421
1520530376.551960 1.097876 0.006420
1520530376.652663 1.097862 0.006421
1520530376.702664 1.097867 0.006420
1520530376.802668 1.097868 0.006420
1520530376.852669 1.097898 0.006420
1520530376.952672 1.097880 0.006420
1520530377.052898 1.097877 0.006420
1520530377.152900 1.097882 0.006420
1520530377.252903 1.097890 0.006420
1520530377.352906 1.097942 0.006420
1520530377.451719 1.097969 0.006420
1520530377.551722 1.097991 0.006419
1520530377.651725 1.098044 0.006419
1520530377.751728 1.098035 0.006419
1520530377.851407 1.098043 0.006419
1520530377.951411 1.098009 0.006419
1520530378.051414 1.098015 0.006419
1520530378.101416 1.098004 0.006419
1520530378.201419 1.097987 0.006418
1520530378.251420 1.097988 0.006418
1520530378.351513 1.098005 0.006418
1520530378.401515 1.098019 0.006418
1520530378.501517 1.098044 0.006418
1520530378.551519 1.098031 0.006418
1520530378.651522 1.098029 0.006418
1520530378.702209 1.098044 0.006418
1520530378.802212 1.098035 0.006418
1520530378.902215 1.098030 0.006418
1520530379.002218 1.098038 0.006418
1520530379.102149 1.098037 0.006418
1520530379.202152 1.098041 0.006418
1520530379.302155 1.098072 0.006417
1520530379.402159 1.098092 0.006417
1520530379.501850 1.098126 0.006416
1520530379.601853 1.098165 0.006416
1520530379.701856 1.098169 0.006416
1520530379.801860 1.098162 0.006416
1520530379.901824 1.098154 0.006416
1520530380.001827 1.098153 0.006415
1520530380.051829 1.098149 0.006415
1520530380.151832 1.098156 0.006415
1520530380.201888 1.098128 0.006415
1520530380.301736 1.098122 0.006415
1520530380.352160 1.098121 0.006415
1520530380.452163 1.098159 0.006415
1520530380.502165 1.098158 0.006415
1520530380.602168 1.098182 0.006415
1520530380.652170 1.098177 0.006415
1520530380.752135 1.098182 0.006415
1520530380.852138 1.098247 0.006415
1520530380.952141 1.098221 0.006415
1520530381.002143 1.098212 0.006415
1520530381.102146 1.098241 0.006415
1520530381.152048 1.098228 0.006415
1520530381.252051 1.098236 0.006415
1520530381.302052 1.098239 0.006415
1520530381.402056 1.098224 0.006415
1520530381.502058 1.098239 0.006414
1520530381.602264 1.098228 0.006414
1520530381.702267 1.098230 0.006414
1520530381.802324 1.098236 0.006414
1520530381.902273 1.098274 0.006414
1520530382.002334 1.098314 0.006414
1520530382.102337 1.098346 0.006414
1520530382.202340 1.098351 0.006414
1520530382.302343 1.098371 0.006414
1520530382.402160 1.098361 0.006414
1520530382.502164 1.098374 0.006414
1520530382.602167 1.098372 0.006414
1520530382.702170 1.098382 0.006414
1520530382.802244 1.098349 0.006414
1520530382.902248 1.098343 0.006414
1520530383.002250 1.098339 0.006414
1520530383.102253 1.098337 0.006414
1520530383.202206 1.098328 0.006414
1520530383.302209 1.098339 0.006414
1520530383.402267 1.098331 0.006414
1520530383.502216 1.098328 0.006414
1520530383.602472 1.098330 0.006414
1520530383.702475 1.098330 0.006414
1520530383.802478 1.098343 0.006413
1520530383.902481 1.098341 0.006413
1520530383.952482 1.098349 0.006413
1520530384.052531 1.098420 0.006413
1520530384.152534 1.098403 0.006413
1520530384.252537 1.098496 0.006413
1520530384.352541 1.098549 0.006413
1520530384.402432 1.098556 0.006413
1520530384.502435 1.098413 0.006413
1520530384.602439 1.098450 0.006412
1520530384.702442 1.098420 0.006412
1520530384.752443 1.098469 0.006412
1520530384.852858 1.098470 0.006412
1520530384.902860 1.098485 0.006412
1520530385.002916 1.098620 0.006412
1520530385.102866 1.098547 0.006412
1520530385.152867 1.098504 0.006412
1520530385.252705 1.098532 0.006412
1520530385.302707 1.098537 0.006412
1520530385.402710 1.098560 0.006412
1520530385.452712 1.098578 0.006412
1520530385.552715 1.098612 0.006412
1520530385.602716 1.098612 0.006412
1520530385.702487 1.098632 0.006412
1520530385.752489 1.098622 0.006412
1520530385.852492 1.098638 0.006412
1520530385.902494 1.098626 0.006412
1520530386.002497 1.098642 0.006412
1520530386.102546 1.098641 0.006412
1520530386.202549 1.098649 0.006411
1520530386.302552 1.098661 0.006411
1520530386.402554 1.098655 0.006411
1520530386.502760 1.098657 0.006411
1520530386.602814 1.098660 0.006411
1520530386.702766 1.098630 0.006412
1520530386.802769 1.098624 0.006411
1520530386.902676 1.098626 0.006411
1520530387.002679 1.098628 0.006411
1520530387.102682 1.098652 0.006411
1520530387.202685 1.098652 0.006411
1520530387.302607 1.098699 0.006411
1520530387.352609 1.098724 0.006411
1520530387.452612 1.098752 0.006411
1520530387.502614 1.098754 0.006411
1520530387.602617 1.098800 0.006411
1520530387.702457 1.098802 0.006411
1520530387.752459 1.098815 0.006411
1520530387.852464 1.098820 0.006411
1520530387.902463 1.098825 0.006411
1520530388.002466 1.098811 0.006411
1520530388.052468 1.098800 0.006411
1520530388.152496 1.098809 0.006411
1520530388.202544 1.098822 0.006411
1520530388.302501 1.098831 0.006411
1520530388.402504 1.098810 0.006410
1520530388.502852 1.098798 0.006410
1520530388.602855 1.098784 0.006410
1520530388.752860 1.098789 0.006411
1520530388.902233 1.098798 0.006411
1520530389.002237 1.098809 0.006411
1520530389.102240 1.098808 0.006411
1520530389.202243 1.098804 0.006411
1520530389.302934 1.098796 0.006410
1520530389.402938 1.098803 0.006410
1520530389.502940 1.098820 0.006410
1520530389.602943 1.098839 0.006410
1520530389.702846 1.098847 0.006410
1520530389.753403 1.098853 0.006410
1520530389.853406 1.098874 0.006410
1520530389.903408 1.098897 0.006410
1520530390.003411 1.098894 0.006410
1520530390.053412 1.098874 0.006410
1520530390.152569 1.098867 0.006410
1520530390.202569 1.098853 0.006410
1520530390.302572 1.098842 0.006410
1520530390.352575 1.098819 0.006410
1520530390.452578 1.098808 0.006410
1520530390.553324 1.098778 0.006410
1520530390.653327 1.098803 0.006410
1520530390.753331 1.098813 0.006410
1520530390.853334 1.098777 0.006410
1520530390.953379 1.098773 0.006410
1520530391.003381 1.098752 0.006410
1520530391.103384 1.098756 0.006410
1520530391.203387 1.098766 0.006410
1520530391.352333 1.098777 0.006410
1520530391.452336 1.098787 0.006410
1520530391.552339 1.098793 0.006410
1520530391.652342 1.098801 0.006410
1520530391.752424 1.098785 0.006410
1520530391.852427 1.098771 0.006410
1520530391.952430 1.098787 0.006410
1520530392.052433 1.098805 0.006410
1520530392.102435 1.098800 0.006410
1520530392.203142 1.098768 0.006410
1520530392.253143 1.098787 0.006410
1520530392.353147 1.098753 0.006410
1520530392.403148 1.098707 0.006410
1520530392.503151 1.098731 0.006410
1520530392.602235 1.098756 0.006410
1520530392.702237 1.098748 0.006410
1520530392.802241 1.098749 0.006410
1520530392.902243 1.098738 0.006410
1520530392.952245 1.098734 0.006410
1520530393.052154 1.098748 0.006410
1520530393.152157 1.098771 0.006410
1520530393.252160 1.098783 0.006410
1520530393.352164 1.098773 0.006410
1520530393.402921 1.098765 0.006410
1520530393.502924 1.098804 0.006410
1520530393.602927 1.098823 0.006409
1520530393.652929 1.098752 0.006409
1520530393.752932 1.098674 0.006410
1520530393.852959 1.098681 0.006410
1520530394.002964 1.098685 0.006410
1520530394.102968 1.098669 0.006409
1520530394.202165 1.098705 0.006410
1520530394.302169 1.098728 0.006410
1520530394.402172 1.098752 0.006410
1520530394.502175 1.098769 0.006410
1520530394.602189 1.098760 0.006410
1520530394.652876 1.098762 0.006410
1520530394.752879 1.098752 0.006410
1520530394.852882 1.098745 0.006409
1520530394.952885 1.098752 0.006410
1520530395.053731 1.098726 0.006410
1520530395.153734 1.098742 0.006410
1520530395.253737 1.098745 0.006409
1520530395.353740 1.098796 0.006410
1520530395.452705 1.098791 0.006410
1520530395.552709 1.098787 0.006410
1520530395.652712 1.098775 0.006410
1520530395.752715 1.098738 0.006410
1520530395.853078 1.098729 0.006410
1520530395.953081 1.098722 0.006410
1520530396.053084 1.098737 0.006410
1520530396.153087 1.098740 0.006410
1520530396.203089 1.098736 0.006410
1520530396.303237 1.098738 0.006410
1520530396.353238 1.098739 0.006410
1520530396.453241 1.098725 0.006410
1520530396.553244 1.098713 0.006410
1520530396.603246 1.098696 0.006410
1520530396.703145 1.098694 0.006410
1520530396.803148 1.098703 0.006410
1520530396.903152 1.098710 0.006410
1520530397.003155 1.098699 0.006410
1520530397.102782 1.098706 0.006410
1520530397.202785 1.098731 0.006410
1520530397.302788 1.098746 0.006410
1520530397.402791 1.098763 0.006410
1520530397.502304 1.098756 0.006410
1520530397.602308 1.098759 0.006410
1520530397.652309 1.098777 0.006410
1520530397.752312 1.098793 0.006409
1520530397.852315 1.098768 0.006409
1520530397.902585 1.098769 0.006410
1520530398.002588 1.098748 0.006410
1520530398.102591 1.098725 0.006410
1520530398.202594 1.098708 0.006409
1520530398.303365 1.098696 0.006409
1520530398.403368 1.098698 0.006409
1520530398.453370 1.098696 0.006409
1520530398.553373 1.098753 0.006410
1520530398.603375 1.098704 0.006410
1520530398.703221 1.098674 0.006410
1520530398.753223 1.098662 0.006409
1520530398.853226 1.098679 0.006409
1520530398.903227 1.098672 0.006410
1520530399.003230 1.098644 0.006410
1520530399.053232 1.098631 0.006410
1520530399.152330 1.098622 0.006410
1520530399.202332 1.098632 0.006410
1520530399.302335 1.098619 0.006410
1520530399.352336 1.098622 0.006409
1520530399.452339 1.098621 0.006410
1520530399.502341 1.098624 0.006410
1520530399.603008 1.098639 0.006409
1520530399.703011 1.098641 0.006409
1520530399.803014 1.098620 0.006409
1520530399.903017 1.098625 0.006410
1520530399.953275 1.098614 0.006409
1520530400.053278 1.098616 0.006409
1520530400.103279 1.098625 0.006409
1520530400.203283 1.098635 0.006409
1520530400.303286 1.098626 0.006409
1520530400.352494 1.098640 0.006409
1520530400.452498 1.098643 0.006409
1520530400.502500 1.098653 0.006410
1520530400.602502 1.098661 0.006409
1520530400.702505 1.098659 0.006410
1520530400.752291 1.098659 0.006409
1520530400.852294 1.098659 0.006410
1520530400.952297 1.098648 0.006409
1520530401.052300 1.098646 0.006409
1520530401.152303 1.098637 0.006409
1520530401.202755 1.098641 0.006409
1520530401.302758 1.098653 0.006409
1520530401.352759 1.098673 0.006409
1520530401.452763 1.098662 0.006409
1520530401.502764 1.098629 0.006409
1520530401.603037 1.098615 0.006409
1520530401.703041 1.098629 0.006409
1520530401.803044 1.098624 0.006409
1520530401.853045 1.098621 0.006409
1520530401.953048 1.098596 0.006409
1520530402.002281 1.098598 0.006409
1520530402.102285 1.098588 0.006409
1520530402.152286 1.098591 0.006409
1520530402.252289 1.098598 0.006409
1520530402.302290 1.098598 0.006409
1520530402.402567 1.098598 0.006409
1520530402.452569 1.098593 0.006409
1520530402.552572 1.098599 0.006409
1520530402.652672 1.098577 0.006409
1520530402.752578 1.098518 0.006409
1520530402.803416 1.098481 0.006409
1520530402.903419 1.098549 0.006409
1520530403.003422 1.098592 0.006409
1520530403.053424 1.098606 0.006409
1520530403.153427 1.098577 0.006409
1520530403.252935 1.098578 0.006409
1520530403.302936 1.098569 0.006409
1520530403.402940 1.098548 0.006409
1520530403.452941 1.098545 0.006409
1520530403.552945 1.098524 0.006409
1520530403.602946 1.098526 0.006409
1520530403.702256 1.098527 0.006409
1520530403.752257 1.098526 0.006409
1520530403.852261 1.098514 0.006409
1520530403.902261 1.098503 0.006409
1520530404.002264 1.098509 0.006409
1520530404.052745 1.098507 0.006409
1520530404.152748 1.098502 0.006409
1520530404.252829 1.098494 0.006409
1520530404.352754 1.098489 0.006409
1520530404.453112 1.098481 0.006409
1520530404.553115 1.098482 0.006409
1520530404.653119 1.098486 0.006409
1520530404.753122 1.098491 0.006409
1520530404.803123 1.098493 0.006409
1520530404.902643 1.098481 0.006409
1520530404.952645 1.098491 0.006409
1520530405.052648 1.098480 0.006409
1520530405.102650 1.098481 0.006409
1520530405.202653 1.098479 0.006409
1520530405.252327 1.098480 0.006409
1520530405.352331 1.098454 0.006409
1520530405.402333 1.098464 0.006409
1520530405.502335 1.098462 0.006409
1520530405.552337 1.098469 0.006409
1520530405.652792 1.098462 0.006409
1520530405.702792 1.098462 0.006409
1520530405.802797 1.098426 0.006409
1520530405.852855 1.098457 0.006409
1520530405.952801 1.098458 0.006409
1520530406.052804 1.098441 0.006409
1520530406.103570 1.098498 0.006409
1520530406.203573 1.098485 0.006409
1520530406.253574 1.098382 0.006409
1520530406.353577 1.098436 0.006409
1520530406.403579 1.098414 0.006409
1520530406.503485 1.098414 0.006409
1520530406.603489 1.098408 0.006409
1520530406.703492 1.098409 0.006409
1520530406.803495 1.098434 0.006409
1520530406.902692 1.098427 0.006409
1520530406.952693 1.098421 0.006408
1520530407.052696 1.098409 0.006409
1520530407.102698 1.098421 0.006409
1520530407.202701 1.098466 0.006409
1520530407.252702 1.098439 0.006409
1520530407.353185 1.098447 0.006409
1520530407.403187 1.098427 0.006409
1520530407.503190 1.098438 0.006409
1520530407.553191 1.098435 0.006409
1520530407.653194 1.098413 0.006409
1520530407.703510 1.098372 0.006409
1520530407.803513 1.098338 0.006409
1520530407.853515 1.098351 0.006409
1520530407.953518 1.098360 0.006409
1520530408.003519 1.098380 0.006409
1520530408.103522 1.098378 0.006409
1520530408.153603 1.098381 0.006409
1520530408.253606 1.098374 0.006409
1520530408.353609 1.098374 0.006409
1520530408.453613 1.098374 0.006409
1520530408.553374 1.098368 0.006409
1520530408.653377 1.098363 0.006409
1520530408.753380 1.098358 0.006409
1520530408.853383 1.098367 0.006409
1520530408.952878 1.098370 0.006409
1520530409.052890 1.098367 0.006409
1520530409.152884 1.098372 0.006409
1520530409.252887 1.098389 0.006409
1520530409.352902 1.098391 0.006409
1520530409.452906 1.098380 0.006409
1520530409.552909 1.098384 0.006409
1520530409.652912 1.098385 0.006409
1520530409.752654 1.098390 0.006409
1520530409.852657 1.098399 0.006409
1520530409.952660 1.098386 0.006409
1520530410.052664 1.098378 0.006409
1520530410.153223 1.098373 0.006409
1520530410.253226 1.098367 0.006409
1520530410.353231 1.098353 0.006409
1520530410.453232 1.098346 0.006409
1520530410.553235 1.098350 0.006409
1520530410.653876 1.098342 0.006409
1520530410.753879 1.098338 0.006409
1520530410.853882 1.098279 0.006409
1520530410.953885 1.098343 0.006409
1520530411.003418 1.098335 0.006409
1520530411.103421 1.098340 0.006409
1520530411.253426 1.098347 0.006409
1520530411.403009 1.098348 0.006409
1520530411.503012 1.098335 0.006409
1520530411.603015 1.098326 0.006409
1520530411.703018 1.098314 0.006409
1520530411.802907 1.098315 0.006409
1520530411.852907 1.098312 0.006409
1520530411.952910 1.098321 0.006409
1520530412.002912 1.098318 0.006409
1520530412.102915 1.098319 0.006409
1520530412.152916 1.098315 0.006409
1520530412.253417 1.098310 0.006409
1520530412.303419 1.098306 0.006409
1520530412.403422 1.098311 0.006409
1520530412.453423 1.098310 0.006409
1520530412.553426 1.098321 0.006409
1520530412.653630 1.098314 0.006409
1520530412.703631 1.098308 0.006409
1520530412.803634 1.098311 0.006409
1520530412.853636 1.098307 0.006409
1520530412.953639 1.098292 0.006409
1520530413.003641 1.098284 0.006409
1520530413.103011 1.098324 0.006409
1520530413.203014 1.098349 0.006409
1520530413.303017 1.098336 0.006409
1520530413.403021 1.098324 0.006409
1520530413.502941 1.098316 0.006409
1520530413.602944 1.098303 0.006409
1520530413.853107 1.098284 0.006409
1520530413.953110 1.098301 0.006409
1520530414.053113 1.098300 0.006409
1520530414.153116 1.098299 0.006409
1520530414.252894 1.098282 0.006409
1520530414.352897 1.098282 0.006409
1520530414.452900 1.098295 0.006409
1520530414.552903 1.098303 0.006409
1520530414.652705 1.098296 0.006409
1520530414.752708 1.098281 0.006409
1520530414.852712 1.098269 0.006409
1520530414.952715 1.098238 0.006409
1520530415.052718 1.098252 0.006409
1520530415.103195 1.098250 0.006409
1520530415.203199 1.098245 0.006409
1520530415.303202 1.098233 0.006409
1520530415.403205 1.098233 0.006409
1520530415.503115 1.098260 0.006409
1520530415.603071 1.098266 0.006409
1520530415.703074 1.098259 0.006409
1520530415.853079 1.098244 0.006409
1520530415.953363 1.098255 0.006409
1520530416.103368 1.098251 0.006409
1520530416.503381 1.098262 0.006409
1520530416.603384 1.098258 0.006409
1520530416.703272 1.098254 0.006409
1520530416.803277 1.098264 0.006409
1520530416.903278 1.098269 0.006409
1520530417.003283 1.098271 0.006409
1520530417.053283 1.098275 0.006409
1520530417.153371 1.098263 0.006409
1520530417.253374 1.098258 0.006409
1520530417.603465 1.098233 0.006409
1520530417.703468 1.098230 0.006409
1520530417.803472 1.098228 0.006409
1520530417.903475 1.098241 0.006409
1520530418.003458 1.098243 0.006409
1520530418.103461 1.098228 0.006409
1520530418.203465 1.098227 0.006409
1520530418.303468 1.098230 0.006409
1520530418.453434 1.098230 0.006409
1520530418.603439 1.098216 0.006409
1520530418.753343 1.098214 0.006409
1520530418.853346 1.098222 0.006409
1520530418.953350 1.098235 0.006409
1520530419.053353 1.098238 0.006409
1520530419.153533 1.098219 0.006409
1520530419.253536 1.098222 0.006409
1520530419.353539 1.098225 0.006409
1520530419.503544 1.098224 0.006409
1520530419.653731 1.098222 0.006409
1520530419.803736 1.098228 0.006409
1520530419.903739 1.098222 0.006409
1520530420.003597 1.098219 0.006409
1520530420.103600 1.098215 0.006409
1520530420.203604 1.098204 0.006409
1520530420.303607 1.098190 0.006409
1520530420.403699 1.098179 0.006409
1520530420.503702 1.098174 0.006409
1520530420.653707 1.098172 0.006409
1520530420.803356 1.098172 0.006409
1520530420.953361 1.098181 0.006409
1520530421.053364 1.098173 0.006409
1520530421.153367 1.098175 0.006409
1520530421.253431 1.098189 0.006409
1520530421.353434 1.098191 0.006409
1520530421.453437 1.098179 0.006409
1520530421.553440 1.098178 0.006409
1520530421.653613 1.098177 0.006409
1520530421.753616 1.098171 0.006409
1520530421.903620 1.098169 0.006409
1520530422.053472 1.098169 0.006409
1520530422.153476 1.098172 0.006409
1520530422.253479 1.098171 0.006409
1520530422.353482 1.098175 0.006409
1520530422.453395 1.098170 0.006409
1520530422.503396 1.098162 0.006409
1520530422.603400 1.098157 0.006409
1520530422.703403 1.098149 0.006409
1520530422.803406 1.098140 0.006409
1520530422.903583 1.098124 0.006409
1520530423.053588 1.098136 0.006408
1520530423.153591 1.098139 0.006409
1520530423.253316 1.098124 0.006409
1520530423.353319 1.098125 0.006409
1520530423.453322 1.098141 0.006409
1520530423.603327 1.098149 0.006409
1520530423.652983 1.098147 0.006409
1520530423.752986 1.098148 0.006409
1520530423.802988 1.098152 0.006409
1520530423.902991 1.098147 0.006409
1520530423.952993 1.098135 0.006409
1520530424.052950 1.098122 0.006409
1520530424.103253 1.098124 0.006409
1520530424.203257 1.098077 0.006409
1520530424.353261 1.098049 0.006408
1520530424.453264 1.098093 0.006408
1520530424.504722 1.098053 0.006408
1520530424.604726 1.098104 0.006409
1520530424.704729 1.098143 0.006408
1520530424.854733 1.098174 0.006408
1520530424.953377 1.098196 0.006408
1520530425.003378 1.098237 0.006408
1520530425.103381 1.098169 0.006408
1520530425.203384 1.098128 0.006409
1520530425.303732 1.098106 0.006408
1520530425.403735 1.098093 0.006409
1520530425.603741 1.098084 0.006408
1520530425.653743 1.098101 0.006408
1520530425.753677 1.098087 0.006409
1520530425.803679 1.098077 0.006408
1520530425.903682 1.098120 0.006409
1520530426.003685 1.098121 0.006409
1520530426.103474 1.098096 0.006408
1520530426.203477 1.098105 0.006408
1520530426.253478 1.098086 0.006408
1520530426.353481 1.098091 0.006409
1520530426.403483 1.098083 0.006409
1520530426.503486 1.098089 0.006409
1520530426.703556 1.098080 0.006408
1520530426.753558 1.098094 0.006408
1520530426.853560 1.098116 0.006408
1520530426.903562 1.098106 0.006409
1520530427.003600 1.098113 0.006408
1520530427.103603 1.098111 0.006409
1520530427.203606 1.098111 0.006409
1520530427.253608 1.098090 0.006409
1520530427.353592 1.098146 0.006408
1520530427.453595 1.098139 0.006409
1520530427.803679 1.098108 0.006408
1520530427.903683 1.098081 0.006408
1520530428.003686 1.098092 0.006409
1520530428.053687 1.098083 0.006408
1520530428.153535 1.098075 0.006408
1520530428.203537 1.098080 0.006409
1520530428.303540 1.098080 0.006408
1520530428.353542 1.098079 0.006409
1520530428.453544 1.098079 0.006408
1520530428.503546 1.098072 0.006409
1520530428.603452 1.098078 0.006409
1520530428.703455 1.098071 0.006409
1520530428.753457 1.098072 0.006409
1520530428.853460 1.098078 0.006408
1520530428.903461 1.098078 0.006409
1520530429.003444 1.098069 0.006408
1520530429.053445 1.098059 0.006408
1520530429.153448 1.098062 0.006408
1520530429.203450 1.098054 0.006408
1520530429.303453 1.098045 0.006408
1520530429.353455 1.098062 0.006408
1520530429.453553 1.098051 0.006408
1520530429.503555 1.098089 0.006408
1520530429.603558 1.098075 0.006408
1520530429.653559 1.098057 0.006408
1520530429.753562 1.098064 0.006408
1520530429.853626 1.098068 0.006408
1520530429.903625 1.098072 0.006408
1520530430.003663 1.098073 0.006409
1520530430.053629 1.098068 0.006408
1520530430.153632 1.098063 0.006408
1520530430.203344 1.098054 0.006409
1520530430.303347 1.098050 0.006408
1520530430.353349 1.098051 0.006408
1520530430.453352 1.098053 0.006408
1520530430.553355 1.098058 0.006408
1520530430.603527 1.098055 0.006408
1520530430.703530 1.098055 0.006408
1520530430.753532 1.098055 0.006408
1520530430.853534 1.098053 0.006408
1520530430.953538 1.098048 0.006408
1520530431.053698 1.098044 0.006408
1520530431.103700 1.098041 0.006408
1520530431.203703 1.098041 0.006408
1520530431.253704 1.098030 0.006408
1520530431.353708 1.098033 0.006408
1520530431.453562 1.098037 0.006408
1520530431.503564 1.098040 0.006408
1520530431.603567 1.098038 0.006408
1520530431.653568 1.098055 0.006408
1520530431.753571 1.098038 0.006408
1520530431.803573 1.098050 0.006408
1520530431.903526 1.098043 0.006408
1520530431.953527 1.098056 0.006408
1520530432.053530 1.098042 0.006408
1520530432.103532 1.098031 0.006408
1520530432.203536 1.098025 0.006408
1520530432.253696 1.098022 0.006408
1520530432.353700 1.098021 0.006408
1520530432.403701 1.098034 0.006408
1520530432.503704 1.098022 0.006408
1520530432.553705 1.098026 0.006408
1520530432.653548 1.098022 0.006408
1520530432.703550 1.098021 0.006408
1520530432.803553 1.098024 0.006408
1520530432.853554 1.098018 0.006408
1520530432.953557 1.098021 0.006408
1520530433.003559 1.098036 0.006408
1520530433.103691 1.098006 0.006408
1520530433.153693 1.098007 0.006408
1520530433.253695 1.098022 0.006408
1520530433.353699 1.098029 0.006408
1520530433.453702 1.098024 0.006408
1520530433.553795 1.098012 0.006408
1520530433.653798 1.098010 0.006408
1520530433.753801 1.098001 0.006408
1520530433.853804 1.098016 0.006408
1520530433.903631 1.098008 0.006408
1520530434.003634 1.097994 0.006408
1520530434.053635 1.098005 0.006408
1520530434.153638 1.097988 0.006408
1520530434.203641 1.097950 0.006408
1520530434.303478 1.097967 0.006408
1520530434.353481 1.097991 0.006408
1520530434.453483 1.097978 0.006408
1520530434.503485 1.097975 0.006408
1520530434.603488 1.097974 0.006408
1520530434.653489 1.097975 0.006408
1520530434.753658 1.097978 0.006408
1520530434.803658 1.097983 0.006408
1520530434.903661 1.097979 0.006408
1520530434.953663 1.097979 0.006408
1520530435.053667 1.097984 0.006408
1520530435.153798 1.097987 0.006408
1520530435.203799 1.097985 0.006408
1520530435.303802 1.097985 0.006408
1520530435.353804 1.097997 0.006408
1520530435.453807 1.098002 0.006408
1520530435.504086 1.097998 0.006408
1520530435.604089 1.097997 0.006408
1520530435.654091 1.097979 0.006408
1520530435.754094 1.097979 0.006408
1520530435.804096 1.097982 0.006408
1520530435.904099 1.097979 0.006408
1520530435.953835 1.097983 0.006408
1520530436.053838 1.097973 0.006408
1520530436.103839 1.097969 0.006408
1520530436.203843 1.097964 0.006408
1520530436.303846 1.097964 0.006408
1520530436.403957 1.097977 0.006408
1520530436.553962 1.097961 0.006408
1520530436.703966 1.097950 0.006408
1520530436.804032 1.097939 0.006408
1520530436.854034 1.097929 0.006408
1520530436.954037 1.097941 0.006408
1520530437.004039 1.097949 0.006408
1520530437.104042 1.097970 0.006408
1520530437.153533 1.097980 0.006408
1520530437.253536 1.097991 0.006408
1520530437.303539 1.097999 0.006408
1520530437.403543 1.098001 0.006408
1520530437.453545 1.097996 0.006408
1520530437.553870 1.097989 0.006408
1520530437.603872 1.097976 0.006408
1520530437.703875 1.097959 0.006408
1520530437.803878 1.097951 0.006408
1520530437.903881 1.097958 0.006408
1520530437.954482 1.097959 0.006408
1520530438.104484 1.097970 0.006408
1520530438.204487 1.097971 0.006408
1520530438.304490 1.097987 0.006408
1520530438.354492 1.097968 0.006408
1520530438.453623 1.097955 0.006408
1520530438.503624 1.097967 0.006408
1520530438.603628 1.097960 0.006408
1520530438.653629 1.097952 0.006408
1520530438.753632 1.097949 0.006408
1520530438.854392 1.097962 0.006408
1520530438.954395 1.097967 0.006408
1520530439.054398 1.097954 0.006408
1520530439.204654 1.097958 0.006408
1520530439.354659 1.097949 0.006408
1520530439.504663 1.097922 0.006408
1520530439.604177 1.097938 0.006408
1520530439.754182 1.097934 0.006408
1520530439.854185 1.097947 0.006408
1520530439.954188 1.097960 0.006408
1520530440.054101 1.097950 0.006408
1520530440.154104 1.097939 0.006408
1520530440.254107 1.097931 0.006408
1520530440.354110 1.097944 0.006408
1520530440.453977 1.097928 0.006408
1520530440.553980 1.097927 0.006408
1520530440.653984 1.097905 0.006408
1520530440.753987 1.097924 0.006408
1520530440.853871 1.097928 0.006408
1520530440.953874 1.097949 0.006408
1520530441.053876 1.097936 0.006408
1520530441.153883 1.097928 0.006408
1520530441.253889 1.097927 0.006408
1520530441.353892 1.097923 0.006408
1520530441.453895 1.097927 0.006408
1520530441.553898 1.097917 0.006408
1520530441.654083 1.097920 0.006408
1520530441.804088 1.097929 0.006408
1520530441.954092 1.097945 0.006408
1520530442.054030 1.097957 0.006408
1520530442.154034 1.097971 0.006408
1520530442.254038 1.097982 0.006408
1520530442.354040 1.097982 0.006408
1520530442.453714 1.097967 0.006408
1520530442.503716 1.097967 0.006408
1520530442.603719 1.097969 0.006408
1520530442.653721 1.097954 0.006408
1520530442.753723 1.097953 0.006408
1520530442.803725 1.097960 0.006408
1520530442.904376 1.097966 0.006408
1520530443.004379 1.097981 0.006408
1520530443.104382 1.097970 0.006408
1520530443.204385 1.097977 0.006408
1520530443.404470 1.097980 0.006408
1520530443.554474 1.097973 0.006408
1520530443.654478 1.097966 0.006408
1520530443.754014 1.097946 0.006408
1520530443.854018 1.097949 0.006408
1520530443.954022 1.097959 0.006408
1520530444.054024 1.097962 0.006408
1520530444.104403 1.097949 0.006408
1520530444.204406 1.097953 0.006408
1520530444.254406 1.097952 0.006408
1520530444.354410 1.097960 0.006408
1520530444.454413 1.097953 0.006408
1520530444.505161 1.097930 0.006408
1520530444.605164 1.097963 0.006408
1520530444.705167 1.097939 0.006408
1520530444.805170 1.097938 0.006408
1520530444.905173 1.097941 0.006407
1520530445.004964 1.097943 0.006408
1520530445.054965 1.097966 0.006408
1520530445.154968 1.097963 0.006408
1520530445.204970 1.097958 0.006408
1520530445.304973 1.097938 0.006408
1520530445.353892 1.097943 0.006408
1520530445.453896 1.097953 0.006408
1520530445.553899 1.097955 0.006408
1520530445.603900 1.097953 0.006408
1520530445.703904 1.097956 0.006408
1520530445.753751 1.097954 0.006408
1520530445.853755 1.097954 0.006408
1520530445.903755 1.097941 0.006408
1520530446.003758 1.097937 0.006408
1520530446.103761 1.097944 0.006408
1520530446.154954 1.097955 0.006408
1520530446.254902 1.097963 0.006408
1520530446.354905 1.097965 0.006408
1520530446.454908 1.097970 0.006408
1520530446.554783 1.097969 0.006408
1520530446.654786 1.097962 0.006408
1520530446.754789 1.097966 0.006408
1520530446.854792 1.097959 0.006408
1520530446.954330 1.097954 0.006408
1520530447.054334 1.097936 0.006408
1520530447.154337 1.097943 0.006408
1520530447.254340 1.097944 0.006408
1520530447.354343 1.097942 0.006408
1520530447.454125 1.097947 0.006408
1520530447.554128 1.097942 0.006408
1520530447.704133 1.097936 0.006408
1520530447.904075 1.097932 0.006408
1520530448.253886 1.097934 0.006408
