1520530315.599645 1.264384 0.363724
1520530315.699637 1.334651 0.219733
1520530315.849642 1.355412 0.156500
1520530315.949645 1.353386 0.140344
1520530316.049648 1.360029 0.134862
1520530316.200224 1.393475 0.142802
1520530316.300227 1.392747 0.120633
1520530316.500233 1.406861 0.114603
1520530316.700281 1.403347 0.113976
1520530316.900287 1.403415 0.112403
1520530317.049776 1.397922 0.110055
1520530317.199781 1.287162 0.108505
1520530317.349743 1.270593 0.110328
1520530317.549752 1.259320 0.101141
1520530317.649755 1.251545 0.101411
1520530317.800239 1.240711 0.098306
1520530317.950243 1.228781 0.096703
1520530318.100248 1.223412 0.100632
1520530318.250771 1.221401 0.100147
1520530318.400775 1.220680 0.097189
1520530318.550780 1.230703 0.093848
1520530318.700570 1.237977 0.090903
1520530318.850574 1.236153 0.089412
1520530318.999955 1.242122 0.087691
1520530319.099959 1.243408 0.085414
1520530319.249964 1.236296 0.080110
1520530319.399832 1.239096 0.077220
1520530319.499835 1.234535 0.075499
1520530319.599838 1.234987 0.074471
1520530319.749942 1.231779 0.073537
1520530319.850343 1.229559 0.073506
1520530319.950346 1.230718 0.072467
1520530320.000347 1.231258 0.071284
1520530320.100350 1.231496 0.070750
1520530320.200401 1.233845 0.070063
1520530320.250402 1.231548 0.069906
1520530320.350405 1.237256 0.069372
1520530320.450408 1.238676 0.069031
1520530320.550412 1.234767 0.068377
1520530320.649871 1.235970 0.067783
1520530320.749874 1.240749 0.066961
1520530320.849877 1.243420 0.066191
1520530320.999882 1.248165 0.064918
1520530321.099742 1.249155 0.064264
1520530321.199745 1.248881 0.063535
1520530321.349750 1.239196 0.062210
1520530321.499857 1.236824 0.061548
1520530321.649862 1.237171 0.060852
1520530321.749865 1.236075 0.060356
1520530321.850152 1.238182 0.059944
1520530321.950155 1.240882 0.059522
1520530322.050158 1.244838 0.058932
1520530322.200163 1.244221 0.058413
1520530322.450214 1.246195 0.058264
1520530322.650023 1.246457 0.057654
1520530322.750027 1.250002 0.057312
1520530322.950033 1.248815 0.056487
1520530323.100074 1.249837 0.056084
1520530323.250079 1.248168 0.055671
1520530323.450085 1.254657 0.054830
1520530323.550346 1.256633 0.052351
1520530323.650349 1.259808 0.051891
1520530323.800354 1.260282 0.051268
1520530323.950154 1.264251 0.050981
1520530324.100159 1.267396 0.050773
1520530324.250163 1.267137 0.050583
1520530324.399911 1.267689 0.050332
1520530324.499994 1.265855 0.050032
1520530324.599917 1.264391 0.049759
1520530324.700018 1.264566 0.049456
1520530324.800021 1.264050 0.049233
1520530324.950026 1.263878 0.048982
1520530325.100816 1.261199 0.048842
1520530325.250820 1.259338 0.048590
1520530325.450827 1.261996 0.048336
1520530325.600915 1.263576 0.047706
1520530325.800921 1.259104 0.046945
1520530326.000543 1.256353 0.046556
1520530326.150548 1.251973 0.046418
1520530326.300552 1.247013 0.046264
1520530326.450207 1.244084 0.046085
1520530326.650213 1.242280 0.046022
1520530327.000434 1.242790 0.045595
1520530327.150431 1.242601 0.045253
1520530327.300436 1.242659 0.044911
1520530327.450441 1.242845 0.044855
1520530327.550090 1.244012 0.044771
1520530327.650103 1.245364 0.044674
1520530327.750096 1.245656 0.044500
1520530327.800097 1.245229 0.044421
1520530327.900100 1.245547 0.044483
1520530328.000280 1.247902 0.044486
1520530328.100283 1.247548 0.044302
1520530328.250288 1.247691 0.044196
1520530328.350291 1.247336 0.044230
1520530328.400337 1.247479 0.044207
1520530328.500340 1.247509 0.044151
1520530328.550342 1.248195 0.044133
1520530328.650346 1.248293 0.044089
1520530328.700347 1.248738 0.044071
1520530328.800086 1.248558 0.044061
1520530328.900089 1.248730 0.043992
1520530329.000092 1.248882 0.043867
1520530329.100095 1.250273 0.043789
1520530329.150097 1.251088 0.043760
1520530329.250095 1.252175 0.043671
1520530329.350049 1.252342 0.043582
1520530329.450052 1.251508 0.043445
1520530329.600097 1.251914 0.043306
1520530329.700100 1.252575 0.043235
1520530329.800104 1.254907 0.043207
1520530329.850105 1.253934 0.043197
1520530329.950109 1.253433 0.043169
1520530330.000110 1.253758 0.043147
1520530330.100162 1.253701 0.043047
1520530330.150164 1.254182 0.042995
1520530330.250167 1.255269 0.042890
1520530330.350170 1.255675 0.042720
1520530330.450787 1.253283 0.042448
1520530330.550790 1.254442 0.042346
1520530330.650793 1.253650 0.042321
1520530330.700795 1.254227 0.042298
1520530330.800798 1.253700 0.042302
1520530330.850367 1.254531 0.042308
1520530330.950279 1.254881 0.042285
1520530331.000280 1.254526 0.042274
1520530331.100283 1.254117 0.042245
1520530331.200286 1.255285 0.042222
1520530331.300736 1.254790 0.042224
1520530331.400740 1.254286 0.042214
1520530331.450741 1.254848 0.042200
1520530331.550744 1.255083 0.042197
1520530331.600746 1.254205 0.042197
1520530331.700481 1.254683 0.042157
1520530331.750483 1.254376 0.042116
1520530331.850486 1.253739 0.041927
1520530331.900488 1.253214 0.041874
1520530332.000491 1.253630 0.041767
1520530332.100388 1.253530 0.041626
1520530332.150390 1.253194 0.041571
1520530332.250393 1.252630 0.041461
1520530332.350396 1.252107 0.041383
1520530332.450399 1.251492 0.041331
1520530332.550483 1.251867 0.041319
1520530332.600486 1.252199 0.041295
1520530332.700489 1.252329 0.041253
1520530332.800492 1.252414 0.041203
1520530332.900164 1.253141 0.041178
1520530333.000168 1.253092 0.041133
1520530333.050169 1.252989 0.041129
1520530333.150173 1.253136 0.041115
1520530333.200174 1.253253 0.041100
1520530333.300608 1.253164 0.041092
1520530333.400612 1.253157 0.041055
1520530333.500615 1.253288 0.041036
1520530333.600618 1.252959 0.041033
1520530333.650619 1.253164 0.041024
1520530333.750542 1.253045 0.040997
1520530333.800544 1.252671 0.040975
1520530333.900547 1.253407 0.040966
1520530333.950549 1.253104 0.040931
1520530334.050551 1.252347 0.040839
1520530334.100216 1.251906 0.040797
1520530334.200219 1.252126 0.040699
1520530334.300222 1.251879 0.040669
1520530334.350224 1.251716 0.040618
1520530334.450227 1.251325 0.040570
1520530334.500228 1.250759 0.040531
1520530334.600088 1.250218 0.040509
1520530334.650089 1.248306 0.040394
1520530334.750092 1.247560 0.040409
1520530334.850095 1.247704 0.040417
1520530334.900097 1.247179 0.040421
1520530335.050931 1.246775 0.040395
1520530335.150934 1.246102 0.040407
1520530335.250937 1.246096 0.040389
1520530335.351457 1.245589 0.040375
1520530335.451459 1.245939 0.040364
1520530335.551462 1.245634 0.040367
1520530335.651465 1.245787 0.040347
1520530335.750223 1.245994 0.040333
1520530335.850226 1.246060 0.040338
1520530335.950229 1.246519 0.040330
1520530336.000230 1.247007 0.040321
1520530336.100233 1.246225 0.040309
1520530336.200179 1.246131 0.040311
1520530336.300182 1.246555 0.040301
1520530336.350183 1.246292 0.040285
1520530336.450186 1.245736 0.040231
1520530336.500188 1.244895 0.040203
1520530336.600584 1.245966 0.040186
1520530336.650586 1.246738 0.040154
1520530336.750588 1.247704 0.040128
1520530336.850591 1.247508 0.040105
1520530336.950594 1.247576 0.040093
1520530337.050259 1.247877 0.040077
1520530337.150262 1.247588 0.040061
1520530337.200351 1.247580 0.040053
1520530337.300267 1.247535 0.040047
1520530337.400301 1.247403 0.040038
1520530337.500304 1.247667 0.040039
1520530337.600307 1.247749 0.040014
1520530337.700310 1.249028 0.039978
1520530337.800854 1.249878 0.039989
1520530337.950858 1.250525 0.039916
1520530338.050862 1.251568 0.039810
1520530338.150864 1.251965 0.039762
1520530338.250473 1.252025 0.039781
1520530338.350476 1.252371 0.039740
1520530338.450479 1.251408 0.039721
1520530338.550482 1.250721 0.039648
1520530338.600260 1.249944 0.039482
1520530338.700263 1.249443 0.039626
1520530338.800266 1.248870 0.039595
1520530338.900269 1.248099 0.039599
1520530339.000272 1.248528 0.039638
1520530339.100960 1.248164 0.039540
1520530339.200963 1.248010 0.039597
1520530339.250965 1.247733 0.039569
1520530339.350968 1.247570 0.039563
1520530339.451687 1.247545 0.039544
1520530339.551690 1.247149 0.039547
1520530339.651693 1.246379 0.039560
1520530339.751697 1.246703 0.039538
1520530339.851056 1.247030 0.039524
1520530339.901057 1.247003 0.039485
1520530340.001061 1.246703 0.039487
1520530340.101063 1.246017 0.039459
1520530340.201067 1.246113 0.039414
1520530340.250395 1.246361 0.039420
1520530340.350399 1.246555 0.039378
1520530340.450401 1.247443 0.039371
1520530340.550404 1.247066 0.039357
1520530340.650347 1.247586 0.039336
1520530340.750350 1.248707 0.039150
1520530340.850353 1.247221 0.039285
1520530341.000358 1.247085 0.039320
1520530341.150777 1.247065 0.039320
1520530341.300782 1.248292 0.039267
1520530341.450787 1.247748 0.039292
1520530341.650717 1.247676 0.039278
1520530341.850723 1.247224 0.039266
1520530341.950578 1.247044 0.039273
1520530342.100548 1.247385 0.039264
1520530342.200551 1.247108 0.039254
1520530342.300673 1.246819 0.039230
1520530342.400676 1.247330 0.039230
1520530342.500679 1.247627 0.039213
1520530342.650684 1.247388 0.039160
1520530342.750644 1.247808 0.039128
1520530342.800646 1.248073 0.039137
1520530342.900649 1.247566 0.039079
1520530343.000653 1.247881 0.039049
1520530343.101131 1.247435 0.038977
1520530343.201134 1.248589 0.038923
1520530343.301138 1.249456 0.038889
1520530343.401141 1.249431 0.038775
1520530343.501404 1.248888 0.038692
1520530343.601407 1.248504 0.038595
1520530343.701410 1.247727 0.038496
1520530343.801413 1.246632 0.038388
1520530343.901416 1.245424 0.038245
1520530344.001403 1.244752 0.038156
1520530344.151408 1.244596 0.038080
1520530344.251411 1.245039 0.037981
1520530344.351408 1.244785 0.037868
1520530344.401411 1.244534 0.037846
1520530344.501414 1.244249 0.037766
1520530344.601418 1.244419 0.037696
1520530344.701421 1.245190 0.037579
1520530344.801638 1.245380 0.037505
1520530344.901641 1.245681 0.037440
1520530345.001644 1.245562 0.037410
1520530345.101647 1.245847 0.037352
1520530345.251745 1.246612 0.037286
1520530345.351748 1.246393 0.037208
1520530345.501752 1.246835 0.037158
1520530345.601196 1.246851 0.037123
1520530345.701199 1.247529 0.037119
1520530345.801203 1.247414 0.037065
1520530345.851204 1.247232 0.037071
1520530345.951161 1.247410 0.036999
1520530346.051476 1.246854 0.036990
1520530346.151479 1.245926 0.036941
1520530346.201481 1.245963 0.036969
1520530346.301485 1.246489 0.036977
1520530346.351486 1.246963 0.036947
1520530346.451378 1.246568 0.036922
1520530346.551380 1.245794 0.036908
1520530346.651383 1.245662 0.036913
1520530346.751386 1.245167 0.036903
1520530346.851546 1.244942 0.036899
1520530346.951549 1.245306 0.036894
1520530347.051553 1.245159 0.036872
1520530347.151556 1.245095 0.036859
1520530347.251402 1.245093 0.036859
1520530347.351405 1.245256 0.036865
1520530347.401407 1.244990 0.036828
1520530347.501410 1.244789 0.036834
1520530347.601218 1.244454 0.036808
1520530347.701222 1.244167 0.036792
1520530347.801224 1.243739 0.036809
1520530347.901227 1.243786 0.036824
1520530348.001163 1.243683 0.036800
1520530348.101166 1.243459 0.036804
1520530348.201169 1.243069 0.036798
1520530348.301184 1.243065 0.036801
1520530348.401175 1.242558 0.036810
1520530348.501419 1.242616 0.036784
1520530348.601422 1.242408 0.036801
1520530348.651423 1.241478 0.036810
1520530348.751426 1.242051 0.036802
1520530348.801428 1.242059 0.036803
1520530348.901315 1.241903 0.036786
1520530348.951318 1.241734 0.036802
1520530349.051321 1.241932 0.036788
1520530349.101323 1.242005 0.036796
1520530349.201326 1.241966 0.036800
1520530349.301107 1.243047 0.036801
1520530349.401110 1.243046 0.036790
1520530349.451112 1.241589 0.036797
1520530349.551115 1.241217 0.036795
1520530349.650935 1.241264 0.036794
1520530349.750943 1.241261 0.036782
1520530349.800940 1.241404 0.036779
1520530349.900986 1.240662 0.036787
1520530350.000946 1.240857 0.036784
1520530350.101378 1.241512 0.036782
1520530350.201381 1.241192 0.036771
1520530350.251384 1.241139 0.036747
1520530350.351387 1.241146 0.036768
1520530350.451515 1.241174 0.036760
1520530350.551518 1.240905 0.036772
1520530350.651521 1.240880 0.036783
1520530350.701523 1.240799 0.036749
1520530350.801526 1.240800 0.036782
1520530350.851527 1.240808 0.036775
1520530350.951573 1.240756 0.036770
1520530351.051576 1.240689 0.036773
1520530351.151579 1.240568 0.036775
1520530351.251582 1.240536 0.036761
1520530351.351680 1.240336 0.036779
1520530351.451683 1.240259 0.036775
1520530351.551686 1.239911 0.036684
1520530351.651689 1.240206 0.036773
1520530351.751696 1.240669 0.036778
1520530351.851700 1.240616 0.036775
1520530351.951703 1.240709 0.036769
1520530352.051706 1.240658 0.036765
1520530352.151806 1.240816 0.036772
1520530352.251809 1.240763 0.036757
1520530352.351812 1.240543 0.036767
1520530352.451816 1.240315 0.036763
1520530352.551471 1.240069 0.036756
1520530352.651474 1.240593 0.036767
1520530352.751477 1.240582 0.036743
1520530352.851480 1.240795 0.036761
1520530352.951099 1.241066 0.036761
1520530353.051102 1.240864 0.036760
1520530353.151105 1.240851 0.036756
1520530353.251108 1.240632 0.036753
1520530353.351398 1.240690 0.036766
1520530353.401399 1.240845 0.036763
1520530353.501402 1.240465 0.036762
1520530353.551404 1.240063 0.036753
1520530353.651407 1.240176 0.036763
1520530353.751736 1.241008 0.036748
1520530353.851739 1.240475 0.036749
1520530353.951742 1.240097 0.036747
1520530354.051745 1.240232 0.036760
1520530354.151896 1.240826 0.036742
1520530354.251899 1.240999 0.036759
1520530354.351902 1.240542 0.036758
1520530354.451905 1.240473 0.036752
1520530354.501907 1.240498 0.036755
1520530354.601593 1.240618 0.036757
1520530354.651595 1.240691 0.036745
1520530354.751597 1.240822 0.036752
1520530354.901602 1.240908 0.036751
1520530355.051362 1.240740 0.036754
1520530355.151365 1.240801 0.036755
1520530355.251368 1.240904 0.036756
1520530355.351371 1.240861 0.036753
1520530355.451408 1.240831 0.036752
1520530355.551411 1.240827 0.036753
1520530355.651416 1.240894 0.036746
1520530355.751418 1.240792 0.036749
1520530355.851533 1.241019 0.036727
1520530355.901534 1.241114 0.036739
1520530356.001537 1.240945 0.036750
1520530356.051539 1.240775 0.036752
1520530356.151542 1.241097 0.036749
1520530356.251380 1.241013 0.036745
1520530356.351380 1.241321 0.036737
1520530356.451383 1.240863 0.036749
1520530356.501385 1.240381 0.036741
1520530356.601233 1.240270 0.036748
1520530356.701236 1.240432 0.036746
1520530356.751237 1.240500 0.036751
1520530356.851240 1.240637 0.036745
1520530356.951243 1.241024 0.036748
1520530357.051154 1.240933 0.036749
1520530357.151157 1.240774 0.036747
1520530357.251160 1.241187 0.036747
1520530357.301162 1.241680 0.036740
1520530357.401658 1.241585 0.036746
1520530357.501662 1.240945 0.036750
1520530357.601666 1.240923 0.036749
1520530357.701667 1.241146 0.036745
1520530357.801671 1.240970 0.036749
1520530357.901559 1.240980 0.036738
1520530357.951560 1.240896 0.036741
1520530358.051563 1.240916 0.036742
1520530358.151567 1.240853 0.036747
1520530358.251625 1.240873 0.036747
1520530358.351628 1.240847 0.036747
1520530358.451631 1.240928 0.036742
1520530358.601636 1.240928 0.036743
1520530358.701800 1.240941 0.036742
1520530358.801803 1.240978 0.036746
1520530358.901806 1.240927 0.036744
1520530359.001810 1.241053 0.036738
1520530359.101811 1.240780 0.036744
1520530359.201810 1.240889 0.036742
1520530359.301813 1.240665 0.036745
1520530359.401817 1.240980 0.036744
1520530359.501870 1.241037 0.036744
1520530359.601873 1.241272 0.036720
1520530359.701876 1.241151 0.036734
1520530359.801879 1.240921 0.036743
1520530359.901826 1.241095 0.036740
1520530360.001829 1.241658 0.036730
1520530360.101832 1.241776 0.036735
1520530360.201836 1.242566 0.036688
1520530360.301316 1.242987 0.036689
1520530360.351317 1.241808 0.036684
1520530360.451321 1.241318 0.036734
1520530360.551324 1.241015 0.036733
1520530360.651327 1.241170 0.036736
1520530360.750980 1.241108 0.036728
1520530360.850983 1.241254 0.036690
1520530360.950988 1.241321 0.036690
1520530361.051064 1.243468 0.036701
1520530361.151045 1.243040 0.036726
1520530361.251048 1.242504 0.036701
1520530361.351051 1.241169 0.036731
1520530361.451055 1.240859 0.036737
1520530361.551692 1.240784 0.036744
1520530361.651695 1.240688 0.036735
1520530361.751698 1.240544 0.036739
1520530361.851701 1.240620 0.036737
1520530361.951941 1.240541 0.036730
1520530362.001942 1.240457 0.036725
1520530362.101945 1.240673 0.036741
1520530362.201949 1.240633 0.036744
1520530362.301951 1.240915 0.036742
1520530362.401625 1.240845 0.036738
1520530362.501628 1.240820 0.036733
1520530362.601631 1.240785 0.036731
1520530362.701634 1.240759 0.036738
1520530362.801366 1.240617 0.036736
1520530362.901369 1.240751 0.036740
1520530363.001372 1.240751 0.036741
1520530363.101375 1.240753 0.036735
1520530363.201651 1.240732 0.036742
1520530363.301654 1.240767 0.036743
1520530363.401658 1.240774 0.036743
1520530363.501661 1.240735 0.036737
1520530363.601746 1.240839 0.036735
1520530363.651748 1.240967 0.036715
1520530363.751751 1.241227 0.036733
1520530363.801753 1.241428 0.036711
1520530363.901756 1.240950 0.036735
1520530363.951780 1.240712 0.036737
1520530364.051784 1.240850 0.036735
1520530364.101785 1.240942 0.036726
1520530364.201788 1.240806 0.036731
1520530364.251789 1.240735 0.036723
1520530364.351792 1.240891 0.036727
1520530364.401853 1.240850 0.036730
1520530364.501856 1.240816 0.036731
1520530364.551858 1.240631 0.036728
1520530364.651861 1.240648 0.036734
1520530364.751864 1.240671 0.036738
1520530364.852377 1.240724 0.036739
1520530364.952380 1.240722 0.036739
1520530365.052383 1.240703 0.036741
1520530365.152386 1.240633 0.036737
1520530365.251846 1.240661 0.036738
1520530365.351849 1.240515 0.036738
1520530365.451852 1.240869 0.036737
1520530365.551855 1.240786 0.036736
1520530365.651537 1.240858 0.036740
1520530365.751540 1.240754 0.036736
1520530365.851543 1.240864 0.036739
1520530365.951546 1.240644 0.036740
1520530366.051908 1.240559 0.036734
1520530366.101910 1.240708 0.036739
1520530366.201913 1.240704 0.036735
1520530366.251915 1.240751 0.036740
1520530366.351918 1.240923 0.036736
1520530366.402120 1.240948 0.036729
1520530366.502124 1.240978 0.036739
1520530366.602127 1.240990 0.036738
1520530366.702130 1.240962 0.036735
1520530366.802133 1.241035 0.036738
1520530366.852166 1.240980 0.036729
1520530366.952169 1.241151 0.036732
1520530367.002170 1.241014 0.036735
1520530367.102178 1.241014 0.036736
1520530367.152175 1.241046 0.036732
1520530367.252540 1.240955 0.036735
1520530367.352543 1.240925 0.036732
1520530367.452546 1.240852 0.036735
1520530367.552549 1.240883 0.036740
1520530367.652264 1.240912 0.036737
1520530367.752267 1.240918 0.036732
1520530367.852271 1.240995 0.036738
1520530367.952274 1.240961 0.036732
1520530368.052124 1.240849 0.036731
1520530368.202129 1.240839 0.036733
1520530368.302132 1.240788 0.036738
1520530368.352134 1.240864 0.036736
1520530368.452048 1.240953 0.036738
1520530368.502050 1.240818 0.036736
1520530368.602053 1.241728 0.036726
1520530368.652054 1.241396 0.036717
1520530368.752057 1.241301 0.036730
1520530368.851389 1.241471 0.036721
1520530368.901391 1.240845 0.036713
1520530369.001394 1.240378 0.036733
1520530369.101397 1.240457 0.036730
1520530369.151398 1.240907 0.036737
1520530369.251401 1.241520 0.036735
1520530369.351538 1.240869 0.036737
1520530369.451542 1.240680 0.036739
1520530369.551545 1.240852 0.036730
1520530369.601546 1.240979 0.036733
1520530369.701896 1.241008 0.036736
1520530369.801900 1.240861 0.036737
1520530369.901903 1.240791 0.036738
1520530370.001906 1.240808 0.036738
1520530370.101930 1.241188 0.036730
1520530370.201933 1.240855 0.036738
1520530370.301935 1.240785 0.036736
1520530370.451940 1.240915 0.036737
1520530370.601899 1.240928 0.036732
1520530370.751889 1.241004 0.036700
1520530370.901941 1.240865 0.036722
1520530371.051946 1.240852 0.036711
1520530371.151949 1.241138 0.036702
1520530371.301953 1.241185 0.036716
1520530371.401953 1.241043 0.036702
1520530371.501956 1.241244 0.036731
1520530371.651961 1.240971 0.036713
1520530371.751959 1.240845 0.036731
1520530371.801961 1.240749 0.036728
1520530371.901964 1.240680 0.036737
1520530372.001968 1.240699 0.036728
1520530372.101971 1.240967 0.036729
1520530372.251958 1.240940 0.036736
1520530372.301960 1.240836 0.036733
1520530372.401963 1.241441 0.036731
1520530372.501966 1.240892 0.036734
1520530372.601958 1.241110 0.036737
1520530372.701961 1.241866 0.036736
1520530372.801964 1.241437 0.036735
1520530372.901967 1.241564 0.036710
1520530373.051620 1.241226 0.036737
1520530373.251627 1.242661 0.036735
1520530373.351457 1.242449 0.036695
1520530373.451460 1.242036 0.036708
1520530373.551463 1.241745 0.036721
1520530373.651466 1.241222 0.036731
1520530373.751469 1.241292 0.036727
1520530373.851583 1.241522 0.036680
1520530373.951586 1.241444 0.036667
1520530374.051589 1.241297 0.036669
1520530374.151592 1.241191 0.036698
1520530374.251955 1.240739 0.036699
1520530374.351958 1.241026 0.036721
1520530374.451961 1.240966 0.036733
1520530374.551964 1.241051 0.036737
1520530374.702410 1.241058 0.036726
1520530374.802413 1.240837 0.036731
1520530374.952418 1.241002 0.036738
1520530375.052444 1.241249 0.036736
1520530375.152447 1.241336 0.036732
1520530375.252454 1.240927 0.036737
1520530375.352453 1.240958 0.036736
1520530375.452214 1.241020 0.036736
1520530375.552217 1.241305 0.036726
1520530375.652220 1.241375 0.036718
1520530375.702222 1.241068 0.036728
1520530375.802225 1.241310 0.036730
1520530375.852258 1.241096 0.036721
1520530375.952261 1.241617 0.036734
1520530376.052264 1.241306 0.036718
1520530376.152267 1.240933 0.036736
1520530376.202270 1.240996 0.036738
1520530376.301951 1.241017 0.036732
1520530376.351954 1.240968 0.036719
1520530376.451957 1.241098 0.036736
1520530376.551960 1.241127 0.036737
1520530376.652663 1.240965 0.036732
1520530376.702664 1.241049 0.036734
1520530376.802668 1.241163 0.036726
1520530376.852669 1.241249 0.036732
1520530376.952672 1.241030 0.036737
1520530377.052898 1.240949 0.036737
1520530377.152900 1.240878 0.036728
1520530377.252903 1.240781 0.036734
1520530377.352906 1.240834 0.036729
1520530377.402909 1.240805 0.036696
1520530377.501720 1.240987 0.036734
1520530377.551722 1.241174 0.036676
1520530377.651725 1.241327 0.036677
1520530377.751728 1.241435 0.036731
1520530377.851407 1.241373 0.036735
1520530377.951411 1.241237 0.036728
1520530378.051414 1.241286 0.036731
1520530378.101416 1.241030 0.036724
1520530378.201419 1.241080 0.036727
1520530378.251420 1.241073 0.036729
1520530378.351513 1.240926 0.036731
1520530378.401515 1.240890 0.036731
1520530378.501517 1.241182 0.036737
1520530378.551519 1.241157 0.036737
1520530378.651522 1.241241 0.036737
1520530378.702209 1.242066 0.036720
1520530378.802212 1.241373 0.036732
1520530378.852213 1.241227 0.036737
1520530378.952216 1.240953 0.036736
1520530379.052220 1.240882 0.036736
1520530379.152151 1.240992 0.036735
1520530379.252154 1.241129 0.036737
1520530379.352157 1.241112 0.036738
1520530379.452160 1.241238 0.036735
1520530379.551852 1.241248 0.036737
1520530379.601853 1.241103 0.036738
1520530379.701856 1.241102 0.036733
1520530379.801860 1.241213 0.036735
1520530379.901824 1.241198 0.036735
1520530380.001827 1.241159 0.036736
1520530380.101830 1.241166 0.036735
1520530380.201888 1.241192 0.036736
1520530380.251835 1.241150 0.036737
1520530380.352160 1.240951 0.036737
1520530380.452163 1.241164 0.036727
1520530380.502165 1.241250 0.036723
1520530380.602168 1.241328 0.036730
1520530380.652170 1.241397 0.036727
1520530380.752135 1.241437 0.036732
1520530380.802136 1.241329 0.036715
1520530380.902139 1.241194 0.036719
1520530380.952141 1.241033 0.036734
1520530381.052144 1.241051 0.036725
1520530381.102146 1.241234 0.036725
1520530381.202049 1.241175 0.036731
1520530381.252051 1.241270 0.036733
1520530381.352054 1.241144 0.036729
1520530381.452057 1.241227 0.036736
1520530381.552262 1.241092 0.036736
1520530381.652265 1.241185 0.036731
1520530381.752268 1.241128 0.036733
1520530381.852271 1.241078 0.036732
1520530381.952332 1.241258 0.036725
1520530382.052335 1.241171 0.036731
1520530382.152338 1.241150 0.036721
1520530382.252342 1.241157 0.036731
1520530382.352159 1.241149 0.036735
1520530382.452162 1.241180 0.036729
1520530382.552165 1.241213 0.036733
1520530382.652168 1.241613 0.036731
1520530382.752171 1.241161 0.036735
1520530382.852246 1.240451 0.036733
1520530382.952249 1.240704 0.036721
1520530383.052252 1.240989 0.036736
1520530383.202206 1.241192 0.036736
1520530383.302209 1.241301 0.036736
1520530383.402267 1.241050 0.036734
1520530383.552217 1.241145 0.036736
1520530383.652472 1.241185 0.036736
1520530383.752476 1.241351 0.036728
1520530383.852479 1.241779 0.036727
1520530383.952482 1.242593 0.036732
1520530384.052531 1.243113 0.036732
1520530384.152534 1.244577 0.036714
1520530384.202536 1.244856 0.036702
1520530384.302539 1.244381 0.036703
1520530384.402432 1.243337 0.036665
1520530384.502435 1.243039 0.036638
1520530384.602439 1.242682 0.036677
1520530384.702442 1.242692 0.036702
1520530384.752443 1.242110 0.036716
1520530384.852858 1.242337 0.036722
1520530384.902860 1.241984 0.036702
1520530385.002916 1.241758 0.036717
1520530385.052864 1.241322 0.036718
1520530385.152867 1.241241 0.036725
1520530385.202869 1.241141 0.036726
1520530385.302707 1.241252 0.036723
1520530385.402710 1.241187 0.036726
1520530385.452712 1.241449 0.036723
1520530385.552715 1.241569 0.036719
1520530385.652486 1.241227 0.036721
1520530385.752489 1.241210 0.036724
1520530385.802491 1.241329 0.036711
1520530385.902494 1.241347 0.036710
1520530385.952497 1.241481 0.036727
1520530386.052544 1.241130 0.036719
1520530386.152547 1.241116 0.036720
1520530386.252550 1.241118 0.036718
1520530386.352553 1.241124 0.036724
1520530386.452758 1.241132 0.036726
1520530386.602814 1.241101 0.036724
1520530386.702766 1.241070 0.036725
1520530386.802769 1.240998 0.036724
1520530386.902676 1.241066 0.036724
1520530386.952678 1.241118 0.036725
1520530387.052681 1.241091 0.036725
1520530387.152684 1.241096 0.036721
1520530387.252606 1.241268 0.036726
1520530387.352609 1.241438 0.036722
1520530387.452612 1.241541 0.036724
1520530387.502614 1.241348 0.036692
1520530387.602617 1.241392 0.036721
1520530387.652619 1.241040 0.036720
1520530387.752459 1.240895 0.036718
1520530387.802460 1.241280 0.036706
1520530387.902463 1.241114 0.036716
1520530387.952465 1.241088 0.036724
1520530388.052468 1.241067 0.036717
1520530388.102494 1.241009 0.036714
1520530388.202544 1.241177 0.036703
1520530388.252499 1.241146 0.036720
1520530388.352502 1.241028 0.036722
1520530388.452505 1.241048 0.036724
1520530388.552854 1.241023 0.036724
1520530388.602855 1.241114 0.036725
1520530388.752860 1.241002 0.036725
1520530388.852863 1.241162 0.036715
1520530388.952235 1.241109 0.036723
1520530389.052238 1.241096 0.036716
1520530389.152242 1.241263 0.036725
1520530389.252245 1.241116 0.036715
1520530389.352936 1.240964 0.036701
1520530389.452939 1.241157 0.036672
1520530389.552942 1.241136 0.036699
1520530389.652948 1.241181 0.036707
1520530389.702846 1.241386 0.036704
1520530389.803445 1.241707 0.036726
1520530389.903408 1.241313 0.036714
1520530390.003411 1.241352 0.036726
1520530390.103414 1.241189 0.036721
1520530390.152569 1.241149 0.036713
1520530390.252572 1.241157 0.036722
1520530390.302572 1.241088 0.036665
1520530390.402575 1.241064 0.036720
1520530390.502578 1.241035 0.036724
1520530390.553324 1.241217 0.036715
1520530390.653327 1.241290 0.036721
1520530390.703329 1.241202 0.036722
1520530390.803333 1.241115 0.036718
1520530390.903336 1.241052 0.036721
1520530390.953379 1.241141 0.036715
1520530391.053383 1.241022 0.036724
1520530391.153385 1.241014 0.036725
1520530391.253388 1.241163 0.036727
1520530391.352333 1.241320 0.036712
1520530391.402366 1.241203 0.036711
1520530391.502338 1.241257 0.036706
1520530391.552339 1.241103 0.036723
1520530391.652342 1.241006 0.036723
1520530391.752424 1.240947 0.036723
1520530391.852427 1.241020 0.036726
1520530391.952430 1.241117 0.036721
1520530392.052433 1.241239 0.036725
1520530392.152436 1.241260 0.036724
1520530392.203142 1.241256 0.036685
1520530392.303145 1.241620 0.036667
1520530392.353147 1.241556 0.036717
1520530392.453150 1.240858 0.036724
1520530392.553153 1.240654 0.036715
1520530392.652236 1.241011 0.036725
1520530392.702237 1.240895 0.036705
1520530392.802241 1.241154 0.036727
1520530392.852242 1.241292 0.036725
1520530392.952245 1.242521 0.036708
1520530393.002174 1.242136 0.036710
1520530393.102156 1.242302 0.036713
1520530393.152157 1.242855 0.036703
1520530393.252160 1.243399 0.036702
1520530393.352164 1.243162 0.036702
1520530393.452923 1.243967 0.036707
1520530393.552926 1.243925 0.036703
1520530393.602927 1.243169 0.036693
1520530393.702931 1.241279 0.036688
1520530393.752932 1.241215 0.036725
1520530393.852959 1.241313 0.036726
1520530393.952963 1.241272 0.036725
1520530394.052965 1.241174 0.036725
1520530394.152969 1.241052 0.036695
1520530394.202165 1.240691 0.036726
1520530394.302169 1.241009 0.036719
1520530394.352170 1.240971 0.036711
1520530394.452173 1.240957 0.036725
1520530394.502175 1.241379 0.036714
1520530394.602189 1.241172 0.036707
1520530394.702878 1.241193 0.036702
1520530394.802881 1.241279 0.036657
1520530394.902884 1.241273 0.036724
1520530395.002887 1.241230 0.036720
1520530395.103732 1.241148 0.036723
1520530395.203735 1.241154 0.036726
1520530395.303738 1.241136 0.036723
1520530395.403742 1.241121 0.036717
1520530395.452705 1.241045 0.036726
1520530395.552709 1.241103 0.036725
1520530395.652712 1.241027 0.036721
1520530395.802716 1.241188 0.036724
1520530395.903079 1.241230 0.036715
1520530396.003083 1.241038 0.036695
1520530396.103085 1.240978 0.036719
1520530396.203089 1.240909 0.036722
1520530396.303237 1.240842 0.036717
1520530396.403240 1.241117 0.036704
1520530396.503243 1.241031 0.036723
1520530396.603246 1.241019 0.036725
1520530396.703145 1.241050 0.036715
1520530396.803148 1.241114 0.036720
1520530396.903152 1.241092 0.036719
1520530397.003155 1.241020 0.036718
1520530397.102782 1.241153 0.036725
1520530397.202785 1.241143 0.036725
1520530397.302788 1.241075 0.036720
1520530397.402791 1.241060 0.036724
1520530397.502304 1.241227 0.036649
1520530397.552306 1.241060 0.036725
1520530397.652309 1.240851 0.036721
1520530397.702310 1.240577 0.036682
1520530397.802315 1.241311 0.036715
1520530397.852315 1.241287 0.036705
1520530397.952586 1.240996 0.036726
1520530398.052589 1.241004 0.036723
1520530398.102591 1.240972 0.036721
1520530398.202594 1.241000 0.036720
1520530398.303365 1.241030 0.036723
1520530398.403368 1.241522 0.036725
1520530398.453370 1.241310 0.036717
1520530398.553373 1.241390 0.036723
1520530398.603375 1.241311 0.036717
1520530398.703221 1.241145 0.036721
1520530398.753223 1.241044 0.036721
1520530398.853226 1.240471 0.036725
1520530398.903227 1.240595 0.036723
1520530399.003230 1.241109 0.036717
1520530399.053232 1.241008 0.036724
1520530399.152330 1.241348 0.036715
1520530399.202332 1.240954 0.036721
1520530399.302335 1.240671 0.036700
1520530399.352336 1.240961 0.036696
1520530399.452339 1.240730 0.036722
1520530399.502341 1.241197 0.036723
1520530399.603008 1.240758 0.036722
1520530399.653009 1.241140 0.036709
1520530399.753012 1.241059 0.036703
1520530399.853016 1.241083 0.036703
1520530399.953275 1.241007 0.036719
1520530400.003276 1.240970 0.036721
1520530400.103279 1.241029 0.036726
1520530400.153281 1.241026 0.036723
1520530400.253284 1.241204 0.036723
1520530400.303286 1.241150 0.036722
1520530400.402496 1.241071 0.036718
1520530400.452498 1.240848 0.036724
1520530400.552501 1.240957 0.036721
1520530400.602502 1.240883 0.036714
1520530400.702505 1.240982 0.036725
1520530400.752291 1.241420 0.036713
1520530400.852294 1.241767 0.036723
1520530400.952297 1.241245 0.036715
1520530401.052300 1.241254 0.036718
1520530401.102302 1.241367 0.036709
1520530401.202755 1.241383 0.036709
1520530401.252756 1.241789 0.036727
1520530401.352759 1.241510 0.036720
1520530401.402761 1.242047 0.036722
1520530401.502764 1.242212 0.036723
1520530401.552766 1.242043 0.036718
1520530401.653039 1.242402 0.036725
1520530401.753042 1.242108 0.036723
1520530401.853045 1.241743 0.036722
1520530401.903047 1.241570 0.036715
1520530402.002281 1.241335 0.036716
1520530402.052283 1.241134 0.036724
1520530402.152286 1.241151 0.036719
1520530402.202287 1.241316 0.036694
1520530402.302290 1.241024 0.036725
1520530402.352292 1.240909 0.036720
1520530402.452569 1.240613 0.036722
1520530402.502571 1.241214 0.036698
1520530402.602574 1.241354 0.036726
1520530402.702577 1.241373 0.036729
1520530402.803416 1.241220 0.036727
1520530402.853417 1.241354 0.036701
1520530402.953420 1.241310 0.036712
1520530403.003422 1.241147 0.036722
1520530403.103425 1.242356 0.036724
1520530403.153427 1.241135 0.036718
1520530403.252935 1.241015 0.036726
1520530403.302936 1.241017 0.036727
1520530403.402940 1.240886 0.036726
1520530403.452941 1.240942 0.036724
1520530403.552945 1.240962 0.036724
1520530403.602946 1.240986 0.036725
1520530403.702256 1.241202 0.036722
1520530403.752257 1.240992 0.036722
1520530403.852261 1.241027 0.036723
1520530403.902261 1.241163 0.036719
1520530404.002264 1.241123 0.036725
1520530404.052745 1.241224 0.036722
1520530404.152748 1.241263 0.036711
1520530404.252829 1.241308 0.036728
1520530404.352754 1.241274 0.036719
1520530404.453112 1.241255 0.036722
1520530404.553115 1.241191 0.036726
1520530404.653119 1.241210 0.036724
1520530404.703120 1.241332 0.036720
1520530404.803123 1.241406 0.036720
1520530404.852642 1.241291 0.036722
1520530404.952645 1.241825 0.036723
1520530405.002647 1.241032 0.036726
1520530405.102650 1.240997 0.036725
1520530405.152651 1.241109 0.036725
1520530405.252327 1.241340 0.036718
1520530405.302330 1.241095 0.036718
1520530405.402333 1.241053 0.036722
1520530405.452334 1.241152 0.036720
1520530405.552337 1.241236 0.036719
1520530405.602339 1.241174 0.036718
1520530405.702792 1.241228 0.036718
1520530405.752795 1.241030 0.036719
1520530405.852855 1.241026 0.036723
1520530405.902800 1.240970 0.036721
1520530406.002803 1.241012 0.036716
1520530406.103570 1.241147 0.036720
1520530406.153570 1.241177 0.036718
1520530406.253574 1.241205 0.036721
1520530406.303576 1.241240 0.036720
1520530406.403579 1.241294 0.036722
1520530406.453580 1.241314 0.036724
1520530406.553487 1.241013 0.036723
1520530406.603489 1.240898 0.036722
1520530406.703492 1.241321 0.036721
1520530406.803495 1.240988 0.036724
1520530406.853497 1.241148 0.036719
1520530406.952693 1.240947 0.036721
1520530407.002694 1.240834 0.036722
1520530407.102698 1.240902 0.036719
1520530407.152699 1.241014 0.036721
1520530407.252702 1.240928 0.036717
1520530407.303185 1.241129 0.036714
1520530407.403187 1.241176 0.036703
1520530407.453221 1.241185 0.036723
1520530407.553191 1.241165 0.036700
1520530407.603193 1.241049 0.036676
1520530407.703510 1.241084 0.036723
1520530407.753511 1.241161 0.036706
1520530407.853515 1.241067 0.036710
1520530407.903516 1.241043 0.036716
1520530408.003519 1.240997 0.036717
1520530408.053521 1.241035 0.036721
1520530408.153603 1.241000 0.036718
1520530408.253606 1.240988 0.036719
1520530408.353609 1.241037 0.036709
1520530408.453613 1.241054 0.036715
1520530408.553374 1.240986 0.036713
1520530408.653377 1.240957 0.036706
1520530408.753380 1.240907 0.036694
1520530408.853383 1.240866 0.036702
1520530408.952878 1.241085 0.036717
1520530409.052890 1.241067 0.036720
1520530409.152884 1.241022 0.036713
1520530409.252887 1.241001 0.036717
1520530409.352902 1.241163 0.036700
1520530409.402904 1.241003 0.036717
1520530409.502907 1.241001 0.036718
1520530409.602910 1.240625 0.036716
1520530409.702913 1.241062 0.036717
1520530409.802656 1.241498 0.036713
1520530409.902659 1.241133 0.036715
1520530410.002662 1.241060 0.036719
1520530410.102666 1.241345 0.036711
1520530410.153223 1.241406 0.036708
1520530410.253226 1.241134 0.036699
1520530410.353231 1.241164 0.036720
1520530410.453232 1.241230 0.036685
1520530410.553235 1.241032 0.036705
1520530410.653876 1.241074 0.036717
1520530410.753879 1.241101 0.036715
1520530410.903884 1.241113 0.036719
1520530411.003418 1.241054 0.036719
1520530411.103421 1.241103 0.036715
1520530411.253426 1.241165 0.036706
1520530411.353429 1.241102 0.036720
1520530411.453010 1.241891 0.036717
1520530411.553013 1.241153 0.036716
1520530411.653017 1.240859 0.036713
1520530411.703018 1.241107 0.036702
1520530411.802907 1.241095 0.036724
1520530411.852907 1.241147 0.036713
1520530411.952910 1.240952 0.036719
1520530412.052913 1.241005 0.036722
1520530412.102915 1.240984 0.036721
1520530412.203416 1.241560 0.036708
1520530412.303419 1.241029 0.036719
1520530412.403422 1.241137 0.036724
1520530412.503425 1.241321 0.036719
1520530412.553426 1.241319 0.036724
1520530412.653630 1.241221 0.036724
1520530412.753633 1.241193 0.036724
1520530412.853636 1.241223 0.036716
1520530412.903637 1.241137 0.036720
1520530413.003641 1.241187 0.036724
1520530413.053009 1.240974 0.036718
1520530413.153012 1.240966 0.036718
1520530413.253016 1.241036 0.036718
1520530413.353019 1.241156 0.036722
1520530413.452940 1.241316 0.036717
1520530413.552943 1.241394 0.036719
1520530413.652946 1.241100 0.036709
1520530413.853107 1.241189 0.036662
1520530413.953110 1.241021 0.036701
1520530414.003112 1.240895 0.036679
1520530414.103115 1.240933 0.036714
1520530414.203118 1.241797 0.036719
1520530414.302896 1.241497 0.036705
1520530414.402899 1.241490 0.036709
1520530414.502902 1.241344 0.036718
1520530414.602906 1.241559 0.036698
1520530414.702707 1.242079 0.036581
1520530414.802710 1.241020 0.036716
1520530414.902714 1.240995 0.036713
1520530415.002717 1.241129 0.036720
1520530415.103195 1.240101 0.036682
1520530415.203199 1.241231 0.036678
1520530415.303202 1.241073 0.036703
1520530415.403205 1.241220 0.036722
1520530415.503115 1.241047 0.036718
1520530415.603071 1.241337 0.036721
1520530415.703074 1.241080 0.036720
1520530415.853079 1.240981 0.036696
1520530416.003364 1.241081 0.036691
1520530416.253372 1.241120 0.036721
1520530416.453380 1.241162 0.036704
1520530416.553383 1.241102 0.036716
1520530416.653386 1.241131 0.036703
1520530416.753274 1.241095 0.036708
1520530416.853277 1.240803 0.036714
1520530416.953280 1.241170 0.036718
1520530417.053283 1.241197 0.036705
1520530417.153371 1.241131 0.036714
1520530417.253374 1.241148 0.036715
1520530417.403379 1.241385 0.036714
1520530417.603465 1.241008 0.036714
1520530417.703468 1.241094 0.036716
1520530417.803472 1.241308 0.036712
1520530417.903475 1.241432 0.036661
1520530418.003458 1.241297 0.036695
1520530418.103461 1.241138 0.036714
1520530418.203465 1.241124 0.036687
1520530418.303468 1.240982 0.036692
1520530418.453434 1.241079 0.036721
1520530418.553437 1.241137 0.036709
1520530418.653440 1.241139 0.036715
1520530418.753343 1.241106 0.036701
1520530418.853346 1.241041 0.036711
1520530418.953350 1.240974 0.036708
1520530419.053353 1.240635 0.036672
1520530419.153533 1.240781 0.036701
1520530419.253536 1.240926 0.036706
1520530419.353539 1.241012 0.036701
1520530419.453542 1.240877 0.036717
1520530419.553545 1.241079 0.036709
1520530419.703733 1.241347 0.036691
1520530419.853738 1.241122 0.036713
1520530419.953740 1.241195 0.036708
1520530420.053599 1.241409 0.036694
1520530420.153602 1.241034 0.036713
1520530420.203604 1.241056 0.036705
1520530420.303607 1.240657 0.036707
1520530420.403699 1.241089 0.036714
1520530420.503702 1.240925 0.036711
1520530420.653707 1.241048 0.036719
1520530420.803356 1.241287 0.036620
1520530420.903359 1.241187 0.036694
1520530421.003363 1.240951 0.036633
1520530421.103366 1.240922 0.036668
1520530421.153367 1.241106 0.036663
1520530421.253431 1.241062 0.036712
1520530421.303432 1.240971 0.036711
1520530421.403435 1.241198 0.036712
1520530421.503439 1.241169 0.036710
1520530421.603611 1.241191 0.036719
1520530421.703614 1.241152 0.036717
1520530421.853618 1.241112 0.036718
1520530422.003623 1.241210 0.036711
1520530422.103474 1.241002 0.036717
1520530422.203477 1.241049 0.036710
1520530422.303480 1.240828 0.036716
1520530422.403483 1.240847 0.036713
1520530422.453395 1.240902 0.036687
1520530422.553398 1.240869 0.036713
1520530422.653400 1.241048 0.036715
1520530422.753403 1.240951 0.036702
1520530422.853580 1.241129 0.036718
1520530423.003587 1.241190 0.036720
1520530423.103590 1.241028 0.036719
1520530423.153591 1.240963 0.036719
1520530423.253316 1.240881 0.036711
1520530423.353319 1.240682 0.036711
1520530423.453322 1.240706 0.036708
1520530423.603327 1.241099 0.036716
1520530423.652983 1.241110 0.036709
1520530423.752986 1.241046 0.036709
1520530423.852990 1.240946 0.036714
1520530423.952993 1.240935 0.036714
1520530424.002994 1.241019 0.036716
1520530424.103253 1.241042 0.036718
1520530424.153255 1.240955 0.036719
1520530424.253258 1.240686 0.036718
1520530424.303260 1.240753 0.036712
1520530424.403263 1.240992 0.036713
1520530424.453264 1.240990 0.036720
1520530424.554724 1.241569 0.036720
1520530424.604726 1.241328 0.036722
1520530424.704729 1.241396 0.036718
1520530424.854733 1.241332 0.036714
1520530424.903374 1.241345 0.036710
1520530425.003378 1.241275 0.036718
1520530425.053379 1.241231 0.036709
1520530425.153383 1.240970 0.036701
1520530425.203384 1.240908 0.036711
1520530425.303732 1.241154 0.036721
1520530425.403735 1.240917 0.036717
1520530425.503738 1.241192 0.036710
1520530425.603741 1.241174 0.036721
1520530425.653743 1.241224 0.036716
1520530425.753677 1.241230 0.036709
1520530425.803679 1.241071 0.036707
1520530425.903682 1.241051 0.036718
1520530426.003685 1.241191 0.036718
1520530426.153475 1.241308 0.036722
1520530426.203477 1.241191 0.036720
1520530426.303480 1.241215 0.036716
1520530426.353481 1.240776 0.036718
1520530426.453484 1.240721 0.036718
1520530426.503486 1.240740 0.036713
1520530426.653554 1.241355 0.036720
1520530426.753558 1.241618 0.036718
1520530426.853560 1.241211 0.036709
1520530426.903562 1.241115 0.036718
1520530427.003600 1.240857 0.036713
1520530427.103603 1.241058 0.036701
1520530427.203606 1.240979 0.036709
1520530427.303609 1.240923 0.036710
1520530427.403594 1.240963 0.036701
1520530427.503597 1.241062 0.036709
1520530427.753678 1.240878 0.036709
1520530427.853681 1.240929 0.036671
1520530427.903683 1.241093 0.036647
1520530428.003686 1.240910 0.036698
1520530428.053687 1.240985 0.036678
1520530428.153535 1.241187 0.036681
1520530428.203537 1.241092 0.036704
1520530428.303540 1.241056 0.036716
1520530428.353542 1.241160 0.036717
1520530428.453544 1.241155 0.036680
1520530428.503546 1.240916 0.036707
1520530428.603452 1.240932 0.036713
1520530428.653454 1.240928 0.036715
1520530428.753457 1.240925 0.036719
1520530428.803458 1.240801 0.036718
1520530428.903461 1.240867 0.036718
1520530428.953463 1.240766 0.036719
1520530429.053445 1.241014 0.036717
1520530429.103447 1.241230 0.036719
1520530429.203450 1.241141 0.036719
1520530429.253451 1.240954 0.036719
1520530429.353455 1.240864 0.036718
1520530429.403551 1.241053 0.036717
1520530429.503555 1.241155 0.036719
1520530429.553556 1.241106 0.036719
1520530429.653559 1.241160 0.036720
1520530429.703560 1.241112 0.036713
1520530429.803622 1.241201 0.036719
1520530429.853626 1.241199 0.036686
1520530429.953626 1.241170 0.036719
1520530430.003663 1.241054 0.036719
1520530430.103631 1.241048 0.036721
1520530430.153632 1.241134 0.036718
1520530430.253346 1.240953 0.036708
1520530430.303347 1.241128 0.036720
1520530430.403350 1.241082 0.036718
1520530430.453352 1.241141 0.036715
1520530430.553355 1.241001 0.036718
1520530430.603527 1.240559 0.036711
1520530430.703530 1.241024 0.036717
1520530430.753532 1.241097 0.036718
1520530430.853534 1.241122 0.036711
1520530430.903536 1.241047 0.036718
1520530431.003696 1.241072 0.036719
1520530431.053698 1.240957 0.036720
1520530431.153701 1.241033 0.036720
1520530431.203703 1.241027 0.036716
1520530431.303706 1.240807 0.036712
1520530431.353708 1.240701 0.036716
1520530431.453562 1.240438 0.036714
1520530431.503564 1.240573 0.036715
1520530431.603567 1.240110 0.036705
1520530431.653568 1.240026 0.036701
1520530431.753571 1.240541 0.036719
1520530431.803573 1.241276 0.036715
1520530431.903526 1.241212 0.036717
1520530431.953527 1.240933 0.036707
1520530432.053530 1.241021 0.036720
1520530432.103532 1.240996 0.036715
1520530432.203536 1.241058 0.036718
1520530432.253696 1.241012 0.036713
1520530432.353700 1.241092 0.036718
1520530432.453702 1.241057 0.036713
1520530432.503704 1.241107 0.036714
1520530432.603708 1.241213 0.036719
1520530432.653548 1.241271 0.036719
1520530432.753551 1.241353 0.036713
1520530432.803553 1.241343 0.036715
1520530432.903556 1.241449 0.036711
1520530432.953557 1.241564 0.036717
1520530433.053690 1.241775 0.036716
1520530433.103691 1.241639 0.036719
1520530433.203694 1.241466 0.036718
1520530433.303697 1.241241 0.036718
1520530433.403700 1.241278 0.036719
1520530433.503793 1.241103 0.036719
1520530433.603796 1.241236 0.036718
1520530433.653798 1.241190 0.036714
1520530433.753801 1.241126 0.036720
1520530433.853804 1.240990 0.036720
1520530433.953632 1.240986 0.036715
1520530434.003634 1.240938 0.036714
1520530434.103637 1.240855 0.036716
1520530434.153638 1.240755 0.036718
1520530434.253642 1.240988 0.036721
1520530434.303478 1.241268 0.036713
1520530434.403481 1.241141 0.036719
1520530434.453483 1.240999 0.036718
1520530434.553486 1.241133 0.036718
1520530434.603488 1.241205 0.036717
1520530434.703655 1.240990 0.036717
1520530434.753658 1.241063 0.036719
1520530434.853723 1.241055 0.036714
1520530434.903661 1.241071 0.036720
1520530435.003664 1.241120 0.036715
1520530435.103796 1.240919 0.036715
1520530435.153798 1.240941 0.036720
1520530435.253801 1.241047 0.036720
1520530435.303802 1.241201 0.036721
1520530435.403806 1.241432 0.036703
1520530435.453807 1.241157 0.036716
1520530435.554088 1.241142 0.036716
1520530435.604089 1.241138 0.036711
1520530435.704092 1.241084 0.036717
1520530435.754094 1.241096 0.036719
1520530435.854097 1.241015 0.036714
1520530435.904099 1.241071 0.036712
1520530436.003837 1.241046 0.036717
1520530436.053838 1.241028 0.036717
1520530436.153841 1.241041 0.036720
1520530436.203843 1.241023 0.036718
1520530436.303846 1.240936 0.036719
1520530436.403957 1.241029 0.036720
1520530436.553962 1.241082 0.036719
1520530436.703966 1.241310 0.036720
1520530436.754031 1.240936 0.036716
1520530436.854034 1.240957 0.036714
1520530436.904035 1.241046 0.036703
1520530437.004039 1.241112 0.036711
1520530437.054040 1.241199 0.036717
1520530437.153533 1.241234 0.036707
1520530437.203536 1.241077 0.036717
1520530437.303539 1.241032 0.036703
1520530437.353539 1.241006 0.036710
1520530437.453545 1.241384 0.036719
1520530437.553870 1.241665 0.036701
1520530437.603872 1.241345 0.036672
1520530437.703875 1.241189 0.036719
1520530437.803878 1.240975 0.036711
1520530437.903881 1.241112 0.036718
1520530438.004481 1.241220 0.036718
1520530438.104484 1.241213 0.036721
1520530438.154486 1.241167 0.036719
1520530438.254489 1.241010 0.036718
1520530438.304490 1.241064 0.036712
1520530438.403621 1.241109 0.036704
1520530438.453623 1.240999 0.036718
1520530438.553626 1.240980 0.036715
1520530438.653629 1.241046 0.036709
1520530438.753632 1.241049 0.036715
1520530438.804389 1.241564 0.036706
1520530438.904392 1.241449 0.036711
1520530438.954395 1.241081 0.036716
1520530439.054398 1.241205 0.036718
1520530439.154401 1.240970 0.036717
1520530439.254655 1.241102 0.036717
1520530439.454661 1.241213 0.036720
1520530439.604177 1.241072 0.036719
1520530439.704263 1.241249 0.036704
1520530439.804183 1.241237 0.036717
1520530439.904186 1.241363 0.036717
1520530440.004099 1.241905 0.036703
1520530440.104102 1.241947 0.036714
1520530440.204106 1.242406 0.036696
1520530440.304109 1.242280 0.036706
1520530440.404112 1.242558 0.036693
1520530440.503979 1.242786 0.036697
1520530440.603982 1.243037 0.036702
1520530440.703986 1.242824 0.036707
1520530440.803989 1.242765 0.036714
1520530440.903872 1.242691 0.036718
1520530441.003875 1.242610 0.036715
1520530441.103878 1.242623 0.036709
1520530441.203881 1.242444 0.036716
1520530441.303927 1.241804 0.036719
1520530441.403893 1.241665 0.036718
1520530441.503896 1.241575 0.036715
1520530441.654083 1.241478 0.036715
1520530441.854089 1.243802 0.036718
1520530441.954092 1.241056 0.036682
1520530442.054030 1.240922 0.036700
1520530442.154034 1.240752 0.036702
1520530442.254038 1.240560 0.036698
1520530442.354040 1.240576 0.036707
1520530442.453714 1.240565 0.036701
1520530442.553717 1.240687 0.036697
1520530442.603719 1.240808 0.036705
1520530442.703722 1.241049 0.036710
1520530442.803725 1.241134 0.036710
1520530442.853726 1.240982 0.036703
1520530442.954377 1.240957 0.036710
1520530443.054381 1.241040 0.036703
1520530443.154384 1.241003 0.036708
1520530443.304466 1.240947 0.036716
1520530443.504473 1.240704 0.036719
1520530443.604476 1.241208 0.036715
1520530443.704013 1.241194 0.036684
1520530443.804016 1.241074 0.036715
1520530443.904020 1.241024 0.036711
1520530444.004023 1.241050 0.036720
1520530444.104403 1.241296 0.036708
1520530444.204406 1.241119 0.036705
1520530444.304409 1.241056 0.036713
1520530444.404412 1.241114 0.036679
1520530444.454413 1.240816 0.036674
1520530444.555263 1.240935 0.036709
1520530444.655166 1.240950 0.036717
1520530444.755169 1.240985 0.036718
1520530444.855172 1.240963 0.036707
1520530444.954962 1.240925 0.036720
1520530445.004964 1.240904 0.036708
1520530445.104967 1.240852 0.036713
1520530445.154968 1.240707 0.036713
1520530445.254971 1.240957 0.036713
1520530445.304973 1.241073 0.036713
1520530445.403894 1.241011 0.036718
1520530445.453896 1.241035 0.036711
1520530445.553899 1.241073 0.036720
1520530445.603900 1.240987 0.036717
1520530445.703904 1.240978 0.036710
1520530445.753751 1.241088 0.036707
1520530445.853755 1.241065 0.036720
1520530445.903755 1.241096 0.036720
1520530446.003758 1.241085 0.036711
1520530446.103761 1.240957 0.036718
1520530446.204900 1.241330 0.036710
1520530446.304903 1.241271 0.036722
1520530446.404906 1.241141 0.036721
1520530446.504909 1.241187 0.036713
1520530446.604785 1.241137 0.036721
1520530446.704788 1.241064 0.036720
1520530446.754789 1.240908 0.036716
1520530446.854792 1.241006 0.036709
1520530446.954330 1.241346 0.036699
1520530447.054334 1.241576 0.036645
1520530447.154337 1.241385 0.036703
1520530447.254340 1.241281 0.036719
1520530447.354343 1.241090 0.036713
1520530447.454125 1.241436 0.036713
1520530447.604130 1.241135 0.036704
1520530447.754142 1.240971 0.036718
1520530448.203885 1.241329 0.036718
1520530448.403891 1.241370 0.036714
