DelayedMarginalization 0.000943502 2.52392e-08 0.00158345 1406
DelayedMarginalizationOnly 0.000455553 1.68502e-08 0.000792218 1406
EF-marginalizeFrame 0.00133673 4.44392e-08 0.00217683 1406
FullSystem::trackNewCoarse 0.00229977 6.69534e-07 0.00780679 2672
FullSystem::trackNewCoarseNoIMU 0.00243498 4.90959e-05 0.0553738 100
FullSystemOptimize 0.0350317 5.09467e-05 0.0735806 1412
GraphUnrolling 0.0078229 8.25877e-05 0.02928 8
IMUInitAddPose 2.435e-05 2.69454e-11 0.000109904 1412
IMUInitOptimize 0.00439376 3.55773e-06 0.00632864 5
IMUIntegration::finishKeyframeOperations 6.18441e-05 1.78307e-10 0.000229806 1402
InitializerFirstFrame 0.0329187 -nan 0.0329187 1
InitializerOtherFrames 0.0607417 7.36867e-05 0.0806108 46
MainMarginalization 0.00117714 3.19685e-08 0.00191494 1406
MarginalizationReplacementBuildGraph 0.000638679 2.05335e-07 0.00152976 6
MarginalizationReplacementReplaceGraph 0.00996304 9.62045e-05 0.0294462 6
MarginalizeMainGraph 0.000487256 6.15487e-09 0.000878944 1406
PGBA 0.0166693 1.86819e-05 0.0197256 2
PGBAFull 0.0050054 7.77491e-05 0.0220162 8
PrepareGraphForMainOptimization 0.00788232 8.31923e-05 0.0294184 8
VisualMarginalization 3.82487e-05 5.32192e-11 7.4471e-05 1406
activatePointsMT 0.00301061 5.57287e-07 0.0077201 1412
addActiveFrame 0.0374488 0.000769433 0.119735 2819
addIMUData 0.000664105 2.14645e-08 0.0012428 2672
addIMUDataToBA 3.57786e-05 1.41305e-10 0.000129191 2818
addKeyframeToBA 3.42593e-05 9.46447e-11 0.000270484 1412
afterCoarseTracking 2.68741e-07 5.31845e-14 1.1169e-05 2772
baIteration 0.00525467 1.57617e-06 0.0289983 8421
baMatrixInversion 0.000223809 1.5303e-09 0.000594322 8421
baUpdateBuildHessians 0.000489989 6.96946e-09 0.00449545 8421
coarseTrackingIteration 0.00018241 4.23219e-09 0.00219642 28494
computeBAUpdate 0.000796787 1.44826e-08 0.0049662 8421
computeCoarseUpdate 9.57923e-05 6.4483e-10 0.0021527 25743
computeFactorForCoarseGraphAndMarginalCovariances 0.00291461 2.95249e-07 0.00911578 1402
convertHAndBFromDSO 0.000146789 3.14083e-09 0.000427199 14047
debugPlot 7.59455e-08 1.78798e-15 3.95e-07 1412
debugPlotIDepthMap 3.49071e-07 3.54711e-14 6.703e-06 1412
debugPlotIDepthMapFloat 7.95198e-08 2.47236e-15 1.543e-06 1412
deliverTrackedFrame 0.0318523 0.000752765 0.112946 2773
flagFramesForMarginalization 1.73698e-06 4.96842e-13 1.2328e-05 1412
fullCoarseTracking 0.00306716 2.54848e-06 0.0554717 2772
initObjectsAndMakeImage 0.00209358 6.13334e-08 0.00370772 2819
makeKeyframe 0.0579625 8.59578e-05 0.112942 1412
makeKeyframeChangeTrackingRef 0.00217464 1.51284e-07 0.00415153 1412
makeNewTraces 0.00539091 8.98942e-07 0.0140183 1412
makeNonKeyframe 0.00475938 2.67378e-06 0.00903338 1361
marginalizeAndRemovePoints 0.00253762 8.95307e-07 0.00639127 1412
marginalizeFrame 0.00219417 1.68503e-07 0.00431743 1406
marginalizeFrameOverhead 0.000855098 7.64684e-08 0.00214361 1406
marginalizeFrames 0.0021928 2.85526e-07 0.00597132 1412
newFrameAndNewResidualsForOldPoints 0.000929961 7.50281e-08 0.00171905 1412
printBiases 3.90912e-05 1.22198e-10 0.000108981 1412
printEigenValLine 1.10574e-07 2.06241e-15 1.654e-06 1412
printLogLine 1.64992e-07 6.20341e-14 9.339e-06 1412
publishInMakeKeyframe 1.99989e-07 7.05977e-15 1.621e-06 1412
removeOutliers 0.000143581 2.89453e-09 0.000471442 1412
swapTrackingRef 2.39635e-05 2.99024e-11 6.3467e-05 1412
timeMeasurement 9.1959e-07 2.08571e-13 1.309e-05 2819
traceNewCoarse 0.0039242 2.76113e-06 0.0100378 2773
updateBAValues 5.84067e-06 5.13776e-12 5.6196e-05 14105
zero 1.06208e-07 2.23682e-15 5.33e-07 2819
