DelayedMarginalization 0.000959475 2.74151e-08 0.00171497 1386
DelayedMarginalizationOnly 0.000463497 1.78686e-08 0.000951812 1386
EF-marginalizeFrame 0.00135131 4.10176e-08 0.00262718 1386
FullSystem::trackNewCoarse 0.00251576 7.02917e-07 0.0100437 2674
FullSystem::trackNewCoarseNoIMU 0.00138294 3.98695e-07 0.00725301 109
FullSystemOptimize 0.0378389 4.65493e-05 0.062581 1392
GraphUnrolling 0.00708102 6.31493e-05 0.0251144 9
IMUInitAddPose 2.35759e-05 9.10675e-12 6.1625e-05 1392
IMUInitOptimize 0.00328488 1.89246e-06 0.00483441 4
IMUIntegration::finishKeyframeOperations 5.80717e-05 2.57105e-10 0.000365342 1383
InitializerFirstFrame 0.0352889 -nan 0.0352889 1
InitializerOtherFrames 0.0592315 8.52566e-05 0.0786399 35
MainMarginalization 0.00119397 3.43217e-08 0.00225293 1386
MarginalizationReplacementBuildGraph 0.000729777 4.39111e-07 0.00206742 8
MarginalizationReplacementReplaceGraph 0.00886231 6.97427e-05 0.0252698 7
MarginalizeMainGraph 0.000495193 6.37165e-09 0.000773618 1386
PGBA 0.0100536 2.10164e-08 0.0101561 2
PGBAFull 0.00259129 2.2622e-05 0.0118882 10
PrepareGraphForMainOptimization 0.0071345 6.36013e-05 0.0252378 9
VisualMarginalization 3.97873e-05 6.31669e-11 8.7841e-05 1386
activatePointsMT 0.00334025 7.93231e-07 0.00963189 1392
addActiveFrame 0.0391016 0.00086693 0.0999128 2819
addIMUData 0.000665097 2.28436e-08 0.00223321 2674
addIMUDataToBA 3.56199e-05 1.43058e-10 0.000113743 2818
addKeyframeToBA 3.27993e-05 2.10989e-11 6.2812e-05 1392
afterCoarseTracking 2.46124e-07 4.87282e-15 1.137e-06 2783
baIteration 0.00581256 1.29601e-06 0.0107876 7993
baMatrixInversion 0.000224813 1.64742e-09 0.000629396 7993
baUpdateBuildHessians 0.000499334 5.87558e-09 0.00373559 7993
coarseTrackingIteration 0.00019935 4.16723e-09 0.00148585 28040
computeBAUpdate 0.00080726 1.32809e-08 0.00416945 7993
computeCoarseUpdate 9.5357e-05 5.22678e-10 0.00131899 26400
computeFactorForCoarseGraphAndMarginalCovariances 0.00301391 3.39596e-07 0.0058692 1383
convertHAndBFromDSO 0.00014772 3.2318e-09 0.000549738 13540
debugPlot 7.48829e-08 1.41252e-15 4e-07 1392
debugPlotIDepthMap 3.71119e-07 4.50899e-15 8.33e-07 1392
debugPlotIDepthMapFloat 7.89828e-08 1.15832e-15 3.74e-07 1392
deliverTrackedFrame 0.0335054 0.000858444 0.0948409 2784
flagFramesForMarginalization 1.55745e-06 2.56052e-13 1.1384e-05 1392
fullCoarseTracking 0.00322422 9.33677e-07 0.0127152 2783
initObjectsAndMakeImage 0.00207768 3.63922e-08 0.00385628 2819
makeKeyframe 0.0621551 7.15249e-05 0.0948383 1392
makeKeyframeChangeTrackingRef 0.00225398 1.55948e-07 0.00436599 1392
makeNewTraces 0.00537133 6.76471e-07 0.0105188 1392
makeNonKeyframe 0.00485164 2.87784e-06 0.00843723 1392
marginalizeAndRemovePoints 0.00304658 9.40773e-07 0.00699776 1392
marginalizeFrame 0.00238329 1.3481e-07 0.00447897 1386
marginalizeFrameOverhead 0.00102967 6.34103e-08 0.00217442 1386
marginalizeFrames 0.00238078 2.76254e-07 0.00505608 1392
newFrameAndNewResidualsForOldPoints 0.00101347 5.10342e-08 0.00185758 1392
printBiases 3.56978e-05 1.05921e-10 0.000116794 1392
printEigenValLine 1.19552e-07 4.87047e-14 6.345e-06 1392
printLogLine 2.46179e-07 3.25216e-14 6.504e-06 1392
publishInMakeKeyframe 1.84233e-07 4.16511e-14 7.313e-06 1392
removeOutliers 0.000171875 2.11891e-09 0.000532537 1392
swapTrackingRef 2.2096e-05 1.56442e-11 4.9258e-05 1392
timeMeasurement 7.50669e-07 2.45818e-13 1.2097e-05 2819
traceNewCoarse 0.00402507 2.82884e-06 0.00842594 2784
updateBAValues 5.7644e-06 3.53339e-12 5.1894e-05 13152
zero 9.85704e-08 6.87713e-16 4.8e-07 2819
