DelayedMarginalization 0.000966953 2.81208e-08 0.00153734 1388
DelayedMarginalizationOnly 0.000465737 1.80876e-08 0.000818523 1388
EF-marginalizeFrame 0.00136285 4.12131e-08 0.00227314 1388
FullSystem::trackNewCoarse 0.00249293 7.37306e-07 0.00793177 2673
FullSystem::trackNewCoarseNoIMU 0.00193218 3.53182e-05 0.0635725 110
FullSystemOptimize 0.0391392 5.25402e-05 0.065361 1394
GraphUnrolling 0.0111278 0.000139337 0.037651 9
IMUInitAddPose 2.39242e-05 6.24198e-11 0.000281638 1394
IMUInitOptimize 0.00330486 2.22614e-06 0.0052037 4
IMUIntegration::finishKeyframeOperations 6.19601e-05 3.18374e-10 0.000462453 1385
InitializerFirstFrame 0.0343704 -nan 0.0343704 1
InitializerOtherFrames 0.0573851 8.92069e-05 0.0780253 35
MainMarginalization 0.00120107 3.46091e-08 0.00190685 1388
MarginalizationReplacementBuildGraph 0.00106552 6.68518e-07 0.00248109 8
MarginalizationReplacementReplaceGraph 0.0140838 0.000144944 0.0378827 7
MarginalizeMainGraph 0.000500483 6.85034e-09 0.000961381 1388
PGBA 0.0134216 4.64957e-07 0.0139038 2
PGBAFull 0.00343307 3.90798e-05 0.0159557 10
PrepareGraphForMainOptimization 0.0112062 0.000140545 0.0378468 9
VisualMarginalization 3.95547e-05 7.12249e-11 0.000139332 1388
activatePointsMT 0.0033507 7.54995e-07 0.00797814 1394
addActiveFrame 0.0399332 0.000919968 0.11829 2819
addIMUData 0.000667282 2.23474e-08 0.00204812 2673
addIMUDataToBA 3.58324e-05 1.98888e-10 0.000301757 2818
addKeyframeToBA 3.42998e-05 2.76191e-11 8.9769e-05 1394
afterCoarseTracking 2.6963e-07 4.17927e-15 7.35e-07 2783
baIteration 0.00600787 1.46829e-06 0.0326835 8020
baMatrixInversion 0.000226639 1.90222e-09 0.000737787 8020
baUpdateBuildHessians 0.00050577 6.49773e-09 0.00281204 8020
coarseTrackingIteration 0.000196356 4.93696e-09 0.00387716 28360
computeBAUpdate 0.000817123 1.4702e-08 0.00312186 8020
computeCoarseUpdate 9.45605e-05 9.69693e-10 0.00370479 26092
computeFactorForCoarseGraphAndMarginalCovariances 0.00307351 4.67737e-07 0.00686285 1385
convertHAndBFromDSO 0.000148706 3.41552e-09 0.000542557 13575
debugPlot 7.91055e-08 1.87581e-15 4.75e-07 1394
debugPlotIDepthMap 3.88053e-07 6.4123e-15 8.42e-07 1394
debugPlotIDepthMapFloat 8.151e-08 1.02626e-15 3.63e-07 1394
deliverTrackedFrame 0.0343599 0.000911872 0.112268 2784
flagFramesForMarginalization 1.63023e-06 3.97088e-13 1.2561e-05 1394
fullCoarseTracking 0.00322681 2.25296e-06 0.0636332 2783
initObjectsAndMakeImage 0.00208603 3.85694e-08 0.00363615 2819
makeKeyframe 0.0637595 8.61558e-05 0.112265 1394
makeKeyframeChangeTrackingRef 0.00228336 2.15629e-07 0.00480012 1394
makeNewTraces 0.00538545 8.11654e-07 0.0109592 1394
makeNonKeyframe 0.00487164 2.91204e-06 0.00914022 1390
marginalizeAndRemovePoints 0.00309732 1.02273e-06 0.00806995 1394
marginalizeFrame 0.00242416 1.37145e-07 0.00390483 1388
marginalizeFrameOverhead 0.00105904 6.28456e-08 0.00185188 1388
marginalizeFrames 0.00242167 2.84822e-07 0.00468605 1394
newFrameAndNewResidualsForOldPoints 0.00102978 5.38906e-08 0.00179392 1394
printBiases 3.68443e-05 1.07053e-10 0.000103705 1394
printEigenValLine 1.12952e-07 5.22161e-16 3.41e-07 1394
printLogLine 1.56963e-07 1.96186e-15 4.45e-07 1394
publishInMakeKeyframe 2.22181e-07 5.70962e-15 7.53e-07 1394
removeOutliers 0.000175105 2.23767e-09 0.00054481 1394
swapTrackingRef 2.23731e-05 1.29639e-11 5.2239e-05 1394
timeMeasurement 7.95393e-07 4.96736e-13 1.2405e-05 2819
traceNewCoarse 0.00405026 2.85526e-06 0.00912782 2784
updateBAValues 5.94371e-06 3.87466e-12 4.9773e-05 13196
zero 9.40844e-08 7.61175e-16 1.19e-06 2819
