DelayedMarginalization 0.000952966 2.66324e-08 0.00144736 1389
DelayedMarginalizationOnly 0.00046143 1.73045e-08 0.000738423 1389
EF-marginalizeFrame 0.00136172 4.31188e-08 0.0023227 1389
FullSystem::trackNewCoarse 0.0025362 7.05584e-07 0.00862137 2673
FullSystem::trackNewCoarseNoIMU 0.00201454 3.75447e-05 0.0656084 110
FullSystemOptimize 0.0379239 4.75272e-05 0.0622711 1395
GraphUnrolling 0.0144255 0.000307397 0.0508435 14
IMUInitAddPose 2.48079e-05 2.16787e-11 9.9786e-05 1395
IMUInitOptimize 0.00366732 3.18693e-06 0.00605908 4
IMUIntegration::finishKeyframeOperations 6.04244e-05 1.50752e-10 0.000172126 1386
InitializerFirstFrame 0.0338501 -nan 0.0338501 1
InitializerOtherFrames 0.0594493 0.000135017 0.0871338 35
MainMarginalization 0.00118945 3.29662e-08 0.00186078 1389
MarginalizationReplacementBuildGraph 0.000924491 6.3037e-07 0.00252417 12
MarginalizationReplacementReplaceGraph 0.0167538 0.000328493 0.0510876 12
MarginalizeMainGraph 0.000490686 6.07846e-09 0.000778545 1389
PGBA 0.0127337 1.14271e-05 0.015124 2
PGBAFull 0.00238232 2.64224e-05 0.0167783 14
PrepareGraphForMainOptimization 0.0145116 0.000309477 0.0510582 14
VisualMarginalization 3.92756e-05 6.89555e-11 9.9458e-05 1389
activatePointsMT 0.00334425 7.43975e-07 0.00871213 1395
addActiveFrame 0.0395375 0.000878335 0.125379 2819
addIMUData 0.000681469 5.28447e-08 0.00969735 2673
addIMUDataToBA 3.6883e-05 3.94232e-10 0.000876943 2818
addKeyframeToBA 3.4471e-05 4.61451e-11 9.1454e-05 1395
afterCoarseTracking 2.89571e-07 6.99284e-14 9.944e-06 2783
baIteration 0.00580475 1.42876e-06 0.0158768 8040
baMatrixInversion 0.000225323 1.52877e-09 0.000645169 8040
baUpdateBuildHessians 0.000497409 4.836e-09 0.00212051 8040
coarseTrackingIteration 0.000197299 4.66794e-09 0.00099039 28718
computeBAUpdate 0.00080736 1.18788e-08 0.00235628 8040
computeCoarseUpdate 9.63171e-05 5.0979e-10 0.000706526 26306
computeFactorForCoarseGraphAndMarginalCovariances 0.00298895 3.15963e-07 0.0056077 1386
convertHAndBFromDSO 0.000148496 3.32303e-09 0.000955064 13599
debugPlot 7.63319e-08 1.80074e-15 4.75e-07 1395
debugPlotIDepthMap 3.5767e-07 4.18593e-14 7.284e-06 1395
debugPlotIDepthMapFloat 8.43921e-08 3.68034e-14 7.136e-06 1395
deliverTrackedFrame 0.033822 0.000868016 0.119755 2784
flagFramesForMarginalization 1.79963e-06 8.26524e-13 2.3919e-05 1395
fullCoarseTracking 0.00329036 2.34434e-06 0.0656695 2783
initObjectsAndMakeImage 0.00213309 6.33563e-08 0.00417074 2819
makeKeyframe 0.0625155 7.81777e-05 0.119752 1395
makeKeyframeChangeTrackingRef 0.00226942 1.72804e-07 0.00490669 1395
makeNewTraces 0.00535572 7.07209e-07 0.0109089 1395
makeNonKeyframe 0.00500031 3.06288e-06 0.0101868 1389
marginalizeAndRemovePoints 0.00307424 9.90083e-07 0.00919067 1395
marginalizeFrame 0.00242173 1.46702e-07 0.00524381 1389
marginalizeFrameOverhead 0.00105761 6.79358e-08 0.00291472 1389
marginalizeFrames 0.00241938 2.85695e-07 0.00526628 1395
newFrameAndNewResidualsForOldPoints 0.00103444 5.32578e-08 0.00172996 1395
printBiases 3.93028e-05 1.45284e-10 0.000253824 1395
printEigenValLine 1.13611e-07 3.13782e-14 6.684e-06 1395
printLogLine 1.68589e-07 2.69421e-15 5.77e-07 1395
publishInMakeKeyframe 2.12823e-07 3.47608e-14 6.586e-06 1395
removeOutliers 0.000175435 2.90723e-09 0.000559261 1395
swapTrackingRef 2.3814e-05 2.67014e-11 6.0984e-05 1395
timeMeasurement 8.35023e-07 4.23899e-13 1.2848e-05 2819
traceNewCoarse 0.00413785 3.04386e-06 0.0101698 2784
updateBAValues 6.08911e-06 7.44752e-12 0.000112071 13240
zero 1.14676e-07 1.84116e-14 6.851e-06 2819
