DelayedMarginalization 0.00136409 5.9259e-08 0.00334074 1347
DelayedMarginalizationOnly 0.000649011 3.56859e-08 0.000987564 1347
EF-marginalizeFrame 0.00195298 9.25238e-08 0.00397958 1347
FullSystem::trackNewCoarse 0.00421556 1.11756e-06 0.0111604 2671
FullSystem::trackNewCoarseNoIMU 0.00242254 3.49777e-05 0.0649766 114
FullSystemOptimize 0.051882 0.000107768 0.0942865 1353
GraphUnrolling 0.011289 0.000523957 0.0578869 6
IMUInitAddPose 2.79921e-05 1.46676e-11 6.3105e-05 1353
IMUInitOptimize 0.00220161 4.40119e-09 0.00224852 2
IMUIntegration::finishKeyframeOperations 7.39318e-05 2.03222e-10 0.000167982 1346
InitializerFirstFrame 0.0322837 -nan 0.0322837 1
InitializerOtherFrames 0.0554142 0.000105394 0.0762073 33
MainMarginalization 0.00169956 7.39575e-08 0.00369215 1347
MarginalizationReplacementBuildGraph 0.00140711 2.74078e-06 0.00368879 6
MarginalizationReplacementReplaceGraph 0.0136136 0.000622973 0.0581682 5
MarginalizeMainGraph 0.000714306 1.35206e-08 0.00260587 1347
PGBA 0.00839728 -nan 0.00839728 1
PGBAFull 0.00181931 9.99301e-06 0.00884407 7
PrepareGraphForMainOptimization 0.0113635 0.000527875 0.0581345 6
VisualMarginalization 5.2303e-05 4.56126e-11 9.6143e-05 1347
activatePointsMT 0.00430566 1.89826e-06 0.0128129 1353
addActiveFrame 0.0571402 0.00207876 0.169412 2819
addIMUData 0.000864638 5.88171e-08 0.00871436 2671
addIMUDataToBA 4.4492e-05 2.24863e-10 9.3027e-05 2818
addKeyframeToBA 3.9044e-05 2.6379e-11 6.4814e-05 1353
afterCoarseTracking 3.44639e-05 6.04259e-08 0.00393552 2785
baIteration 0.00831803 2.40205e-06 0.0166619 7413
baMatrixInversion 0.000324248 7.73525e-09 0.000940454 7413
baUpdateBuildHessians 0.000720018 2.03063e-08 0.00495582 7413
coarseTrackingIteration 0.000246628 8.67258e-09 0.00573213 32807
computeBAUpdate 0.00116535 6.17443e-08 0.00548206 7413
computeCoarseUpdate 0.000120634 2.07896e-09 0.0056623 30246
computeFactorForCoarseGraphAndMarginalCovariances 0.00539765 1.35341e-06 0.00994377 1346
convertHAndBFromDSO 0.000224645 9.25098e-09 0.000740353 12806
debugPlot 1.2985e-07 1.90791e-15 4.48e-07 1353
debugPlotIDepthMap 0.00491477 9.53718e-07 0.00851319 1353
debugPlotIDepthMapFloat 2.81642e-07 2.07073e-15 4.54e-07 1353
deliverTrackedFrame 0.0494587 0.00207049 0.162209 2786
flagFramesForMarginalization 1.90427e-06 2.03784e-13 3.795e-06 1353
fullCoarseTracking 0.00513463 3.03447e-06 0.0650301 2785
initObjectsAndMakeImage 0.00252364 1.0688e-07 0.00446291 2819
makeKeyframe 0.0937482 0.000253602 0.161113 1353
makeKeyframeChangeTrackingRef 0.00883584 2.85361e-06 0.0157967 1353
makeNewTraces 0.00768481 1.5724e-06 0.0166392 1353
makeNonKeyframe 0.00551722 4.16533e-06 0.0110975 1433
marginalizeAndRemovePoints 0.00550153 3.0267e-06 0.0133812 1353
marginalizeFrame 0.0037013 4.09629e-07 0.00759182 1347
marginalizeFrameOverhead 0.00174483 2.26839e-07 0.00540275 1347
marginalizeFrames 0.00369674 8.52326e-07 0.00772884 1353
newFrameAndNewResidualsForOldPoints 0.00124491 8.05251e-08 0.00258838 1353
printBiases 3.81047e-05 1.10189e-10 0.000125376 1353
printEigenValLine 1.37687e-07 6.42875e-16 2.41e-07 1353
printLogLine 2.19249e-07 1.85068e-15 6.67e-07 1353
publishInMakeKeyframe 0.000436882 5.13618e-08 0.00304556 1353
removeOutliers 0.000340768 7.86622e-09 0.000762775 1353
swapTrackingRef 2.67601e-05 2.76896e-11 0.000131591 1353
timeMeasurement 8.03038e-07 3.16905e-14 1.594e-06 2819
traceNewCoarse 0.00460061 3.87186e-06 0.0110785 2786
updateBAValues 8.2651e-06 5.62345e-12 2.8412e-05 12323
zero 1.18997e-07 3.08081e-16 2.52e-07 2819
