1520530315.599645 1.351025 0.389335
1520530315.699637 1.283049 0.274447
1520530315.799640 1.311789 0.244340
1520530315.899643 1.230765 0.196122
1520530316.100221 1.217659 0.213468
1520530316.250226 1.217802 0.198547
1520530316.400230 1.223190 0.180168
1520530316.600278 1.222840 0.170796
1520530316.800284 1.224730 0.168011
1520530316.949773 1.230620 0.162420
1520530316.999775 1.239906 0.160140
1520530317.149779 1.256829 0.148342
1520530317.349743 1.256455 0.122064
1520530317.549752 1.235263 0.106667
1520530317.699755 1.236328 0.101938
1520530317.800239 1.235001 0.099709
1520530317.950243 1.228275 0.097892
1520530318.100248 1.226861 0.101503
1520530318.200769 1.231082 0.101082
1520530318.350774 1.237478 0.099119
1520530318.500778 1.245839 0.096167
1520530318.650568 1.244765 0.092712
1520530318.850574 1.247886 0.088906
1520530318.999955 1.268660 0.087304
1520530319.099959 1.275963 0.079301
1520530319.249964 1.280602 0.073671
1520530319.399832 1.277825 0.068436
1520530319.549837 1.275828 0.064881
1520530319.699841 1.271989 0.063430
1520530319.800341 1.266490 0.063157
1520530319.900344 1.263537 0.063033
1520530320.000347 1.265633 0.061627
1520530320.100350 1.266613 0.059851
1520530320.200401 1.268130 0.058460
1520530320.350405 1.269142 0.057142
1520530320.500410 1.269606 0.056214
1520530320.599869 1.266562 0.055161
1520530320.649871 1.267991 0.054628
1520530320.799876 1.271196 0.052483
1520530320.949880 1.277032 0.050127
1520530321.099742 1.277912 0.048283
1520530321.199745 1.281805 0.047486
1520530321.299749 1.280430 0.046550
1520530321.449856 1.277592 0.045359
1520530321.599860 1.278136 0.044254
1520530321.699863 1.277917 0.043621
1520530321.850152 1.284269 0.043048
1520530322.000157 1.284199 0.041978
1520530322.150162 1.285009 0.041123
1520530322.350210 1.281688 0.040842
1520530322.550216 1.281565 0.040573
1520530322.700026 1.288588 0.040033
1520530322.850030 1.288186 0.039171
1520530323.050036 1.288052 0.038402
1520530323.200077 1.289251 0.038003
1520530323.350082 1.292100 0.037535
1520530323.450085 1.294241 0.036677
1520530323.550346 1.293592 0.034260
1520530323.700351 1.293144 0.033124
1520530323.850356 1.292197 0.032594
1520530323.950154 1.292086 0.032390
1520530324.100159 1.291895 0.032178
1520530324.250163 1.293381 0.031862
1520530324.349910 1.297044 0.031600
1520530324.449913 1.299455 0.031275
1520530324.549915 1.300170 0.031016
1520530324.700018 1.302327 0.030638
1520530324.850023 1.301709 0.030475
1520530325.000028 1.301263 0.030395
1520530325.100816 1.301705 0.030311
1520530325.300822 1.301705 0.029944
1520530325.500828 1.307397 0.029325
1520530325.700918 1.306117 0.028284
1520530325.850922 1.305885 0.027771
1520530326.000543 1.306258 0.027452
1520530326.150548 1.307252 0.027102
1520530326.300552 1.306338 0.026785
1520530326.400206 1.306649 0.026678
1520530326.600213 1.306253 0.026543
1520530326.800428 1.306131 0.026503
1520530327.000434 1.307926 0.025939
1520530327.150431 1.306618 0.025368
1520530327.300436 1.305524 0.025010
1520530327.450441 1.304175 0.024758
1520530327.550090 1.305222 0.024593
1520530327.650103 1.304956 0.024311
1520530327.750096 1.303755 0.024093
1520530327.850099 1.302458 0.023927
1520530327.950102 1.302000 0.023798
1520530328.050282 1.302255 0.023620
1520530328.150285 1.302277 0.023445
1520530328.300290 1.301716 0.023265
1520530328.350291 1.301150 0.023208
1520530328.450338 1.299991 0.023156
1520530328.500340 1.299306 0.023142
1520530328.600344 1.299619 0.023129
1520530328.700347 1.299393 0.023118
1520530328.800086 1.299760 0.023085
1520530328.900089 1.300326 0.023010
1520530329.050093 1.301176 0.022821
1520530329.150097 1.301186 0.022665
1520530329.200044 1.300962 0.022579
1520530329.300047 1.301691 0.022384
1520530329.400050 1.301605 0.022152
1520530329.550055 1.300502 0.021897
1520530329.650099 1.300783 0.021804
1520530329.750102 1.301226 0.021727
1520530329.850105 1.301596 0.021677
1520530329.950109 1.301385 0.021617
1520530330.050161 1.301938 0.021507
1520530330.150164 1.302520 0.021337
1520530330.250167 1.303439 0.021098
1520530330.300169 1.303756 0.020953
1520530330.400172 1.303642 0.020703
1520530330.500788 1.303211 0.020542
1520530330.600792 1.302875 0.020468
1520530330.650793 1.303208 0.020457
1520530330.750797 1.303429 0.020438
1520530330.800798 1.303058 0.020401
1520530330.900277 1.302003 0.020311
1520530331.000280 1.302394 0.020184
1520530331.100283 1.303371 0.020094
1520530331.200286 1.305080 0.020020
1520530331.300736 1.304966 0.019970
1520530331.400740 1.304885 0.019954
1520530331.450741 1.304524 0.019952
1520530331.550744 1.304742 0.019935
1520530331.600746 1.304435 0.019910
1520530331.700481 1.304283 0.019804
1520530331.750483 1.303696 0.019712
1520530331.850486 1.303654 0.019458
1520530331.900488 1.303846 0.019306
1520530332.000491 1.304602 0.019037
1520530332.100388 1.304384 0.018809
1520530332.200392 1.304391 0.018641
1520530332.300399 1.303959 0.018525
1520530332.400401 1.303709 0.018472
1520530332.500483 1.303324 0.018450
1520530332.600486 1.302949 0.018447
1520530332.650488 1.303302 0.018442
1520530332.750491 1.303801 0.018405
1520530332.850494 1.304463 0.018334
1520530332.950166 1.305145 0.018254
1520530333.050169 1.304866 0.018197
1520530333.150173 1.305092 0.018164
1520530333.250175 1.305589 0.018128
1520530333.350610 1.306421 0.018076
1520530333.400612 1.306899 0.018048
1520530333.500615 1.307250 0.018006
1520530333.650619 1.306563 0.017989
1520530333.750542 1.305693 0.017986
1520530333.800544 1.305603 0.017982
1520530333.900547 1.305616 0.017975
1520530333.950549 1.305684 0.017966
1520530334.050551 1.306088 0.017916
1520530334.150218 1.306425 0.017780
1520530334.250221 1.307026 0.017675
1520530334.300222 1.306609 0.017620
1520530334.400225 1.306838 0.017533
1520530334.500228 1.307154 0.017466
1520530334.600088 1.306971 0.017415
1520530334.700091 1.307186 0.017378
1520530334.800094 1.306986 0.017335
1520530334.900097 1.307042 0.017299
1520530334.950928 1.307007 0.017276
1520530335.050931 1.305923 0.017239
1520530335.150934 1.305897 0.017230
1520530335.250937 1.305925 0.017216
1520530335.351457 1.306154 0.017210
1520530335.451459 1.305894 0.017204
1520530335.551462 1.305655 0.017192
1520530335.651465 1.305654 0.017182
1520530335.750223 1.305913 0.017176
1520530335.850226 1.306398 0.017165
1520530335.950229 1.306856 0.017143
1520530336.000230 1.306992 0.017126
1520530336.100233 1.306877 0.017096
1520530336.200179 1.306683 0.017067
1520530336.300182 1.306968 0.017005
1520530336.400185 1.307346 0.016948
1520530336.500188 1.307675 0.016860
1520530336.600584 1.307777 0.016782
1520530336.700586 1.308296 0.016730
1520530336.800590 1.308525 0.016692
1520530336.900594 1.308651 0.016667
1520530337.000258 1.308735 0.016654
1520530337.050259 1.308967 0.016635
1520530337.150262 1.309253 0.016596
1520530337.250265 1.309511 0.016567
1520530337.350269 1.310069 0.016551
1520530337.450303 1.310195 0.016535
1520530337.550306 1.310224 0.016531
1520530337.650309 1.310870 0.016501
1520530337.750312 1.311493 0.016438
1520530337.850855 1.312391 0.016357
1520530337.950858 1.313051 0.016271
1520530338.050862 1.312875 0.016203
1520530338.150864 1.312711 0.016159
1520530338.250473 1.312280 0.016117
1520530338.350476 1.312019 0.016102
1520530338.450479 1.311758 0.016083
1520530338.550482 1.311700 0.016068
1520530338.650261 1.311683 0.016049
1520530338.750266 1.311714 0.016030
1520530338.850267 1.311620 0.015996
1520530338.950270 1.311527 0.015973
1520530339.050959 1.311147 0.015945
1520530339.150962 1.311519 0.015928
1520530339.250965 1.311707 0.015905
1520530339.350968 1.311170 0.015896
1520530339.451687 1.310955 0.015891
1520530339.551690 1.310674 0.015886
1520530339.651693 1.310507 0.015877
1520530339.751697 1.310484 0.015861
1520530339.801698 1.310762 0.015853
1520530339.901057 1.311260 0.015837
1520530340.001061 1.311626 0.015813
1520530340.101063 1.311871 0.015797
1520530340.201067 1.312472 0.015777
1520530340.250395 1.312600 0.015764
1520530340.350399 1.312642 0.015734
1520530340.450401 1.312695 0.015700
1520530340.550404 1.312879 0.015672
1520530340.650347 1.312951 0.015644
1520530340.750350 1.312782 0.015632
1520530340.900354 1.313038 0.015620
1520530341.050774 1.313298 0.015614
1520530341.300782 1.313694 0.015594
1520530341.500713 1.313521 0.015588
1520530341.700719 1.313665 0.015582
1520530341.900542 1.313891 0.015563
1520530342.050546 1.313796 0.015549
1520530342.200551 1.313566 0.015524
1520530342.300673 1.313846 0.015500
1520530342.450678 1.314354 0.015480
1520530342.600683 1.314308 0.015449
1520530342.700643 1.314457 0.015423
1520530342.800646 1.314791 0.015386
1520530342.900649 1.314910 0.015344
1520530343.000653 1.314998 0.015280
1520530343.101131 1.315262 0.015207
1520530343.201134 1.315749 0.015128
1520530343.301138 1.315709 0.015019
1520530343.401141 1.315881 0.014926
1520530343.451144 1.315963 0.014870
1520530343.551476 1.315787 0.014754
1520530343.651407 1.316249 0.014640
1520530343.751410 1.316389 0.014497
1520530343.851414 1.316161 0.014355
1520530343.901416 1.316352 0.014301
1520530344.001403 1.316319 0.014162
1520530344.101406 1.316312 0.014016
1520530344.201410 1.316343 0.013877
1520530344.301413 1.316595 0.013752
1520530344.401411 1.316758 0.013640
1520530344.501414 1.316552 0.013523
1520530344.601418 1.316574 0.013421
1520530344.701421 1.316703 0.013314
1520530344.801638 1.316482 0.013236
1520530344.901641 1.316769 0.013161
1520530345.001644 1.316861 0.013085
1520530345.101647 1.317011 0.013021
1520530345.201744 1.317271 0.012966
1520530345.301746 1.317434 0.012907
1520530345.401749 1.317381 0.012852
1520530345.501752 1.317450 0.012814
1520530345.601196 1.317470 0.012777
1520530345.701199 1.317384 0.012742
1520530345.751201 1.317025 0.012726
1520530345.851204 1.316556 0.012697
1520530345.951161 1.316458 0.012673
1520530346.001475 1.316453 0.012662
1520530346.101479 1.316557 0.012636
1520530346.201481 1.316797 0.012618
1520530346.301485 1.316992 0.012597
1520530346.351486 1.317196 0.012593
1520530346.451378 1.317031 0.012578
1520530346.551380 1.316643 0.012568
1520530346.651383 1.316467 0.012555
1520530346.751386 1.316351 0.012544
1520530346.851546 1.316456 0.012536
1520530346.951549 1.316678 0.012527
1520530347.001551 1.316493 0.012522
1520530347.101554 1.316518 0.012518
1520530347.201400 1.316628 0.012511
1520530347.301403 1.316867 0.012505
1520530347.401407 1.316972 0.012500
1520530347.451408 1.316834 0.012496
1520530347.551411 1.316664 0.012492
1520530347.651220 1.316447 0.012489
1520530347.751223 1.316273 0.012487
1520530347.851226 1.316414 0.012483
1520530347.951229 1.316513 0.012479
1520530348.051164 1.316531 0.012475
1520530348.151168 1.316464 0.012474
1520530348.251170 1.316482 0.012472
1520530348.351173 1.316478 0.012471
1520530348.451416 1.316626 0.012468
1520530348.551419 1.316631 0.012467
1520530348.651423 1.316615 0.012465
1520530348.701425 1.316527 0.012466
1520530348.801428 1.316535 0.012466
1520530348.851315 1.316512 0.012464
1520530348.951318 1.316485 0.012464
1520530349.001320 1.316489 0.012463
1520530349.101323 1.316603 0.012463
1520530349.201326 1.316664 0.012462
1520530349.301107 1.316675 0.012461
1520530349.351109 1.316854 0.012460
1520530349.451112 1.316717 0.012462
1520530349.501114 1.316625 0.012461
1520530349.601117 1.316678 0.012460
1520530349.700937 1.316771 0.012461
1520530349.800940 1.316842 0.012460
1520530349.900986 1.316779 0.012460
1520530350.000946 1.316820 0.012458
1520530350.051376 1.316818 0.012458
1520530350.151379 1.316774 0.012458
1520530350.201381 1.316740 0.012458
1520530350.301384 1.316776 0.012457
1520530350.351387 1.316779 0.012457
1520530350.451515 1.316846 0.012456
1520530350.551518 1.316858 0.012455
1520530350.601520 1.316890 0.012455
1520530350.701523 1.316945 0.012454
1520530350.801526 1.316941 0.012453
1520530350.901571 1.316924 0.012452
1520530351.001574 1.316923 0.012451
1520530351.101578 1.316939 0.012450
1520530351.201581 1.316965 0.012449
1520530351.301683 1.317068 0.012448
1520530351.401685 1.317050 0.012447
1520530351.501759 1.317057 0.012446
1520530351.601688 1.317112 0.012445
1520530351.701695 1.317133 0.012443
1520530351.801698 1.317236 0.012442
1520530351.901701 1.317119 0.012441
1520530352.001704 1.317035 0.012442
1520530352.101805 1.316988 0.012440
1520530352.201808 1.317005 0.012439
1520530352.301811 1.317060 0.012438
1520530352.401814 1.317051 0.012438
1520530352.501469 1.316984 0.012437
1520530352.601472 1.317052 0.012437
1520530352.701475 1.317001 0.012436
1520530352.801478 1.317074 0.012435
1520530352.901098 1.317127 0.012430
1520530353.001101 1.316938 0.012435
1520530353.101208 1.316929 0.012432
1520530353.201107 1.316878 0.012432
1520530353.301110 1.316822 0.012433
1520530353.351398 1.316762 0.012432
1520530353.451401 1.316760 0.012431
1520530353.501402 1.316961 0.012430
1520530353.601405 1.317003 0.012431
1520530353.701408 1.317344 0.012427
1520530353.801738 1.317082 0.012429
1520530353.901741 1.316860 0.012427
1520530354.001744 1.316626 0.012428
1520530354.101747 1.316650 0.012428
1520530354.201897 1.316836 0.012427
1520530354.301900 1.316789 0.012427
1520530354.351902 1.316548 0.012425
1520530354.451905 1.316668 0.012426
1520530354.551594 1.316746 0.012425
1520530354.651595 1.316753 0.012426
1520530354.701596 1.316811 0.012425
1520530354.801599 1.316889 0.012425
1520530354.951359 1.316898 0.012423
1520530355.051362 1.316775 0.012423
1520530355.151365 1.316708 0.012422
1520530355.251368 1.316771 0.012422
1520530355.351371 1.316744 0.012422
1520530355.451408 1.316702 0.012422
1520530355.551411 1.316718 0.012421
1520530355.651416 1.316765 0.012420
1520530355.751418 1.316818 0.012419
1520530355.851533 1.316842 0.012420
1520530355.951536 1.316889 0.012420
1520530356.051539 1.316711 0.012420
1520530356.151542 1.316702 0.012420
1520530356.251380 1.316689 0.012420
1520530356.301379 1.316770 0.012419
1520530356.401382 1.316946 0.012419
1520530356.501385 1.316886 0.012418
1520530356.601233 1.316788 0.012419
1520530356.651234 1.316751 0.012419
1520530356.751237 1.316826 0.012419
1520530356.801239 1.316824 0.012418
1520530356.901242 1.316912 0.012418
1520530357.001153 1.316944 0.012418
1520530357.101156 1.316978 0.012418
1520530357.151157 1.316941 0.012418
1520530357.251160 1.316926 0.012418
1520530357.301162 1.316952 0.012417
1520530357.401658 1.316934 0.012418
1520530357.451660 1.316958 0.012417
1520530357.551663 1.316922 0.012417
1520530357.601666 1.316901 0.012417
1520530357.701667 1.316887 0.012417
1520530357.801671 1.316927 0.012417
1520530357.901559 1.316922 0.012417
1520530357.951560 1.316981 0.012417
1520530358.051563 1.317013 0.012417
1520530358.151567 1.316999 0.012416
1520530358.251625 1.316980 0.012416
1520530358.351628 1.317008 0.012416
1520530358.451631 1.317038 0.012415
1520530358.551634 1.317018 0.012416
1520530358.651798 1.317037 0.012415
1520530358.751801 1.317090 0.012415
1520530358.851805 1.317074 0.012414
1520530358.951808 1.317118 0.012414
1520530359.051806 1.317042 0.012414
1520530359.151809 1.317146 0.012414
1520530359.251812 1.317115 0.012414
1520530359.351815 1.317124 0.012413
1520530359.451919 1.317149 0.012413
1520530359.551871 1.317156 0.012413
1520530359.651874 1.317125 0.012413
1520530359.751878 1.317107 0.012413
1520530359.851881 1.317086 0.012413
1520530359.951828 1.317154 0.012413
1520530360.051831 1.317176 0.012413
1520530360.151834 1.317303 0.012412
1520530360.251837 1.317309 0.012412
1520530360.301316 1.317370 0.012410
1520530360.401319 1.317248 0.012412
1520530360.501323 1.317414 0.012412
1520530360.601326 1.317395 0.012411
1520530360.700978 1.317474 0.012411
1520530360.750980 1.317359 0.012411
1520530360.850983 1.317547 0.012409
1520530360.950988 1.317603 0.012411
1520530361.051064 1.317984 0.012408
1520530361.151045 1.317792 0.012410
1520530361.251048 1.317685 0.012409
1520530361.351051 1.317533 0.012411
1520530361.451055 1.317489 0.012410
1520530361.551692 1.317460 0.012410
1520530361.651695 1.317368 0.012406
1520530361.701696 1.317365 0.012408
1520530361.801700 1.317441 0.012410
1520530361.851701 1.317472 0.012410
1520530361.951941 1.317509 0.012410
1520530362.001942 1.317560 0.012410
1520530362.101945 1.317776 0.012409
1520530362.201949 1.317564 0.012409
1520530362.301951 1.317617 0.012409
1520530362.401625 1.317721 0.012409
1520530362.501628 1.317868 0.012409
1520530362.601631 1.317960 0.012408
1520530362.701634 1.318094 0.012407
1520530362.801366 1.317989 0.012405
1520530362.901369 1.317945 0.012406
1520530363.001372 1.317916 0.012407
1520530363.101375 1.317902 0.012407
1520530363.201651 1.317904 0.012405
1520530363.301654 1.317875 0.012406
1520530363.401658 1.317902 0.012406
1520530363.501661 1.317994 0.012406
1520530363.551745 1.318036 0.012405
1520530363.651748 1.318046 0.012406
1520530363.751751 1.318114 0.012406
1520530363.801753 1.317968 0.012404
1520530363.901756 1.318090 0.012405
1520530363.951780 1.318057 0.012405
1520530364.051784 1.317922 0.012404
1520530364.101785 1.317913 0.012397
1520530364.201788 1.318026 0.012399
1520530364.251789 1.318028 0.012401
1520530364.351792 1.317912 0.012404
1520530364.401853 1.317928 0.012404
1520530364.501856 1.318188 0.012400
1520530364.551858 1.318001 0.012404
1520530364.651861 1.317950 0.012404
1520530364.751864 1.317934 0.012405
1520530364.852377 1.317991 0.012405
1520530364.952380 1.317949 0.012404
1520530365.052383 1.317926 0.012404
1520530365.201844 1.318054 0.012405
1520530365.301847 1.318026 0.012404
1520530365.401850 1.318054 0.012405
1520530365.501853 1.318043 0.012404
1520530365.551855 1.318033 0.012403
1520530365.651537 1.318018 0.012403
1520530365.751540 1.318103 0.012403
1520530365.851543 1.318062 0.012403
1520530365.951546 1.318020 0.012403
1520530366.051908 1.317998 0.012403
1520530366.101910 1.318065 0.012402
1520530366.201913 1.318035 0.012403
1520530366.251915 1.318031 0.012403
1520530366.351918 1.318029 0.012402
1520530366.402120 1.318015 0.012402
1520530366.502124 1.318040 0.012403
1520530366.602127 1.318072 0.012402
1520530366.702130 1.318123 0.012402
1520530366.802133 1.318181 0.012402
1520530366.852166 1.318176 0.012402
1520530366.952169 1.318155 0.012402
1520530367.052172 1.318103 0.012402
1520530367.152175 1.318108 0.012402
1520530367.202177 1.318131 0.012402
1520530367.302541 1.318151 0.012402
1520530367.402544 1.318083 0.012402
1520530367.502548 1.318039 0.012402
1520530367.602551 1.318009 0.012402
1520530367.702266 1.318049 0.012402
1520530367.802269 1.318075 0.012402
1520530367.902272 1.318111 0.012402
1520530368.002275 1.318156 0.012400
1520530368.102125 1.318088 0.012400
1520530368.202129 1.318040 0.012401
1520530368.302132 1.318064 0.012401
1520530368.402135 1.318084 0.012401
1520530368.502050 1.318085 0.012401
1520530368.552051 1.317994 0.012401
1520530368.652054 1.317980 0.012400
1520530368.702056 1.318083 0.012401
1520530368.802058 1.318190 0.012400
1520530368.901391 1.318240 0.012399
1520530368.951392 1.318039 0.012398
1520530369.051395 1.317990 0.012401
1520530369.101397 1.318029 0.012400
1520530369.201400 1.317867 0.012400
1520530369.251401 1.317958 0.012400
1520530369.351538 1.318035 0.012401
1520530369.451542 1.318159 0.012401
1520530369.551545 1.318189 0.012401
1520530369.601546 1.318161 0.012401
1520530369.701896 1.318138 0.012400
1520530369.801900 1.318125 0.012400
1520530369.901903 1.318163 0.012401
1520530370.001906 1.318038 0.012400
1520530370.151931 1.318072 0.012400
1520530370.301935 1.318092 0.012400
1520530370.501883 1.318184 0.012400
1520530370.701889 1.318194 0.012400
1520530370.901941 1.318112 0.012397
1520530371.051946 1.318105 0.012399
1520530371.151949 1.318102 0.012400
1520530371.301953 1.318083 0.012400
1520530371.401953 1.318039 0.012399
1520530371.501956 1.318107 0.012399
1520530371.701962 1.318090 0.012400
1520530371.801961 1.318032 0.012399
1520530371.851963 1.318002 0.012399
1520530371.951966 1.317940 0.012399
1520530372.051969 1.317871 0.012397
1520530372.151955 1.318000 0.012396
1520530372.301960 1.318056 0.012399
1520530372.451964 1.318080 0.012400
1520530372.601958 1.318036 0.012400
1520530372.701961 1.318028 0.012399
1520530372.801964 1.318011 0.012399
1520530372.901967 1.317989 0.012399
1520530373.001619 1.317973 0.012400
1520530373.201626 1.318038 0.012400
1520530373.301629 1.317935 0.012399
1520530373.401458 1.317892 0.012399
1520530373.451460 1.317864 0.012399
1520530373.551463 1.317769 0.012399
1520530373.601465 1.317827 0.012399
1520530373.701467 1.317823 0.012399
1520530373.801615 1.317943 0.012399
1520530373.901585 1.317808 0.012398
1520530374.001588 1.317892 0.012399
1520530374.101591 1.317894 0.012399
1520530374.151592 1.317899 0.012399
1520530374.251955 1.317935 0.012399
1520530374.351958 1.317951 0.012399
1520530374.451961 1.317998 0.012399
1520530374.602407 1.318053 0.012399
1520530374.752412 1.317993 0.012399
1520530374.852415 1.318011 0.012399
1520530374.952418 1.318015 0.012398
1520530375.052444 1.318227 0.012398
1520530375.152447 1.318167 0.012398
1520530375.252454 1.318004 0.012399
1520530375.352453 1.317886 0.012398
1520530375.452214 1.317951 0.012398
1520530375.552217 1.317981 0.012399
1520530375.652220 1.318246 0.012397
1520530375.752223 1.318097 0.012398
1520530375.802225 1.317957 0.012399
1520530375.902259 1.317929 0.012399
1520530376.002262 1.317795 0.012399
1520530376.102265 1.317913 0.012397
1520530376.202270 1.317979 0.012399
1520530376.251950 1.317992 0.012398
1520530376.351954 1.317954 0.012398
1520530376.451957 1.318008 0.012399
1520530376.551960 1.318040 0.012399
1520530376.601961 1.318058 0.012398
1520530376.702664 1.318071 0.012399
1520530376.752666 1.318063 0.012399
1520530376.852669 1.318056 0.012399
1520530376.902671 1.318052 0.012399
1520530377.002721 1.318013 0.012399
1520530377.102900 1.317916 0.012398
1520530377.202903 1.318131 0.012396
1520530377.302906 1.318038 0.012399
1520530377.352906 1.318048 0.012398
1520530377.451719 1.318021 0.012396
1520530377.551722 1.318082 0.012396
1520530377.651725 1.318038 0.012399
1520530377.751728 1.318052 0.012399
1520530377.851407 1.318095 0.012399
1520530377.901409 1.318085 0.012397
1520530378.001412 1.318105 0.012398
1520530378.101416 1.318102 0.012399
1520530378.151417 1.318151 0.012398
1520530378.251420 1.318152 0.012399
1520530378.301511 1.318074 0.012398
1520530378.401515 1.318093 0.012398
1520530378.451516 1.318069 0.012397
1520530378.551519 1.318075 0.012397
1520530378.601571 1.318074 0.012398
1520530378.702209 1.318125 0.012398
1520530378.752210 1.318282 0.012397
1520530378.852213 1.318094 0.012397
1520530378.952216 1.318088 0.012398
1520530379.052220 1.318049 0.012398
1520530379.152151 1.318030 0.012398
1520530379.252154 1.318027 0.012398
1520530379.352157 1.318020 0.012398
1520530379.452160 1.318048 0.012399
1520530379.551852 1.318053 0.012398
1520530379.651855 1.317975 0.012398
1520530379.751858 1.318010 0.012398
1520530379.851861 1.317984 0.012398
1520530379.951826 1.318016 0.012398
1520530380.051829 1.318070 0.012398
1520530380.101830 1.318040 0.012398
1520530380.201888 1.318187 0.012398
1520530380.301736 1.318110 0.012398
1520530380.352160 1.317943 0.012397
1520530380.452163 1.318084 0.012397
1520530380.552166 1.318159 0.012397
1520530380.602168 1.318143 0.012398
1520530380.702171 1.318159 0.012398
1520530380.802136 1.318172 0.012398
1520530380.852138 1.318025 0.012398
1520530380.952141 1.318089 0.012398
1520530381.002143 1.318049 0.012398
1520530381.102146 1.318084 0.012398
1520530381.152048 1.318057 0.012397
1520530381.252051 1.318069 0.012397
1520530381.352054 1.317989 0.012397
1520530381.452057 1.317951 0.012398
1520530381.552262 1.317935 0.012398
1520530381.652265 1.317973 0.012398
1520530381.752268 1.317982 0.012398
1520530381.852271 1.318043 0.012398
1520530381.952332 1.318066 0.012398
1520530382.052335 1.318069 0.012398
1520530382.152338 1.318019 0.012398
1520530382.252342 1.318027 0.012398
1520530382.352159 1.318009 0.012398
1520530382.452162 1.318025 0.012398
1520530382.552165 1.318037 0.012397
1520530382.652168 1.318009 0.012398
1520530382.752171 1.318061 0.012398
1520530382.902248 1.318005 0.012398
1520530383.052252 1.317987 0.012398
1520530383.202206 1.318055 0.012398
1520530383.302209 1.318015 0.012397
1520530383.402267 1.318011 0.012398
1520530383.502216 1.318017 0.012398
1520530383.602472 1.317988 0.012398
1520530383.702475 1.318014 0.012398
1520530383.802478 1.318092 0.012397
1520530383.902481 1.318101 0.012398
1520530384.002530 1.318217 0.012398
1520530384.102533 1.318568 0.012398
1520530384.202536 1.319015 0.012398
1520530384.252537 1.318805 0.012397
1520530384.352541 1.318700 0.012396
1520530384.452434 1.318241 0.012396
1520530384.552437 1.318101 0.012397
1520530384.652440 1.318104 0.012397
1520530384.702442 1.318308 0.012396
1520530384.802857 1.318322 0.012398
1520530384.852858 1.318211 0.012396
1520530384.952861 1.318175 0.012397
1520530385.002916 1.318172 0.012397
1520530385.102866 1.318064 0.012398
1520530385.152867 1.318004 0.012398
1520530385.252705 1.318056 0.012398
1520530385.302707 1.318071 0.012398
1520530385.402710 1.318128 0.012397
1520530385.452712 1.318160 0.012397
1520530385.552715 1.318095 0.012397
1520530385.602716 1.318231 0.012397
1520530385.702487 1.318144 0.012397
1520530385.752489 1.318115 0.012397
1520530385.852492 1.318108 0.012398
1520530385.902494 1.318111 0.012398
1520530386.002497 1.318103 0.012397
1520530386.102546 1.318021 0.012397
1520530386.202549 1.318058 0.012397
1520530386.302552 1.318111 0.012397
1520530386.402554 1.318117 0.012397
1520530386.502760 1.318137 0.012398
1520530386.602814 1.318161 0.012398
1520530386.702766 1.318115 0.012398
1520530386.802769 1.318086 0.012398
1520530386.902676 1.318053 0.012397
1520530387.002679 1.317999 0.012398
1520530387.102682 1.317991 0.012398
1520530387.152684 1.317959 0.012397
1520530387.252606 1.318026 0.012397
1520530387.352609 1.318099 0.012397
1520530387.452612 1.318108 0.012397
1520530387.502614 1.318146 0.012398
1520530387.602617 1.318181 0.012397
1520530387.652619 1.318208 0.012396
1520530387.752459 1.318172 0.012397
1520530387.802460 1.318089 0.012398
1520530387.902463 1.318033 0.012397
1520530387.952465 1.318056 0.012397
1520530388.052468 1.318082 0.012397
1520530388.102494 1.318063 0.012397
1520530388.202544 1.318032 0.012397
1520530388.252499 1.318041 0.012398
1520530388.352502 1.318031 0.012398
1520530388.452505 1.318058 0.012398
1520530388.552854 1.318070 0.012398
1520530388.602855 1.318038 0.012398
1520530388.702858 1.318062 0.012398
1520530388.802861 1.318256 0.012398
1520530388.902233 1.318109 0.012398
1520530389.002237 1.318057 0.012398
1520530389.102240 1.318042 0.012398
1520530389.202243 1.318032 0.012397
1520530389.302934 1.318092 0.012396
1520530389.352936 1.318051 0.012397
1520530389.452939 1.318085 0.012398
1520530389.552942 1.318186 0.012398
1520530389.602943 1.318263 0.012395
1520530389.702846 1.318223 0.012397
1520530389.803445 1.318253 0.012396
1520530389.853406 1.318243 0.012394
1520530389.953409 1.318184 0.012396
1520530390.003411 1.318050 0.012396
1520530390.103414 1.318060 0.012398
1520530390.152569 1.318140 0.012397
1520530390.252572 1.318028 0.012396
1520530390.302572 1.318103 0.012398
1520530390.402575 1.318106 0.012398
1520530390.452578 1.318075 0.012397
1520530390.553324 1.318230 0.012398
1520530390.603326 1.318111 0.012398
1520530390.703329 1.318143 0.012399
1520530390.753331 1.318080 0.012398
1520530390.853334 1.318049 0.012398
1520530390.953379 1.318073 0.012398
1520530391.003381 1.318069 0.012398
1520530391.103384 1.318056 0.012398
1520530391.203387 1.318034 0.012398
1520530391.303389 1.318154 0.012398
1520530391.352333 1.318168 0.012397
1520530391.452336 1.318135 0.012399
1520530391.552339 1.318079 0.012398
1520530391.602341 1.318055 0.012397
1520530391.702344 1.318079 0.012398
1520530391.802426 1.318017 0.012398
1520530391.902429 1.318033 0.012398
1520530392.002432 1.318047 0.012398
1520530392.102435 1.318033 0.012397
1520530392.152436 1.318096 0.012398
1520530392.253143 1.318326 0.012397
1520530392.303145 1.318193 0.012396
1520530392.403148 1.318176 0.012397
1520530392.453150 1.318198 0.012397
1520530392.553153 1.317897 0.012398
1520530392.652236 1.317951 0.012397
1520530392.752239 1.318055 0.012398
1520530392.852242 1.318015 0.012397
1520530392.902243 1.318026 0.012398
1520530393.002174 1.318030 0.012398
1520530393.102156 1.318218 0.012397
1520530393.202159 1.318209 0.012397
1520530393.302161 1.318230 0.012396
1520530393.402921 1.318193 0.012397
1520530393.502924 1.318239 0.012398
1520530393.552926 1.318181 0.012397
1520530393.652929 1.318094 0.012398
1520530393.702931 1.318135 0.012396
1520530393.802958 1.318080 0.012397
1520530393.902961 1.318303 0.012397
1520530394.052965 1.318577 0.012361
1520530394.152969 1.318126 0.012398
1520530394.202165 1.318156 0.012396
1520530394.302169 1.318120 0.012397
1520530394.402172 1.318039 0.012397
1520530394.502175 1.318123 0.012397
1520530394.602189 1.318130 0.012396
1520530394.652876 1.318292 0.012396
1520530394.752879 1.318068 0.012391
1520530394.852882 1.318108 0.012398
1520530394.952885 1.318040 0.012398
1520530395.053731 1.317961 0.012398
1520530395.153734 1.318091 0.012398
1520530395.253737 1.318138 0.012399
1520530395.353740 1.318109 0.012398
1520530395.452705 1.318168 0.012397
1520530395.502707 1.318062 0.012395
1520530395.602710 1.318042 0.012398
1520530395.702713 1.318053 0.012398
1520530395.802716 1.318129 0.012397
1520530395.903079 1.318169 0.012398
1520530396.003083 1.318177 0.012398
1520530396.103085 1.318162 0.012398
1520530396.203089 1.318114 0.012398
1520530396.303237 1.318081 0.012398
1520530396.403240 1.318060 0.012398
1520530396.503243 1.318064 0.012398
1520530396.603246 1.318064 0.012397
1520530396.703145 1.318013 0.012397
1520530396.803148 1.318005 0.012397
1520530396.903152 1.318075 0.012398
1520530397.003155 1.318101 0.012397
1520530397.102782 1.318161 0.012397
1520530397.202785 1.318114 0.012397
1520530397.302788 1.318193 0.012397
1520530397.402791 1.318155 0.012397
1520530397.502304 1.318114 0.012398
1520530397.552306 1.318175 0.012396
1520530397.652309 1.318068 0.012397
1520530397.752312 1.317902 0.012397
1520530397.852315 1.317954 0.012395
1520530397.902585 1.318012 0.012396
1520530398.002588 1.318042 0.012398
1520530398.102591 1.318049 0.012397
1520530398.202594 1.318020 0.012397
1520530398.303365 1.318007 0.012398
1520530398.353367 1.318101 0.012397
1520530398.453370 1.318212 0.012398
1520530398.503371 1.318204 0.012399
1520530398.603375 1.318177 0.012399
1520530398.653376 1.318144 0.012399
1520530398.753223 1.318068 0.012398
1520530398.803225 1.318027 0.012398
1520530398.903227 1.317979 0.012398
1520530398.953229 1.317966 0.012397
1520530399.053232 1.318107 0.012397
1520530399.103233 1.318091 0.012397
1520530399.202332 1.317963 0.012397
1520530399.252333 1.318016 0.012397
1520530399.352336 1.318025 0.012397
1520530399.402342 1.318049 0.012397
1520530399.502341 1.318051 0.012397
1520530399.553006 1.318057 0.012397
1520530399.653009 1.318086 0.012397
1520530399.753012 1.318102 0.012396
1520530399.853016 1.318092 0.012397
1520530399.953275 1.318109 0.012398
1520530400.003276 1.318130 0.012396
1520530400.103279 1.318051 0.012397
1520530400.153281 1.318061 0.012397
1520530400.253284 1.318051 0.012398
1520530400.303286 1.318049 0.012398
1520530400.402496 1.318135 0.012397
1520530400.452498 1.318076 0.012396
1520530400.552501 1.318067 0.012397
1520530400.652504 1.318058 0.012397
1520530400.752291 1.318134 0.012397
1520530400.802292 1.318085 0.012397
1520530400.902295 1.317988 0.012397
1520530401.002299 1.318031 0.012397
1520530401.102302 1.318088 0.012397
1520530401.152303 1.318071 0.012397
1520530401.252756 1.318088 0.012396
1520530401.302758 1.318098 0.012397
1520530401.402761 1.318167 0.012397
1520530401.452763 1.318115 0.012397
1520530401.552766 1.318127 0.012397
1520530401.603037 1.318225 0.012397
1520530401.703041 1.318186 0.012397
1520530401.753042 1.318169 0.012397
1520530401.853045 1.318136 0.012397
1520530401.953048 1.318098 0.012397
1520530402.002281 1.318082 0.012396
1520530402.102285 1.318083 0.012397
1520530402.152286 1.318084 0.012397
1520530402.252289 1.318064 0.012397
1520530402.302290 1.318082 0.012397
1520530402.402567 1.318058 0.012397
1520530402.452569 1.318057 0.012396
1520530402.552572 1.318053 0.012397
1520530402.652672 1.318096 0.012397
1520530402.752578 1.318021 0.012397
1520530402.803416 1.317931 0.012397
1520530402.903419 1.318024 0.012397
1520530402.953420 1.318119 0.012397
1520530403.053424 1.318255 0.012397
1520530403.103425 1.318210 0.012397
1520530403.202933 1.318239 0.012397
1520530403.302936 1.318184 0.012397
1520530403.352938 1.318107 0.012397
1520530403.452941 1.318054 0.012397
1520530403.502943 1.318040 0.012397
1520530403.602946 1.318039 0.012397
1520530403.652254 1.318047 0.012395
1520530403.752257 1.318059 0.012396
1520530403.802258 1.318065 0.012393
1520530403.902261 1.318017 0.012397
1520530403.952263 1.318038 0.012397
1520530404.052745 1.318269 0.012397
1520530404.102746 1.318114 0.012397
1520530404.202749 1.318058 0.012397
1520530404.252829 1.318126 0.012396
1520530404.352754 1.318050 0.012397
1520530404.453112 1.317969 0.012396
1520530404.503114 1.318002 0.012396
1520530404.603117 1.318013 0.012397
1520530404.703120 1.318018 0.012398
1520530404.803123 1.318008 0.012397
1520530404.852642 1.318020 0.012397
1520530404.952645 1.318026 0.012397
1520530405.002647 1.318068 0.012396
1520530405.102650 1.318044 0.012397
1520530405.202653 1.318003 0.012396
1520530405.252327 1.318038 0.012397
1520530405.352331 1.318069 0.012397
1520530405.402333 1.318056 0.012397
1520530405.502335 1.318043 0.012397
1520530405.552337 1.318079 0.012397
1520530405.652792 1.318088 0.012396
1520530405.702792 1.318053 0.012396
1520530405.802797 1.318024 0.012397
1520530405.852855 1.317979 0.012393
1520530405.952801 1.318003 0.012396
1520530406.052804 1.318028 0.012397
1520530406.103570 1.318145 0.012396
1520530406.203573 1.318114 0.012397
1520530406.253574 1.318029 0.012397
1520530406.353577 1.318074 0.012397
1520530406.403579 1.318048 0.012397
1520530406.503485 1.318191 0.012397
1520530406.603489 1.318213 0.012397
1520530406.703492 1.318344 0.012397
1520530406.803495 1.318212 0.012397
1520530406.902692 1.318053 0.012397
1520530406.952693 1.317930 0.012396
1520530407.052696 1.317817 0.012396
1520530407.102698 1.317841 0.012397
1520530407.202701 1.318222 0.012396
1520530407.252702 1.318273 0.012394
1520530407.353185 1.318184 0.012396
1520530407.403187 1.318070 0.012396
1520530407.503190 1.317793 0.012397
1520530407.553191 1.318057 0.012397
1520530407.653194 1.318016 0.012397
1520530407.703510 1.318033 0.012397
1520530407.803513 1.318088 0.012397
1520530407.853515 1.318083 0.012396
1520530407.953518 1.318096 0.012397
1520530408.003519 1.318084 0.012397
1520530408.103522 1.318096 0.012397
1520530408.153603 1.318116 0.012397
1520530408.253606 1.318066 0.012397
1520530408.353609 1.318056 0.012397
1520530408.453613 1.318053 0.012397
1520530408.553374 1.318032 0.012397
1520530408.653377 1.317935 0.012396
1520530408.753380 1.317950 0.012396
1520530408.853383 1.317950 0.012396
1520530408.952878 1.318021 0.012397
1520530409.052890 1.318001 0.012397
1520530409.152884 1.318010 0.012395
1520530409.252887 1.317960 0.012395
1520530409.352902 1.317958 0.012397
1520530409.452906 1.317967 0.012397
1520530409.552909 1.318121 0.012397
1520530409.652912 1.318478 0.012396
1520530409.752654 1.318382 0.012396
1520530409.802656 1.318182 0.012396
1520530409.902659 1.318074 0.012396
1520530410.002662 1.318052 0.012396
1520530410.102666 1.318072 0.012394
1520530410.203224 1.318081 0.012395
1520530410.303227 1.318073 0.012396
1520530410.403230 1.318074 0.012397
1520530410.503232 1.318052 0.012397
1520530410.603875 1.318103 0.012397
1520530410.703878 1.318086 0.012398
1520530410.803881 1.317948 0.012396
1520530410.903884 1.317992 0.012398
1520530411.003418 1.318010 0.012398
1520530411.103421 1.318100 0.012397
1520530411.253426 1.318122 0.012397
1520530411.353429 1.318049 0.012397
1520530411.453010 1.318116 0.012396
1520530411.553013 1.318053 0.012397
1520530411.653017 1.318029 0.012396
1520530411.703018 1.318049 0.012397
1520530411.802907 1.318085 0.012396
1520530411.852907 1.318065 0.012397
1520530411.952910 1.318034 0.012397
1520530412.002912 1.318033 0.012397
1520530412.102915 1.318018 0.012397
1520530412.152916 1.318013 0.012397
1520530412.253417 1.317975 0.012396
1520530412.303419 1.318069 0.012396
1520530412.403422 1.318067 0.012397
1520530412.453423 1.318114 0.012397
1520530412.553426 1.318076 0.012397
1520530412.603428 1.318071 0.012397
1520530412.703631 1.318122 0.012397
1520530412.803634 1.318061 0.012397
1520530412.853636 1.318019 0.012397
1520530412.953639 1.318079 0.012397
1520530413.003641 1.318073 0.012397
1520530413.103011 1.318035 0.012397
1520530413.153012 1.318047 0.012397
1520530413.253016 1.318122 0.012398
1520530413.353019 1.318072 0.012398
1520530413.452940 1.318054 0.012398
1520530413.552943 1.318065 0.012397
1520530413.652946 1.318058 0.012396
1520530413.853107 1.318159 0.012394
1520530413.953110 1.318009 0.012394
1520530414.053113 1.317999 0.012396
1520530414.153116 1.318055 0.012396
1520530414.252894 1.318168 0.012397
1520530414.352897 1.318079 0.012395
1520530414.452900 1.318055 0.012397
1520530414.552903 1.318098 0.012397
1520530414.652705 1.318174 0.012397
1520530414.752708 1.318003 0.012396
1520530414.852712 1.318004 0.012396
1520530414.952715 1.317979 0.012397
1520530415.052718 1.318005 0.012397
1520530415.153197 1.318028 0.012397
1520530415.253200 1.318029 0.012397
1520530415.403205 1.317985 0.012397
1520530415.503115 1.318019 0.012397
1520530415.603071 1.318137 0.012397
1520530415.703074 1.318043 0.012397
1520530415.803077 1.318036 0.012397
1520530415.953363 1.318040 0.012396
1520530416.153369 1.318035 0.012397
1520530416.503381 1.318118 0.012396
1520530416.603384 1.318172 0.012395
1520530416.703272 1.318134 0.012395
1520530416.753274 1.318070 0.012396
1520530416.853277 1.318037 0.012397
1520530416.953280 1.318022 0.012397
1520530417.053283 1.318013 0.012397
1520530417.153371 1.318037 0.012397
1520530417.253374 1.318075 0.012397
1520530417.503382 1.318089 0.012397
1520530417.603465 1.318116 0.012396
1520530417.703468 1.318107 0.012397
1520530417.803472 1.318151 0.012396
1520530417.903475 1.318072 0.012396
1520530418.003458 1.318081 0.012396
1520530418.103461 1.318028 0.012394
1520530418.203465 1.317983 0.012394
1520530418.303468 1.317962 0.012396
1520530418.503435 1.317943 0.012397
1520530418.653440 1.317949 0.012396
1520530418.753343 1.317996 0.012397
1520530418.853346 1.318052 0.012397
1520530418.953350 1.318100 0.012396
1520530419.053353 1.318144 0.012394
1520530419.153533 1.318078 0.012395
1520530419.253536 1.318042 0.012394
1520530419.353539 1.318030 0.012396
1520530419.503544 1.318022 0.012397
1520530419.703733 1.318034 0.012397
1520530419.803736 1.318030 0.012397
1520530419.903739 1.318082 0.012397
1520530420.003597 1.318092 0.012397
1520530420.103600 1.318107 0.012397
1520530420.203604 1.318119 0.012396
1520530420.303607 1.318069 0.012396
1520530420.403699 1.317991 0.012394
1520530420.553704 1.317880 0.012397
1520530420.803356 1.318129 0.012396
1520530420.903359 1.318103 0.012396
1520530421.003363 1.318089 0.012397
1520530421.103366 1.318080 0.012396
1520530421.203429 1.318218 0.012396
1520530421.303432 1.318149 0.012397
1520530421.403435 1.318114 0.012396
1520530421.503439 1.318106 0.012397
1520530421.603611 1.317994 0.012396
1520530421.703614 1.318031 0.012396
1520530421.853618 1.318095 0.012397
1520530422.003623 1.318079 0.012397
1520530422.103474 1.318079 0.012396
1520530422.203477 1.318098 0.012395
1520530422.303480 1.318002 0.012396
1520530422.403483 1.318062 0.012397
1520530422.503396 1.318113 0.012397
1520530422.553398 1.318072 0.012396
1520530422.653400 1.318039 0.012397
1520530422.753403 1.318057 0.012397
1520530422.853580 1.318090 0.012396
1520530423.053588 1.318158 0.012397
1520530423.153591 1.318159 0.012397
1520530423.253316 1.318136 0.012397
1520530423.303317 1.318118 0.012397
1520530423.403322 1.318142 0.012397
1520530423.503324 1.318145 0.012397
1520530423.603327 1.318196 0.012396
1520530423.702985 1.318182 0.012396
1520530423.752986 1.318240 0.012396
1520530423.852990 1.318248 0.012395
1520530423.902991 1.318247 0.012395
1520530424.002994 1.318146 0.012396
1520530424.052950 1.318100 0.012396
1520530424.153255 1.318095 0.012395
1520530424.253258 1.318096 0.012396
1520530424.353261 1.318497 0.012378
1520530424.403263 1.318070 0.012396
1520530424.504722 1.318703 0.012397
1520530424.554724 1.318155 0.012398
1520530424.654727 1.318042 0.012397
1520530424.754730 1.318059 0.012397
1520530424.854733 1.318589 0.012379
1520530424.903374 1.318138 0.012394
1520530425.003378 1.318167 0.012397
1520530425.053379 1.318125 0.012397
1520530425.153383 1.318104 0.012397
1520530425.253385 1.318117 0.012397
1520530425.353734 1.318154 0.012397
1520530425.453737 1.318179 0.012397
1520530425.603741 1.318288 0.012396
1520530425.703675 1.318272 0.012397
1520530425.753677 1.318228 0.012396
1520530425.853680 1.318248 0.012397
1520530425.903682 1.318171 0.012396
1520530426.003685 1.318203 0.012397
1520530426.103474 1.318294 0.012397
1520530426.203477 1.318244 0.012397
1520530426.303480 1.318186 0.012396
1520530426.353481 1.318183 0.012396
1520530426.453484 1.318202 0.012396
1520530426.503486 1.318188 0.012396
1520530426.653554 1.318339 0.012397
1520530426.753558 1.318345 0.012397
1520530426.853560 1.318259 0.012395
1520530426.903562 1.318176 0.012396
1520530427.003600 1.318215 0.012396
1520530427.103603 1.318277 0.012396
1520530427.203606 1.318284 0.012397
1520530427.303609 1.318323 0.012396
1520530427.403594 1.318211 0.012396
1520530427.503597 1.318152 0.012397
1520530427.803679 1.318565 0.012397
1520530427.903683 1.317881 0.012397
1520530427.953684 1.318295 0.012394
1520530428.053687 1.318208 0.012396
1520530428.103692 1.318144 0.012395
1520530428.203537 1.318169 0.012394
1520530428.253538 1.318230 0.012395
1520530428.353542 1.318261 0.012396
1520530428.403618 1.318265 0.012396
1520530428.503546 1.318243 0.012396
1520530428.553451 1.318148 0.012396
1520530428.653454 1.318173 0.012396
1520530428.753457 1.318143 0.012396
1520530428.803458 1.318131 0.012396
1520530428.903461 1.318226 0.012396
1520530428.953463 1.318262 0.012396
1520530429.053445 1.318354 0.012396
1520530429.103447 1.318386 0.012397
1520530429.203450 1.318294 0.012396
1520530429.253451 1.318101 0.012396
1520530429.353455 1.318041 0.012396
1520530429.403551 1.318135 0.012396
1520530429.503555 1.318178 0.012397
1520530429.553556 1.318223 0.012396
1520530429.653559 1.318279 0.012396
1520530429.703560 1.318260 0.012397
1520530429.803622 1.318283 0.012396
1520530429.853626 1.318295 0.012396
1520530429.953626 1.318274 0.012396
1520530430.003663 1.318268 0.012396
1520530430.103631 1.318309 0.012397
1520530430.153632 1.318302 0.012397
1520530430.253346 1.318282 0.012397
1520530430.303347 1.318282 0.012396
1520530430.403350 1.318276 0.012396
1520530430.453352 1.318260 0.012397
1520530430.553355 1.318220 0.012397
1520530430.653528 1.318263 0.012397
1520530430.753532 1.318251 0.012397
1520530430.803533 1.318265 0.012397
1520530430.903536 1.318285 0.012397
1520530431.003696 1.318336 0.012397
1520530431.053698 1.318330 0.012396
1520530431.153701 1.318312 0.012397
1520530431.203703 1.318288 0.012396
1520530431.303706 1.318269 0.012397
1520530431.353708 1.318301 0.012396
1520530431.453562 1.318356 0.012397
1520530431.503564 1.318352 0.012396
1520530431.603567 1.318229 0.012396
1520530431.653568 1.318170 0.012396
1520530431.753571 1.318347 0.012397
1520530431.803573 1.318625 0.012396
1520530431.903526 1.318630 0.012397
1520530431.953527 1.318399 0.012396
1520530432.053530 1.318316 0.012397
1520530432.103532 1.318263 0.012397
1520530432.203536 1.318294 0.012397
1520530432.253696 1.318318 0.012397
1520530432.353700 1.318251 0.012396
1520530432.403701 1.318217 0.012397
1520530432.503704 1.318235 0.012397
1520530432.603708 1.318252 0.012397
1520530432.653548 1.318286 0.012397
1520530432.753551 1.318382 0.012396
1520530432.803553 1.318230 0.012397
1520530432.903556 1.318328 0.012397
1520530433.003559 1.318614 0.012396
1520530433.053690 1.318612 0.012397
1520530433.153693 1.318641 0.012396
1520530433.203694 1.318543 0.012397
1520530433.303697 1.318424 0.012396
1520530433.403700 1.318351 0.012396
1520530433.503793 1.318273 0.012396
1520530433.603796 1.318205 0.012396
1520530433.703799 1.318209 0.012397
1520530433.803803 1.318219 0.012397
1520530433.853804 1.318211 0.012397
1520530433.953632 1.318246 0.012397
1520530434.003634 1.318230 0.012396
1520530434.103637 1.318254 0.012397
1520530434.153638 1.318230 0.012397
1520530434.253642 1.318139 0.012397
1520530434.303478 1.318147 0.012397
1520530434.403481 1.318193 0.012397
1520530434.503485 1.318173 0.012397
1520530434.553486 1.318218 0.012397
1520530434.653489 1.318278 0.012396
1520530434.703655 1.318232 0.012396
1520530434.803658 1.318221 0.012396
1520530434.853723 1.318239 0.012396
1520530434.953663 1.318235 0.012397
1520530435.053667 1.318231 0.012397
1520530435.103796 1.318216 0.012397
1520530435.203799 1.318220 0.012397
1520530435.253801 1.318206 0.012397
1520530435.353804 1.318238 0.012397
1520530435.403806 1.318232 0.012397
1520530435.504086 1.318260 0.012397
1520530435.554088 1.318252 0.012397
1520530435.654091 1.318232 0.012397
1520530435.704092 1.318243 0.012396
1520530435.804096 1.318233 0.012397
1520530435.854097 1.318236 0.012397
1520530435.953835 1.318230 0.012397
1520530436.003837 1.318216 0.012396
1520530436.103839 1.318205 0.012397
1520530436.153841 1.318204 0.012397
1520530436.253844 1.318180 0.012397
1520530436.353956 1.318134 0.012397
1520530436.453978 1.318181 0.012397
1520530436.653965 1.318504 0.012397
1520530436.754031 1.318422 0.012396
1520530436.854034 1.318437 0.012396
1520530436.904035 1.318429 0.012397
1520530437.004039 1.318310 0.012397
1520530437.054040 1.318284 0.012397
1520530437.153533 1.318180 0.012397
1520530437.203536 1.318095 0.012385
1520530437.303539 1.318167 0.012393
1520530437.353539 1.318281 0.012397
1520530437.453545 1.318400 0.012397
1520530437.503545 1.318329 0.012396
1520530437.603872 1.318255 0.012397
1520530437.653873 1.318204 0.012396
1520530437.753876 1.318195 0.012397
1520530437.803878 1.318207 0.012397
1520530437.903881 1.318194 0.012396
1520530438.004481 1.318164 0.012397
1520530438.104484 1.318175 0.012397
1520530438.204487 1.318169 0.012397
1520530438.254489 1.318151 0.012397
1520530438.354492 1.318184 0.012397
1520530438.403621 1.318178 0.012395
1520530438.503624 1.318139 0.012397
1520530438.553626 1.318143 0.012397
1520530438.653629 1.318140 0.012397
1520530438.703631 1.318171 0.012395
1520530438.804389 1.318112 0.012397
1520530438.854392 1.318225 0.012397
1520530438.954395 1.318265 0.012397
1520530439.054398 1.318204 0.012397
1520530439.154401 1.318167 0.012397
1520530439.254655 1.318219 0.012397
1520530439.404660 1.318099 0.012397
1520530439.604177 1.317990 0.012397
1520530439.704263 1.318132 0.012397
1520530439.804183 1.318208 0.012397
1520530439.904186 1.318189 0.012397
1520530440.004099 1.318216 0.012397
1520530440.154104 1.318272 0.012397
1520530440.304109 1.318452 0.012396
1520530440.404112 1.318604 0.012396
1520530440.503979 1.318665 0.012396
1520530440.603982 1.318723 0.012397
1520530440.703986 1.318656 0.012397
1520530440.803989 1.318556 0.012397
1520530440.903872 1.318384 0.012397
1520530441.003875 1.318308 0.012397
1520530441.103878 1.318274 0.012397
1520530441.203881 1.318273 0.012397
1520530441.303927 1.318310 0.012397
1520530441.403893 1.318317 0.012397
1520530441.503896 1.318275 0.012397
1520530441.603899 1.318262 0.012397
1520530441.754086 1.318265 0.012397
1520530441.904091 1.318228 0.012397
1520530442.054030 1.318214 0.012397
1520530442.154034 1.318203 0.012397
1520530442.254038 1.318206 0.012397
1520530442.354040 1.318141 0.012396
1520530442.453714 1.318139 0.012395
1520530442.503716 1.318163 0.012393
1520530442.603719 1.318144 0.012394
1520530442.703722 1.318148 0.012393
1520530442.753723 1.318162 0.012396
1520530442.853726 1.318201 0.012397
1520530442.904376 1.318147 0.012396
1520530443.004379 1.318140 0.012396
1520530443.104382 1.318143 0.012396
1520530443.204385 1.318147 0.012397
1520530443.354468 1.318172 0.012397
1520530443.504473 1.318332 0.012396
1520530443.604476 1.318301 0.012397
1520530443.704013 1.318298 0.012393
1520530443.754014 1.318300 0.012396
1520530443.854018 1.318292 0.012397
1520530443.954022 1.318300 0.012396
1520530444.054024 1.318192 0.012397
1520530444.154403 1.318200 0.012396
1520530444.254406 1.318164 0.012395
1520530444.304409 1.318199 0.012391
1520530444.404412 1.318187 0.012396
1520530444.505161 1.318048 0.012397
1520530444.605164 1.317936 0.012394
1520530444.705167 1.317985 0.012397
1520530444.805170 1.318146 0.012398
1520530444.905173 1.318267 0.012398
1520530444.954962 1.318125 0.012397
1520530445.054965 1.318101 0.012397
1520530445.104967 1.318142 0.012396
1520530445.204970 1.318139 0.012397
1520530445.254971 1.318266 0.012397
1520530445.353892 1.318185 0.012395
1520530445.453896 1.318147 0.012394
1520530445.503898 1.318127 0.012396
1520530445.603900 1.318137 0.012396
1520530445.653902 1.318121 0.012395
1520530445.753751 1.318106 0.012393
1520530445.803752 1.318093 0.012395
1520530445.903755 1.318098 0.012397
1520530445.953757 1.318103 0.012397
1520530446.053761 1.318092 0.012397
1520530446.154954 1.318269 0.012396
1520530446.204900 1.318119 0.012397
1520530446.304903 1.318101 0.012397
1520530446.404906 1.318059 0.012397
1520530446.504909 1.318110 0.012397
1520530446.604785 1.318152 0.012397
1520530446.704788 1.318188 0.012396
1520530446.804791 1.318207 0.012396
1520530446.904794 1.318188 0.012396
1520530447.004332 1.318137 0.012396
1520530447.104335 1.318097 0.012396
1520530447.204338 1.318092 0.012397
1520530447.304342 1.318086 0.012396
1520530447.404124 1.318136 0.012397
1520530447.504127 1.318161 0.012396
1520530447.654131 1.318217 0.012395
1520530447.804072 1.318212 0.012397
1520530447.954077 1.318250 0.012396
1520530448.154083 1.318307 0.012397
1520530448.253886 1.318449 0.012396
1520530448.953942 1.318231 0.012396
