DelayedMarginalization 0.000944603 1.18042e-07 0.00981928 1431
DelayedMarginalizationOnly 0.000455957 3.35478e-08 0.00536263 1431
EF-marginalizeFrame 0.00132031 1.42059e-07 0.0102947 1431
FullSystem::trackNewCoarse 0.00233941 1.40344e-06 0.0350146 2672
FullSystem::trackNewCoarseNoIMU 0.00195923 3.46579e-05 0.0551604 135
FullSystemOptimize 0.0328952 6.30622e-05 0.096269 1437
GraphUnrolling 0.00709302 3.23563e-05 0.0220833 12
IMUInitAddPose 2.47457e-05 2.57493e-11 8.2466e-05 1437
IMUInitOptimize 0.00274038 4.08491e-07 0.00372363 8
IMUIntegration::finishKeyframeOperations 6.14878e-05 1.69195e-10 0.000142773 1424
InitializerFirstFrame 0.0369124 -nan 0.0369124 1
InitializerOtherFrames 0.0810777 0.000270479 0.0997745 11
MainMarginalization 0.00117717 1.28921e-07 0.0101513 1431
MarginalizationReplacementBuildGraph 0.000553426 7.3197e-08 0.00113062 9
MarginalizationReplacementReplaceGraph 0.00866743 3.47392e-05 0.0222149 9
MarginalizeMainGraph 0.000487962 6.3414e-08 0.0092402 1431
PGBA 0.0178056 1.22501e-05 0.0216089 3
PGBAFull 0.00517339 8.08255e-05 0.0235909 12
PrepareGraphForMainOptimization 0.00714964 3.25728e-05 0.0221894 12
VisualMarginalization 3.87945e-05 7.17679e-11 0.000105269 1431
activatePointsMT 0.00278736 6.05014e-07 0.0159167 1437
addActiveFrame 0.0357352 0.000712885 0.132914 2819
addIMUData 0.000676625 9.77812e-08 0.0112543 2672
addIMUDataToBA 3.67458e-05 1.47623e-10 0.0002454 2818
addKeyframeToBA 3.30785e-05 5.78234e-11 8.2463e-05 1437
afterCoarseTracking 2.63111e-07 4.30235e-15 9.11e-07 2807
baIteration 0.00495523 2.22264e-06 0.0299593 8611
baMatrixInversion 0.000220774 1.78103e-09 0.000701872 8611
baUpdateBuildHessians 0.000496772 2.32067e-07 0.0237083 8611
coarseTrackingIteration 0.000172787 3.66702e-08 0.0322819 31505
computeBAUpdate 0.000798485 2.43728e-07 0.024039 8611
computeCoarseUpdate 9.76377e-05 3.66992e-08 0.0321189 28597
computeFactorForCoarseGraphAndMarginalCovariances 0.00285241 8.62666e-07 0.0334015 1424
convertHAndBFromDSO 0.00014467 3.20283e-09 0.000526418 14334
debugPlot 8.08462e-08 1.80476e-15 4.23e-07 1437
debugPlotIDepthMap 3.36854e-07 9.20077e-15 1.678e-06 1437
debugPlotIDepthMapFloat 7.33737e-08 3.56734e-16 3.01e-07 1437
deliverTrackedFrame 0.0303053 0.000686684 0.128926 2808
flagFramesForMarginalization 1.70037e-06 4.58393e-13 8.411e-06 1437
fullCoarseTracking 0.00309197 3.31544e-06 0.0552296 2807
initObjectsAndMakeImage 0.00213583 1.17495e-07 0.00829554 2819
makeKeyframe 0.0547668 0.000112624 0.128923 1437
makeKeyframeChangeTrackingRef 0.00206608 1.33823e-07 0.00443871 1437
makeNewTraces 0.0053664 8.47901e-07 0.0112099 1437
makeNonKeyframe 0.00466159 3.11526e-06 0.0108519 1371
marginalizeAndRemovePoints 0.00213118 7.88304e-07 0.00806917 1437
marginalizeFrame 0.00204003 3.01082e-07 0.0111604 1431
marginalizeFrameOverhead 0.000717442 9.74209e-08 0.0061005 1431
marginalizeFrames 0.00203933 3.91989e-07 0.0111699 1437
newFrameAndNewResidualsForOldPoints 0.000834608 8.23655e-08 0.00199037 1437
printBiases 4.09034e-05 1.95401e-10 0.000298074 1437
printEigenValLine 1.08805e-07 3.95497e-16 3.24e-07 1437
printLogLine 2.42992e-07 5.7529e-15 8.3e-07 1437
publishInMakeKeyframe 2.03292e-07 1.7169e-14 3.978e-06 1437
removeOutliers 0.000117139 2.46553e-09 0.000472998 1437
swapTrackingRef 2.38549e-05 3.17127e-11 4.9546e-05 1437
timeMeasurement 9.26835e-07 2.28456e-13 1.2937e-05 2819
traceNewCoarse 0.00389195 2.89392e-06 0.0108418 2808
updateBAValues 5.6938e-06 6.44515e-12 0.000119819 14753
zero 1.22475e-07 3.75487e-15 5.65e-07 2819
