DelayedMarginalization 0.000950019 2.69514e-08 0.00196314 1382
DelayedMarginalizationOnly 0.000459338 1.72084e-08 0.000875748 1382
EF-marginalizeFrame 0.0013634 3.87031e-08 0.00256406 1382
FullSystem::trackNewCoarse 0.00250835 9.5325e-07 0.0290914 2673
FullSystem::trackNewCoarseNoIMU 0.00189351 2.50922e-05 0.0538319 110
FullSystemOptimize 0.0371137 4.8212e-05 0.0799809 1388
GraphUnrolling 0.0101429 0.00016944 0.0315468 7
IMUInitAddPose 2.51221e-05 2.45503e-11 9.8186e-05 1388
IMUInitOptimize 0.00359196 3.15872e-06 0.00566932 4
IMUIntegration::finishKeyframeOperations 6.18921e-05 1.53658e-10 0.000147629 1379
InitializerFirstFrame 0.0368418 -nan 0.0368418 1
InitializerOtherFrames 0.0592006 9.64267e-05 0.080707 35
MainMarginalization 0.0011865 3.19614e-08 0.00224919 1382
MarginalizationReplacementBuildGraph 0.00100956 6.54041e-07 0.00218783 6
MarginalizationReplacementReplaceGraph 0.0138376 0.000199621 0.0317236 5
MarginalizeMainGraph 0.000490042 6.2329e-09 0.00134157 1382
PGBA 0.0131179 1.8409e-05 0.0161518 2
PGBAFull 0.00403242 4.69631e-05 0.0178836 8
PrepareGraphForMainOptimization 0.0102122 0.000170779 0.0316955 7
VisualMarginalization 3.89045e-05 6.82978e-11 0.000138364 1382
activatePointsMT 0.00329983 7.468e-07 0.0107565 1388
addActiveFrame 0.0387553 0.000850597 0.13968 2819
addIMUData 0.000689238 1.91102e-07 0.0218752 2673
addIMUDataToBA 3.56e-05 1.3749e-10 0.000130381 2818
addKeyframeToBA 3.48726e-05 3.92963e-11 0.000106636 1388
afterCoarseTracking 2.62739e-07 4.84613e-15 1.306e-06 2783
baIteration 0.00566772 1.36094e-06 0.0263591 8028
baMatrixInversion 0.000225622 1.6157e-09 0.000660054 8028
baUpdateBuildHessians 0.000502138 2.08755e-08 0.00965676 8028
coarseTrackingIteration 0.000197176 2.8693e-08 0.0263969 28362
computeBAUpdate 0.000813974 2.83913e-08 0.00998875 8028
computeCoarseUpdate 9.70064e-05 2.59441e-08 0.0258975 26111
computeFactorForCoarseGraphAndMarginalCovariances 0.00293887 2.55222e-07 0.00559217 1379
convertHAndBFromDSO 0.000149772 3.35928e-09 0.000516743 13559
debugPlot 7.72378e-08 1.42716e-15 4.27e-07 1388
debugPlotIDepthMap 3.58717e-07 6.27941e-14 9.367e-06 1388
debugPlotIDepthMapFloat 7.7987e-08 8.96259e-16 3.71e-07 1388
deliverTrackedFrame 0.0330887 0.000835846 0.113502 2784
flagFramesForMarginalization 1.64417e-06 3.44266e-13 9.54e-06 1388
fullCoarseTracking 0.00326516 2.51506e-06 0.0604364 2783
initObjectsAndMakeImage 0.00210221 4.58161e-08 0.0037667 2819
makeKeyframe 0.061437 7.00973e-05 0.113498 1388
makeKeyframeChangeTrackingRef 0.00225146 1.31699e-07 0.00421957 1388
makeNewTraces 0.00531232 5.71165e-07 0.010053 1388
makeNonKeyframe 0.00489853 2.87068e-06 0.00942251 1396
marginalizeAndRemovePoints 0.00309175 9.06191e-07 0.00718243 1388
marginalizeFrame 0.00243748 1.33051e-07 0.00426148 1382
marginalizeFrameOverhead 0.00107168 6.96744e-08 0.00292319 1382
marginalizeFrames 0.00243489 3.02563e-07 0.00571871 1388
newFrameAndNewResidualsForOldPoints 0.0010303 5.32377e-08 0.00194555 1388
printBiases 3.97378e-05 2.40595e-10 0.000395467 1388
printEigenValLine 1.08466e-07 5.35221e-16 4.22e-07 1388
printLogLine 2.46671e-07 4.12609e-15 6.16e-07 1388
publishInMakeKeyframe 2.10033e-07 6.62138e-15 1.632e-06 1388
removeOutliers 0.000174528 2.15205e-09 0.000438358 1388
swapTrackingRef 2.40601e-05 2.01264e-11 4.7749e-05 1388
timeMeasurement 8.87707e-07 1.20492e-13 7.318e-06 2819
traceNewCoarse 0.00407137 2.84636e-06 0.00940111 2784
updateBAValues 6.21363e-06 5.51686e-12 8.6955e-05 13133
zero 1.00472e-07 1.26904e-15 4.78e-07 2819
