1520530315.649646 1.104407 0.414205
1520530315.799640 1.102066 0.233852
1520530315.949645 1.100069 0.210674
1520530316.100221 1.101833 0.202832
1520530316.300227 1.102101 0.183735
1520530316.450231 1.098260 0.170824
1520530316.650280 1.095745 0.163883
1520530316.850286 1.096620 0.159234
1520530316.949773 1.096416 0.153579
1520530317.149779 1.095889 0.135909
1520530317.299784 1.094419 0.121317
1520530317.449747 1.093673 0.110488
1520530317.649755 1.093408 0.102468
1520530317.750237 1.093435 0.097887
1520530317.900242 1.093074 0.093292
1520530318.050246 1.093116 0.092100
1520530318.150816 1.093714 0.090513
1520530318.300772 1.093867 0.088642
1520530318.450777 1.093537 0.085911
1520530318.600567 1.093348 0.083401
1520530318.750571 1.092936 0.081633
1520530318.900576 1.092424 0.080111
1520530318.999955 1.092633 0.078085
1520530319.149961 1.092964 0.072697
1520530319.299965 1.092566 0.067089
1520530319.399832 1.091997 0.063980
1520530319.549837 1.091490 0.061054
1520530319.699841 1.090274 0.059898
1520530319.800341 1.090488 0.060014
1520530319.900344 1.089687 0.059614
1520530320.000347 1.089287 0.058513
1520530320.100350 1.089957 0.057138
1520530320.200401 1.089714 0.055721
1520530320.350405 1.088772 0.054206
1520530320.500410 1.088656 0.052907
1520530320.599869 1.088535 0.051591
1520530320.749874 1.089241 0.048841
1520530320.899879 1.089726 0.045554
1520530321.049740 1.089320 0.043454
1520530321.199745 1.089769 0.042039
1520530321.349750 1.089020 0.040525
1520530321.499857 1.088666 0.039203
1520530321.599860 1.089143 0.038488
1520530321.699863 1.089398 0.037773
1520530321.850152 1.090396 0.036775
1520530322.000157 1.090744 0.035456
1520530322.150162 1.089648 0.034504
1520530322.400212 1.089312 0.034352
1520530322.650023 1.089641 0.033703
1520530322.850030 1.089207 0.032799
1520530323.050036 1.089238 0.032177
1520530323.200077 1.089068 0.031812
1520530323.350082 1.089109 0.031313
1520530323.450085 1.089285 0.030325
1520530323.550346 1.088774 0.029125
1520530323.650349 1.087995 0.028280
1520530323.750353 1.087983 0.027800
1520530323.900153 1.087579 0.027400
1520530324.050157 1.087669 0.027198
1520530324.200162 1.088337 0.026992
1520530324.299908 1.088618 0.026800
1520530324.399911 1.089224 0.026510
1520530324.499994 1.088779 0.026170
1520530324.599917 1.088471 0.025896
1520530324.700018 1.088619 0.025670
1520530324.850023 1.088514 0.025513
1520530325.000028 1.088455 0.025436
1520530325.100816 1.088514 0.025311
1520530325.300822 1.088532 0.024897
1520530325.500828 1.089096 0.024083
1520530325.700918 1.089253 0.023124
1520530325.900924 1.089100 0.022607
1520530326.000543 1.088818 0.022393
1520530326.150548 1.088756 0.022070
1520530326.300552 1.088300 0.021837
1520530326.400206 1.088277 0.021729
1520530326.550210 1.088353 0.021634
1520530326.700216 1.088302 0.021612
1520530326.900431 1.088758 0.021357
1520530327.050437 1.088487 0.020821
1520530327.150431 1.088180 0.020523
1520530327.250435 1.088316 0.020290
1520530327.400439 1.088297 0.020042
1520530327.550090 1.088425 0.019713
1520530327.650103 1.088506 0.019441
1520530327.750096 1.088592 0.019217
1520530327.800097 1.087969 0.019132
1520530327.900100 1.087407 0.019037
1520530328.000280 1.087520 0.018891
1520530328.100283 1.087839 0.018732
1520530328.250288 1.087370 0.018546
1520530328.350291 1.087043 0.018461
1520530328.450338 1.087110 0.018410
1520530328.550342 1.087187 0.018385
1520530328.600344 1.087238 0.018375
1520530328.700347 1.087189 0.018352
1520530328.800086 1.087483 0.018309
1520530329.000092 1.088271 0.018092
1520530329.100095 1.088046 0.017911
1520530329.200044 1.088345 0.017741
1520530329.300047 1.088697 0.017541
1520530329.400050 1.087955 0.017292
1520530329.650099 1.087790 0.016949
1520530329.750102 1.088108 0.016874
1520530329.850105 1.087696 0.016817
1520530329.950109 1.088365 0.016741
1520530330.050161 1.088351 0.016629
1520530330.150164 1.088546 0.016445
1520530330.250167 1.088931 0.016210
1520530330.350170 1.089073 0.015957
1520530330.450787 1.089208 0.015766
1520530330.550790 1.089398 0.015682
1520530330.650793 1.089403 0.015656
1520530330.750797 1.089941 0.015629
1520530330.850367 1.089865 0.015549
1520530330.900277 1.089446 0.015490
1520530331.000280 1.089397 0.015350
1520530331.100283 1.089174 0.015243
1520530331.200286 1.089217 0.015163
1520530331.300736 1.089459 0.015115
1520530331.400740 1.089564 0.015094
1520530331.450741 1.089367 0.015087
1520530331.550744 1.089392 0.015067
1520530331.650479 1.089109 0.015010
1520530331.700481 1.088625 0.014950
1520530331.800484 1.088139 0.014762
1520530331.900488 1.087658 0.014491
1520530332.000491 1.087112 0.014220
1520530332.100388 1.087105 0.013995
1520530332.200392 1.087327 0.013820
1520530332.300399 1.087502 0.013709
1520530332.400401 1.087577 0.013656
1520530332.500483 1.087640 0.013639
1520530332.550483 1.087794 0.013635
1520530332.650488 1.087832 0.013624
1520530332.750491 1.087884 0.013569
1520530332.850494 1.087928 0.013488
1520530332.900164 1.087958 0.013443
1520530333.000168 1.088305 0.013368
1520530333.100171 1.088278 0.013327
1520530333.200174 1.088635 0.013296
1520530333.250175 1.088849 0.013277
1520530333.350610 1.089067 0.013220
1520530333.400612 1.089052 0.013187
1520530333.500615 1.089199 0.013144
1520530333.650619 1.089615 0.013131
1520530333.750542 1.090151 0.013120
1520530333.800544 1.090064 0.013118
1520530333.900547 1.090060 0.013101
1520530333.950549 1.089943 0.013086
1520530334.050551 1.090148 0.013033
1520530334.100216 1.090668 0.012980
1520530334.350224 1.090744 0.012694
1520530334.450227 1.090599 0.012597
1520530334.550086 1.090807 0.012544
1520530334.650089 1.090829 0.012503
1520530334.750092 1.091044 0.012457
1520530334.850095 1.091022 0.012410
1520530334.950928 1.090731 0.012369
1520530335.100933 1.090695 0.012355
1520530335.200936 1.091145 0.012352
1520530335.300938 1.091123 0.012344
1520530335.401458 1.091102 0.012334
1520530335.501461 1.091122 0.012320
1520530335.601512 1.090927 0.012302
1520530335.750223 1.091073 0.012287
1520530335.900227 1.091390 0.012257
1520530336.000230 1.091375 0.012220
1520530336.100233 1.091313 0.012178
1520530336.200179 1.091204 0.012144
1520530336.300182 1.091366 0.012089
1520530336.400185 1.091441 0.012005
1520530336.500188 1.091129 0.011911
1520530336.600584 1.090866 0.011820
1520530336.700586 1.090790 0.011757
1520530336.800590 1.090858 0.011712
1520530336.900594 1.090723 0.011679
1520530337.000258 1.090609 0.011643
1520530337.100266 1.090814 0.011579
1520530337.200351 1.090891 0.011501
1520530337.300267 1.090905 0.011431
1520530337.400301 1.091129 0.011379
1520530337.500304 1.091438 0.011333
1520530337.600307 1.091851 0.011278
1520530337.700310 1.092000 0.011188
1520530337.800854 1.092129 0.011043
1520530337.950858 1.092025 0.010823
1520530338.050862 1.091926 0.010718
1520530338.150864 1.091510 0.010647
1520530338.200470 1.091404 0.010626
1520530338.300474 1.091325 0.010611
1520530338.400477 1.091334 0.010591
1520530338.500480 1.091485 0.010565
1520530338.600260 1.091569 0.010523
1520530338.700263 1.091612 0.010472
1520530338.800266 1.091555 0.010419
1520530338.900269 1.091832 0.010373
1520530339.000272 1.091834 0.010321
1520530339.100960 1.091820 0.010277
1520530339.150962 1.091810 0.010260
1520530339.250965 1.091924 0.010240
1520530339.350968 1.091936 0.010229
1520530339.451687 1.091900 0.010226
1520530339.551690 1.091953 0.010219
1520530339.651693 1.091903 0.010211
1520530339.751697 1.091905 0.010201
1520530339.851056 1.092020 0.010187
1520530339.951059 1.092131 0.010170
1520530340.051062 1.092303 0.010160
1520530340.151065 1.092533 0.010146
1520530340.250395 1.092767 0.010124
1520530340.350399 1.092710 0.010082
1520530340.450401 1.092711 0.010035
1520530340.550404 1.092765 0.009990
1520530340.650347 1.092729 0.009958
1520530340.750350 1.092721 0.009931
1520530340.900354 1.092733 0.009910
1520530341.050774 1.092796 0.009897
1520530341.300782 1.092960 0.009853
1520530341.450787 1.092946 0.009828
1520530341.650717 1.092976 0.009812
1520530341.900542 1.092920 0.009804
1520530342.100548 1.092816 0.009783
1520530342.250553 1.092828 0.009752
1520530342.400676 1.092777 0.009722
1520530342.500679 1.092833 0.009703
1520530342.650684 1.092767 0.009667
1520530342.800646 1.092524 0.009607
1520530342.900649 1.092205 0.009551
1520530343.000653 1.091893 0.009479
1520530343.101131 1.091579 0.009395
1520530343.201134 1.091287 0.009301
1520530343.301138 1.090944 0.009193
1520530343.401141 1.090614 0.009073
1520530343.451144 1.090492 0.009012
1520530343.551476 1.090089 0.008885
1520530343.651407 1.089827 0.008748
1520530343.701410 1.089621 0.008671
1520530343.801413 1.089265 0.008515
1520530343.901416 1.088863 0.008359
1520530344.001403 1.088348 0.008205
1520530344.101406 1.087945 0.008060
1520530344.201410 1.087620 0.007927
1520530344.301413 1.087287 0.007803
1520530344.401411 1.086926 0.007688
1520530344.501414 1.086669 0.007581
1520530344.601418 1.086367 0.007486
1520530344.701421 1.086186 0.007405
1520530344.801638 1.086043 0.007332
1520530344.901641 1.085881 0.007269
1520530345.001644 1.085756 0.007215
1520530345.101647 1.085636 0.007162
1520530345.201744 1.085539 0.007115
1520530345.301746 1.085468 0.007074
1520530345.401749 1.085374 0.007039
1520530345.501752 1.085433 0.007007
1520530345.551195 1.085419 0.006992
1520530345.651198 1.085374 0.006963
1520530345.751201 1.085290 0.006938
1520530345.801203 1.085269 0.006927
1520530345.901206 1.085197 0.006908
1520530345.951161 1.085151 0.006901
1520530346.051476 1.085152 0.006889
1520530346.151479 1.085173 0.006877
1520530346.251483 1.085192 0.006866
1520530346.301485 1.085193 0.006861
1520530346.401376 1.085164 0.006853
1520530346.501379 1.085159 0.006848
1520530346.601382 1.085151 0.006842
1520530346.701385 1.085129 0.006836
1520530346.751386 1.085129 0.006833
1520530346.851546 1.085159 0.006829
1520530346.901548 1.085170 0.006828
1520530347.001551 1.085143 0.006827
1520530347.051553 1.085096 0.006826
1520530347.151556 1.085099 0.006825
1520530347.201400 1.085068 0.006823
1520530347.301403 1.085068 0.006821
1520530347.351405 1.085057 0.006820
1520530347.451408 1.085047 0.006819
1520530347.551411 1.085050 0.006817
1520530347.601218 1.085090 0.006816
1520530347.701222 1.085058 0.006815
1520530347.801224 1.085052 0.006813
1520530347.901227 1.085058 0.006812
1520530348.001163 1.085043 0.006812
1520530348.051164 1.085052 0.006812
1520530348.151168 1.085069 0.006812
1520530348.201169 1.085087 0.006812
1520530348.301184 1.085082 0.006812
1520530348.401175 1.085079 0.006811
1520530348.451416 1.085074 0.006811
1520530348.551419 1.085098 0.006812
1520530348.651423 1.085108 0.006812
1520530348.751426 1.085113 0.006811
1520530348.801428 1.085087 0.006811
1520530348.901315 1.085096 0.006810
1520530348.951318 1.085091 0.006810
1520530349.051321 1.085164 0.006808
1520530349.101323 1.085185 0.006807
1520530349.201326 1.085226 0.006804
1520530349.301107 1.085270 0.006801
1520530349.401110 1.085288 0.006799
1520530349.451112 1.085323 0.006798
1520530349.551115 1.085339 0.006797
1520530349.650935 1.085368 0.006795
1520530349.750943 1.085406 0.006793
1520530349.800940 1.085423 0.006792
1520530349.900986 1.085434 0.006789
1520530349.950944 1.085442 0.006788
1520530350.051376 1.085511 0.006786
1520530350.101378 1.085537 0.006784
1520530350.201381 1.085596 0.006780
1520530350.251384 1.085616 0.006777
1520530350.351387 1.085692 0.006774
1520530350.451515 1.085736 0.006772
1520530350.501516 1.085754 0.006770
1520530350.601520 1.085815 0.006769
1520530350.701523 1.085857 0.006767
1520530350.801526 1.085859 0.006766
1520530350.901571 1.085861 0.006764
1520530351.001574 1.085867 0.006762
1520530351.101578 1.085906 0.006760
1520530351.201581 1.085945 0.006758
1520530351.301683 1.085991 0.006757
1520530351.401685 1.086070 0.006756
1520530351.501759 1.086087 0.006755
1520530351.601688 1.086129 0.006754
1520530351.701695 1.086156 0.006753
1520530351.801698 1.086145 0.006752
1520530351.901701 1.086092 0.006751
1520530352.001704 1.086039 0.006750
1520530352.101805 1.086037 0.006749
1520530352.201808 1.086059 0.006748
1520530352.301811 1.086071 0.006748
1520530352.401814 1.086053 0.006747
1520530352.501469 1.086035 0.006747
1520530352.601472 1.086026 0.006746
1520530352.701475 1.086058 0.006746
1520530352.801478 1.086053 0.006745
1520530352.901098 1.086057 0.006745
1520530353.001101 1.086049 0.006744
1520530353.101208 1.086070 0.006743
1520530353.201107 1.086109 0.006743
1520530353.251108 1.086123 0.006742
1520530353.351398 1.086145 0.006741
1520530353.401399 1.086159 0.006741
1520530353.501402 1.086162 0.006739
1520530353.601405 1.086200 0.006738
1520530353.701408 1.086208 0.006738
1520530353.751736 1.086170 0.006737
1520530353.851739 1.086177 0.006737
1520530353.901741 1.086183 0.006737
1520530354.001744 1.086186 0.006736
1520530354.051745 1.086178 0.006736
1520530354.151896 1.086215 0.006735
1520530354.201897 1.086231 0.006735
1520530354.301900 1.086229 0.006735
1520530354.351902 1.086231 0.006735
1520530354.451905 1.086218 0.006734
1520530354.501907 1.086235 0.006734
1520530354.601593 1.086264 0.006733
1520530354.651595 1.086301 0.006733
1520530354.751597 1.086296 0.006732
1520530354.851600 1.086307 0.006732
1520530354.951359 1.086298 0.006732
1520530355.051362 1.086276 0.006731
1520530355.151365 1.086261 0.006730
1520530355.251368 1.086264 0.006729
1520530355.351371 1.086269 0.006729
1520530355.451408 1.086270 0.006729
1520530355.551411 1.086269 0.006729
1520530355.651416 1.086268 0.006729
1520530355.751418 1.086255 0.006729
1520530355.851533 1.086263 0.006729
1520530355.951536 1.086275 0.006728
1520530356.001537 1.086275 0.006729
1520530356.101541 1.086247 0.006728
1520530356.151542 1.086256 0.006728
1520530356.251380 1.086265 0.006728
1520530356.301379 1.086269 0.006728
1520530356.401382 1.086292 0.006728
1520530356.451383 1.086296 0.006728
1520530356.551386 1.086328 0.006727
1520530356.651234 1.086341 0.006727
1520530356.751237 1.086357 0.006727
1520530356.801239 1.086369 0.006727
1520530356.901242 1.086403 0.006727
1520530357.001153 1.086400 0.006726
1520530357.101156 1.086413 0.006726
1520530357.201159 1.086421 0.006726
1520530357.251160 1.086422 0.006726
1520530357.351164 1.086435 0.006726
1520530357.401658 1.086452 0.006726
1520530357.501662 1.086475 0.006725
1520530357.551663 1.086486 0.006725
1520530357.651666 1.086527 0.006725
1520530357.751669 1.086560 0.006724
1520530357.851585 1.086590 0.006724
1520530357.951560 1.086590 0.006724
1520530358.001562 1.086583 0.006724
1520530358.101565 1.086570 0.006724
1520530358.201568 1.086554 0.006723
1520530358.301626 1.086549 0.006723
1520530358.401629 1.086546 0.006723
1520530358.501632 1.086545 0.006722
1520530358.601636 1.086525 0.006722
1520530358.701800 1.086537 0.006722
1520530358.801803 1.086537 0.006722
1520530358.901806 1.086542 0.006722
1520530359.001810 1.086552 0.006721
1520530359.101811 1.086557 0.006721
1520530359.201810 1.086539 0.006720
1520530359.301813 1.086528 0.006720
1520530359.401817 1.086512 0.006720
1520530359.501870 1.086511 0.006719
1520530359.601873 1.086535 0.006719
1520530359.701876 1.086551 0.006718
1520530359.801879 1.086564 0.006718
1520530359.901826 1.086602 0.006717
1520530360.001829 1.086630 0.006716
1520530360.101832 1.086683 0.006714
1520530360.151834 1.086704 0.006714
1520530360.251837 1.086769 0.006713
1520530360.301316 1.086795 0.006712
1520530360.401319 1.086844 0.006710
1520530360.501323 1.086875 0.006709
1520530360.601326 1.086918 0.006708
1520530360.700978 1.086984 0.006708
1520530360.800981 1.087059 0.006706
1520530360.900984 1.087138 0.006703
1520530361.000988 1.087207 0.006701
1520530361.101044 1.087257 0.006698
1520530361.201047 1.087302 0.006696
1520530361.301050 1.087348 0.006694
1520530361.401053 1.087413 0.006692
1520530361.501690 1.087437 0.006691
1520530361.601693 1.087471 0.006691
1520530361.651695 1.087452 0.006690
1520530361.751698 1.087492 0.006690
1520530361.801700 1.087509 0.006690
1520530361.901939 1.087554 0.006690
1520530361.951941 1.087518 0.006689
1520530362.051944 1.087530 0.006687
1520530362.151947 1.087573 0.006685
1520530362.251950 1.087703 0.006683
1520530362.351623 1.087767 0.006680
1520530362.451626 1.087860 0.006677
1520530362.551629 1.087972 0.006672
1520530362.651727 1.088101 0.006668
1520530362.751364 1.088230 0.006664
1520530362.851367 1.088276 0.006661
1520530362.951370 1.088298 0.006660
1520530363.051374 1.088325 0.006659
1520530363.151650 1.088284 0.006658
1520530363.251653 1.088258 0.006658
1520530363.351656 1.088253 0.006658
1520530363.451659 1.088247 0.006658
1520530363.551745 1.088274 0.006657
1520530363.601746 1.088284 0.006656
1520530363.701749 1.088361 0.006655
1520530363.751751 1.088385 0.006655
1520530363.851754 1.088401 0.006654
1520530363.901756 1.088408 0.006653
1520530364.001782 1.088479 0.006652
1520530364.051784 1.088526 0.006651
1520530364.151786 1.088591 0.006650
1520530364.201788 1.088613 0.006649
1520530364.301791 1.088715 0.006648
1520530364.351792 1.088727 0.006648
1520530364.451854 1.088772 0.006647
1520530364.551858 1.088799 0.006646
1520530364.601859 1.088791 0.006646
1520530364.701862 1.088782 0.006646
1520530364.802376 1.088775 0.006645
1520530364.902379 1.088774 0.006644
1520530365.002383 1.088779 0.006643
1520530365.102386 1.088828 0.006642
1520530365.201844 1.088856 0.006641
1520530365.351849 1.088941 0.006639
1520530365.451852 1.089019 0.006637
1520530365.551855 1.089128 0.006635
1520530365.651537 1.089193 0.006633
1520530365.751540 1.089224 0.006631
1520530365.851543 1.089237 0.006630
1520530365.951546 1.089238 0.006629
1520530366.001907 1.089223 0.006629
1520530366.101910 1.089205 0.006628
1520530366.151911 1.089188 0.006628
1520530366.251915 1.089202 0.006628
1520530366.301916 1.089183 0.006628
1520530366.402120 1.089208 0.006628
1520530366.452121 1.089221 0.006627
1520530366.552125 1.089253 0.006627
1520530366.602127 1.089257 0.006626
1520530366.702130 1.089280 0.006626
1520530366.752132 1.089293 0.006626
1520530366.852166 1.089308 0.006626
1520530366.902167 1.089332 0.006625
1520530367.002170 1.089329 0.006625
1520530367.052172 1.089319 0.006625
1520530367.152175 1.089323 0.006625
1520530367.252540 1.089336 0.006625
1520530367.352543 1.089366 0.006624
1520530367.452546 1.089382 0.006623
1520530367.552549 1.089406 0.006623
1520530367.652264 1.089452 0.006622
1520530367.752267 1.089512 0.006620
1520530367.852271 1.089559 0.006619
1520530367.952274 1.089589 0.006618
1520530368.052124 1.089566 0.006617
1520530368.152127 1.089556 0.006617
1520530368.252130 1.089534 0.006616
1520530368.352134 1.089517 0.006616
1520530368.402135 1.089504 0.006616
1520530368.502050 1.089485 0.006616
1520530368.552051 1.089464 0.006616
1520530368.652054 1.089484 0.006615
1520530368.702056 1.089470 0.006615
1520530368.802058 1.089498 0.006615
1520530368.901391 1.089510 0.006615
1520530368.951392 1.089496 0.006615
1520530369.051395 1.089514 0.006615
1520530369.101397 1.089539 0.006615
1520530369.201400 1.089549 0.006615
1520530369.251401 1.089529 0.006615
1520530369.351538 1.089542 0.006615
1520530369.451542 1.089550 0.006615
1520530369.551545 1.089554 0.006615
1520530369.601546 1.089556 0.006615
1520530369.701896 1.089571 0.006615
1520530369.801900 1.089598 0.006615
1520530369.901903 1.089599 0.006614
1520530370.051908 1.089577 0.006614
1520530370.201933 1.089610 0.006614
1520530370.351937 1.089631 0.006614
1520530370.501883 1.089651 0.006613
1520530370.701889 1.089677 0.006612
1520530370.851892 1.089649 0.006611
1520530371.001944 1.089697 0.006610
1520530371.101947 1.089712 0.006610
1520530371.251952 1.089734 0.006609
1520530371.401953 1.089716 0.006609
1520530371.551958 1.089755 0.006608
1520530371.701962 1.089736 0.006608
1520530371.801961 1.089686 0.006608
1520530371.901964 1.089699 0.006608
1520530372.001968 1.089692 0.006607
1520530372.101971 1.089688 0.006607
1520530372.251958 1.089734 0.006607
1520530372.401963 1.089756 0.006606
1520530372.551956 1.089770 0.006606
1520530372.651960 1.089769 0.006605
1520530372.751963 1.089767 0.006605
1520530372.851966 1.089741 0.006604
1520530372.951617 1.089737 0.006604
1520530373.101622 1.089714 0.006603
1520530373.251627 1.089713 0.006603
1520530373.351457 1.089689 0.006603
1520530373.451460 1.089688 0.006602
1520530373.501461 1.089691 0.006602
1520530373.601465 1.089659 0.006602
1520530373.651466 1.089678 0.006602
1520530373.751469 1.089671 0.006602
1520530373.851583 1.089656 0.006601
1520530373.901585 1.089650 0.006601
1520530374.001588 1.089633 0.006601
1520530374.051589 1.089633 0.006601
1520530374.151592 1.089623 0.006601
1520530374.201953 1.089613 0.006601
1520530374.301956 1.089616 0.006601
1520530374.401959 1.089624 0.006601
1520530374.501962 1.089648 0.006600
1520530374.602407 1.089668 0.006600
1520530374.752412 1.089718 0.006600
1520530374.852415 1.089715 0.006599
1520530374.952418 1.089747 0.006599
1520530375.052444 1.089775 0.006599
1520530375.152447 1.089796 0.006599
1520530375.252454 1.089780 0.006599
1520530375.402252 1.089782 0.006598
1520530375.502216 1.089772 0.006598
1520530375.602219 1.089787 0.006598
1520530375.702222 1.089781 0.006597
1520530375.752223 1.089760 0.006597
1520530375.852258 1.089746 0.006597
1520530375.902259 1.089723 0.006597
1520530376.002262 1.089710 0.006597
1520530376.052264 1.089710 0.006596
1520530376.152267 1.089703 0.006597
1520530376.202270 1.089724 0.006596
1520530376.301951 1.089752 0.006597
1520530376.401954 1.089740 0.006596
1520530376.501958 1.089704 0.006596
1520530376.551960 1.089698 0.006596
1520530376.652663 1.089722 0.006596
1520530376.702664 1.089728 0.006596
1520530376.802668 1.089717 0.006596
1520530376.852669 1.089689 0.006596
1520530376.952672 1.089678 0.006596
1520530377.052898 1.089683 0.006596
1520530377.152900 1.089691 0.006596
1520530377.252903 1.089712 0.006596
1520530377.352906 1.089743 0.006596
1520530377.451719 1.089762 0.006596
1520530377.551722 1.089789 0.006595
1520530377.651725 1.089732 0.006595
1520530377.751728 1.089780 0.006595
1520530377.851407 1.089790 0.006595
1520530377.951411 1.089786 0.006595
1520530378.051414 1.089796 0.006595
1520530378.101416 1.089784 0.006595
1520530378.201419 1.089752 0.006595
1520530378.251420 1.089749 0.006594
1520530378.351513 1.089763 0.006594
1520530378.401515 1.089774 0.006594
1520530378.501517 1.089783 0.006594
1520530378.551519 1.089781 0.006594
1520530378.651522 1.089782 0.006594
1520530378.702209 1.089800 0.006594
1520530378.802212 1.089796 0.006594
1520530378.902215 1.089799 0.006594
1520530379.002218 1.089802 0.006594
1520530379.102149 1.089799 0.006594
1520530379.202152 1.089806 0.006594
1520530379.302155 1.089835 0.006593
1520530379.402159 1.089869 0.006593
1520530379.501850 1.089887 0.006593
1520530379.601853 1.089918 0.006593
1520530379.701856 1.089926 0.006592
1520530379.801860 1.089912 0.006592
1520530379.901824 1.089913 0.006592
1520530380.001827 1.089912 0.006592
1520530380.051829 1.089901 0.006592
1520530380.151832 1.089922 0.006592
1520530380.201888 1.089911 0.006592
1520530380.301736 1.089884 0.006592
1520530380.352160 1.089895 0.006591
1520530380.452163 1.089918 0.006592
1520530380.552166 1.089942 0.006591
1520530380.652170 1.089946 0.006592
1520530380.752135 1.089944 0.006592
1520530380.852138 1.089978 0.006592
1520530380.902139 1.089994 0.006592
1520530381.002143 1.089994 0.006591
1520530381.052144 1.089939 0.006591
1520530381.152048 1.089955 0.006591
1520530381.202049 1.089948 0.006591
1520530381.302052 1.089947 0.006591
1520530381.402056 1.089940 0.006591
1520530381.502058 1.089953 0.006591
1520530381.602264 1.089957 0.006591
1520530381.752268 1.089962 0.006591
1520530381.852271 1.089969 0.006591
1520530381.952332 1.089997 0.006591
1520530382.052335 1.090032 0.006591
1520530382.152338 1.090053 0.006591
1520530382.252342 1.090043 0.006591
1520530382.352159 1.090052 0.006591
1520530382.452162 1.090052 0.006591
1520530382.552165 1.090065 0.006591
1520530382.652168 1.090073 0.006591
1520530382.752171 1.090063 0.006591
1520530382.852246 1.090059 0.006591
1520530383.002250 1.090075 0.006590
1520530383.102253 1.090049 0.006591
1520530383.202206 1.090039 0.006591
1520530383.302209 1.090038 0.006591
1520530383.402267 1.090047 0.006591
1520530383.502216 1.090049 0.006591
1520530383.602472 1.090061 0.006591
1520530383.702475 1.090060 0.006590
1520530383.802478 1.090064 0.006590
1520530383.852479 1.090114 0.006590
1520530383.952482 1.090114 0.006590
1520530384.002530 1.090103 0.006590
1520530384.102533 1.090143 0.006590
1520530384.152534 1.090135 0.006590
1520530384.252537 1.090204 0.006590
1520530384.302539 1.090205 0.006590
1520530384.402432 1.090189 0.006590
1520530384.452434 1.090193 0.006589
1520530384.552437 1.090181 0.006589
1520530384.652440 1.090148 0.006590
1520530384.752443 1.090136 0.006590
1520530384.852858 1.090134 0.006589
1520530384.902860 1.090184 0.006590
1520530385.002916 1.090186 0.006589
1520530385.052864 1.090156 0.006590
1520530385.152867 1.090186 0.006590
1520530385.202869 1.090203 0.006590
1520530385.302707 1.090254 0.006590
1520530385.352709 1.090235 0.006589
1520530385.452712 1.090265 0.006589
1520530385.502713 1.090256 0.006589
1520530385.602716 1.090280 0.006589
1520530385.652486 1.090277 0.006589
1520530385.752489 1.090300 0.006589
1520530385.802491 1.090284 0.006589
1520530385.902494 1.090285 0.006589
1520530385.952497 1.090278 0.006589
1520530386.052544 1.090287 0.006589
1520530386.152547 1.090290 0.006589
1520530386.252550 1.090289 0.006589
1520530386.352553 1.090285 0.006589
1520530386.452758 1.090281 0.006589
1520530386.552761 1.090293 0.006589
1520530386.652764 1.090295 0.006589
1520530386.752767 1.090272 0.006589
1520530386.852674 1.090252 0.006589
1520530386.952678 1.090253 0.006589
1520530387.052681 1.090262 0.006589
1520530387.152684 1.090288 0.006589
1520530387.252606 1.090304 0.006589
1520530387.352609 1.090336 0.006589
1520530387.452612 1.090366 0.006589
1520530387.502614 1.090364 0.006589
1520530387.602617 1.090386 0.006589
1520530387.702457 1.090396 0.006589
1520530387.752459 1.090386 0.006589
1520530387.852464 1.090372 0.006589
1520530387.902463 1.090367 0.006589
1520530388.002466 1.090377 0.006589
1520530388.052468 1.090369 0.006589
1520530388.152496 1.090382 0.006588
1520530388.202544 1.090401 0.006589
1520530388.302501 1.090396 0.006589
1520530388.402504 1.090370 0.006589
1520530388.502852 1.090359 0.006588
1520530388.602855 1.090350 0.006588
1520530388.752860 1.090371 0.006588
1520530388.902233 1.090380 0.006588
1520530389.002237 1.090380 0.006588
1520530389.102240 1.090384 0.006588
1520530389.202243 1.090389 0.006588
1520530389.302934 1.090367 0.006588
1520530389.402938 1.090363 0.006588
1520530389.502940 1.090400 0.006588
1520530389.602943 1.090417 0.006588
1520530389.702846 1.090427 0.006588
1520530389.753403 1.090440 0.006588
1520530389.853406 1.090464 0.006588
1520530389.903408 1.090466 0.006588
1520530390.003411 1.090449 0.006588
1520530390.053412 1.090446 0.006588
1520530390.152569 1.090441 0.006588
1520530390.202569 1.090442 0.006588
1520530390.302572 1.090432 0.006588
1520530390.352575 1.090421 0.006588
1520530390.452578 1.090396 0.006588
1520530390.553324 1.090356 0.006588
1520530390.603326 1.090373 0.006588
1520530390.703329 1.090403 0.006588
1520530390.803333 1.090401 0.006588
1520530390.903336 1.090339 0.006588
1520530391.003381 1.090337 0.006588
1520530391.053383 1.090341 0.006588
1520530391.153385 1.090346 0.006588
1520530391.253388 1.090363 0.006588
1520530391.352333 1.090365 0.006588
1520530391.452336 1.090357 0.006588
1520530391.552339 1.090369 0.006588
1520530391.652342 1.090370 0.006588
1520530391.752424 1.090356 0.006588
1520530391.852427 1.090355 0.006588
1520530391.952430 1.090365 0.006588
1520530392.052433 1.090358 0.006588
1520530392.152436 1.090350 0.006588
1520530392.203142 1.090341 0.006588
1520530392.303145 1.090326 0.006588
1520530392.353147 1.090315 0.006588
1520530392.453150 1.090312 0.006588
1520530392.503151 1.090312 0.006588
1520530392.602235 1.090301 0.006588
1520530392.702237 1.090291 0.006588
1520530392.802241 1.090285 0.006588
1520530392.902243 1.090324 0.006588
1520530392.952245 1.090333 0.006588
1520530393.052154 1.090341 0.006588
1520530393.152157 1.090352 0.006588
1520530393.252160 1.090351 0.006588
1520530393.352164 1.090381 0.006588
1520530393.402921 1.090379 0.006588
1520530393.502924 1.090434 0.006587
1520530393.602927 1.090424 0.006588
1520530393.652929 1.090370 0.006587
1520530393.752932 1.090334 0.006588
1520530393.852959 1.090341 0.006588
1520530394.002964 1.090311 0.006588
1520530394.102968 1.090294 0.006588
1520530394.202165 1.090346 0.006588
1520530394.252167 1.090336 0.006588
1520530394.352170 1.090358 0.006588
1520530394.452173 1.090360 0.006588
1520530394.552176 1.090366 0.006588
1520530394.652876 1.090380 0.006588
1520530394.752879 1.090360 0.006588
1520530394.852882 1.090376 0.006588
1520530394.952885 1.090396 0.006588
1520530395.053731 1.090378 0.006588
1520530395.153734 1.090373 0.006588
1520530395.253737 1.090390 0.006587
1520530395.353740 1.090397 0.006588
1520530395.452705 1.090416 0.006588
1520530395.552709 1.090410 0.006588
1520530395.652712 1.090417 0.006588
1520530395.752715 1.090410 0.006588
1520530395.853078 1.090401 0.006588
1520530395.953081 1.090394 0.006588
1520530396.053084 1.090385 0.006588
1520530396.153087 1.090364 0.006588
1520530396.253235 1.090367 0.006588
1520530396.353238 1.090364 0.006588
1520530396.453241 1.090339 0.006588
1520530396.553244 1.090330 0.006588
1520530396.603246 1.090323 0.006588
1520530396.703145 1.090328 0.006588
1520530396.803148 1.090332 0.006588
1520530396.903152 1.090341 0.006588
1520530397.003155 1.090335 0.006588
1520530397.102782 1.090343 0.006588
1520530397.202785 1.090359 0.006588
1520530397.302788 1.090374 0.006588
1520530397.402791 1.090385 0.006588
1520530397.502304 1.090388 0.006588
1520530397.602308 1.090391 0.006588
1520530397.652309 1.090397 0.006588
1520530397.752312 1.090409 0.006588
1520530397.852315 1.090415 0.006588
1520530397.902585 1.090396 0.006588
1520530398.002588 1.090376 0.006588
1520530398.052589 1.090363 0.006588
1520530398.152592 1.090343 0.006588
1520530398.252596 1.090321 0.006588
1520530398.353367 1.090320 0.006588
1520530398.403368 1.090315 0.006587
1520530398.503371 1.090275 0.006588
1520530398.553373 1.090246 0.006588
1520530398.653376 1.090270 0.006588
1520530398.703221 1.090325 0.006588
1520530398.803225 1.090263 0.006587
1520530398.853226 1.090275 0.006588
1520530398.953229 1.090263 0.006587
1520530399.003230 1.090218 0.006587
1520530399.103233 1.090234 0.006587
1520530399.152330 1.090250 0.006587
1520530399.252333 1.090234 0.006587
1520530399.302335 1.090235 0.006587
1520530399.402342 1.090241 0.006588
1520530399.452339 1.090246 0.006588
1520530399.553006 1.090259 0.006588
1520530399.603008 1.090269 0.006588
1520530399.703011 1.090258 0.006588
1520530399.803014 1.090248 0.006588
1520530399.903017 1.090244 0.006588
1520530399.953275 1.090245 0.006587
1520530400.053278 1.090246 0.006588
1520530400.103279 1.090240 0.006587
1520530400.203283 1.090229 0.006587
1520530400.253284 1.090239 0.006588
1520530400.352494 1.090250 0.006588
1520530400.402496 1.090261 0.006588
1520530400.502500 1.090270 0.006588
1520530400.552501 1.090281 0.006588
1520530400.652504 1.090271 0.006588
1520530400.752291 1.090281 0.006588
1520530400.802292 1.090280 0.006587
1520530400.902295 1.090270 0.006588
1520530401.002299 1.090271 0.006588
1520530401.102302 1.090260 0.006587
1520530401.202755 1.090270 0.006588
1520530401.252756 1.090278 0.006588
1520530401.352759 1.090270 0.006588
1520530401.402761 1.090271 0.006587
1520530401.502764 1.090276 0.006588
1520530401.552766 1.090268 0.006588
1520530401.653039 1.090269 0.006588
1520530401.753042 1.090264 0.006588
1520530401.853045 1.090250 0.006588
1520530401.903047 1.090245 0.006588
1520530402.002281 1.090242 0.006588
1520530402.052283 1.090241 0.006588
1520530402.152286 1.090225 0.006588
1520530402.202287 1.090228 0.006588
1520530402.302290 1.090231 0.006588
1520530402.352292 1.090227 0.006588
1520530402.452569 1.090227 0.006588
1520530402.502571 1.090221 0.006588
1520530402.602574 1.090212 0.006588
1520530402.702577 1.090214 0.006588
1520530402.803416 1.090190 0.006588
1520530402.903419 1.090189 0.006588
1520530402.953420 1.090198 0.006588
1520530403.053424 1.090206 0.006588
1520530403.103425 1.090221 0.006588
1520530403.202933 1.090221 0.006588
1520530403.302936 1.090223 0.006588
1520530403.352938 1.090212 0.006588
1520530403.452941 1.090184 0.006588
1520530403.502943 1.090176 0.006588
1520530403.602946 1.090178 0.006588
1520530403.652254 1.090177 0.006588
1520530403.752257 1.090176 0.006588
1520530403.802258 1.090167 0.006588
1520530403.902261 1.090156 0.006588
1520530403.952263 1.090162 0.006588
1520530404.052745 1.090163 0.006588
1520530404.102746 1.090159 0.006588
1520530404.202749 1.090152 0.006587
1520530404.302752 1.090153 0.006588
1520530404.402755 1.090142 0.006588
1520530404.453112 1.090147 0.006587
1520530404.553115 1.090153 0.006588
1520530404.653119 1.090140 0.006588
1520530404.753122 1.090137 0.006587
1520530404.852642 1.090146 0.006587
1520530404.902643 1.090131 0.006588
1520530405.002647 1.090148 0.006588
1520530405.052648 1.090146 0.006588
1520530405.152651 1.090143 0.006588
1520530405.202653 1.090132 0.006587
1520530405.302330 1.090128 0.006588
1520530405.352331 1.090133 0.006588
1520530405.452334 1.090146 0.006588
1520530405.502335 1.090144 0.006588
1520530405.602339 1.090140 0.006588
1520530405.652792 1.090131 0.006587
1520530405.752795 1.090138 0.006587
1520530405.802797 1.090133 0.006587
1520530405.902800 1.090121 0.006587
1520530405.952801 1.090120 0.006587
1520530406.052804 1.090114 0.006588
1520530406.153570 1.090092 0.006588
1520530406.203573 1.090129 0.006587
1520530406.303576 1.090112 0.006587
1520530406.353577 1.090116 0.006587
1520530406.453580 1.090089 0.006587
1520530406.553487 1.090099 0.006588
1520530406.653490 1.090103 0.006587
1520530406.753493 1.090117 0.006587
1520530406.853497 1.090112 0.006587
1520530406.902692 1.090095 0.006587
1520530407.002694 1.090102 0.006587
1520530407.052696 1.090117 0.006587
1520530407.152699 1.090157 0.006587
1520530407.202701 1.090137 0.006587
1520530407.303185 1.090124 0.006588
1520530407.353185 1.090131 0.006587
1520530407.453221 1.090137 0.006587
1520530407.503190 1.090114 0.006587
1520530407.603193 1.090076 0.006588
1520530407.653194 1.090066 0.006588
1520530407.753511 1.090049 0.006587
1520530407.803513 1.090023 0.006587
1520530407.903516 1.090030 0.006588
1520530407.953518 1.090052 0.006587
1520530408.053521 1.090054 0.006587
1520530408.103522 1.090049 0.006588
1520530408.203605 1.090047 0.006587
1520530408.303608 1.090055 0.006587
1520530408.403612 1.090053 0.006587
1520530408.503614 1.090055 0.006587
1520530408.553374 1.090048 0.006587
1520530408.653377 1.090034 0.006587
1520530408.753380 1.090025 0.006587
1520530408.853383 1.090041 0.006587
1520530408.952878 1.090030 0.006587
1520530409.052890 1.090036 0.006587
1520530409.152884 1.090042 0.006587
1520530409.252887 1.090050 0.006587
1520530409.352902 1.090055 0.006587
1520530409.452906 1.090038 0.006587
1520530409.552909 1.090046 0.006587
1520530409.652912 1.090058 0.006587
1520530409.752654 1.090055 0.006587
1520530409.852657 1.090061 0.006587
1520530409.952660 1.090060 0.006587
1520530410.052664 1.090053 0.006587
1520530410.153223 1.090048 0.006587
1520530410.253226 1.090040 0.006587
1520530410.353231 1.090026 0.006587
1520530410.453232 1.090027 0.006587
1520530410.553235 1.090029 0.006587
1520530410.603875 1.090025 0.006587
1520530410.703878 1.090004 0.006587
1520530410.803881 1.090036 0.006587
1520530410.903884 1.090023 0.006587
1520530411.003418 1.090022 0.006587
1520530411.103421 1.090042 0.006587
1520530411.253426 1.090042 0.006587
1520530411.403009 1.090041 0.006587
1520530411.503012 1.090034 0.006587
1520530411.603015 1.090001 0.006587
1520530411.703018 1.090001 0.006587
1520530411.802907 1.090006 0.006587
1520530411.852907 1.090016 0.006587
1520530411.952910 1.090018 0.006587
1520530412.002912 1.090018 0.006587
1520530412.102915 1.090021 0.006587
1520530412.152916 1.090017 0.006587
1520530412.253417 1.090016 0.006587
1520530412.303419 1.090012 0.006587
1520530412.403422 1.090006 0.006587
1520530412.453423 1.089999 0.006587
1520530412.553426 1.090000 0.006587
1520530412.653630 1.089997 0.006587
1520530412.753633 1.089989 0.006587
1520530412.803634 1.089989 0.006587
1520530412.903637 1.089985 0.006587
1520530412.953639 1.089987 0.006587
1520530413.053009 1.089993 0.006587
1520530413.103011 1.090005 0.006587
1520530413.203014 1.090020 0.006587
1520530413.303017 1.090017 0.006587
1520530413.403021 1.089994 0.006587
1520530413.502941 1.089995 0.006587
1520530413.602944 1.089991 0.006587
1520530413.903189 1.089999 0.006587
1520530414.003112 1.089989 0.006587
1520530414.103115 1.089976 0.006587
1520530414.203118 1.089980 0.006587
1520530414.252894 1.089978 0.006587
1520530414.352897 1.089982 0.006587
1520530414.452900 1.089992 0.006587
1520530414.552903 1.089996 0.006587
1520530414.652705 1.089986 0.006587
1520530414.752708 1.089988 0.006587
1520530414.852712 1.089978 0.006587
1520530414.952715 1.089976 0.006587
1520530415.052718 1.089968 0.006587
1520530415.153197 1.089967 0.006587
1520530415.253200 1.089945 0.006587
1520530415.353203 1.089946 0.006587
1520530415.453206 1.089950 0.006587
1520530415.553069 1.089960 0.006587
1520530415.653072 1.089959 0.006587
1520530415.753075 1.089928 0.006587
1520530415.903361 1.089921 0.006587
1520530416.053366 1.089940 0.006587
1520530416.453380 1.089966 0.006587
1520530416.603384 1.089976 0.006587
1520530416.703272 1.089969 0.006587
1520530416.753274 1.089945 0.006587
1520530416.853277 1.089959 0.006587
1520530416.953280 1.089955 0.006587
1520530417.053283 1.089949 0.006587
1520530417.153371 1.089924 0.006587
1520530417.253374 1.089942 0.006587
1520530417.603465 1.089929 0.006587
1520530417.703468 1.089928 0.006587
1520530417.803472 1.089941 0.006587
1520530417.903475 1.089951 0.006587
1520530418.003458 1.089945 0.006587
1520530418.103461 1.089933 0.006587
1520530418.203465 1.089933 0.006587
1520530418.303468 1.089935 0.006587
1520530418.453434 1.089934 0.006587
1520530418.653440 1.089922 0.006587
1520530418.753343 1.089915 0.006587
1520530418.853346 1.089913 0.006587
1520530418.953350 1.089925 0.006587
1520530419.053353 1.089919 0.006587
1520530419.153533 1.089912 0.006587
1520530419.253536 1.089919 0.006587
1520530419.353539 1.089921 0.006587
1520530419.503544 1.089914 0.006587
1520530419.653731 1.089916 0.006587
1520530419.753734 1.089917 0.006587
1520530419.853738 1.089924 0.006587
1520530419.953740 1.089918 0.006587
1520530420.053599 1.089911 0.006587
1520530420.153602 1.089907 0.006587
1520530420.253605 1.089897 0.006587
1520530420.353608 1.089883 0.006587
1520530420.453700 1.089883 0.006587
1520530420.603705 1.089881 0.006587
1520530420.803356 1.089886 0.006587
1520530420.953361 1.089886 0.006587
1520530421.053364 1.089887 0.006587
1520530421.153367 1.089887 0.006587
1520530421.253431 1.089893 0.006587
1520530421.303432 1.089876 0.006587
1520530421.403435 1.089872 0.006587
1520530421.503439 1.089871 0.006587
1520530421.603611 1.089875 0.006587
1520530421.703614 1.089869 0.006587
1520530421.853618 1.089865 0.006587
1520530422.003623 1.089861 0.006587
1520530422.103474 1.089857 0.006587
1520530422.203477 1.089862 0.006587
1520530422.303480 1.089857 0.006587
1520530422.403483 1.089855 0.006587
1520530422.453395 1.089858 0.006587
1520530422.553398 1.089853 0.006586
1520530422.653400 1.089846 0.006587
1520530422.753403 1.089843 0.006587
1520530422.853580 1.089838 0.006587
1520530423.003587 1.089830 0.006587
1520530423.103590 1.089832 0.006586
1520530423.153591 1.089831 0.006587
1520530423.253316 1.089818 0.006587
1520530423.353319 1.089828 0.006587
1520530423.453322 1.089827 0.006587
1520530423.603327 1.089819 0.006587
1520530423.652983 1.089822 0.006586
1520530423.752986 1.089830 0.006587
1520530423.802988 1.089826 0.006587
1520530423.902991 1.089822 0.006587
1520530424.002994 1.089822 0.006587
1520530424.052950 1.089825 0.006587
1520530424.153255 1.089815 0.006587
1520530424.253258 1.089784 0.006586
1520530424.353261 1.089778 0.006586
1520530424.453264 1.089809 0.006586
1520530424.504722 1.089849 0.006587
1520530424.604726 1.089859 0.006587
1520530424.704729 1.089866 0.006586
1520530424.854733 1.089893 0.006586
1520530424.903374 1.089894 0.006586
1520530425.003378 1.089929 0.006586
1520530425.053379 1.089886 0.006586
1520530425.153383 1.089851 0.006587
1520530425.253385 1.089847 0.006586
1520530425.353734 1.089817 0.006586
1520530425.453737 1.089811 0.006587
1520530425.603741 1.089830 0.006587
1520530425.653743 1.089797 0.006586
1520530425.753677 1.089791 0.006587
1520530425.803679 1.089789 0.006587
1520530425.903682 1.089802 0.006587
1520530426.003685 1.089801 0.006587
1520530426.103474 1.089796 0.006586
1520530426.203477 1.089814 0.006586
1520530426.253478 1.089815 0.006586
1520530426.353481 1.089809 0.006587
1520530426.453484 1.089800 0.006587
1520530426.553551 1.089802 0.006587
1520530426.703556 1.089806 0.006586
1520530426.753558 1.089817 0.006586
1520530426.853560 1.089826 0.006587
1520530426.903562 1.089836 0.006587
1520530427.003600 1.089820 0.006587
1520530427.103603 1.089806 0.006587
1520530427.203606 1.089792 0.006587
1520530427.303609 1.089805 0.006587
1520530427.403594 1.089859 0.006587
1520530427.503597 1.089841 0.006587
1520530427.803679 1.089802 0.006587
1520530427.903683 1.089830 0.006587
1520530428.003686 1.089829 0.006587
1520530428.103692 1.089807 0.006587
1520530428.153535 1.089781 0.006587
1520530428.253538 1.089786 0.006587
1520530428.303540 1.089792 0.006587
1520530428.403618 1.089781 0.006587
1520530428.453544 1.089775 0.006586
1520530428.553451 1.089788 0.006587
1520530428.603452 1.089806 0.006586
1520530428.703455 1.089797 0.006587
1520530428.803458 1.089795 0.006587
1520530428.903461 1.089792 0.006587
1520530428.953463 1.089792 0.006587
1520530429.053445 1.089777 0.006587
1520530429.103447 1.089777 0.006587
1520530429.203450 1.089780 0.006587
1520530429.253451 1.089782 0.006587
1520530429.353455 1.089781 0.006587
1520530429.403551 1.089817 0.006587
1520530429.503555 1.089808 0.006587
1520530429.553556 1.089822 0.006587
1520530429.653559 1.089800 0.006586
1520530429.703560 1.089782 0.006587
1520530429.803622 1.089774 0.006587
1520530429.853626 1.089770 0.006587
1520530429.953626 1.089776 0.006587
1520530430.003663 1.089782 0.006586
1520530430.103631 1.089777 0.006587
1520530430.153632 1.089777 0.006587
1520530430.253346 1.089774 0.006587
1520530430.303347 1.089766 0.006587
1520530430.403350 1.089767 0.006587
1520530430.503353 1.089770 0.006587
1520530430.603527 1.089773 0.006587
1520530430.653528 1.089771 0.006587
1520530430.753532 1.089770 0.006587
1520530430.803533 1.089765 0.006587
1520530430.903536 1.089772 0.006587
1520530431.003696 1.089766 0.006587
1520530431.103700 1.089761 0.006586
1520530431.153701 1.089762 0.006587
1520530431.253704 1.089765 0.006587
1520530431.303706 1.089764 0.006587
1520530431.403709 1.089763 0.006587
1520530431.453562 1.089759 0.006587
1520530431.553565 1.089766 0.006587
1520530431.603567 1.089766 0.006587
1520530431.703570 1.089767 0.006587
1520530431.753571 1.089764 0.006587
1520530431.853524 1.089768 0.006586
1520530431.903526 1.089761 0.006586
1520530432.003529 1.089762 0.006586
1520530432.053530 1.089756 0.006586
1520530432.153533 1.089749 0.006586
1520530432.203536 1.089743 0.006586
1520530432.303698 1.089737 0.006586
1520530432.353700 1.089743 0.006586
1520530432.453702 1.089758 0.006587
1520530432.553705 1.089772 0.006586
1520530432.603708 1.089763 0.006586
1520530432.703550 1.089755 0.006586
1520530432.753551 1.089749 0.006586
1520530432.853554 1.089754 0.006586
1520530432.953557 1.089757 0.006586
1520530433.053690 1.089748 0.006586
1520530433.103691 1.089743 0.006586
1520530433.203694 1.089739 0.006586
1520530433.303697 1.089749 0.006586
1520530433.403700 1.089754 0.006586
1520530433.503793 1.089762 0.006586
1520530433.603796 1.089747 0.006586
1520530433.703799 1.089754 0.006586
1520530433.803803 1.089741 0.006586
1520530433.853804 1.089731 0.006586
1520530433.953632 1.089730 0.006586
1520530434.003634 1.089720 0.006586
1520530434.103637 1.089721 0.006586
1520530434.153638 1.089714 0.006586
1520530434.253642 1.089680 0.006586
1520530434.303478 1.089707 0.006586
1520530434.403481 1.089722 0.006586
1520530434.453483 1.089718 0.006586
1520530434.553486 1.089718 0.006586
1520530434.603488 1.089719 0.006586
1520530434.703655 1.089717 0.006586
1520530434.753658 1.089724 0.006586
1520530434.853723 1.089722 0.006586
1520530434.903661 1.089720 0.006586
1520530435.003664 1.089728 0.006586
1520530435.103796 1.089747 0.006586
1520530435.153798 1.089736 0.006586
1520530435.253801 1.089734 0.006586
1520530435.303802 1.089735 0.006586
1520530435.403806 1.089750 0.006586
1520530435.453807 1.089750 0.006586
1520530435.554088 1.089738 0.006586
1520530435.604089 1.089726 0.006586
1520530435.704092 1.089729 0.006586
1520530435.754094 1.089733 0.006586
1520530435.854097 1.089728 0.006586
1520530435.904099 1.089723 0.006586
1520530436.003837 1.089716 0.006586
1520530436.053838 1.089713 0.006586
1520530436.153841 1.089709 0.006586
1520530436.203843 1.089715 0.006586
1520530436.303846 1.089720 0.006586
1520530436.403957 1.089719 0.006586
1520530436.553962 1.089715 0.006586
1520530436.703966 1.089696 0.006586
1520530436.804032 1.089686 0.006586
1520530436.904035 1.089699 0.006586
1520530436.954037 1.089708 0.006586
1520530437.054040 1.089713 0.006586
1520530437.104042 1.089717 0.006586
1520530437.203536 1.089716 0.006586
1520530437.253536 1.089724 0.006586
1520530437.353539 1.089734 0.006586
1520530437.403543 1.089741 0.006586
1520530437.503545 1.089752 0.006586
1520530437.553870 1.089747 0.006586
1520530437.653873 1.089730 0.006586
1520530437.753876 1.089717 0.006586
1520530437.803878 1.089714 0.006586
1520530437.903881 1.089712 0.006586
1520530438.004481 1.089719 0.006586
1520530438.104484 1.089718 0.006586
1520530438.204487 1.089725 0.006586
1520530438.254489 1.089731 0.006586
1520530438.354492 1.089736 0.006586
1520530438.403621 1.089707 0.006586
1520530438.503624 1.089719 0.006586
1520530438.553626 1.089738 0.006586
1520530438.653629 1.089726 0.006586
1520530438.753632 1.089710 0.006586
1520530438.804389 1.089715 0.006586
1520530438.904392 1.089718 0.006586
1520530439.004395 1.089700 0.006586
1520530439.154401 1.089682 0.006586
1520530439.254655 1.089696 0.006586
1520530439.404660 1.089684 0.006586
1520530439.604177 1.089682 0.006586
1520530439.754182 1.089686 0.006586
1520530439.854185 1.089691 0.006586
1520530439.954188 1.089707 0.006586
1520530440.054101 1.089712 0.006586
1520530440.154104 1.089711 0.006586
1520530440.254107 1.089704 0.006586
1520530440.354110 1.089713 0.006586
1520530440.453977 1.089706 0.006586
1520530440.553980 1.089713 0.006586
1520530440.653984 1.089709 0.006586
1520530440.803989 1.089718 0.006586
1520530440.903872 1.089716 0.006586
1520530441.003875 1.089712 0.006586
1520530441.103878 1.089706 0.006586
1520530441.203881 1.089705 0.006586
1520530441.303927 1.089703 0.006586
1520530441.403893 1.089700 0.006586
1520530441.503896 1.089681 0.006586
1520530441.603899 1.089690 0.006586
1520530441.704084 1.089703 0.006586
1520530441.854089 1.089708 0.006586
1520530441.954092 1.089715 0.006586
1520530442.054030 1.089727 0.006586
1520530442.154034 1.089734 0.006586
1520530442.254038 1.089741 0.006586
1520530442.354040 1.089748 0.006586
1520530442.453714 1.089738 0.006586
1520530442.553717 1.089740 0.006586
1520530442.603719 1.089737 0.006586
1520530442.703722 1.089736 0.006586
1520530442.753723 1.089742 0.006586
1520530442.853726 1.089733 0.006586
1520530442.904376 1.089735 0.006586
1520530443.004379 1.089751 0.006586
1520530443.104382 1.089748 0.006586
1520530443.204385 1.089742 0.006586
1520530443.354468 1.089745 0.006586
1520530443.504473 1.089746 0.006586
1520530443.604476 1.089750 0.006586
1520530443.704013 1.089745 0.006586
1520530443.804016 1.089747 0.006586
1520530443.904020 1.089748 0.006586
1520530444.004023 1.089751 0.006586
1520530444.104403 1.089740 0.006586
1520530444.204406 1.089735 0.006586
1520530444.304409 1.089728 0.006586
1520530444.404412 1.089742 0.006586
1520530444.454413 1.089727 0.006586
1520530444.555263 1.089720 0.006586
1520530444.655166 1.089723 0.006586
1520530444.755169 1.089717 0.006587
1520530444.855172 1.089724 0.006587
1520530444.954962 1.089705 0.006586
1520530445.004964 1.089724 0.006586
1520530445.104967 1.089739 0.006587
1520530445.154968 1.089735 0.006586
1520530445.254971 1.089724 0.006586
1520530445.353892 1.089711 0.006586
1520530445.453896 1.089731 0.006586
1520530445.503898 1.089709 0.006586
1520530445.603900 1.089712 0.006586
1520530445.703904 1.089709 0.006586
1520530445.753751 1.089721 0.006586
1520530445.853755 1.089731 0.006586
1520530445.903755 1.089731 0.006586
1520530446.003758 1.089722 0.006586
1520530446.103761 1.089724 0.006586
1520530446.154954 1.089738 0.006586
1520530446.254902 1.089749 0.006586
1520530446.354905 1.089755 0.006586
1520530446.454908 1.089750 0.006586
1520530446.554783 1.089748 0.006586
1520530446.654786 1.089736 0.006586
1520530446.754789 1.089735 0.006586
1520530446.854792 1.089738 0.006586
1520530446.954330 1.089734 0.006586
1520530447.054334 1.089719 0.006586
1520530447.154337 1.089724 0.006586
1520530447.254340 1.089727 0.006586
1520530447.354343 1.089727 0.006586
1520530447.454125 1.089729 0.006586
1520530447.604130 1.089724 0.006586
1520530447.754142 1.089717 0.006586
1520530448.203885 1.089722 0.006586
