DelayedMarginalization 0.000944479 2.30545e-08 0.00144529 1375
DelayedMarginalizationOnly 0.00044894 1.60386e-08 0.000811552 1375
EF-marginalizeFrame 0.00134504 3.49676e-08 0.00216032 1375
FullSystem::trackNewCoarse 0.00225148 1.48182e-07 0.00479204 2671
FullSystem::trackNewCoarseNoIMU 0.00132188 9.59536e-08 0.00259105 112
FullSystemOptimize 0.0290412 5.63659e-05 0.0611005 1381
GraphUnrolling 0.000170503 -nan 0.000170503 1
IMUInitAddPose 2.40004e-05 1.62653e-11 6.2109e-05 1381
IMUInitOptimize 0.00500203 2.3435e-07 0.00534434 2
IMUIntegration::finishKeyframeOperations 5.75945e-05 1.38136e-10 0.000142922 1374
InitializerFirstFrame 0.034567 -nan 0.034567 1
InitializerOtherFrames 0.0598608 0.000109031 0.0851616 35
MainMarginalization 0.00117628 2.83339e-08 0.00180546 1375
MarginalizeMainGraph 0.000495158 5.43551e-09 0.000736702 1375
PGBA 0.0190565 -nan 0.0190565 1
PGBAFull 0.0197222 -nan 0.0197222 1
PrepareGraphForMainOptimization 0.00019561 -nan 0.00019561 1
VisualMarginalization 3.80429e-05 6.39438e-11 0.000109431 1375
activatePointsMT 0.00342007 9.09681e-07 0.00801934 1381
addActiveFrame 0.0347777 0.000647483 0.0995342 2819
addIMUData 0.000663941 2.11538e-08 0.00123124 2671
addIMUDataToBA 3.50997e-05 1.30966e-10 0.0001255 2818
addKeyframeToBA 3.38346e-05 4.10692e-11 0.000138513 1381
afterCoarseTracking 2.62887e-07 4.3326e-15 6.31e-07 2783
baIteration 0.00646124 1.77318e-06 0.0204725 5100
baMatrixInversion 0.000222796 1.43876e-09 0.000670522 5100
baUpdateBuildHessians 0.000503783 2.46727e-08 0.00871011 5100
coarseTrackingIteration 0.00021028 5.32864e-09 0.00234564 22664
computeBAUpdate 0.000812573 3.20953e-08 0.00920414 5100
computeCoarseUpdate 9.46302e-05 6.59366e-10 0.0022875 20972
computeFactorForCoarseGraphAndMarginalCovariances 0.00290829 1.98743e-07 0.00571519 1374
convertHAndBFromDSO 0.000141679 3.54066e-09 0.000471716 10605
debugPlot 8.05402e-08 1.75135e-15 4.04e-07 1381
debugPlotIDepthMap 3.04903e-07 3.72355e-14 7.026e-06 1381
debugPlotIDepthMapFloat 8.52556e-08 2.86493e-14 6.275e-06 1381
deliverTrackedFrame 0.0293917 0.000639256 0.0945932 2784
flagFramesForMarginalization 1.73051e-06 1.53568e-12 4.153e-05 1381
fullCoarseTracking 0.0029649 3.02394e-07 0.00810931 2783
initObjectsAndMakeImage 0.00206503 4.30782e-08 0.00372608 2819
makeKeyframe 0.0540744 7.56349e-05 0.0945902 1381
makeKeyframeChangeTrackingRef 0.00228183 1.03931e-07 0.00399794 1381
makeNewTraces 0.00522376 5.60306e-07 0.0102326 1381
makeNonKeyframe 0.00509203 3.41144e-06 0.00969246 1403
marginalizeAndRemovePoints 0.00347313 1.1264e-06 0.00837279 1381
marginalizeFrame 0.00263756 1.32356e-07 0.00438016 1375
marginalizeFrameOverhead 0.00129019 6.68962e-08 0.00239066 1375
marginalizeFrames 0.00263402 3.91269e-07 0.00699826 1381
newFrameAndNewResidualsForOldPoints 0.000999458 3.29294e-08 0.00178415 1381
printBiases 3.73055e-05 1.15261e-10 0.000211459 1381
printEigenValLine 1.0628e-07 4.56424e-16 3.78e-07 1381
printLogLine 2.00957e-07 5.46735e-15 1.603e-06 1381
publishInMakeKeyframe 1.95555e-07 4.8642e-15 1.008e-06 1381
removeOutliers 0.000191599 2.32431e-09 0.000494025 1381
swapTrackingRef 2.29166e-05 2.07924e-11 8.9673e-05 1381
timeMeasurement 8.17066e-07 1.17366e-13 1.2158e-05 2819
traceNewCoarse 0.00426057 3.20178e-06 0.00968076 2784
updateBAValues 6.14161e-06 4.8952e-12 9.0567e-05 9972
zero 9.85484e-08 5.97046e-14 1.1475e-05 2819
