1520530315.599645 1.100933 0.457255
1520530315.749639 1.110082 0.254834
1520530315.899643 1.108744 0.207352
1520530316.049648 1.109869 0.198718
1520530316.100221 1.110810 0.197036
1520530316.300227 1.109592 0.180520
1520530316.450231 1.106510 0.168195
1520530316.650280 1.104447 0.161129
1520530316.850286 1.103301 0.157438
1520530316.949773 1.103984 0.152099
1520530317.149779 1.104270 0.133858
1520530317.299784 1.103011 0.120296
1520530317.449747 1.102210 0.109745
1520530317.649755 1.101996 0.101484
1520530317.750237 1.102474 0.097120
1520530317.900242 1.102128 0.092713
1520530318.050246 1.102002 0.091569
1520530318.150816 1.102258 0.090050
1520530318.300772 1.102185 0.088262
1520530318.450777 1.101666 0.085630
1520530318.600567 1.101303 0.083192
1520530318.800573 1.100391 0.081023
1520530318.950577 1.100359 0.079156
1520530319.049958 1.100509 0.076432
1520530319.199962 1.101237 0.070824
1520530319.349967 1.100535 0.065584
1520530319.449833 1.100156 0.062961
1520530319.599838 1.099717 0.060668
1520530319.699841 1.099045 0.060069
1520530319.800341 1.098660 0.060256
1520530319.900344 1.098047 0.059868
1520530320.000347 1.097810 0.058861
1520530320.100350 1.098374 0.057242
1520530320.200401 1.098075 0.055821
1520530320.300404 1.097274 0.054769
1520530320.450408 1.096666 0.053460
1520530320.599869 1.096341 0.051712
1520530320.749874 1.097184 0.048855
1520530320.899879 1.097440 0.045672
1520530321.049740 1.097160 0.043586
1520530321.199745 1.097524 0.042142
1520530321.349750 1.097005 0.040645
1520530321.499857 1.096550 0.039309
1520530321.649862 1.096851 0.038233
1520530321.749865 1.097507 0.037559
1520530321.850152 1.098389 0.036866
1520530322.000157 1.098821 0.035562
1520530322.100160 1.098062 0.034824
1520530322.250207 1.097381 0.034450
1520530322.450214 1.097388 0.034351
1520530322.650023 1.097590 0.033785
1520530322.850030 1.097273 0.032848
1520530323.000035 1.097290 0.032339
1520530323.150076 1.097456 0.031920
1520530323.300080 1.097290 0.031589
1520530323.450085 1.097451 0.030340
1520530323.550346 1.096833 0.029203
1520530323.700351 1.096049 0.028066
1520530323.850356 1.096033 0.027546
1520530323.950154 1.095854 0.027384
1520530324.100159 1.096265 0.027174
1520530324.250163 1.097240 0.026971
1520530324.299908 1.097917 0.026860
1520530324.449913 1.098193 0.026396
1520530324.549915 1.097849 0.026084
1520530324.649919 1.097574 0.025850
1520530324.800021 1.097575 0.025623
1520530324.950026 1.097823 0.025536
1520530325.100816 1.098091 0.025385
1520530325.300822 1.097984 0.024949
1520530325.500828 1.098462 0.024138
1520530325.700918 1.098466 0.023178
1520530325.900924 1.098217 0.022658
1520530326.000543 1.097834 0.022460
1520530326.150548 1.097470 0.022153
1520530326.300552 1.097437 0.021911
1520530326.400206 1.097526 0.021802
1520530326.550210 1.097616 0.021681
1520530326.700216 1.097468 0.021657
1520530326.900431 1.097838 0.021415
1520530327.050437 1.097528 0.020886
1520530327.150431 1.097272 0.020588
1520530327.300436 1.097148 0.020256
1520530327.450441 1.097252 0.020020
1520530327.550090 1.097368 0.019780
1520530327.650103 1.097443 0.019517
1520530327.750096 1.097140 0.019295
1520530327.850099 1.096324 0.019152
1520530327.950102 1.096256 0.019050
1520530328.000280 1.096581 0.018972
1520530328.100283 1.096391 0.018795
1520530328.200287 1.095931 0.018648
1520530328.300290 1.095592 0.018549
1520530328.400337 1.095577 0.018481
1520530328.500340 1.095501 0.018446
1520530328.600344 1.095513 0.018427
1520530328.700347 1.095246 0.018405
1520530328.800086 1.095430 0.018362
1520530329.000092 1.096377 0.018139
1520530329.100095 1.096349 0.017964
1520530329.200044 1.096881 0.017793
1520530329.300047 1.097382 0.017591
1520530329.400050 1.097090 0.017347
1520530329.650099 1.097141 0.017003
1520530329.750102 1.097453 0.016925
1520530329.850105 1.097313 0.016865
1520530329.950109 1.097773 0.016785
1520530330.050161 1.097827 0.016675
1520530330.150164 1.098123 0.016488
1520530330.250167 1.098390 0.016254
1520530330.350170 1.098700 0.015998
1520530330.450787 1.099068 0.015808
1520530330.550790 1.099302 0.015721
1520530330.650793 1.099634 0.015696
1520530330.700795 1.100113 0.015686
1520530330.800798 1.100328 0.015634
1520530330.850367 1.099990 0.015589
1520530330.950279 1.099954 0.015463
1520530331.050282 1.099888 0.015335
1520530331.150285 1.100004 0.015243
1520530331.250735 1.100132 0.015179
1520530331.350738 1.100195 0.015145
1520530331.450741 1.100069 0.015130
1520530331.550744 1.099632 0.015111
1520530331.650479 1.099423 0.015050
1520530331.700481 1.099264 0.014987
1520530331.800484 1.098483 0.014802
1520530331.900488 1.098102 0.014530
1520530332.000491 1.097678 0.014263
1520530332.100388 1.097410 0.014036
1520530332.200392 1.097670 0.013866
1520530332.300399 1.097842 0.013751
1520530332.400401 1.097815 0.013696
1520530332.500483 1.097813 0.013678
1520530332.550483 1.098084 0.013676
1520530332.650488 1.098138 0.013664
1520530332.750491 1.098226 0.013610
1520530332.850494 1.098147 0.013527
1520530332.900164 1.098174 0.013484
1520530333.000168 1.098734 0.013411
1520530333.100171 1.098861 0.013371
1520530333.200174 1.099303 0.013338
1520530333.250175 1.099544 0.013319
1520530333.350610 1.099861 0.013261
1520530333.400612 1.099829 0.013225
1520530333.500615 1.100153 0.013182
1520530333.650619 1.100398 0.013166
1520530333.750542 1.100768 0.013158
1520530333.800544 1.100918 0.013155
1520530333.900547 1.101004 0.013139
1520530333.950549 1.100913 0.013124
1520530334.050551 1.101287 0.013073
1520530334.100216 1.101479 0.013017
1520530334.350224 1.101282 0.012727
1520530334.450227 1.101114 0.012631
1520530334.550086 1.101296 0.012577
1520530334.650089 1.101302 0.012535
1520530334.750092 1.101356 0.012487
1520530334.850095 1.101251 0.012437
1520530334.950928 1.101061 0.012395
1520530335.100933 1.101070 0.012381
1520530335.200936 1.101375 0.012378
1520530335.300938 1.101317 0.012372
1520530335.401458 1.101334 0.012361
1520530335.501461 1.101336 0.012348
1520530335.601512 1.101104 0.012328
1520530335.750223 1.101205 0.012313
1520530335.900227 1.101485 0.012283
1520530336.000230 1.101476 0.012240
1520530336.100233 1.101430 0.012201
1520530336.200179 1.101276 0.012167
1520530336.300182 1.101394 0.012112
1520530336.400185 1.101377 0.012028
1520530336.500188 1.100923 0.011934
1520530336.550582 1.100703 0.011884
1520530336.650586 1.100516 0.011806
1520530336.750588 1.100455 0.011753
1520530336.850591 1.100507 0.011713
1520530336.950594 1.100342 0.011683
1520530337.050259 1.100377 0.011631
1520530337.150262 1.100461 0.011552
1520530337.250265 1.100604 0.011472
1520530337.350269 1.100555 0.011403
1520530337.450303 1.100755 0.011351
1520530337.550306 1.101304 0.011307
1520530337.650309 1.101277 0.011235
1520530337.750312 1.101298 0.011112
1520530337.800854 1.101183 0.011035
1520530337.950858 1.100791 0.010817
1520530338.050862 1.100753 0.010699
1520530338.150864 1.100208 0.010627
1520530338.250473 1.100043 0.010595
1520530338.350476 1.100061 0.010581
1520530338.450479 1.100159 0.010559
1520530338.550482 1.100283 0.010521
1520530338.600260 1.100231 0.010497
1520530338.700263 1.100245 0.010446
1520530338.800266 1.100210 0.010394
1520530338.900269 1.100424 0.010340
1520530339.000272 1.100461 0.010286
1520530339.100960 1.100509 0.010245
1520530339.200963 1.100614 0.010210
1520530339.300966 1.100735 0.010198
1520530339.400970 1.100763 0.010194
1520530339.451687 1.100732 0.010191
1520530339.551690 1.100758 0.010184
1520530339.651693 1.100681 0.010176
1520530339.751697 1.100690 0.010165
1520530339.851056 1.100807 0.010150
1520530339.951059 1.100885 0.010134
1520530340.051062 1.101008 0.010121
1520530340.151065 1.101184 0.010112
1520530340.250395 1.101381 0.010086
1520530340.350399 1.101348 0.010045
1520530340.450401 1.101341 0.009996
1520530340.550404 1.101442 0.009951
1520530340.650347 1.101380 0.009913
1520530340.750350 1.101387 0.009884
1520530340.900354 1.101424 0.009863
1520530341.050774 1.101475 0.009849
1520530341.300782 1.101601 0.009802
1520530341.500713 1.101470 0.009775
1520530341.750720 1.101453 0.009762
1520530341.900542 1.101416 0.009757
1520530342.100548 1.101405 0.009734
1520530342.250553 1.101409 0.009702
1520530342.400676 1.101345 0.009672
1520530342.550681 1.101358 0.009643
1520530342.700643 1.101259 0.009600
1520530342.800646 1.101078 0.009557
1520530342.900649 1.100874 0.009500
1520530343.000653 1.100665 0.009427
1520530343.101131 1.100378 0.009343
1520530343.201134 1.100094 0.009246
1520530343.301138 1.099798 0.009137
1520530343.401141 1.099405 0.009015
1520530343.501404 1.099045 0.008887
1520530343.601407 1.098623 0.008757
1520530343.701410 1.098368 0.008609
1520530343.801413 1.097987 0.008450
1520530343.901416 1.097515 0.008293
1520530344.001403 1.096911 0.008136
1520530344.101406 1.096410 0.007990
1520530344.201410 1.096046 0.007859
1520530344.301413 1.095635 0.007733
1520530344.401411 1.095182 0.007617
1520530344.451412 1.095012 0.007562
1520530344.551415 1.094768 0.007462
1520530344.651418 1.094428 0.007372
1520530344.751636 1.094079 0.007293
1520530344.851639 1.093905 0.007226
1520530344.951642 1.093851 0.007175
1520530345.051645 1.093728 0.007120
1520530345.151845 1.093597 0.007070
1520530345.251745 1.093449 0.007026
1520530345.351748 1.093337 0.006990
1520530345.451751 1.093261 0.006957
1520530345.551195 1.093222 0.006928
1520530345.651198 1.093122 0.006899
1520530345.751201 1.093055 0.006875
1520530345.801203 1.093018 0.006863
1520530345.901206 1.092935 0.006845
1520530345.951161 1.092884 0.006837
1520530346.051476 1.092863 0.006825
1520530346.151479 1.092874 0.006813
1520530346.251483 1.092868 0.006803
1520530346.301485 1.092872 0.006798
1520530346.401376 1.092835 0.006791
1520530346.501379 1.092814 0.006786
1520530346.551380 1.092810 0.006783
1520530346.651383 1.092786 0.006777
1520530346.701385 1.092756 0.006774
1520530346.801545 1.092765 0.006770
1520530346.851546 1.092796 0.006768
1520530346.951549 1.092799 0.006766
1520530347.001551 1.092779 0.006765
1520530347.101554 1.092739 0.006764
1520530347.151556 1.092752 0.006763
1520530347.251402 1.092720 0.006761
1520530347.301403 1.092690 0.006760
1520530347.401407 1.092675 0.006758
1520530347.451408 1.092675 0.006758
1520530347.551411 1.092704 0.006756
1520530347.601218 1.092739 0.006755
1520530347.701222 1.092678 0.006754
1520530347.801224 1.092682 0.006753
1520530347.901227 1.092689 0.006752
1520530348.001163 1.092696 0.006752
1520530348.051164 1.092702 0.006752
1520530348.151168 1.092716 0.006752
1520530348.201169 1.092727 0.006751
1520530348.301184 1.092731 0.006751
1520530348.401175 1.092723 0.006750
1520530348.451416 1.092739 0.006750
1520530348.551419 1.092767 0.006750
1520530348.651423 1.092782 0.006750
1520530348.751426 1.092767 0.006750
1520530348.801428 1.092756 0.006750
1520530348.901315 1.092760 0.006749
1520530348.951318 1.092770 0.006748
1520530349.051321 1.092817 0.006746
1520530349.101323 1.092830 0.006745
1520530349.201326 1.092857 0.006742
1520530349.251106 1.092896 0.006740
1520530349.351109 1.092903 0.006738
1520530349.451112 1.092949 0.006736
1520530349.551115 1.092957 0.006733
1520530349.650935 1.092984 0.006732
1520530349.750943 1.093036 0.006730
1520530349.800940 1.093042 0.006729
1520530349.900986 1.093052 0.006726
1520530349.950944 1.093090 0.006725
1520530350.051376 1.093144 0.006722
1520530350.101378 1.093159 0.006720
1520530350.201381 1.093204 0.006716
1520530350.251384 1.093250 0.006714
1520530350.351387 1.093318 0.006710
1520530350.451515 1.093364 0.006708
1520530350.501516 1.093378 0.006706
1520530350.601520 1.093448 0.006704
1520530350.701523 1.093483 0.006703
1520530350.801526 1.093481 0.006702
1520530350.901571 1.093466 0.006700
1520530351.001574 1.093468 0.006698
1520530351.101578 1.093520 0.006696
1520530351.201581 1.093585 0.006694
1520530351.301683 1.093629 0.006693
1520530351.401685 1.093677 0.006692
1520530351.501759 1.093695 0.006690
1520530351.601688 1.093730 0.006689
1520530351.701695 1.093751 0.006689
1520530351.801698 1.093736 0.006688
1520530351.901701 1.093659 0.006687
1520530352.001704 1.093617 0.006686
1520530352.101805 1.093613 0.006685
1520530352.201808 1.093649 0.006684
1520530352.301811 1.093659 0.006684
1520530352.401814 1.093644 0.006683
1520530352.501469 1.093646 0.006683
1520530352.601472 1.093659 0.006682
1520530352.701475 1.093673 0.006681
1520530352.801478 1.093663 0.006681
1520530352.901098 1.093672 0.006680
1520530353.001101 1.093674 0.006680
1520530353.101208 1.093693 0.006679
1520530353.201107 1.093732 0.006678
1520530353.251108 1.093735 0.006677
1520530353.351398 1.093768 0.006676
1520530353.401399 1.093771 0.006676
1520530353.501402 1.093784 0.006674
1520530353.601405 1.093819 0.006673
1520530353.701408 1.093856 0.006673
1520530353.751736 1.093814 0.006672
1520530353.851739 1.093794 0.006672
1520530353.951742 1.093806 0.006672
1520530354.051745 1.093808 0.006671
1520530354.151896 1.093869 0.006670
1520530354.201897 1.093898 0.006670
1520530354.301900 1.093876 0.006669
1520530354.351902 1.093854 0.006669
1520530354.451905 1.093858 0.006668
1520530354.501907 1.093876 0.006668
1520530354.601593 1.093891 0.006667
1520530354.651595 1.093911 0.006667
1520530354.751597 1.093948 0.006667
1520530354.851600 1.093960 0.006666
1520530354.951359 1.093953 0.006666
1520530355.051362 1.093943 0.006665
1520530355.151365 1.093942 0.006664
1520530355.251368 1.093936 0.006663
1520530355.351371 1.093966 0.006663
1520530355.401407 1.093947 0.006663
1520530355.501410 1.093944 0.006663
1520530355.601414 1.093932 0.006663
1520530355.701417 1.093929 0.006662
1520530355.801531 1.093935 0.006662
1520530355.901534 1.093957 0.006662
1520530356.001537 1.093939 0.006662
1520530356.051539 1.093916 0.006662
1520530356.151542 1.093932 0.006662
1520530356.251380 1.093943 0.006662
1520530356.301379 1.093962 0.006662
1520530356.401382 1.093980 0.006662
1520530356.501385 1.093987 0.006661
1520530356.601233 1.094024 0.006661
1520530356.701236 1.094034 0.006660
1520530356.751237 1.094015 0.006660
1520530356.851240 1.094061 0.006660
1520530356.951243 1.094050 0.006660
1520530357.001153 1.094044 0.006660
1520530357.101156 1.094046 0.006660
1520530357.201159 1.094050 0.006659
1520530357.251160 1.094062 0.006659
1520530357.351164 1.094085 0.006659
1520530357.401658 1.094095 0.006659
1520530357.501662 1.094126 0.006659
1520530357.551663 1.094134 0.006658
1520530357.651666 1.094171 0.006658
1520530357.751669 1.094202 0.006657
1520530357.851585 1.094238 0.006657
1520530357.901559 1.094241 0.006657
1520530358.001562 1.094253 0.006657
1520530358.051563 1.094227 0.006657
1520530358.151567 1.094224 0.006657
1520530358.251625 1.094213 0.006656
1520530358.351628 1.094206 0.006656
1520530358.451631 1.094194 0.006656
1520530358.551634 1.094202 0.006655
1520530358.651798 1.094185 0.006655
1520530358.751801 1.094186 0.006655
1520530358.851805 1.094187 0.006655
1520530358.951808 1.094186 0.006655
1520530359.051806 1.094207 0.006654
1520530359.151809 1.094184 0.006654
1520530359.251812 1.094167 0.006653
1520530359.351815 1.094165 0.006653
1520530359.451919 1.094169 0.006652
1520530359.551871 1.094175 0.006652
1520530359.651874 1.094176 0.006651
1520530359.751878 1.094193 0.006650
1520530359.851881 1.094236 0.006650
1520530359.951828 1.094264 0.006649
1520530360.051831 1.094285 0.006647
1520530360.151834 1.094361 0.006646
1520530360.251837 1.094445 0.006645
1520530360.301316 1.094461 0.006644
1520530360.401319 1.094511 0.006642
1520530360.501323 1.094510 0.006641
1520530360.601326 1.094556 0.006640
1520530360.700978 1.094619 0.006640
1520530360.800981 1.094688 0.006638
1520530360.900984 1.094771 0.006635
1520530361.000988 1.094858 0.006632
1520530361.101044 1.094907 0.006629
1520530361.201047 1.094953 0.006627
1520530361.301050 1.094999 0.006625
1520530361.401053 1.095065 0.006623
1520530361.501690 1.095098 0.006622
1520530361.601693 1.095119 0.006621
1520530361.651695 1.095126 0.006621
1520530361.751698 1.095149 0.006621
1520530361.801700 1.095137 0.006621
1520530361.901939 1.095171 0.006620
1520530361.951941 1.095149 0.006620
1520530362.051944 1.095167 0.006618
1520530362.151947 1.095216 0.006616
1520530362.251950 1.095350 0.006613
1520530362.351623 1.095429 0.006610
1520530362.451626 1.095549 0.006607
1520530362.551629 1.095671 0.006602
1520530362.651727 1.095807 0.006597
1520530362.751364 1.095943 0.006593
1520530362.851367 1.095993 0.006590
1520530362.951370 1.096027 0.006588
1520530363.051374 1.096050 0.006588
1520530363.151650 1.096008 0.006587
1520530363.251653 1.095978 0.006586
1520530363.351656 1.095981 0.006586
1520530363.451659 1.095983 0.006586
1520530363.551745 1.095999 0.006585
1520530363.651748 1.096030 0.006585
1520530363.751751 1.096077 0.006583
1520530363.801753 1.096090 0.006582
1520530363.901756 1.096105 0.006581
1520530363.951780 1.096146 0.006580
1520530364.051784 1.096234 0.006579
1520530364.101785 1.096260 0.006578
1520530364.201788 1.096363 0.006577
1520530364.251789 1.096385 0.006576
1520530364.351792 1.096410 0.006575
1520530364.451854 1.096490 0.006574
1520530364.551858 1.096520 0.006574
1520530364.601859 1.096501 0.006573
1520530364.701862 1.096494 0.006573
1520530364.802376 1.096490 0.006572
1520530364.902379 1.096496 0.006572
1520530365.002383 1.096512 0.006570
1520530365.102386 1.096562 0.006569
1520530365.201844 1.096584 0.006568
1520530365.351849 1.096655 0.006566
1520530365.451852 1.096727 0.006564
1520530365.551855 1.096837 0.006562
1520530365.601535 1.096873 0.006561
1520530365.701539 1.096916 0.006559
1520530365.801546 1.096917 0.006557
1520530365.901545 1.096927 0.006557
1520530366.001907 1.096925 0.006556
1520530366.101910 1.096883 0.006555
1520530366.151911 1.096870 0.006555
1520530366.251915 1.096863 0.006555
1520530366.301916 1.096840 0.006555
1520530366.402120 1.096861 0.006554
1520530366.452121 1.096876 0.006554
1520530366.552125 1.096913 0.006553
1520530366.652128 1.096933 0.006553
1520530366.702130 1.096946 0.006553
1520530366.802133 1.096972 0.006552
1520530366.902167 1.096983 0.006552
1520530366.952169 1.096991 0.006552
1520530367.052172 1.096974 0.006552
1520530367.102178 1.096958 0.006552
1520530367.202177 1.096970 0.006552
1520530367.302541 1.096985 0.006551
1520530367.402544 1.097012 0.006550
1520530367.502548 1.097041 0.006549
1520530367.602551 1.097065 0.006549
1520530367.702266 1.097121 0.006548
1520530367.802269 1.097140 0.006546
1520530367.902272 1.097196 0.006545
1520530368.002275 1.097203 0.006544
1520530368.102125 1.097179 0.006543
1520530368.202129 1.097160 0.006543
1520530368.302132 1.097127 0.006542
1520530368.402135 1.097121 0.006542
1520530368.452048 1.097099 0.006542
1520530368.552051 1.097090 0.006542
1520530368.602053 1.097101 0.006542
1520530368.702056 1.097101 0.006541
1520530368.802058 1.097119 0.006541
1520530368.851389 1.097131 0.006541
1520530368.951392 1.097132 0.006541
1520530369.001394 1.097122 0.006541
1520530369.101397 1.097153 0.006541
1520530369.151398 1.097130 0.006541
1520530369.251401 1.097126 0.006541
1520530369.301537 1.097127 0.006541
1520530369.401540 1.097159 0.006541
1520530369.501543 1.097157 0.006541
1520530369.551545 1.097147 0.006541
1520530369.651548 1.097143 0.006541
1520530369.701896 1.097153 0.006541
1520530369.801900 1.097186 0.006541
1520530369.901903 1.097207 0.006540
1520530370.051908 1.097205 0.006540
1520530370.201933 1.097253 0.006540
1520530370.351937 1.097270 0.006540
1520530370.501883 1.097295 0.006539
1520530370.651886 1.097331 0.006538
1520530370.851892 1.097324 0.006537
1520530371.001944 1.097372 0.006536
1520530371.101947 1.097384 0.006535
1520530371.251952 1.097380 0.006535
1520530371.401953 1.097358 0.006535
1520530371.551958 1.097402 0.006534
1520530371.701962 1.097384 0.006534
1520530371.801961 1.097326 0.006533
1520530371.901964 1.097320 0.006533
1520530372.001968 1.097317 0.006533
1520530372.101971 1.097337 0.006533
1520530372.251958 1.097370 0.006533
1520530372.401963 1.097402 0.006532
1520530372.551956 1.097421 0.006531
1520530372.651960 1.097437 0.006531
1520530372.751963 1.097399 0.006530
1520530372.851966 1.097373 0.006530
1520530372.951617 1.097346 0.006529
1520530373.051620 1.097324 0.006529
1520530373.201626 1.097352 0.006529
1520530373.301629 1.097336 0.006528
1520530373.401458 1.097322 0.006528
1520530373.451460 1.097306 0.006528
1520530373.551463 1.097283 0.006527
1520530373.601465 1.097287 0.006527
1520530373.701467 1.097296 0.006527
1520530373.751469 1.097287 0.006527
1520530373.851583 1.097281 0.006527
1520530373.901585 1.097266 0.006527
1520530374.001588 1.097254 0.006526
1520530374.051589 1.097237 0.006526
1520530374.151592 1.097227 0.006526
1520530374.201953 1.097229 0.006526
1520530374.301956 1.097231 0.006526
1520530374.401959 1.097249 0.006526
1520530374.501962 1.097276 0.006526
1520530374.602407 1.097300 0.006525
1520530374.752412 1.097350 0.006525
1520530374.852415 1.097344 0.006525
1520530374.952418 1.097354 0.006524
1520530375.052444 1.097382 0.006524
1520530375.152447 1.097386 0.006524
1520530375.252454 1.097387 0.006524
1520530375.352453 1.097388 0.006523
1520530375.452214 1.097374 0.006523
1520530375.552217 1.097360 0.006523
1520530375.652220 1.097362 0.006523
1520530375.702222 1.097334 0.006523
1520530375.802225 1.097310 0.006522
1520530375.902259 1.097300 0.006522
1520530375.952261 1.097301 0.006522
1520530376.052264 1.097306 0.006522
1520530376.152267 1.097326 0.006522
1520530376.202270 1.097346 0.006522
1520530376.301951 1.097375 0.006522
1520530376.401954 1.097351 0.006522
1520530376.451957 1.097324 0.006521
1520530376.551960 1.097309 0.006521
1520530376.601961 1.097310 0.006521
1520530376.702664 1.097315 0.006521
1520530376.752666 1.097319 0.006521
1520530376.852669 1.097310 0.006521
1520530376.902671 1.097281 0.006521
1520530377.002721 1.097291 0.006521
1520530377.052898 1.097305 0.006521
1520530377.152900 1.097328 0.006521
1520530377.252903 1.097327 0.006521
1520530377.352906 1.097368 0.006521
1520530377.451719 1.097385 0.006521
1520530377.551722 1.097412 0.006520
1520530377.651725 1.097443 0.006520
1520530377.751728 1.097452 0.006520
1520530377.851407 1.097426 0.006520
1520530377.951411 1.097438 0.006520
1520530378.051414 1.097421 0.006520
1520530378.151417 1.097401 0.006520
1520530378.201419 1.097413 0.006520
1520530378.301511 1.097414 0.006519
1520530378.351513 1.097419 0.006519
1520530378.451516 1.097424 0.006519
1520530378.501517 1.097434 0.006519
1520530378.601571 1.097442 0.006519
1520530378.651522 1.097438 0.006519
1520530378.752210 1.097435 0.006519
1520530378.802212 1.097435 0.006519
1520530378.902215 1.097455 0.006519
1520530379.002218 1.097466 0.006519
1520530379.102149 1.097467 0.006519
1520530379.202152 1.097482 0.006519
1520530379.302155 1.097502 0.006519
1520530379.402159 1.097528 0.006518
1520530379.501850 1.097533 0.006518
1520530379.601853 1.097558 0.006517
1520530379.701856 1.097543 0.006517
1520530379.801860 1.097554 0.006517
1520530379.901824 1.097558 0.006517
1520530380.001827 1.097553 0.006517
1520530380.101830 1.097549 0.006517
1520530380.151832 1.097548 0.006517
1520530380.251835 1.097541 0.006517
1520530380.301736 1.097525 0.006517
1520530380.402163 1.097533 0.006517
1520530380.502165 1.097549 0.006517
1520530380.552166 1.097554 0.006517
1520530380.652170 1.097569 0.006516
1520530380.752135 1.097585 0.006517
1520530380.852138 1.097617 0.006517
1520530380.902139 1.097587 0.006517
1520530381.002143 1.097602 0.006517
1520530381.052144 1.097596 0.006516
1520530381.152048 1.097620 0.006517
1520530381.202049 1.097606 0.006516
1520530381.302052 1.097591 0.006516
1520530381.402056 1.097584 0.006516
1520530381.502058 1.097599 0.006516
1520530381.602264 1.097601 0.006516
1520530381.702267 1.097602 0.006516
1520530381.802324 1.097614 0.006516
1520530381.902273 1.097619 0.006516
1520530382.002334 1.097649 0.006516
1520530382.102337 1.097677 0.006516
1520530382.202340 1.097673 0.006516
1520530382.302343 1.097693 0.006516
1520530382.402160 1.097686 0.006516
1520530382.502164 1.097698 0.006516
1520530382.602167 1.097699 0.006516
1520530382.702170 1.097700 0.006516
1520530382.802244 1.097675 0.006516
1520530382.952249 1.097665 0.006516
1520530383.052252 1.097667 0.006516
1520530383.152255 1.097666 0.006516
1520530383.252208 1.097672 0.006516
1520530383.352211 1.097655 0.006516
1520530383.452214 1.097657 0.006516
1520530383.552217 1.097677 0.006516
1520530383.652472 1.097657 0.006516
1520530383.752476 1.097671 0.006516
1520530383.852479 1.097679 0.006515
1520530383.952482 1.097707 0.006515
1520530384.002530 1.097696 0.006515
1520530384.102533 1.097703 0.006515
1520530384.202536 1.097714 0.006515
1520530384.252537 1.097740 0.006515
1520530384.352541 1.097829 0.006515
1520530384.402432 1.097821 0.006515
1520530384.502435 1.097772 0.006514
1520530384.602439 1.097823 0.006515
1520530384.702442 1.097802 0.006515
1520530384.802857 1.097769 0.006514
1520530384.902860 1.097827 0.006515
1520530384.952861 1.097820 0.006515
1520530385.052864 1.097814 0.006514
1520530385.102866 1.097773 0.006515
1520530385.202869 1.097800 0.006514
1520530385.252705 1.097813 0.006514
1520530385.352709 1.097830 0.006514
1520530385.402710 1.097852 0.006514
1520530385.502713 1.097862 0.006514
1520530385.552715 1.097862 0.006514
1520530385.652486 1.097867 0.006514
1520530385.702487 1.097888 0.006514
1520530385.802491 1.097908 0.006514
1520530385.852492 1.097915 0.006514
1520530385.952497 1.097913 0.006514
1520530386.002497 1.097905 0.006514
1520530386.102546 1.097927 0.006514
1520530386.202549 1.097923 0.006514
1520530386.302552 1.097924 0.006514
1520530386.402554 1.097920 0.006514
1520530386.502760 1.097911 0.006514
1520530386.602814 1.097921 0.006514
1520530386.702766 1.097906 0.006514
1520530386.802769 1.097898 0.006514
1520530386.902676 1.097897 0.006514
1520530387.002679 1.097898 0.006514
1520530387.102682 1.097909 0.006514
1520530387.202685 1.097950 0.006514
1520530387.302607 1.097967 0.006514
1520530387.402611 1.097985 0.006514
1520530387.452612 1.097994 0.006513
1520530387.552615 1.098023 0.006514
1520530387.652619 1.098033 0.006513
1520530387.702457 1.098031 0.006513
1520530387.802460 1.098076 0.006514
1520530387.852464 1.098072 0.006513
1520530387.952465 1.098043 0.006513
1520530388.002466 1.098057 0.006513
1520530388.102494 1.098046 0.006513
1520530388.152496 1.098043 0.006513
1520530388.252499 1.098037 0.006513
1520530388.352502 1.098022 0.006513
1520530388.452505 1.098013 0.006513
1520530388.552854 1.098004 0.006513
1520530388.702858 1.098006 0.006513
1520530388.852863 1.098020 0.006513
1520530388.902233 1.098025 0.006513
1520530389.002237 1.098044 0.006513
1520530389.102240 1.098042 0.006513
1520530389.202243 1.098038 0.006513
1520530389.302934 1.098036 0.006513
1520530389.402938 1.098032 0.006513
1520530389.502940 1.098049 0.006513
1520530389.602943 1.098081 0.006513
1520530389.702846 1.098090 0.006513
1520530389.753403 1.098082 0.006513
1520530389.853406 1.098084 0.006513
1520530389.903408 1.098081 0.006513
1520530390.003411 1.098087 0.006513
1520530390.053412 1.098087 0.006513
1520530390.152569 1.098074 0.006513
1520530390.202569 1.098064 0.006513
1520530390.302572 1.098044 0.006513
1520530390.352575 1.098023 0.006513
1520530390.452578 1.097997 0.006513
1520530390.553324 1.097942 0.006512
1520530390.603326 1.097975 0.006512
1520530390.703329 1.097996 0.006513
1520530390.803333 1.097979 0.006513
1520530390.903336 1.097963 0.006513
1520530391.003381 1.097965 0.006513
1520530391.103384 1.097976 0.006513
1520530391.203387 1.097989 0.006513
1520530391.352333 1.098011 0.006513
1520530391.402366 1.098002 0.006512
1520530391.502338 1.098006 0.006513
1520530391.602341 1.098015 0.006513
1520530391.702344 1.098000 0.006513
1520530391.802426 1.097991 0.006513
1520530391.902429 1.097983 0.006512
1520530392.002432 1.097990 0.006512
1520530392.052433 1.097991 0.006512
1520530392.152436 1.097990 0.006513
1520530392.203142 1.097979 0.006512
1520530392.303145 1.097970 0.006513
1520530392.353147 1.097968 0.006513
1520530392.453150 1.097922 0.006512
1520530392.503151 1.097943 0.006512
1520530392.602235 1.097933 0.006513
1520530392.702237 1.097926 0.006512
1520530392.802241 1.097925 0.006512
1520530392.902243 1.097970 0.006512
1520530392.952245 1.097981 0.006512
1520530393.052154 1.097983 0.006513
1520530393.152157 1.097983 0.006512
1520530393.252160 1.097992 0.006513
1520530393.352164 1.097996 0.006512
1520530393.402921 1.097977 0.006512
1520530393.502924 1.098071 0.006512
1520530393.602927 1.098039 0.006512
1520530393.652929 1.097994 0.006512
1520530393.752932 1.097956 0.006512
1520530393.852959 1.097970 0.006512
1520530394.002964 1.097940 0.006512
1520530394.102968 1.097926 0.006512
1520530394.202165 1.097959 0.006512
1520530394.302169 1.097978 0.006512
1520530394.402172 1.097986 0.006512
1520530394.502175 1.097984 0.006512
1520530394.602189 1.097994 0.006512
1520530394.652876 1.097984 0.006512
1520530394.752879 1.097985 0.006512
1520530394.852882 1.097984 0.006512
1520530394.952885 1.098017 0.006512
1520530395.053731 1.098021 0.006512
1520530395.153734 1.098031 0.006512
1520530395.253737 1.097989 0.006512
1520530395.353740 1.098018 0.006512
1520530395.452705 1.098024 0.006512
1520530395.552709 1.098045 0.006512
1520530395.652712 1.098027 0.006512
1520530395.752715 1.098016 0.006512
1520530395.853078 1.098008 0.006512
1520530395.953081 1.098003 0.006512
1520530396.053084 1.097997 0.006512
1520530396.153087 1.097981 0.006512
1520530396.253235 1.097976 0.006512
1520530396.353238 1.097971 0.006512
1520530396.403240 1.097952 0.006512
1520530396.503243 1.097948 0.006512
1520530396.553244 1.097940 0.006512
1520530396.653248 1.097927 0.006512
1520530396.753147 1.097923 0.006512
1520530396.853150 1.097938 0.006512
1520530396.953153 1.097938 0.006512
1520530397.053156 1.097943 0.006512
1520530397.102782 1.097944 0.006512
1520530397.202785 1.097970 0.006512
1520530397.302788 1.097980 0.006512
1520530397.402791 1.097988 0.006512
1520530397.502304 1.097987 0.006512
1520530397.602308 1.097996 0.006512
1520530397.652309 1.098001 0.006512
1520530397.752312 1.098015 0.006512
1520530397.802315 1.098040 0.006512
1520530397.902585 1.098008 0.006512
1520530397.952586 1.097990 0.006512
1520530398.052589 1.097978 0.006512
1520530398.152592 1.097963 0.006512
1520530398.252596 1.097924 0.006512
1520530398.303365 1.097932 0.006512
1520530398.403368 1.097935 0.006512
1520530398.503371 1.097917 0.006512
1520530398.553373 1.097922 0.006512
1520530398.653376 1.097906 0.006512
1520530398.703221 1.097913 0.006512
1520530398.803225 1.097944 0.006512
1520530398.853226 1.097924 0.006512
1520530398.953229 1.097872 0.006512
1520530399.003230 1.097859 0.006512
1520530399.103233 1.097852 0.006512
1520530399.152330 1.097857 0.006512
1520530399.252333 1.097864 0.006512
1520530399.302335 1.097858 0.006512
1520530399.402342 1.097865 0.006512
1520530399.452339 1.097870 0.006512
1520530399.553006 1.097869 0.006512
1520530399.603008 1.097871 0.006512
1520530399.703011 1.097867 0.006512
1520530399.803014 1.097863 0.006512
1520530399.903017 1.097868 0.006512
1520530400.003276 1.097874 0.006512
1520530400.053278 1.097860 0.006512
1520530400.153281 1.097862 0.006512
1520530400.203283 1.097863 0.006512
1520530400.303286 1.097871 0.006512
1520530400.352494 1.097871 0.006512
1520530400.452498 1.097875 0.006512
1520530400.502500 1.097891 0.006512
1520530400.602502 1.097887 0.006512
1520530400.652504 1.097886 0.006512
1520530400.752291 1.097889 0.006512
1520530400.852294 1.097876 0.006512
1520530400.952297 1.097879 0.006512
1520530401.052300 1.097884 0.006512
1520530401.102302 1.097890 0.006512
1520530401.202755 1.097882 0.006512
1520530401.252756 1.097884 0.006512
1520530401.352759 1.097886 0.006512
1520530401.402761 1.097893 0.006512
1520530401.502764 1.097893 0.006512
1520530401.552766 1.097896 0.006512
1520530401.653039 1.097873 0.006512
1520530401.703041 1.097878 0.006512
1520530401.803044 1.097865 0.006512
1520530401.903047 1.097871 0.006512
1520530401.953048 1.097854 0.006512
1520530402.052283 1.097845 0.006512
1520530402.102285 1.097842 0.006512
1520530402.202287 1.097838 0.006512
1520530402.252289 1.097849 0.006512
1520530402.352292 1.097849 0.006512
1520530402.402567 1.097834 0.006512
1520530402.502571 1.097845 0.006512
1520530402.552572 1.097843 0.006512
1520530402.652672 1.097832 0.006512
1520530402.752578 1.097805 0.006512
1520530402.853417 1.097805 0.006512
1520530402.953420 1.097802 0.006512
1520530403.003422 1.097817 0.006512
1520530403.103425 1.097819 0.006512
1520530403.202933 1.097835 0.006512
1520530403.302936 1.097823 0.006512
1520530403.402940 1.097802 0.006512
1520530403.452941 1.097788 0.006512
1520530403.552945 1.097778 0.006512
1520530403.602946 1.097779 0.006512
1520530403.702256 1.097786 0.006512
1520530403.752257 1.097785 0.006512
1520530403.852261 1.097772 0.006512
1520530403.902261 1.097760 0.006512
1520530404.002264 1.097765 0.006512
1520530404.052745 1.097756 0.006512
1520530404.152748 1.097763 0.006512
1520530404.202749 1.097766 0.006512
1520530404.302752 1.097763 0.006512
1520530404.402755 1.097753 0.006512
1520530404.503114 1.097752 0.006512
1520530404.603117 1.097747 0.006512
1520530404.703120 1.097746 0.006512
1520530404.753122 1.097744 0.006512
1520530404.852642 1.097749 0.006512
1520530404.902643 1.097746 0.006512
1520530405.002647 1.097754 0.006512
1520530405.052648 1.097755 0.006512
1520530405.152651 1.097748 0.006512
1520530405.202653 1.097754 0.006512
1520530405.302330 1.097749 0.006512
1520530405.352331 1.097745 0.006512
1520530405.452334 1.097755 0.006512
1520530405.502335 1.097764 0.006512
1520530405.602339 1.097749 0.006512
1520530405.652792 1.097737 0.006512
1520530405.752795 1.097748 0.006512
1520530405.802797 1.097711 0.006512
1520530405.902800 1.097727 0.006512
1520530405.952801 1.097725 0.006512
1520530406.052804 1.097717 0.006512
1520530406.153570 1.097748 0.006512
1520530406.203573 1.097769 0.006512
1520530406.303576 1.097739 0.006512
1520530406.353577 1.097737 0.006512
1520530406.453580 1.097690 0.006512
1520530406.553487 1.097710 0.006512
1520530406.653490 1.097709 0.006512
1520530406.753493 1.097707 0.006512
1520530406.853497 1.097705 0.006512
1520530406.952693 1.097706 0.006512
1520530407.002694 1.097709 0.006512
1520530407.102698 1.097737 0.006512
1520530407.152699 1.097756 0.006511
1520530407.252702 1.097739 0.006512
1520530407.303185 1.097719 0.006511
1520530407.403187 1.097752 0.006512
1520530407.453221 1.097742 0.006512
1520530407.553191 1.097720 0.006512
1520530407.603193 1.097708 0.006512
1520530407.703510 1.097696 0.006512
1520530407.753511 1.097653 0.006512
1520530407.853515 1.097640 0.006512
1520530407.903516 1.097661 0.006512
1520530408.003519 1.097671 0.006512
1520530408.053521 1.097669 0.006512
1520530408.153603 1.097665 0.006512
1520530408.253606 1.097674 0.006512
1520530408.353609 1.097672 0.006512
1520530408.453613 1.097669 0.006512
1520530408.553374 1.097656 0.006512
1520530408.653377 1.097637 0.006512
1520530408.753380 1.097654 0.006512
1520530408.853383 1.097663 0.006512
1520530408.952878 1.097672 0.006512
1520530409.052890 1.097669 0.006512
1520530409.152884 1.097670 0.006512
1520530409.202886 1.097668 0.006512
1520530409.302889 1.097673 0.006512
1520530409.402904 1.097669 0.006512
1520530409.502907 1.097666 0.006512
1520530409.602910 1.097659 0.006512
1520530409.702913 1.097658 0.006512
1520530409.802656 1.097662 0.006512
1520530409.902659 1.097674 0.006512
1520530410.002662 1.097666 0.006512
1520530410.102666 1.097667 0.006512
1520530410.153223 1.097664 0.006512
1520530410.253226 1.097659 0.006512
1520530410.353231 1.097654 0.006512
1520530410.453232 1.097650 0.006512
1520530410.553235 1.097649 0.006512
1520530410.653876 1.097628 0.006512
1520530410.753879 1.097638 0.006512
1520530410.853882 1.097633 0.006512
1520530410.953885 1.097646 0.006512
1520530411.003418 1.097645 0.006512
1520530411.103421 1.097658 0.006512
1520530411.253426 1.097658 0.006512
1520530411.403009 1.097646 0.006512
1520530411.503012 1.097638 0.006512
1520530411.603015 1.097630 0.006512
1520530411.703018 1.097627 0.006512
1520530411.802907 1.097617 0.006512
1520530411.852907 1.097621 0.006512
1520530411.952910 1.097631 0.006512
1520530412.002912 1.097633 0.006512
1520530412.102915 1.097638 0.006512
1520530412.152916 1.097636 0.006512
1520530412.253417 1.097630 0.006512
1520530412.303419 1.097619 0.006512
1520530412.403422 1.097623 0.006512
1520530412.453423 1.097617 0.006512
1520530412.553426 1.097623 0.006512
1520530412.653630 1.097617 0.006512
1520530412.753633 1.097614 0.006512
1520530412.803634 1.097617 0.006512
1520530412.903637 1.097600 0.006512
1520530412.953639 1.097597 0.006512
1520530413.053009 1.097608 0.006512
1520530413.103011 1.097617 0.006512
1520530413.203014 1.097635 0.006512
1520530413.303017 1.097636 0.006512
1520530413.403021 1.097621 0.006512
1520530413.502941 1.097617 0.006512
1520530413.602944 1.097618 0.006512
1520530413.853107 1.097611 0.006512
1520530413.953110 1.097612 0.006512
1520530414.003112 1.097620 0.006512
1520530414.103115 1.097614 0.006512
1520530414.203118 1.097591 0.006512
1520530414.302896 1.097591 0.006512
1520530414.402899 1.097600 0.006512
1520530414.502902 1.097608 0.006512
1520530414.602906 1.097614 0.006512
1520530414.652705 1.097612 0.006512
1520530414.752708 1.097604 0.006512
1520530414.852712 1.097605 0.006512
1520530414.952715 1.097592 0.006512
1520530415.052718 1.097576 0.006512
1520530415.153197 1.097584 0.006512
1520530415.253200 1.097569 0.006512
1520530415.353203 1.097571 0.006512
1520530415.453206 1.097577 0.006512
1520530415.553069 1.097590 0.006512
1520530415.653072 1.097585 0.006512
1520530415.753075 1.097557 0.006512
1520530415.903361 1.097552 0.006512
1520530416.053366 1.097562 0.006512
1520530416.453380 1.097585 0.006512
1520530416.603384 1.097587 0.006512
1520530416.703272 1.097595 0.006512
1520530416.753274 1.097586 0.006512
1520530416.853277 1.097587 0.006512
1520530416.953280 1.097589 0.006512
1520530417.053283 1.097586 0.006512
1520530417.153371 1.097567 0.006512
1520530417.253374 1.097555 0.006512
1520530417.603465 1.097528 0.006512
1520530417.703468 1.097537 0.006512
1520530417.803472 1.097546 0.006512
1520530417.903475 1.097545 0.006512
1520530418.003458 1.097557 0.006512
1520530418.103461 1.097547 0.006512
1520530418.203465 1.097547 0.006512
1520530418.303468 1.097546 0.006512
1520530418.453434 1.097541 0.006512
1520530418.603439 1.097533 0.006512
1520530418.753343 1.097531 0.006512
1520530418.853346 1.097533 0.006512
1520530418.953350 1.097546 0.006512
1520530419.053353 1.097551 0.006512
1520530419.153533 1.097540 0.006512
1520530419.253536 1.097535 0.006512
1520530419.353539 1.097534 0.006512
1520530419.503544 1.097530 0.006512
1520530419.653731 1.097527 0.006512
1520530419.753734 1.097532 0.006512
1520530419.853738 1.097532 0.006512
1520530419.953740 1.097534 0.006512
1520530420.053599 1.097524 0.006512
1520530420.153602 1.097515 0.006512
1520530420.203604 1.097504 0.006512
1520530420.303607 1.097497 0.006512
1520530420.403699 1.097500 0.006512
1520530420.503702 1.097487 0.006512
1520530420.653707 1.097504 0.006512
1520530420.803356 1.097510 0.006512
1520530420.953361 1.097515 0.006512
1520530421.053364 1.097510 0.006512
1520530421.153367 1.097509 0.006512
1520530421.253431 1.097507 0.006512
1520530421.353434 1.097507 0.006512
1520530421.453437 1.097497 0.006512
1520530421.553440 1.097492 0.006512
1520530421.653613 1.097488 0.006512
1520530421.803617 1.097489 0.006512
1520530422.003623 1.097493 0.006512
1520530422.103474 1.097489 0.006512
1520530422.203477 1.097490 0.006512
1520530422.303480 1.097488 0.006512
1520530422.403483 1.097490 0.006512
1520530422.503396 1.097487 0.006512
1520530422.553398 1.097488 0.006512
1520530422.653400 1.097482 0.006512
1520530422.753403 1.097480 0.006512
1520530422.853580 1.097479 0.006512
1520530423.003587 1.097472 0.006512
1520530423.103590 1.097472 0.006512
1520530423.203592 1.097473 0.006512
1520530423.303317 1.097473 0.006512
1520530423.403322 1.097473 0.006512
1520530423.503324 1.097487 0.006512
1520530423.603327 1.097480 0.006512
1520530423.652983 1.097490 0.006512
1520530423.752986 1.097473 0.006512
1520530423.852990 1.097468 0.006512
1520530423.902991 1.097471 0.006512
1520530424.002994 1.097467 0.006512
1520530424.052950 1.097461 0.006512
1520530424.153255 1.097454 0.006512
1520530424.253258 1.097429 0.006512
1520530424.353261 1.097419 0.006511
1520530424.453264 1.097446 0.006512
1520530424.504722 1.097466 0.006512
1520530424.604726 1.097462 0.006512
1520530424.704729 1.097475 0.006511
1520530424.854733 1.097510 0.006511
1520530424.953377 1.097524 0.006512
1520530425.003378 1.097554 0.006511
1520530425.103381 1.097504 0.006512
1520530425.203384 1.097483 0.006512
1520530425.303732 1.097464 0.006512
1520530425.403735 1.097461 0.006512
1520530425.603741 1.097464 0.006512
1520530425.653743 1.097459 0.006511
1520530425.753677 1.097436 0.006512
1520530425.803679 1.097435 0.006512
1520530425.903682 1.097466 0.006512
1520530426.003685 1.097454 0.006512
1520530426.103474 1.097436 0.006512
1520530426.203477 1.097448 0.006512
1520530426.253478 1.097433 0.006512
1520530426.353481 1.097439 0.006512
1520530426.403483 1.097433 0.006512
1520530426.503486 1.097443 0.006512
1520530426.703556 1.097440 0.006512
1520530426.803559 1.097454 0.006512
1520530426.853560 1.097467 0.006512
1520530426.953598 1.097449 0.006512
1520530427.053602 1.097455 0.006512
1520530427.153605 1.097473 0.006512
1520530427.253608 1.097473 0.006512
1520530427.353592 1.097438 0.006512
1520530427.453595 1.097473 0.006512
1520530427.803679 1.097446 0.006512
1520530427.903683 1.097437 0.006512
1520530427.953684 1.097439 0.006512
1520530428.053687 1.097461 0.006512
1520530428.103692 1.097451 0.006512
1520530428.203537 1.097452 0.006512
1520530428.253538 1.097446 0.006512
1520530428.353542 1.097438 0.006512
1520530428.403618 1.097430 0.006512
1520530428.503546 1.097437 0.006512
1520530428.553451 1.097445 0.006512
1520530428.653454 1.097433 0.006512
1520530428.753457 1.097445 0.006512
1520530428.853460 1.097449 0.006512
1520530428.903461 1.097443 0.006512
1520530429.003444 1.097436 0.006512
1520530429.053445 1.097436 0.006512
1520530429.153448 1.097442 0.006512
1520530429.203450 1.097430 0.006512
1520530429.303453 1.097427 0.006512
1520530429.353455 1.097432 0.006512
1520530429.453553 1.097438 0.006512
1520530429.503555 1.097430 0.006512
1520530429.603558 1.097436 0.006512
1520530429.653559 1.097417 0.006512
1520530429.753562 1.097430 0.006512
1520530429.803622 1.097431 0.006512
1520530429.903625 1.097437 0.006512
1520530429.953626 1.097432 0.006512
1520530430.053629 1.097428 0.006512
1520530430.103631 1.097422 0.006512
1520530430.203344 1.097418 0.006512
1520530430.253346 1.097418 0.006512
1520530430.353349 1.097417 0.006512
1520530430.403350 1.097421 0.006512
1520530430.503353 1.097424 0.006512
1520530430.603527 1.097423 0.006512
1520530430.703530 1.097420 0.006512
1520530430.753532 1.097419 0.006512
1520530430.853534 1.097414 0.006512
1520530430.953538 1.097413 0.006512
1520530431.003696 1.097410 0.006512
1520530431.103700 1.097408 0.006512
1520530431.153701 1.097409 0.006512
1520530431.253704 1.097398 0.006512
1520530431.303706 1.097391 0.006512
1520530431.403709 1.097392 0.006512
1520530431.453562 1.097405 0.006512
1520530431.553565 1.097409 0.006512
1520530431.603567 1.097422 0.006512
1520530431.703570 1.097420 0.006512
1520530431.753571 1.097407 0.006512
1520530431.853524 1.097407 0.006512
1520530431.903526 1.097408 0.006512
1520530432.003529 1.097401 0.006512
1520530432.053530 1.097398 0.006512
1520530432.153533 1.097392 0.006512
1520530432.203536 1.097391 0.006512
1520530432.303698 1.097388 0.006512
1520530432.353700 1.097389 0.006512
1520530432.453702 1.097401 0.006512
1520530432.503704 1.097404 0.006512
1520530432.603708 1.097397 0.006512
1520530432.653548 1.097387 0.006512
1520530432.753551 1.097386 0.006512
1520530432.803553 1.097387 0.006512
1520530432.903556 1.097388 0.006512
1520530432.953557 1.097394 0.006512
1520530433.053690 1.097374 0.006512
1520530433.153693 1.097360 0.006512
1520530433.253695 1.097383 0.006512
1520530433.353699 1.097399 0.006512
1520530433.453702 1.097415 0.006512
1520530433.553795 1.097399 0.006512
1520530433.653798 1.097390 0.006512
1520530433.703799 1.097404 0.006512
1520530433.803803 1.097386 0.006512
1520530433.903631 1.097384 0.006512
1520530433.953632 1.097380 0.006512
1520530434.053635 1.097365 0.006512
1520530434.103637 1.097377 0.006512
1520530434.203641 1.097353 0.006512
1520530434.253642 1.097313 0.006512
1520530434.353481 1.097343 0.006512
1520530434.403481 1.097356 0.006512
1520530434.503485 1.097355 0.006512
1520530434.553486 1.097359 0.006511
1520530434.653489 1.097360 0.006511
1520530434.703655 1.097364 0.006511
1520530434.803658 1.097364 0.006512
1520530434.853723 1.097364 0.006512
1520530434.953663 1.097367 0.006512
1520530435.053667 1.097380 0.006511
1520530435.103796 1.097371 0.006512
1520530435.203799 1.097370 0.006512
1520530435.253801 1.097370 0.006512
1520530435.353804 1.097374 0.006512
1520530435.403806 1.097378 0.006512
1520530435.504086 1.097387 0.006512
1520530435.554088 1.097375 0.006512
1520530435.654091 1.097363 0.006512
1520530435.704092 1.097378 0.006511
1520530435.804096 1.097368 0.006512
1520530435.904099 1.097362 0.006512
1520530435.953835 1.097361 0.006512
1520530436.053838 1.097351 0.006512
1520530436.103839 1.097353 0.006512
1520530436.203843 1.097349 0.006512
1520530436.253844 1.097346 0.006511
1520530436.353956 1.097348 0.006512
1520530436.453978 1.097351 0.006512
1520530436.653965 1.097345 0.006512
1520530436.754031 1.097339 0.006511
1520530436.854034 1.097329 0.006511
1520530436.954037 1.097343 0.006511
1520530437.004039 1.097347 0.006511
1520530437.104042 1.097349 0.006512
1520530437.153533 1.097359 0.006512
1520530437.253536 1.097364 0.006512
1520530437.303539 1.097377 0.006511
1520530437.403543 1.097378 0.006512
1520530437.453545 1.097379 0.006512
1520530437.553870 1.097380 0.006511
1520530437.603872 1.097362 0.006511
1520530437.703875 1.097350 0.006511
1520530437.803878 1.097346 0.006511
1520530437.903881 1.097359 0.006511
1520530437.954482 1.097363 0.006511
1520530438.104484 1.097374 0.006511
1520530438.204487 1.097368 0.006511
1520530438.304490 1.097381 0.006511
1520530438.354492 1.097374 0.006511
1520530438.453623 1.097355 0.006511
1520530438.503624 1.097361 0.006511
1520530438.603628 1.097368 0.006511
1520530438.703631 1.097365 0.006511
1520530438.804389 1.097367 0.006511
1520530438.904392 1.097375 0.006511
1520530439.004395 1.097368 0.006511
1520530439.154401 1.097351 0.006511
1520530439.254655 1.097359 0.006511
1520530439.404660 1.097342 0.006511
1520530439.604177 1.097343 0.006511
1520530439.754182 1.097354 0.006511
1520530439.854185 1.097359 0.006511
1520530439.954188 1.097342 0.006511
1520530440.054101 1.097349 0.006511
1520530440.154104 1.097350 0.006511
1520530440.254107 1.097346 0.006511
1520530440.354110 1.097346 0.006511
1520530440.453977 1.097334 0.006511
1520530440.553980 1.097329 0.006511
1520530440.653984 1.097335 0.006511
1520530440.803989 1.097345 0.006511
1520530440.903872 1.097354 0.006511
1520530441.003875 1.097348 0.006511
1520530441.103878 1.097341 0.006511
1520530441.203881 1.097337 0.006511
1520530441.303927 1.097339 0.006511
1520530441.353892 1.097336 0.006511
1520530441.453895 1.097327 0.006511
1520530441.553898 1.097323 0.006511
1520530441.654083 1.097339 0.006511
1520530441.804088 1.097342 0.006511
1520530441.904091 1.097348 0.006511
1520530442.004094 1.097350 0.006511
1520530442.104032 1.097365 0.006511
1520530442.204035 1.097373 0.006511
1520530442.304038 1.097374 0.006511
1520530442.404042 1.097376 0.006511
1520530442.503716 1.097370 0.006511
1520530442.553717 1.097371 0.006511
1520530442.653721 1.097370 0.006511
1520530442.703722 1.097369 0.006511
1520530442.803725 1.097369 0.006511
1520530442.853726 1.097367 0.006511
1520530442.954377 1.097368 0.006511
1520530443.054381 1.097378 0.006511
1520530443.154384 1.097376 0.006511
1520530443.304466 1.097375 0.006511
1520530443.504473 1.097376 0.006511
1520530443.604476 1.097372 0.006511
1520530443.704013 1.097365 0.006511
1520530443.804016 1.097359 0.006511
1520530443.904020 1.097368 0.006511
1520530444.004023 1.097364 0.006511
1520530444.104403 1.097358 0.006511
1520530444.154403 1.097347 0.006511
1520530444.254406 1.097349 0.006511
1520530444.354410 1.097354 0.006511
1520530444.404412 1.097354 0.006511
1520530444.505161 1.097351 0.006511
1520530444.605164 1.097346 0.006511
1520530444.705167 1.097340 0.006512
1520530444.805170 1.097346 0.006511
1520530444.905173 1.097323 0.006511
1520530444.954962 1.097342 0.006511
1520530445.054965 1.097348 0.006511
1520530445.104967 1.097356 0.006511
1520530445.204970 1.097346 0.006511
1520530445.254971 1.097338 0.006511
1520530445.353892 1.097342 0.006511
1520530445.453896 1.097342 0.006511
1520530445.503898 1.097327 0.006511
1520530445.603900 1.097327 0.006511
1520530445.653902 1.097324 0.006511
1520530445.753751 1.097343 0.006511
1520530445.803752 1.097344 0.006511
1520530445.903755 1.097353 0.006511
1520530445.953757 1.097349 0.006511
1520530446.053761 1.097352 0.006511
1520530446.154954 1.097369 0.006511
1520530446.254902 1.097368 0.006511
1520530446.354905 1.097375 0.006511
1520530446.454908 1.097376 0.006511
1520530446.554783 1.097362 0.006511
1520530446.654786 1.097343 0.006511
1520530446.754789 1.097355 0.006511
1520530446.854792 1.097362 0.006511
1520530446.954330 1.097360 0.006511
1520530447.054334 1.097344 0.006511
1520530447.154337 1.097354 0.006511
1520530447.254340 1.097355 0.006511
1520530447.354343 1.097355 0.006511
1520530447.454125 1.097358 0.006511
1520530447.604130 1.097352 0.006511
1520530447.754142 1.097347 0.006511
1520530448.203885 1.097348 0.006511
