DelayedMarginalization 0.00096411 3.9936e-08 0.00534842 1378
DelayedMarginalizationOnly 0.000453763 1.70114e-08 0.000941871 1378
EF-marginalizeFrame 0.00135743 5.09145e-08 0.00563062 1378
FullSystem::trackNewCoarse 0.00228556 1.69359e-07 0.00573781 2672
FullSystem::trackNewCoarseNoIMU 0.00127974 8.203e-08 0.00256551 111
FullSystemOptimize 0.0307932 6.24884e-05 0.0568009 1384
GraphUnrolling 0.000242409 -nan 0.000242409 1
IMUInitAddPose 2.2812e-05 9.56279e-12 5.8294e-05 1384
IMUInitOptimize 0.00608839 1.17357e-06 0.00685441 2
IMUIntegration::finishKeyframeOperations 6.07509e-05 1.21926e-10 0.000127999 1377
InitializerFirstFrame 0.0326376 -nan 0.0326376 1
InitializerOtherFrames 0.0583185 9.62445e-05 0.083203 35
MainMarginalization 0.00119873 4.59256e-08 0.00553343 1378
MarginalizeMainGraph 0.000509992 2.04601e-08 0.00490284 1378
PGBA 0.0196857 -nan 0.0196857 1
PGBAFull 0.0206613 -nan 0.0206613 1
PrepareGraphForMainOptimization 0.000265065 -nan 0.000265065 1
VisualMarginalization 4.04272e-05 8.05949e-11 0.000110275 1378
activatePointsMT 0.00353211 9.44857e-07 0.00898848 1384
addActiveFrame 0.0357885 0.000701889 0.0935526 2819
addIMUData 0.000660821 2.08431e-08 0.00126274 2672
addIMUDataToBA 3.58579e-05 1.42993e-10 0.000102898 2818
addKeyframeToBA 3.26493e-05 2.57233e-11 0.000100432 1384
afterCoarseTracking 2.73231e-07 2.82475e-13 2.1887e-05 2783
baIteration 0.006865 1.61939e-06 0.0128296 5111
baMatrixInversion 0.000223879 1.3534e-09 0.000595705 5111
baUpdateBuildHessians 0.000510917 3.93894e-09 0.00133248 5111
coarseTrackingIteration 0.000213949 5.3106e-09 0.00116256 22654
computeBAUpdate 0.000819023 1.01533e-08 0.00166531 5111
computeCoarseUpdate 9.59401e-05 4.81704e-10 0.00101234 21016
computeFactorForCoarseGraphAndMarginalCovariances 0.00298902 2.7383e-07 0.00545815 1377
convertHAndBFromDSO 0.000142984 3.57897e-09 0.000436899 10628
debugPlot 7.25354e-08 1.45461e-15 4.27e-07 1384
debugPlotIDepthMap 3.56561e-07 4.16864e-14 7.417e-06 1384
debugPlotIDepthMapFloat 7.70108e-08 8.73182e-16 3.18e-07 1384
deliverTrackedFrame 0.0304285 0.000696636 0.0874624 2784
flagFramesForMarginalization 1.56815e-06 2.8687e-13 1.2088e-05 1384
fullCoarseTracking 0.00299324 3.36454e-07 0.00884348 2783
initObjectsAndMakeImage 0.002044 3.08375e-08 0.00423106 2819
makeKeyframe 0.0560832 8.83501e-05 0.0874598 1384
makeKeyframeChangeTrackingRef 0.00231819 1.50166e-07 0.00414384 1384
makeNewTraces 0.00529536 6.6817e-07 0.0120243 1384
makeNonKeyframe 0.00506324 3.42472e-06 0.00903278 1400
marginalizeAndRemovePoints 0.00349486 1.22361e-06 0.00823578 1384
marginalizeFrame 0.00262941 1.48418e-07 0.00658658 1378
marginalizeFrameOverhead 0.00126974 6.49703e-08 0.00252705 1378
marginalizeFrames 0.00262582 4.04306e-07 0.00905577 1384
newFrameAndNewResidualsForOldPoints 0.000994205 3.34301e-08 0.00170447 1384
printBiases 3.79012e-05 1.47659e-10 0.000296192 1384
printEigenValLine 1.08803e-07 4.78233e-16 4.93e-07 1384
printLogLine 2.56082e-07 4.71777e-15 6.3e-07 1384
publishInMakeKeyframe 1.96091e-07 3.82273e-15 5.64e-07 1384
removeOutliers 0.000189945 1.96694e-09 0.000431553 1384
swapTrackingRef 2.15971e-05 1.08336e-11 4.6764e-05 1384
timeMeasurement 7.10055e-07 1.13556e-13 1.2168e-05 2819
traceNewCoarse 0.00422161 3.24668e-06 0.00902423 2784
updateBAValues 5.95173e-06 3.96347e-12 4.3549e-05 10018
zero 9.05789e-08 1.99077e-16 2.87e-07 2819
