0.000000 3.799119 0.775732
0.000000 3.711622 0.574118
0.000000 3.682795 0.555692
0.000000 3.658359 0.555485
0.000000 3.629470 0.532561
0.000000 3.625490 0.499872
0.000000 3.609592 0.495970
0.000000 3.610882 0.476306
0.000000 3.618780 0.458113
0.000000 3.585272 0.405304
0.000000 3.599151 0.380171
0.000000 3.594735 0.378704
0.000000 3.606581 0.367326
0.000000 3.612417 0.366116
0.000000 3.605678 0.353771
0.000000 3.600843 0.349036
0.000000 3.603412 0.346308
0.000000 3.609232 0.338112
0.000000 3.596642 0.328866
0.000000 3.570986 0.325078
0.000000 3.561877 0.320198
0.000000 3.559169 0.315664
0.000000 3.605419 0.304779
0.000000 3.637517 0.296692
0.000000 3.643891 0.277678
0.000000 3.653085 0.257763
0.000000 3.681306 0.247052
0.000000 3.676776 0.235625
0.000000 3.674936 0.233242
0.000000 3.642537 0.225241
0.000000 3.664047 0.216222
0.000000 3.681073 0.209581
0.000000 3.675139 0.202290
0.000000 3.687575 0.195503
0.000000 3.694914 0.191704
0.000000 3.689026 0.188761
0.000000 3.695643 0.186775
0.000000 3.705031 0.178037
0.000000 3.698223 0.165965
0.000000 3.695844 0.161753
0.000000 3.728215 0.158682
0.000000 3.728619 0.152699
0.000000 3.727705 0.147282
0.000000 3.750516 0.147203
0.000000 3.735063 0.141453
0.000000 3.710009 0.138513
0.000000 3.720558 0.136925
0.000000 3.726836 0.134537
0.000000 3.729921 0.131752
0.000000 3.725183 0.126087
0.000000 3.723659 0.123786
0.000000 3.747904 0.123534
0.000000 3.748930 0.122010
0.000000 3.745354 0.121760
0.000000 3.701133 0.120883
0.000000 3.694537 0.120454
0.000000 3.701425 0.118830
0.000000 3.722437 0.118637
0.000000 3.718004 0.118494
0.000000 3.681781 0.108687
0.000000 3.606410 0.107855
0.000000 3.640258 0.111949
0.000000 3.648622 0.110326
0.000000 3.677911 0.109731
0.000000 3.686350 0.109314
0.000000 3.692565 0.104944
0.000000 3.709112 0.104503
0.000000 3.705142 0.103885
0.000000 3.704552 0.104577
0.000000 3.686247 0.104626
0.000000 3.666019 0.104075
0.000000 3.648228 0.102282
0.000000 3.647963 0.103217
0.000000 3.619464 0.102604
0.000000 3.576222 0.101046
0.000000 3.558903 0.103950
0.000000 3.526690 0.104846
0.000000 3.509653 0.100461
0.000000 3.513925 0.103449
0.000000 3.523801 0.103816
0.000000 3.547974 0.103470
0.000000 3.577867 0.102277
0.000000 3.606677 0.102515
0.000000 3.598259 0.103413
0.000000 3.608997 0.102778
0.000000 3.618098 0.102179
0.000000 3.590977 0.095897
0.000000 3.600506 0.102431
0.000000 3.610161 0.101624
0.000000 3.595245 0.098580
0.000000 3.576572 0.100905
0.000000 3.559287 0.100884
0.000000 3.549941 0.095598
0.000000 3.464565 0.098643
0.000000 3.385977 0.096662
0.000000 3.330522 0.098632
0.000000 3.313234 0.119056
0.000000 3.415365 0.095079
0.000000 3.418200 0.119109
0.000000 3.430533 0.119545
0.000000 3.331760 0.117930
0.000000 3.286114 0.116647
0.000000 3.174787 0.119567
0.000000 3.035514 0.125113
0.000000 3.084498 0.138366
0.000000 3.134994 0.145411
0.000000 3.211084 0.143192
0.000000 3.201546 0.144621
0.000000 3.186574 0.132689
0.000000 3.145978 0.129313
0.000000 3.055733 0.144338
0.000000 3.015409 0.138123
0.000000 3.008713 0.103245
0.000000 2.931366 0.087728
0.000000 2.762235 0.165379
0.000000 2.694392 0.202755
0.000000 2.635605 0.197312
0.000000 2.598943 0.088786
0.000000 2.533865 0.166311
0.000000 2.513637 0.115433
0.000000 2.451540 0.183792
0.000000 2.412871 0.232655
0.000000 2.373083 0.243753
0.000000 2.302068 0.248386
0.000000 2.261158 0.212818
0.000000 2.329751 0.211148
0.000000 2.328849 0.236988
0.000000 2.288516 0.251601
0.000000 2.292215 0.257720
0.000000 2.278619 0.247470
0.000000 2.254705 0.271099
0.000000 2.138927 0.360559
0.000000 2.017574 0.423984
0.000000 1.927842 0.456794
0.000000 1.866564 0.460944
0.000000 1.863744 0.506285
0.000000 1.868771 0.524174
0.000000 1.873472 0.526236
0.000000 1.873472 0.523698
0.000000 1.873278 0.522080
0.000000 1.872367 0.519933
0.000000 1.872604 0.520511
0.000000 1.875189 0.522589
0.000000 1.880404 0.515166
0.000000 1.884514 0.297021
0.000000 1.874201 0.249828
0.000000 1.868381 0.458941
0.000000 1.867452 0.481628
0.000000 1.866149 0.465766
0.000000 1.864655 0.503529
0.000000 1.860810 0.492968
0.000000 1.850443 0.496107
0.000000 1.835374 0.449932
0.000000 1.808665 0.453305
0.000000 1.810503 0.777572
0.000000 1.759744 0.207206
0.000000 1.720801 0.258160
0.000000 1.655836 0.119343
0.000000 1.591709 0.212271
0.000000 1.561610 0.727622
0.000000 1.569509 0.640980
0.000000 1.577340 0.741625
0.000000 1.545268 0.203444
0.000000 1.552604 0.805806
0.000000 1.494405 0.176395
0.000000 1.457310 0.119434
0.000000 1.413722 0.185333
0.000000 1.398682 0.769550
0.000000 1.388644 0.425918
0.000000 1.383411 0.246270
0.000000 1.330594 0.192746
0.000000 1.320862 0.617780
0.000000 1.321486 0.773711
0.000000 1.324418 0.867672
0.000000 1.323629 0.883552
0.000000 1.293305 0.153825
0.000000 1.298733 0.447478
0.000000 1.266555 0.521524
0.000000 1.259848 0.889007
0.000000 1.195382 0.056718
0.000000 1.167065 0.065357
0.000000 1.129578 0.182413
0.000000 1.073065 0.362047
0.000000 1.028968 0.419230
0.000000 0.983523 0.478490
0.000000 0.939623 0.171749
0.000000 0.910927 0.806741
0.000000 0.873920 0.382657
0.000000 0.846656 0.485557
0.000000 0.823778 0.805057
0.000000 0.806104 0.202014
0.000000 0.796247 0.124772
0.000000 0.799769 0.655757
0.000000 0.796607 0.958763
0.000000 0.793748 0.853129
0.000000 0.796500 0.879860
0.000000 0.804357 0.686545
0.000000 0.802975 0.974767
0.000000 0.807713 0.400406
0.000000 0.809213 0.825998
0.000000 0.807902 0.358553
0.000000 0.803889 0.610109
0.000000 0.802087 0.144423
0.000000 0.804430 1.038048
0.000000 0.806038 0.689561
0.000000 0.807006 0.862847
0.000000 0.810313 0.450900
0.000000 0.813986 0.039315
0.000000 0.802732 0.985265
0.000000 0.804276 0.681731
0.000000 0.803146 0.297660
0.000000 0.800584 0.294968
0.000000 0.802424 0.133172
0.000000 0.790171 0.336088
0.000000 0.788658 1.013407
0.000000 0.790830 0.973302
0.000000 0.806490 0.106970
0.000000 0.826607 0.870910
0.000000 0.842801 0.423587
0.000000 0.844426 0.578211
0.000000 0.853263 0.729657
0.000000 0.854009 0.270669
0.000000 0.850875 0.393931
0.000000 0.847602 0.185647
0.000000 0.850129 0.609554
0.000000 0.850887 0.311556
0.000000 0.853823 0.026934
0.000000 0.851219 0.894575
0.000000 0.840939 0.716048
0.000000 0.830747 1.010517
0.000000 0.840254 0.238186
0.000000 0.838124 0.051430
0.000000 0.850067 0.312203
0.000000 0.845369 0.689148
0.000000 0.846161 0.482196
0.000000 0.850699 0.184737
0.000000 0.859811 0.988947
0.000000 0.858438 0.327687
0.000000 0.858552 0.312964
0.000000 0.855156 0.460880
0.000000 0.846179 0.208590
0.000000 0.847770 0.371070
0.000000 0.842112 1.031800
0.000000 0.835618 0.208427
0.000000 0.839859 0.497211
0.000000 0.850332 0.904507
0.000000 0.840548 0.322165
0.000000 0.851951 0.408405
0.000000 0.851756 1.041258
0.000000 0.849357 0.279516
0.000000 0.850797 0.246066
0.000000 0.841195 0.136992
0.000000 0.846409 0.381960
0.000000 0.843277 0.317268
0.000000 0.854063 0.525303
0.000000 0.849871 1.073793
0.000000 0.854303 0.359418
0.000000 0.844474 0.339412
0.000000 0.846237 0.216413
0.000000 0.841345 0.228248
0.000000 0.844801 1.075219
0.000000 0.844889 0.092813
0.000000 0.840615 0.344713
0.000000 0.842597 0.701558
0.000000 0.842360 0.136911
0.000000 0.843899 0.921007
0.000000 0.849363 1.160385
0.000000 0.848215 0.632253
0.000000 0.850294 0.474735
0.000000 0.846746 0.026834
0.000000 0.836752 1.066175
0.000000 0.836419 0.368408
0.000000 0.844845 1.149900
0.000000 0.852640 0.818114
0.000000 0.858205 1.091933
0.000000 0.860432 0.904202
0.000000 0.863595 0.044831
0.000000 0.854031 0.344176
0.000000 0.872356 0.730299
0.000000 0.865915 0.058252
0.000000 0.860942 0.266770
0.000000 0.843328 0.520194
0.000000 0.844191 0.607989
0.000000 0.851995 0.219898
0.000000 0.860378 0.155506
0.000000 0.862384 0.863678
0.000000 0.846481 0.655327
0.000000 0.804092 0.100565
0.000000 0.756300 0.048775
0.000000 0.774486 0.001586
0.000000 0.710741 0.133884
0.000000 0.696425 0.199118
0.000000 0.723452 0.000893
0.000000 0.738453 0.003618
0.000000 0.736637 0.805632
0.000000 0.725491 0.020189
0.000000 0.764984 0.005286
0.000000 0.766845 0.008101
0.000000 0.768356 0.002059
0.000000 0.769202 0.027465
0.000000 0.758360 0.070504
0.000000 0.759375 0.664115
0.000000 0.757557 0.840596
0.000000 0.759651 0.155649
0.000000 0.763025 0.031862
0.000000 0.767832 0.042894
0.000000 0.771267 0.112576
0.000000 0.775480 0.151527
0.000000 0.774943 0.372438
0.000000 0.770890 0.452873
0.000000 0.755712 0.036219
0.000000 0.714028 0.004277
0.000000 0.734265 0.164166
0.000000 0.735291 0.088191
0.000000 0.725167 0.050658
0.000000 0.728708 0.183473
0.000000 0.742642 0.113167
0.000000 0.745995 0.124492
0.000000 0.743434 0.375791
0.000000 0.749508 0.233366
0.000000 0.749438 0.309088
0.000000 0.750192 0.005372
0.000000 0.748842 0.003179
0.000000 0.753976 0.012027
0.000000 0.744604 0.080034
0.000000 0.743438 0.988505
0.000000 0.751220 1.133795
0.000000 0.753069 0.569148
0.000000 0.760036 0.214689
0.000000 0.760499 0.021143
0.000000 0.759082 0.058115
0.000000 0.769018 0.045803
0.000000 0.765075 0.027310
0.000000 0.766937 0.047991
0.000000 0.762828 0.499217
0.000000 0.763109 0.197112
0.000000 0.755734 0.048997
0.000000 0.760554 0.288087
0.000000 0.765966 0.043413
0.000000 0.767558 0.012995
0.000000 0.740828 0.042082
0.000000 0.765818 0.025742
0.000000 0.766613 0.453762
0.000000 0.770128 0.050361
0.000000 0.755473 0.027375
0.000000 0.746612 0.009238
0.000000 0.760742 0.032621
0.000000 0.755509 0.013176
0.000000 0.754113 0.006423
0.000000 0.738317 0.009697
0.000000 0.731019 0.011280
0.000000 0.727268 0.058113
0.000000 0.730086 0.005737
0.000000 0.727847 0.008044
0.000000 0.750662 0.017128
0.000000 0.753438 0.021153
0.000000 0.744921 0.021847
0.000000 0.752876 0.040523
0.000000 0.740345 0.024553
0.000000 0.742892 0.005362
0.000000 0.739518 0.104356
0.000000 0.712863 0.022891
0.000000 0.709386 0.071486
0.000000 0.723120 0.012088
0.000000 0.749233 0.044043
0.000000 0.744457 0.607086
0.000000 0.747241 0.034974
0.000000 0.739985 0.090033
0.000000 0.748583 0.383213
0.000000 0.745321 1.033585
0.000000 0.748727 0.851473
0.000000 0.750869 0.174430
0.000000 0.756047 0.348896
0.000000 0.758074 0.367128
0.000000 0.759777 0.896735
0.000000 0.758630 0.160063
0.000000 0.760854 0.052203
0.000000 0.767547 0.298010
0.000000 0.768005 0.039735
0.000000 0.776039 0.013093
0.000000 0.780211 0.087114
0.000000 0.766676 0.512129
0.000000 0.761504 0.111745
0.000000 0.762357 0.138351
0.000000 0.765519 1.057645
0.000000 0.763538 0.737955
0.000000 0.766355 0.964332
0.000000 0.767673 0.951469
0.000000 0.768267 0.824814
0.000000 0.768138 1.063438
0.000000 0.767614 1.012860
0.000000 0.768107 0.249287
0.000000 0.767634 0.369015
0.000000 0.770886 1.148789
0.000000 0.771416 1.138548
0.000000 0.773582 0.651196
0.000000 0.777776 0.486874
0.000000 0.776010 0.152653
0.000000 0.772250 1.159171
0.000000 0.776652 0.091010
0.000000 0.776578 0.953564
0.000000 0.777383 1.109815
0.000000 0.780044 0.617287
0.000000 0.780114 0.783425
0.000000 0.783106 1.034303
0.000000 0.782738 0.562201
0.000000 0.781526 0.596744
0.000000 0.781567 0.690799
0.000000 0.782007 1.011861
0.000000 0.780863 1.130417
0.000000 0.782376 0.827524
0.000000 0.780962 1.149447
0.000000 0.781172 1.162416
0.000000 0.785274 0.095238
0.000000 0.784128 0.693611
0.000000 0.794668 0.610423
0.000000 0.785550 0.140023
0.000000 0.794367 1.000519
0.000000 0.781295 1.124592
0.000000 0.780446 0.546804
0.000000 0.775009 0.254758
0.000000 0.773873 1.151296
0.000000 0.774092 0.998124
0.000000 0.778026 0.621290
0.000000 0.771611 1.151461
0.000000 0.769371 1.161637
0.000000 0.764791 0.914415
0.000000 0.769322 0.695836
0.000000 0.775646 0.404105
0.000000 0.769868 0.299979
0.000000 0.779859 0.215719
0.000000 0.774866 0.397599
0.000000 0.769284 0.471173
0.000000 0.777042 0.103856
0.000000 0.778412 0.149648
0.000000 0.782266 0.772918
0.000000 0.784230 0.660180
0.000000 0.782513 0.167803
0.000000 0.788779 0.105211
0.000000 0.795060 0.272150
0.000000 0.788919 0.771537
0.000000 0.792669 0.847178
0.000000 0.790676 1.102251
0.000000 0.795534 0.708425
0.000000 0.787681 0.354590
0.000000 0.789628 1.047507
0.000000 0.787594 1.142003
0.000000 0.780856 1.166583
0.000000 0.786708 0.868678
0.000000 0.791623 1.098601
0.000000 0.803111 0.197375
0.000000 0.809126 0.890675
0.000000 0.806321 0.743236
0.000000 0.789894 1.094672
0.000000 0.788360 1.056970
0.000000 0.788430 0.652901
0.000000 0.786308 1.044659
0.000000 0.749494 0.244820
0.000000 0.785714 0.896149
0.000000 0.786183 1.017413
0.000000 0.785752 0.846670
0.000000 0.787338 0.925667
0.000000 0.794589 0.393939
0.000000 0.778962 0.824448
0.000000 0.780882 0.124048
0.000000 0.775459 0.112111
0.000000 0.743535 0.185374
0.000000 0.755665 0.805912
0.000000 0.785490 0.182240
0.000000 0.788934 1.082008
0.000000 0.791080 0.714963
0.000000 0.809865 0.069654
0.000000 0.815349 0.029010
0.000000 0.804131 0.021408
0.000000 0.796895 0.022341
0.000000 0.816914 0.044907
0.000000 0.798109 0.681583
0.000000 0.816988 0.072691
0.000000 0.807401 0.323399
0.000000 0.800748 0.926780
0.000000 0.799391 0.612991
0.000000 0.796426 0.413079
0.000000 0.801750 0.187219
0.000000 0.797593 0.127073
0.000000 0.790791 0.413273
0.000000 0.791783 0.600030
0.000000 0.798710 0.419304
0.000000 0.803217 0.642600
0.000000 0.808399 0.978767
0.000000 0.812917 0.640300
0.000000 0.818706 0.809489
0.000000 0.821946 0.520750
0.000000 0.822793 0.131410
0.000000 0.821323 1.065770
0.000000 0.824307 0.875445
0.000000 0.821568 1.011833
0.000000 0.819345 0.951822
