DelayedMarginalization 0.000885078 4.09001e-08 0.00134546 515
DelayedMarginalizationOnly 0.000411298 3.78167e-08 0.000803957 515
EF-marginalizeFrame 0.00125006 4.41071e-08 0.00204399 515
FullSystem::trackNewCoarse 0.00518866 4.26556e-06 0.0166648 2448
FullSystem::trackNewCoarseNoIMU 0.00394485 0.000113956 0.098852 151
FullSystemOptimize 0.0319848 0.000129712 0.0658481 530
GraphUnrolling 0.0422748 0.000159594 0.0545917 65
IMUInitAddPose 2.86889e-05 2.04063e-09 0.00106197 530
IMUInitOptimize 0.00533773 3.63467e-06 0.00965945 18
IMUIntegration::finishKeyframeOperations 5.3429e-05 1.41722e-10 0.000110062 497
InitializerFirstFrame 0.0545691 2.30351e-05 0.0632182 6
InitializerOtherFrames 0.217117 0.000839209 0.260088 45
MainMarginalization 0.00112975 4.29844e-08 0.00171537 515
MarginalizationReplacementBuildGraph 0.00247228 1.38163e-07 0.00351657 58
MarginalizationReplacementReplaceGraph 0.0471166 9.57314e-06 0.0548803 57
MarginalizeMainGraph 0.00047304 9.85111e-09 0.000895695 515
PGBA 0.0411983 0.000216852 0.0682367 9
PGBAFull 0.00726023 0.000280677 0.0741709 67
PrepareGraphForMainOptimization 0.0424887 0.000160947 0.0548405 65
VisualMarginalization 4.53983e-05 1.17261e-10 9.2369e-05 515
activatePointsMT 0.004152 3.03151e-06 0.010945 530
addActiveFrame 0.0282423 0.00147257 0.299653 2650
addIMUData 0.000870767 8.20794e-08 0.00176434 2448
addIMUDataToBA 3.31806e-05 4.15085e-10 0.00093511 2644
addKeyframeToBA 3.18494e-05 6.50561e-11 5.1215e-05 530
afterCoarseTracking 1.6203e-05 7.92092e-09 0.00133195 2599
baIteration 0.00490338 2.9666e-06 0.0122158 3177
baMatrixInversion 0.000210338 3.76148e-09 0.000598747 3177
baUpdateBuildHessians 0.000497089 1.4645e-08 0.0011562 3177
coarseTrackingIteration 0.000213201 4.76917e-09 0.00311962 47517
computeBAUpdate 0.000782953 3.79747e-08 0.00176034 3177
computeCoarseUpdate 0.0001058 1.04506e-09 0.00273209 45260
computeFactorForCoarseGraphAndMarginalCovariances 0.00318166 4.10509e-07 0.00623861 497
convertHAndBFromDSO 0.000143062 3.547e-09 0.000527962 5234
debugPlot 8.17377e-08 7.84727e-16 2.82e-07 530
debugPlotIDepthMap 0.00292299 8.44704e-07 0.00788142 530
debugPlotIDepthMapFloat 1.60696e-07 1.69226e-15 5.37e-07 530
deliverTrackedFrame 0.0162677 0.000764021 0.162309 2605
flagFramesForMarginalization 1.52222e-06 4.94508e-13 1.114e-05 530
fullCoarseTracking 0.00607919 1.09434e-05 0.0989205 2599
initObjectsAndMakeImage 0.00247449 5.47013e-08 0.00509245 2650
makeKeyframe 0.0639702 0.000752122 0.161208 530
makeKeyframeChangeTrackingRef 0.00544671 2.41369e-06 0.0148587 530
makeNewTraces 0.0061158 7.21903e-07 0.0110484 530
makeNonKeyframe 0.00272445 3.77505e-06 0.00867304 2075
marginalizeAndRemovePoints 0.00167658 2.19551e-06 0.00659931 530
marginalizeFrame 0.00183532 2.78126e-07 0.00425179 515
marginalizeFrameOverhead 0.000582746 2.08827e-07 0.00260725 515
marginalizeFrames 0.00179029 4.17078e-07 0.00426111 530
newFrameAndNewResidualsForOldPoints 0.000518736 2.25179e-07 0.0022786 530
printBiases 2.79126e-05 2.4431e-10 0.000312224 530
printEigenValLine 1.19968e-07 9.48402e-16 2.74e-07 530
printLogLine 1.94666e-05 8.80965e-12 3.6909e-05 530
publishInMakeKeyframe 0.000218138 1.09182e-08 0.000913255 530
removeOutliers 9.18775e-05 6.56558e-09 0.000445447 530
swapTrackingRef 3.47373e-05 6.93793e-11 9.9425e-05 525
timeMeasurement 1.14135e-06 3.50376e-13 1.277e-05 2650
traceNewCoarse 0.00259377 3.43444e-06 0.00866084 2605
updateBAValues 5.51572e-06 4.40293e-12 2.5913e-05 5264
zero 1.02324e-07 4.76024e-16 3.85e-07 2650
