1520530315.549643 1.434644 0.464984
1520530315.649646 1.394393 0.265553
1520530315.799640 1.335311 0.211624
1520530315.899643 1.349562 0.206642
1520530316.100221 1.336986 0.198265
1520530316.250226 1.343593 0.192845
1520530316.400230 1.337925 0.180791
1520530316.600278 1.323187 0.173489
1520530316.800284 1.325906 0.168807
1520530316.949773 1.331527 0.166339
1520530317.049776 1.353321 0.162702
1520530317.249782 1.368224 0.142404
1520530317.399745 1.366699 0.120366
1520530317.599752 1.360493 0.109773
1520530317.750237 1.345934 0.104181
1520530317.900242 1.339888 0.101877
1520530318.050246 1.340410 0.105156
1520530318.150816 1.345549 0.104587
1520530318.300772 1.346820 0.103385
1520530318.450777 1.355970 0.099365
1520530318.600567 1.365953 0.096087
1520530318.750571 1.366024 0.093113
1520530318.900576 1.369141 0.091127
1520530318.999955 1.385516 0.087015
1520530319.049958 1.391094 0.085919
1520530319.149961 1.403088 0.083042
1520530319.299965 1.397188 0.074399
1520530319.449833 1.393743 0.070483
1520530319.549837 1.394707 0.068642
1520530319.699841 1.392355 0.067259
1520530319.800341 1.391988 0.067009
1520530319.900344 1.392106 0.066844
1520530320.000347 1.392695 0.065746
1520530320.100350 1.393111 0.064322
1520530320.200401 1.394260 0.062996
1520530320.350405 1.393485 0.061660
1520530320.450408 1.393770 0.061082
1520530320.599869 1.393895 0.059962
1520530320.699873 1.396192 0.058755
1520530320.849877 1.401107 0.056268
1520530320.999882 1.401516 0.053927
1520530321.099742 1.402555 0.053129
1520530321.199745 1.406857 0.052420
1520530321.299749 1.408520 0.051662
1520530321.449856 1.410942 0.050583
1520530321.599860 1.413432 0.049668
1520530321.699863 1.416218 0.049122
1520530321.850152 1.422718 0.048550
1520530322.000157 1.426384 0.047460
1520530322.150162 1.427499 0.046474
1520530322.350210 1.421528 0.046118
1520530322.550216 1.423733 0.045830
1520530322.700026 1.429749 0.045379
1520530322.850030 1.428908 0.044486
1520530323.000035 1.428378 0.043777
1520530323.150076 1.429836 0.043311
1520530323.300080 1.430218 0.042941
1520530323.450085 1.434124 0.041919
1520530323.550346 1.434016 0.039413
1520530323.650349 1.433716 0.038551
1520530323.800354 1.430460 0.037928
1520530323.950154 1.427678 0.037543
1520530324.150160 1.428914 0.037258
1520530324.299908 1.430518 0.036962
1520530324.399911 1.435067 0.036781
1520530324.499994 1.434852 0.036412
1520530324.599917 1.435044 0.036117
1520530324.700018 1.433864 0.035891
1520530324.850023 1.433925 0.035743
1520530325.000028 1.437133 0.035623
1520530325.100816 1.438929 0.035508
1520530325.250820 1.439804 0.035202
1520530325.450827 1.447455 0.034679
1520530325.650917 1.453558 0.033680
1520530325.850922 1.451335 0.033038
1520530326.000543 1.449707 0.032685
1520530326.150548 1.450315 0.032401
1520530326.300552 1.449283 0.032132
1520530326.400206 1.448320 0.031991
1520530326.600213 1.450382 0.031921
1520530326.800428 1.452611 0.031837
1520530327.000434 1.450819 0.031274
1520530327.150431 1.452907 0.030798
1520530327.300436 1.452736 0.030421
1520530327.450441 1.453009 0.030171
1520530327.550090 1.453211 0.030018
1520530327.650103 1.452763 0.029781
1520530327.750096 1.454172 0.029601
1520530327.850099 1.454682 0.029459
1520530327.950102 1.454898 0.029385
1520530328.050282 1.454963 0.029251
1520530328.150285 1.454736 0.029111
1520530328.300290 1.453143 0.028945
1520530328.350291 1.454670 0.028902
1520530328.450338 1.455148 0.028860
1520530328.550342 1.455700 0.028827
1520530328.650346 1.456683 0.028810
1520530328.700347 1.456729 0.028790
1520530328.800086 1.456530 0.028750
1520530328.900089 1.456505 0.028663
1520530329.000092 1.457558 0.028531
1520530329.100095 1.457524 0.028382
1520530329.200044 1.457577 0.028206
1520530329.300047 1.459424 0.028050
1520530329.400050 1.459992 0.027826
1520530329.600097 1.460311 0.027539
1520530329.700100 1.460493 0.027455
1520530329.800104 1.460853 0.027402
1520530329.900107 1.460885 0.027347
1520530330.000110 1.461335 0.027251
1520530330.100162 1.461446 0.027115
1520530330.200165 1.462201 0.026906
1520530330.300169 1.462842 0.026659
1520530330.350170 1.488065 0.032311
1520530330.450787 1.486117 0.032005
1520530330.550790 1.485679 0.031815
1520530330.650793 1.486177 0.031757
1520530330.700795 1.486226 0.031746
1520530330.800798 1.486394 0.031693
1520530330.850367 1.486129 0.031659
1520530330.950279 1.486391 0.031492
1520530331.050282 1.486163 0.031365
1520530331.150285 1.486199 0.031240
1520530331.250735 1.488066 0.031178
1520530331.350738 1.488044 0.031152
1520530331.450741 1.488373 0.031133
1520530331.500743 1.488121 0.031123
1520530331.600746 1.488381 0.031075
1520530331.650479 1.488253 0.030998
1520530331.750483 1.487616 0.030703
1520530331.800484 1.486938 0.030508
1520530331.900488 1.485912 0.030022
1520530332.000491 1.485598 0.029569
1520530332.100388 1.484763 0.029202
1520530332.200392 1.483920 0.028939
1520530332.300399 1.482682 0.028736
1520530332.400401 1.482825 0.028649
1520530332.450399 1.482662 0.028607
1520530332.550483 1.481353 0.028581
1520530332.600486 1.481232 0.028584
1520530332.700489 1.481269 0.028543
1520530332.800492 1.482030 0.028466
1520530332.900164 1.481992 0.028382
1520530332.950166 1.482584 0.028316
1520530333.050169 1.482969 0.028233
1520530333.150173 1.484147 0.028200
1520530333.250175 1.485904 0.028148
1520530333.300608 1.485745 0.028087
1520530333.400612 1.485534 0.027984
1520530333.500615 1.485323 0.027929
1520530333.650619 1.486045 0.027909
1520530333.750542 1.486897 0.027881
1520530333.800544 1.487263 0.027877
1520530333.900547 1.488158 0.027857
1520530333.950549 1.487984 0.027849
1520530334.050551 1.487403 0.027791
1520530334.150218 1.490900 0.027622
1520530334.300222 1.491939 0.027371
1520530334.350224 1.492012 0.027307
1520530334.450227 1.492966 0.027190
1520530334.550086 1.503662 0.039426
1520530334.650089 1.505627 0.039321
1520530334.750092 1.507725 0.039223
1520530334.800094 1.507899 0.039156
1520530334.900097 1.507279 0.038998
1520530335.000929 1.506852 0.038917
1520530335.100933 1.507040 0.038899
1520530335.150934 1.507567 0.038882
1520530335.250937 1.507376 0.038845
1520530335.351457 1.507200 0.038840
1520530335.451459 1.506430 0.038832
1520530335.551462 1.506722 0.038818
1520530335.651465 1.506467 0.038804
1520530335.750223 1.506451 0.038800
1520530335.800224 1.507890 0.038798
1520530335.900227 1.508247 0.038738
1520530336.000230 1.509360 0.038638
1520530336.100233 1.509922 0.038525
1520530336.200179 1.510032 0.038411
1520530336.300182 1.510857 0.038218
1520530336.400185 1.512534 0.037914
1520530336.500188 1.513898 0.037556
1520530336.550582 1.514608 0.037341
1520530336.650586 1.516139 0.037048
1520530336.750588 1.515788 0.036784
1520530336.850591 1.515749 0.036585
1520530336.950594 1.517945 0.036454
1520530337.050259 1.519598 0.036208
1520530337.150262 1.521777 0.035872
1520530337.250265 1.524644 0.035560
1520530337.350269 1.525764 0.051002
1520530337.450303 1.527482 0.050577
1520530337.550306 1.528633 0.050261
1520530337.650309 1.533231 0.049779
1520530337.750312 1.537871 0.048704
1520530337.850855 1.543015 0.047435
1520530337.950858 1.546292 0.046125
1520530338.050862 1.548315 0.045141
1520530338.150864 1.547831 0.044513
1520530338.250473 1.544256 0.044083
1520530338.350476 1.543531 0.043979
1520530338.450479 1.544405 0.043796
1520530338.550482 1.546360 0.043576
1520530338.650261 1.547695 0.043251
1520530338.750266 1.550428 0.042890
1520530338.850267 1.549254 0.042532
1520530338.950270 1.550709 0.042206
1520530339.050959 1.551765 0.041835
1520530339.100960 1.550771 0.041885
1520530339.200963 1.550505 0.041695
1520530339.300966 1.550910 0.041607
1520530339.400970 1.549701 0.041558
1520530339.501689 1.551728 0.041512
1520530339.601692 1.551690 0.041423
1520530339.701695 1.552666 0.041394
1520530339.751697 1.553243 0.041347
1520530339.851056 1.553025 0.041248
1520530339.901057 1.552703 0.041225
1520530340.001061 1.553092 0.041127
1520530340.101063 1.553949 0.041076
1520530340.201067 1.555577 0.041012
1520530340.300397 1.570955 0.047151
1520530340.400400 1.571523 0.046723
1520530340.500403 1.572971 0.046370
1520530340.600406 1.574962 0.046023
1520530340.700348 1.575117 0.045725
1520530340.850353 1.576535 0.045599
1520530341.050774 1.577397 0.045455
1520530341.300782 1.580538 0.045114
1520530341.500713 1.578992 0.044979
1520530341.700719 1.579132 0.044933
1520530341.900542 1.577401 0.044752
1520530342.050546 1.576266 0.044635
1520530342.150549 1.575430 0.044510
1520530342.250553 1.576687 0.044338
1520530342.400676 1.577908 0.044057
1520530342.550681 1.579273 0.043827
1520530342.700643 1.579745 0.043573
1520530342.800646 1.580060 0.043334
1520530342.900649 1.579368 0.043028
1520530343.000653 1.579486 0.042598
1520530343.101131 1.579843 0.042118
1520530343.201134 1.580115 0.041557
1520530343.301138 1.581106 0.041039
1520530343.401141 1.581569 0.040512
1520530343.501404 1.581126 0.039948
1520530343.601407 1.582078 0.039487
1520530343.701410 1.585252 0.038990
1520530343.801413 1.586665 0.038396
1520530343.901416 1.587879 0.037900
1520530344.001403 1.636731 0.047341
1520530344.101406 1.636849 0.045966
1520530344.201410 1.637029 0.045623
1520530344.301413 1.637661 0.045317
1520530344.401411 1.635573 0.044986
1520530344.451412 1.635215 0.044970
1520530344.551415 1.635115 0.044815
1520530344.651418 1.634598 0.044647
1520530344.751636 1.634430 0.044530
1520530344.851639 1.634971 0.044447
1520530344.951642 1.635378 0.044396
1520530345.051645 1.635375 0.044321
1520530345.151845 1.635335 0.044269
1520530345.251745 1.635609 0.044225
1520530345.351748 1.635802 0.044189
1520530345.451751 1.636341 0.044159
1520530345.551195 1.636111 0.044111
1520530345.651198 1.635977 0.044105
1520530345.751201 1.635664 0.044054
1520530345.851204 1.635503 0.044036
1520530345.901206 1.636144 0.044040
1520530346.001475 1.636344 0.044008
1520530346.101479 1.635561 0.043980
1520530346.201481 1.635817 0.043983
1520530346.301485 1.636435 0.043978
1520530346.351486 1.636953 0.043957
1520530346.451378 1.636880 0.043983
1520530346.551380 1.636805 0.043980
1520530346.651383 1.636438 0.043980
1520530346.751386 1.636670 0.043975
1520530346.851546 1.636704 0.043970
1520530346.951549 1.636728 0.043968
1520530347.001551 1.637028 0.043959
1520530347.101554 1.636543 0.043956
1520530347.201400 1.636569 0.043952
1520530347.301403 1.636206 0.043947
1520530347.401407 1.636627 0.043948
1520530347.451408 1.636231 0.043940
1520530347.551411 1.635907 0.043931
1520530347.651220 1.635869 0.043938
1520530347.751223 1.635815 0.043934
1520530347.851226 1.635951 0.043925
1520530347.951229 1.635664 0.043926
1520530348.051164 1.636014 0.043921
1520530348.151168 1.635943 0.043920
1520530348.251170 1.636085 0.043905
1520530348.351173 1.636002 0.043897
1520530348.451416 1.636438 0.043893
1520530348.551419 1.635918 0.043871
1520530348.651423 1.635893 0.043866
1520530348.751426 1.636295 0.043859
1520530348.801428 1.636582 0.043846
1520530348.901315 1.637003 0.043833
1520530348.951318 1.637236 0.043828
1520530349.051321 1.637586 0.043807
1520530349.101323 1.637729 0.043795
1520530349.201326 1.638615 0.043753
1520530349.301107 1.638722 0.043725
1520530349.401110 1.639655 0.043704
1520530349.501114 1.639512 0.043672
1520530349.551115 1.639154 0.043656
1520530349.650935 1.639702 0.043657
1520530349.750943 1.639960 0.043637
1520530349.800940 1.639907 0.043616
1520530349.900986 1.639918 0.043603
1520530349.950944 1.640200 0.043599
1520530350.051376 1.640102 0.043574
1520530350.101378 1.640933 0.043576
1520530350.201381 1.641152 0.043543
1520530350.251384 1.641321 0.043531
1520530350.351387 1.641693 0.043514
1520530350.451515 1.641964 0.043499
1520530350.551518 1.642426 0.043494
1520530350.651521 1.642446 0.043486
1520530350.751524 1.642744 0.043483
1520530350.851527 1.642795 0.043479
1520530350.951573 1.642803 0.043473
1520530351.051576 1.642890 0.043465
1520530351.151579 1.643007 0.043466
1520530351.251582 1.643175 0.043460
1520530351.351680 1.643159 0.043450
1520530351.451683 1.643061 0.043452
1520530351.551686 1.642793 0.043447
1520530351.651689 1.642627 0.043431
1520530351.751696 1.642507 0.043446
1520530351.851700 1.642984 0.043419
1520530351.951703 1.642463 0.043433
1520530352.051706 1.642306 0.043428
1520530352.151806 1.641925 0.043435
1520530352.251809 1.642023 0.043433
1520530352.351812 1.642288 0.043428
1520530352.451816 1.642279 0.043430
1520530352.551471 1.642166 0.043428
1520530352.651474 1.642665 0.043423
1520530352.751477 1.642838 0.043424
1520530352.851480 1.643333 0.043404
1520530352.901098 1.642497 0.043418
1520530353.001101 1.641853 0.043422
1520530353.101208 1.642396 0.043407
1520530353.151105 1.642255 0.043407
1520530353.251108 1.642484 0.043411
1520530353.351398 1.642553 0.043401
1520530353.451401 1.642519 0.043390
1520530353.501402 1.642989 0.043394
1520530353.601405 1.643231 0.043388
1520530353.701408 1.644248 0.043367
1520530353.801738 1.643904 0.043363
1520530353.901741 1.643714 0.043385
1520530354.001744 1.643822 0.043380
1520530354.101747 1.643503 0.043383
1520530354.201897 1.643541 0.043377
1520530354.301900 1.643538 0.043372
1520530354.351902 1.643476 0.043370
1520530354.451905 1.643637 0.043369
1520530354.551594 1.643896 0.043357
1520530354.651595 1.643939 0.043364
1520530354.751597 1.643932 0.043362
1520530354.901602 1.643634 0.043350
1520530355.001360 1.643408 0.043330
1520530355.101363 1.643081 0.043337
1520530355.201366 1.643008 0.043336
1520530355.301370 1.642646 0.043336
1520530355.401407 1.642463 0.043344
1520530355.501410 1.642420 0.043337
1520530355.601414 1.642381 0.043332
1520530355.651416 1.641807 0.043337
1520530355.751418 1.641995 0.043335
1520530355.851533 1.641914 0.043339
1520530355.951536 1.642378 0.043333
1520530356.051539 1.642242 0.043332
1520530356.151542 1.642052 0.043333
1520530356.201376 1.642084 0.043329
1520530356.301379 1.641997 0.043334
1520530356.351380 1.642189 0.043330
1520530356.451383 1.642694 0.043337
1520530356.551386 1.643280 0.043317
1520530356.651234 1.642818 0.043326
1520530356.701236 1.642839 0.043322
1520530356.801239 1.642829 0.043313
1520530356.851240 1.642657 0.043319
1520530356.951243 1.642664 0.043322
1520530357.051154 1.642866 0.043315
1520530357.151157 1.642766 0.043321
1520530357.251160 1.642797 0.043318
1520530357.351164 1.642874 0.043315
1520530357.401658 1.643070 0.043317
1520530357.501662 1.643271 0.043316
1520530357.551663 1.643221 0.043318
1520530357.651666 1.643443 0.043315
1520530357.751669 1.643498 0.043315
1520530357.851585 1.643526 0.043301
1520530357.951560 1.643296 0.043313
1520530358.001562 1.643325 0.043308
1520530358.101565 1.643173 0.043309
1520530358.201568 1.643098 0.043306
1520530358.301626 1.642947 0.043305
1520530358.451631 1.643016 0.043303
1520530358.551634 1.642904 0.043300
1520530358.651798 1.642846 0.043298
1520530358.751801 1.642818 0.043295
1520530358.851805 1.642664 0.043290
1520530358.951808 1.642544 0.043295
1520530359.051806 1.642849 0.043291
1520530359.151809 1.642932 0.043285
1520530359.251812 1.642765 0.043280
1520530359.351815 1.642736 0.043272
1520530359.451919 1.642593 0.043278
1520530359.551871 1.642755 0.043272
1520530359.651874 1.642667 0.043273
1520530359.751878 1.642714 0.043270
1520530359.851881 1.642713 0.043264
1520530359.951828 1.643703 0.043264
1520530360.051831 1.644224 0.043255
1520530360.151834 1.645321 0.043236
1520530360.251837 1.646352 0.043234
1520530360.301316 1.646691 0.043193
1520530360.401319 1.646355 0.043220
1520530360.501323 1.646971 0.043212
1520530360.601326 1.646889 0.043204
1520530360.700978 1.647418 0.043199
1520530360.750980 1.647391 0.043191
1520530360.850983 1.648754 0.043189
1520530360.950988 1.649837 0.043175
1520530361.051064 1.652144 0.043121
1520530361.151045 1.652359 0.043119
1520530361.251048 1.652548 0.043124
1520530361.351051 1.652053 0.043111
1520530361.451055 1.652169 0.043110
1520530361.551692 1.651628 0.043105
1520530361.651695 1.651115 0.043063
1520530361.701696 1.650982 0.043025
1520530361.801700 1.651189 0.043098
1520530361.851701 1.651203 0.043090
1520530361.951941 1.651768 0.043088
1520530362.001942 1.652133 0.043083
1520530362.101945 1.652810 0.043075
1520530362.201949 1.652890 0.043048
1520530362.301951 1.653748 0.043038
1520530362.401625 1.654822 0.043026
1520530362.501628 1.656389 0.043015
1520530362.601631 1.657173 0.042972
1520530362.701634 1.657242 0.042938
1520530362.801366 1.656984 0.042913
1520530362.901369 1.656765 0.042905
1520530363.001372 1.656920 0.042908
1520530363.101375 1.656810 0.042907
1520530363.201651 1.656594 0.042879
1520530363.301654 1.656496 0.042884
1520530363.401658 1.656525 0.042894
1520530363.451659 1.657130 0.042886
1520530363.551745 1.657244 0.042886
1520530363.651748 1.657093 0.042891
1520530363.701749 1.656411 0.042889
1520530363.801753 1.657221 0.042885
1520530363.851754 1.657485 0.042877
1520530363.951780 1.658788 0.042878
1520530364.001782 1.659715 0.042860
1520530364.101785 1.661170 0.042864
1520530364.151786 1.660217 0.042845
1520530364.251789 1.661053 0.042824
1520530364.301791 1.660999 0.042790
1520530364.401853 1.660858 0.042840
1520530364.451854 1.659971 0.042822
1520530364.551858 1.660061 0.042831
1520530364.601859 1.659726 0.042848
1520530364.701862 1.659892 0.042848
1520530364.802376 1.660210 0.042846
1520530364.902379 1.660223 0.042834
1520530365.002383 1.660424 0.042832
1520530365.102386 1.660697 0.042838
1520530365.201844 1.660886 0.042825
1520530365.251846 1.661045 0.042823
1520530365.351849 1.660944 0.042815
1520530365.451852 1.661596 0.042816
1520530365.551855 1.662676 0.042801
1520530365.651537 1.663274 0.042785
1520530365.751540 1.663647 0.042779
1520530365.851543 1.663223 0.042723
1520530365.951546 1.663082 0.042757
1520530366.001907 1.663051 0.042760
1520530366.101910 1.663017 0.042747
1520530366.151911 1.662897 0.042749
1520530366.251915 1.663133 0.042752
1520530366.301916 1.663304 0.042748
1520530366.402120 1.663691 0.042741
1520530366.502124 1.663616 0.042744
1520530366.552125 1.663502 0.042727
1520530366.652128 1.663621 0.042744
1520530366.752132 1.663671 0.042743
1520530366.802133 1.663672 0.042740
1520530366.902167 1.663746 0.042739
1520530367.002170 1.663598 0.042740
1520530367.052172 1.663334 0.042734
1520530367.152175 1.663384 0.042740
1520530367.202177 1.663435 0.042741
1520530367.302541 1.663665 0.042731
1520530367.402544 1.663669 0.042725
1520530367.502548 1.663956 0.042726
1520530367.652264 1.664284 0.042727
1520530367.752267 1.664727 0.042725
1520530367.852271 1.665041 0.042707
1520530367.952274 1.665461 0.042704
1520530368.052124 1.665430 0.042703
1520530368.152127 1.664900 0.042683
1520530368.252130 1.665283 0.042686
1520530368.352134 1.664994 0.042693
1520530368.452048 1.664936 0.042687
1520530368.502050 1.664858 0.042690
1520530368.602053 1.665289 0.042686
1520530368.652054 1.664747 0.042689
1520530368.752057 1.665920 0.042682
1520530368.802058 1.665998 0.042679
1520530368.901391 1.666328 0.042681
1520530368.951392 1.665622 0.042681
1520530369.051395 1.665022 0.042641
1520530369.101397 1.664724 0.042684
1520530369.201400 1.665021 0.042685
1520530369.251401 1.665121 0.042690
1520530369.351538 1.664615 0.042683
1520530369.451542 1.664947 0.042692
1520530369.551545 1.665106 0.042688
1520530369.651548 1.665160 0.042689
1520530369.751899 1.665120 0.042689
1520530369.851902 1.664673 0.042682
1520530369.951905 1.665167 0.042686
1520530370.051908 1.664780 0.042685
1520530370.201933 1.665095 0.042688
1520530370.301935 1.665234 0.042682
1520530370.501883 1.665280 0.042676
1520530370.701889 1.665449 0.042675
1520530370.901941 1.665188 0.042643
1520530371.051946 1.665201 0.042659
1520530371.151949 1.665470 0.042633
1520530371.301953 1.665808 0.042661
1520530371.401953 1.665916 0.042654
1520530371.501956 1.666130 0.042662
1520530371.651961 1.666285 0.042659
1520530371.801961 1.665808 0.042656
1520530371.901964 1.665779 0.042654
1520530372.001968 1.665564 0.042651
1520530372.101971 1.665761 0.042628
1520530372.251958 1.665844 0.042648
1520530372.351961 1.666207 0.042652
1520530372.501966 1.666580 0.042641
1520530372.601958 1.666812 0.042647
1520530372.701961 1.666419 0.042642
1520530372.801964 1.666275 0.042627
1520530372.901967 1.666340 0.042627
1520530373.001619 1.666011 0.042634
1520530373.201626 1.666259 0.042638
1520530373.301629 1.666273 0.042639
1520530373.401458 1.666260 0.042628
1520530373.451460 1.665894 0.042616
1520530373.551463 1.665621 0.042629
1520530373.651466 1.665787 0.042631
1520530373.751469 1.666284 0.042626
1520530373.851583 1.666085 0.042633
1520530373.951586 1.665884 0.042633
1520530374.051589 1.665932 0.042623
1520530374.101591 1.665834 0.042632
1520530374.201953 1.665830 0.042630
1520530374.301956 1.665847 0.042630
1520530374.401959 1.665999 0.042629
1520530374.501962 1.666055 0.042629
1520530374.652408 1.666169 0.042630
1520530374.802413 1.666063 0.042628
1520530374.902417 1.666420 0.042629
1520530375.002442 1.666479 0.042628
1520530375.102445 1.666648 0.042619
1520530375.202449 1.666716 0.042615
1520530375.302452 1.666405 0.042621
1520530375.402252 1.666388 0.042621
1520530375.502216 1.666689 0.042604
1520530375.602219 1.666240 0.042613
1520530375.702222 1.666150 0.042611
1520530375.752223 1.666020 0.042598
1520530375.852258 1.666240 0.042617
1520530375.952261 1.665842 0.042615
1520530376.052264 1.665808 0.042608
1520530376.102265 1.665128 0.042582
1520530376.202270 1.665414 0.042604
1520530376.251950 1.666248 0.042591
1520530376.351954 1.666475 0.042606
1520530376.451957 1.666537 0.042613
1520530376.551960 1.666404 0.042597
1520530376.601961 1.666340 0.042605
1520530376.702664 1.666428 0.042610
1520530376.752666 1.666561 0.042609
1520530376.852669 1.666599 0.042611
1520530376.902671 1.666598 0.042611
1520530377.002721 1.666608 0.042612
1520530377.102900 1.666610 0.042604
1520530377.202903 1.666782 0.042611
1520530377.302906 1.666913 0.042610
1520530377.402909 1.666999 0.042609
1520530377.451719 1.667022 0.042556
1520530377.551722 1.667321 0.042588
1520530377.601723 1.667235 0.042593
1520530377.701726 1.666803 0.042604
1520530377.801730 1.666452 0.042602
1520530377.901409 1.666455 0.042602
1520530378.001412 1.667084 0.042595
1520530378.101416 1.667078 0.042598
1520530378.201419 1.667471 0.042603
1520530378.251420 1.667394 0.042601
1520530378.351513 1.666774 0.042593
1520530378.451516 1.667127 0.042591
1520530378.501517 1.667420 0.042595
1520530378.601571 1.667511 0.042603
1520530378.651522 1.667466 0.042602
1520530378.752210 1.667603 0.042593
1520530378.852213 1.667394 0.042594
1520530378.952216 1.667426 0.042593
1520530379.052220 1.667407 0.042599
1520530379.152151 1.667468 0.042599
1520530379.252154 1.667487 0.042599
1520530379.352157 1.667523 0.042598
1520530379.452160 1.667531 0.042599
1520530379.501850 1.667440 0.042598
1520530379.601853 1.667690 0.042596
1520530379.701856 1.667629 0.042596
1520530379.801860 1.667711 0.042592
1520530379.901824 1.667450 0.042590
1520530380.001827 1.667461 0.042595
1520530380.101830 1.667338 0.042592
1520530380.151832 1.667666 0.042590
1520530380.251835 1.668019 0.042595
1520530380.301736 1.667139 0.042597
1520530380.402163 1.667262 0.042593
1520530380.502165 1.668523 0.042592
1520530380.602168 1.668579 0.042577
1520530380.652170 1.668396 0.042582
1520530380.752135 1.668176 0.042583
1520530380.852138 1.668238 0.042586
1520530380.952141 1.668392 0.042578
1520530381.002143 1.668028 0.042578
1520530381.102146 1.667931 0.042589
1520530381.152048 1.668090 0.042580
1520530381.252051 1.667916 0.042582
1520530381.352054 1.667822 0.042585
1520530381.452057 1.667636 0.042589
1520530381.552262 1.667730 0.042593
1520530381.652265 1.667565 0.042593
1520530381.752268 1.667492 0.042591
1520530381.852271 1.667580 0.042588
1520530381.952332 1.667769 0.042590
1520530382.052335 1.667775 0.042590
1520530382.152338 1.667526 0.042583
1520530382.252342 1.667572 0.042589
1520530382.352159 1.667588 0.042592
1520530382.452162 1.667633 0.042588
1520530382.552165 1.667763 0.042575
1520530382.652168 1.667831 0.042590
1520530382.752171 1.667510 0.042581
1520530382.902248 1.667785 0.042591
1520530383.052252 1.667738 0.042590
1520530383.202206 1.667778 0.042588
1520530383.302209 1.668070 0.042588
1520530383.402267 1.667940 0.042586
1520530383.502216 1.668026 0.042589
1520530383.602472 1.667922 0.042587
1520530383.702475 1.667595 0.042585
1520530383.802478 1.668361 0.042585
1520530383.902481 1.668452 0.042586
1520530384.002530 1.668812 0.042585
1520530384.102533 1.669817 0.042584
1520530384.202536 1.670212 0.042579
1520530384.302539 1.671010 0.042584
1520530384.402432 1.669620 0.042562
1520530384.502435 1.669737 0.042571
1520530384.602439 1.669787 0.042571
1520530384.652440 1.669805 0.042576
1520530384.752443 1.669916 0.042583
1520530384.852858 1.669229 0.042582
1520530384.902860 1.669015 0.042585
1520530385.002916 1.669178 0.042587
1520530385.102866 1.669148 0.042587
1520530385.202869 1.669296 0.042587
1520530385.252705 1.669275 0.042582
1520530385.352709 1.669517 0.042584
1520530385.402710 1.669448 0.042581
1520530385.502713 1.669528 0.042584
1520530385.552715 1.669161 0.042579
1520530385.652486 1.669481 0.042588
1520530385.752489 1.669482 0.042585
1520530385.802491 1.669478 0.042584
1520530385.902494 1.669452 0.042588
1520530386.002497 1.669389 0.042585
1520530386.102546 1.669335 0.042583
1520530386.202549 1.669303 0.042586
1520530386.302552 1.669177 0.042585
1520530386.402554 1.669155 0.042586
1520530386.502760 1.669208 0.042586
1520530386.652764 1.669116 0.042575
1520530386.752767 1.669250 0.042572
1520530386.852674 1.669277 0.042585
1520530386.952678 1.669267 0.042585
1520530387.052681 1.669150 0.042586
1520530387.152684 1.669280 0.042582
1520530387.202685 1.669685 0.042585
1520530387.302607 1.669826 0.042596
1520530387.352609 1.669887 0.042594
1520530387.452612 1.669679 0.042580
1520530387.502614 1.669480 0.042586
1520530387.602617 1.670040 0.042585
1520530387.652619 1.670084 0.042575
1520530387.752459 1.670107 0.042586
1520530387.802460 1.669888 0.042595
1520530387.902463 1.669965 0.042578
1520530387.952465 1.670012 0.042582
1520530388.052468 1.669911 0.042579
1520530388.102494 1.669765 0.042582
1520530388.202544 1.669678 0.042583
1520530388.252499 1.669516 0.042582
1520530388.352502 1.669507 0.042581
1520530388.452505 1.669511 0.042582
1520530388.552854 1.669470 0.042583
1520530388.702858 1.669390 0.042580
1520530388.852863 1.669376 0.042583
1520530388.952235 1.669315 0.042581
1520530389.052238 1.669549 0.042580
1520530389.152242 1.669452 0.042577
1520530389.252245 1.669674 0.042582
1520530389.302934 1.670027 0.042553
1520530389.402938 1.669954 0.042574
1520530389.502940 1.669953 0.042582
1520530389.602943 1.669949 0.042582
1520530389.652948 1.670045 0.042568
1520530389.753403 1.669885 0.042578
1520530389.853406 1.669786 0.042575
1520530389.903408 1.669230 0.042574
1520530390.003411 1.669094 0.042580
1520530390.053412 1.668946 0.042530
1520530390.152569 1.669703 0.042578
1520530390.202569 1.669567 0.042575
1520530390.302572 1.669668 0.042580
1520530390.352575 1.669657 0.042579
1520530390.452578 1.669601 0.042584
1520530390.502578 1.669549 0.042572
1520530390.603326 1.670115 0.042582
1520530390.653327 1.669641 0.042577
1520530390.753331 1.669420 0.042579
1520530390.803333 1.669582 0.042581
1520530390.903336 1.669483 0.042584
1520530391.003381 1.669483 0.042583
1520530391.103384 1.669489 0.042585
1520530391.203387 1.669484 0.042584
1520530391.303389 1.669385 0.042584
1520530391.352333 1.669261 0.042570
1520530391.452336 1.669399 0.042582
1520530391.552339 1.669569 0.042581
1520530391.652342 1.669613 0.042581
1520530391.752424 1.669732 0.042580
1520530391.852427 1.669740 0.042583
1520530391.952430 1.669560 0.042573
1520530392.052433 1.669643 0.042579
1520530392.102435 1.669810 0.042581
1520530392.203142 1.669959 0.042578
1520530392.253143 1.669842 0.042585
1520530392.353147 1.669914 0.042582
1520530392.403148 1.669816 0.042574
1520530392.503151 1.669510 0.042583
1520530392.602235 1.669325 0.042571
1520530392.652236 1.668792 0.042575
1520530392.752239 1.669083 0.042582
1520530392.852242 1.669377 0.042583
1520530392.902243 1.669125 0.042583
1520530393.002174 1.669145 0.042582
1520530393.102156 1.669810 0.042578
1520530393.202159 1.669834 0.042577
1520530393.302161 1.669919 0.042583
1520530393.402921 1.669942 0.042582
1520530393.502924 1.669380 0.042585
1520530393.552926 1.669341 0.042587
1520530393.652929 1.669810 0.042579
1520530393.702931 1.669742 0.042575
1520530393.802958 1.669734 0.042583
1520530393.902961 1.670003 0.042579
1520530394.052965 1.671098 0.042440
1520530394.152969 1.669734 0.042582
1520530394.202165 1.669733 0.042514
1520530394.302169 1.669560 0.042578
1520530394.402172 1.669332 0.042576
1520530394.502175 1.669583 0.042583
1520530394.602189 1.669684 0.042577
1520530394.652876 1.669480 0.042575
1520530394.752879 1.669289 0.042566
1520530394.852882 1.669368 0.042578
1520530394.952885 1.669280 0.042584
1520530395.053731 1.669433 0.042575
1520530395.153734 1.669277 0.042585
1520530395.253737 1.669474 0.042578
1520530395.353740 1.669525 0.042580
1520530395.452705 1.669714 0.042570
1520530395.502707 1.669523 0.042553
1520530395.602710 1.669465 0.042581
1520530395.702713 1.669491 0.042583
1520530395.802716 1.669623 0.042574
1520530395.903079 1.669589 0.042581
1520530396.003083 1.669511 0.042583
1520530396.103085 1.669533 0.042567
1520530396.203089 1.669733 0.042582
1520530396.303237 1.669574 0.042582
1520530396.353238 1.669664 0.042582
1520530396.453241 1.669636 0.042584
1520530396.553244 1.669714 0.042585
1520530396.653248 1.669653 0.042584
1520530396.753147 1.669496 0.042583
1520530396.853150 1.669642 0.042580
1520530396.953153 1.669684 0.042583
1520530397.053156 1.669808 0.042582
1520530397.102782 1.669925 0.042574
1520530397.202785 1.669811 0.042580
1520530397.302788 1.669844 0.042582
1520530397.402791 1.669730 0.042578
1520530397.502304 1.669465 0.042577
1520530397.602308 1.669966 0.042568
1520530397.702310 1.669519 0.042570
1520530397.802315 1.669879 0.042574
1520530397.852315 1.669811 0.042572
1520530397.952586 1.669749 0.042586
1520530398.052589 1.669622 0.042582
1520530398.152592 1.669658 0.042582
1520530398.252596 1.669454 0.042581
1520530398.303365 1.668353 0.042584
1520530398.403368 1.669185 0.042583
1520530398.453370 1.669351 0.042585
1520530398.553373 1.669337 0.042588
1520530398.603375 1.669327 0.042587
1520530398.703221 1.669480 0.042585
1520530398.753223 1.669329 0.042579
1520530398.853226 1.669121 0.042575
1520530398.903227 1.669489 0.042575
1520530399.003230 1.669631 0.042575
1520530399.053232 1.669167 0.042572
1520530399.152330 1.669700 0.042546
1520530399.202332 1.669188 0.042512
1520530399.302335 1.669448 0.042575
1520530399.352336 1.669566 0.042572
1520530399.452339 1.669494 0.042576
1520530399.502341 1.669480 0.042573
1520530399.603008 1.669401 0.042566
1520530399.703011 1.669477 0.042579
1520530399.803014 1.669516 0.042568
1520530399.903017 1.669496 0.042571
1520530399.953275 1.669302 0.042579
1520530400.053278 1.669571 0.042576
1520530400.103279 1.669278 0.042572
1520530400.203283 1.669415 0.042574
1520530400.253284 1.669500 0.042573
1520530400.352494 1.669643 0.042574
1520530400.452498 1.669590 0.042572
1520530400.502500 1.669526 0.042557
1520530400.602502 1.669582 0.042576
1520530400.652504 1.669688 0.042575
1520530400.752291 1.669888 0.042570
1520530400.852294 1.669887 0.042570
1520530400.952297 1.669559 0.042575
1520530401.052300 1.669675 0.042571
1520530401.102302 1.669688 0.042574
1520530401.202755 1.670160 0.042571
1520530401.252756 1.670123 0.042562
1520530401.352759 1.670237 0.042572
1520530401.402761 1.670336 0.042575
1520530401.502764 1.670403 0.042577
1520530401.552766 1.670436 0.042575
1520530401.653039 1.670480 0.042571
1520530401.753042 1.670458 0.042571
1520530401.853045 1.670152 0.042574
1520530401.953048 1.669754 0.042578
1520530402.052283 1.669757 0.042574
1520530402.102285 1.669520 0.042576
1520530402.202287 1.669511 0.042578
1520530402.252289 1.669543 0.042570
1520530402.352292 1.669542 0.042578
1520530402.402567 1.671000 0.042555
1520530402.502571 1.669549 0.042576
1520530402.552572 1.669494 0.042573
1520530402.652672 1.669633 0.042574
1520530402.752578 1.669529 0.042573
1520530402.803416 1.669235 0.042567
1520530402.903419 1.669616 0.042566
1520530402.953420 1.670430 0.042576
1520530403.053424 1.670460 0.042574
1520530403.103425 1.670194 0.042569
1520530403.202933 1.670230 0.042577
1520530403.302936 1.670026 0.042573
1520530403.402940 1.669066 0.042575
1520530403.452941 1.668942 0.042574
1520530403.552945 1.668796 0.042573
1520530403.602946 1.668872 0.042564
1520530403.702256 1.669316 0.042573
1520530403.752257 1.669380 0.042555
1520530403.852261 1.669377 0.042576
1520530403.902261 1.669274 0.042571
1520530404.002264 1.669442 0.042573
1520530404.052745 1.669471 0.042572
1520530404.152748 1.669366 0.042574
1520530404.202749 1.669399 0.042574
1520530404.302752 1.669470 0.042573
1520530404.402755 1.669420 0.042567
1520530404.503114 1.669341 0.042571
1520530404.603117 1.669456 0.042570
1520530404.703120 1.669458 0.042573
1520530404.753122 1.669604 0.042574
1520530404.852642 1.669568 0.042575
1520530404.902643 1.669669 0.042573
1520530405.002647 1.669564 0.042574
1520530405.052648 1.669596 0.042574
1520530405.152651 1.669324 0.042568
1520530405.202653 1.669287 0.042567
1520530405.302330 1.669085 0.042567
1520530405.352331 1.669353 0.042572
1520530405.452334 1.669561 0.042575
1520530405.502335 1.669502 0.042574
1520530405.602339 1.669693 0.042570
1520530405.652792 1.669815 0.042566
1520530405.752795 1.669441 0.042576
1520530405.802797 1.669430 0.042573
1520530405.902800 1.669371 0.042573
1520530406.002803 1.669405 0.042573
1520530406.103570 1.669407 0.042573
1520530406.153570 1.669848 0.042569
1520530406.253574 1.669583 0.042573
1520530406.303576 1.669782 0.042572
1520530406.403579 1.669613 0.042574
1520530406.453580 1.669623 0.042573
1520530406.553487 1.669823 0.042561
1520530406.653490 1.669750 0.042567
1520530406.703492 1.669490 0.042567
1520530406.803495 1.669583 0.042571
1520530406.902692 1.669008 0.042569
1520530407.002694 1.669315 0.042507
1520530407.052696 1.669029 0.042564
1520530407.152699 1.668899 0.042567
1520530407.202701 1.669260 0.042555
1520530407.303185 1.669673 0.042564
1520530407.353185 1.668851 0.042549
1520530407.453221 1.669588 0.042572
1520530407.503190 1.669675 0.042546
1520530407.603193 1.669302 0.042571
1520530407.653194 1.669423 0.042566
1520530407.753511 1.669292 0.042564
1520530407.803513 1.669327 0.042572
1520530407.903516 1.669357 0.042569
1520530407.953518 1.669368 0.042569
1520530408.053521 1.669452 0.042569
1520530408.103522 1.669483 0.042572
1520530408.203605 1.669442 0.042575
1520530408.303608 1.669325 0.042567
1520530408.403612 1.669317 0.042571
1520530408.503614 1.669330 0.042571
1520530408.553374 1.669323 0.042569
1520530408.653377 1.669126 0.042567
1520530408.753380 1.669002 0.042559
1520530408.853383 1.669087 0.042564
1520530408.952878 1.669245 0.042560
1520530409.052890 1.669279 0.042559
1520530409.152884 1.668895 0.042560
1520530409.252887 1.668665 0.042534
1520530409.352902 1.668658 0.042571
1520530409.452906 1.668869 0.042569
1520530409.552909 1.670122 0.042563
1520530409.652912 1.670886 0.042570
1520530409.752654 1.670049 0.042570
1520530409.802656 1.669588 0.042566
1520530409.902659 1.669498 0.042564
1520530410.002662 1.669169 0.042543
1520530410.102666 1.669292 0.042570
1520530410.203224 1.669315 0.042558
1520530410.303227 1.669490 0.042570
1520530410.403230 1.669328 0.042570
1520530410.503232 1.669278 0.042574
1520530410.603875 1.668876 0.042570
1520530410.703878 1.668860 0.042565
1520530410.803881 1.668813 0.042563
1520530410.903884 1.668972 0.042575
1520530411.003418 1.669049 0.042572
1520530411.103421 1.669297 0.042570
1520530411.253426 1.669453 0.042569
1520530411.403009 1.669228 0.042575
1520530411.453010 1.669169 0.042573
1520530411.553013 1.669154 0.042570
1520530411.653017 1.669293 0.042568
1520530411.753020 1.669197 0.042562
1520530411.852907 1.669252 0.042573
1520530411.902909 1.669186 0.042573
1520530412.002912 1.669150 0.042573
1520530412.052913 1.669147 0.042572
1520530412.152916 1.669230 0.042571
1520530412.203416 1.669362 0.042568
1520530412.303419 1.669211 0.042571
1520530412.403422 1.669654 0.042562
1520530412.453423 1.669481 0.042567
1520530412.553426 1.669264 0.042573
1520530412.653630 1.669391 0.042572
1520530412.753633 1.669074 0.042571
1520530412.853636 1.668981 0.042559
1520530412.903637 1.668994 0.042547
1520530413.003641 1.669128 0.042573
1520530413.053009 1.669091 0.042560
1520530413.153012 1.669371 0.042564
1520530413.253016 1.669481 0.042568
1520530413.353019 1.669394 0.042575
1520530413.452940 1.669383 0.042570
1520530413.552943 1.669254 0.042566
1520530413.652946 1.669311 0.042572
1520530413.853107 1.669082 0.042563
1520530413.953110 1.668919 0.042573
1520530414.053113 1.668964 0.042567
1520530414.153116 1.669020 0.042574
1520530414.252894 1.669234 0.042558
1520530414.352897 1.669487 0.042573
1520530414.452900 1.669192 0.042574
1520530414.552903 1.669445 0.042573
1520530414.652705 1.669710 0.042557
1520530414.752708 1.669555 0.042570
1520530414.852712 1.669562 0.042564
1520530414.952715 1.669037 0.042568
1520530415.052718 1.669281 0.042575
1520530415.103195 1.668686 0.042538
1520530415.203199 1.669113 0.042577
1520530415.303202 1.669330 0.042573
1520530415.453206 1.669179 0.042569
1520530415.553069 1.669443 0.042570
1520530415.653072 1.669260 0.042577
1520530415.803077 1.669351 0.042577
1520530415.953363 1.669221 0.042576
1520530416.103368 1.669173 0.042574
1520530416.503381 1.669256 0.042570
1520530416.603384 1.669077 0.042575
1520530416.703272 1.669374 0.042575
1520530416.753274 1.668466 0.042551
1520530416.853277 1.668740 0.042572
1520530416.953280 1.669105 0.042577
1520530417.053283 1.669469 0.042574
1520530417.153371 1.669217 0.042571
1520530417.253374 1.669167 0.042579
1520530417.503382 1.669239 0.042573
1520530417.653467 1.668994 0.042575
1520530417.753470 1.669465 0.042556
1520530417.853473 1.669869 0.042556
1520530417.953455 1.669289 0.042577
1520530418.053458 1.669319 0.042573
1520530418.153462 1.669153 0.042575
1520530418.253465 1.669038 0.042585
1520530418.403432 1.669064 0.042583
1520530418.553437 1.669177 0.042580
1520530418.703442 1.669091 0.042572
1520530418.803345 1.669020 0.042581
1520530418.903348 1.669109 0.042578
1520530419.003351 1.668808 0.042572
1520530419.103354 1.668901 0.042555
1520530419.203534 1.669088 0.042572
1520530419.303537 1.669129 0.042578
1520530419.403541 1.669281 0.042577
1520530419.553545 1.669389 0.042580
1520530419.703733 1.669007 0.042587
1520530419.803736 1.669206 0.042578
1520530419.903739 1.669028 0.042575
1520530420.003597 1.669034 0.042554
1520530420.103600 1.669189 0.042569
1520530420.203604 1.668987 0.042572
1520530420.253605 1.668814 0.042571
1520530420.353608 1.669013 0.042570
1520530420.453700 1.669147 0.042570
1520530420.603705 1.669104 0.042582
1520530420.803356 1.669110 0.042583
1520530420.903359 1.668978 0.042561
1520530421.003363 1.669631 0.042538
1520530421.103366 1.669494 0.042541
1520530421.203429 1.668802 0.042573
1520530421.303432 1.668852 0.042570
1520530421.403435 1.668912 0.042559
1520530421.503439 1.668890 0.042566
1520530421.603611 1.668770 0.042581
1520530421.703614 1.668825 0.042581
1520530421.853618 1.668879 0.042590
1520530422.003623 1.669194 0.042549
1520530422.103474 1.668938 0.042573
1520530422.203477 1.668657 0.042580
1520530422.303480 1.668574 0.042568
1520530422.403483 1.668466 0.042562
1520530422.503396 1.668486 0.042564
1520530422.553398 1.668747 0.042570
1520530422.653400 1.668769 0.042574
1520530422.753403 1.668980 0.042582
1520530422.853580 1.668628 0.042574
1520530423.053588 1.668817 0.042585
1520530423.153591 1.668885 0.042570
1520530423.253316 1.668840 0.042567
1520530423.353319 1.668501 0.042570
1520530423.453322 1.668206 0.042568
1520530423.603327 1.668217 0.042583
1520530423.702985 1.668518 0.042548
1520530423.752986 1.668628 0.042572
1520530423.852990 1.668777 0.042567
1520530423.952993 1.668799 0.042567
1520530424.002994 1.669042 0.042583
1520530424.103253 1.668976 0.042578
1520530424.153255 1.668846 0.042577
1520530424.253258 1.668936 0.042580
1520530424.353261 1.670855 0.042400
1520530424.403263 1.668897 0.042579
1520530424.504722 1.667343 0.042581
1520530424.554724 1.668553 0.042587
1520530424.654727 1.668748 0.042584
1520530424.804732 1.669002 0.042567
1520530424.903374 1.668534 0.042567
1520530424.953377 1.668641 0.042569
1520530425.053379 1.668891 0.042579
1520530425.153383 1.668904 0.042585
1520530425.253385 1.668809 0.042583
1520530425.353734 1.668684 0.042583
1520530425.453737 1.668829 0.042580
1520530425.603741 1.668545 0.042584
1520530425.653743 1.668651 0.042584
1520530425.753677 1.668798 0.042585
1520530425.803679 1.668936 0.042583
1520530425.903682 1.668755 0.042581
1520530426.153475 1.668306 0.042560
1520530426.253478 1.668587 0.042546
1520530426.303480 1.668949 0.042578
1520530426.403483 1.669232 0.042578
1520530426.453484 1.669282 0.042574
1520530426.553551 1.669110 0.042577
1520530426.703556 1.668627 0.042586
1520530426.753558 1.668839 0.042583
1520530426.853560 1.669021 0.042574
1520530426.903562 1.669059 0.042582
1520530427.003600 1.669213 0.042581
1520530427.103603 1.669217 0.042579
1520530427.203606 1.669068 0.042584
1520530427.303609 1.669112 0.042584
1520530427.403594 1.669165 0.042583
1520530427.503597 1.669398 0.042583
1520530427.803679 1.669828 0.042585
1520530427.903683 1.669978 0.042573
1520530427.953684 1.669784 0.042557
1520530428.053687 1.670072 0.042549
1520530428.103692 1.669660 0.042549
1520530428.203537 1.669452 0.042572
1520530428.253538 1.669068 0.042559
1520530428.353542 1.669062 0.042574
1520530428.403618 1.669001 0.042576
1520530428.503546 1.668921 0.042585
1520530428.553451 1.668667 0.042580
1520530428.653454 1.668697 0.042587
1520530428.753457 1.668713 0.042588
1520530428.853460 1.668737 0.042588
1520530428.903461 1.669010 0.042585
1520530429.003444 1.668989 0.042586
1520530429.053445 1.669135 0.042586
1520530429.153448 1.669365 0.042586
1520530429.203450 1.669511 0.042584
1520530429.303453 1.668851 0.042583
1520530429.353455 1.668921 0.042592
1520530429.453553 1.669257 0.042584
1520530429.503555 1.669417 0.042587
1520530429.603558 1.669579 0.042588
1520530429.653559 1.668971 0.042590
1520530429.753562 1.668874 0.042585
1520530429.803622 1.668847 0.042582
1520530429.903625 1.669027 0.042565
1520530429.953626 1.669030 0.042587
1520530430.053629 1.668868 0.042591
1520530430.103631 1.668931 0.042588
1520530430.203344 1.668837 0.042592
1520530430.253346 1.668657 0.042578
1520530430.353349 1.668728 0.042590
1520530430.403350 1.669032 0.042590
1520530430.503353 1.669019 0.042591
1520530430.603527 1.668799 0.042589
1520530430.653528 1.668916 0.042589
1520530430.753532 1.668909 0.042590
1520530430.853534 1.668973 0.042591
1520530430.953538 1.668929 0.042587
1520530431.053698 1.668988 0.042578
1520530431.103700 1.668968 0.042587
1520530431.203703 1.669171 0.042584
1520530431.253704 1.669049 0.042589
1520530431.353708 1.669058 0.042584
1520530431.403709 1.669223 0.042584
1520530431.503564 1.669139 0.042588
1520530431.553565 1.668928 0.042580
1520530431.653568 1.669554 0.042584
1520530431.703570 1.669536 0.042588
1520530431.803573 1.669689 0.042587
1520530431.853524 1.669095 0.042587
1520530431.953527 1.669397 0.042589
1520530432.003529 1.669161 0.042584
1520530432.103532 1.669141 0.042586
1520530432.153533 1.668920 0.042567
1520530432.253696 1.668875 0.042582
1520530432.303698 1.668838 0.042585
1520530432.403701 1.668771 0.042586
1520530432.503704 1.668850 0.042587
1520530432.553705 1.668786 0.042578
1520530432.653548 1.668909 0.042582
1520530432.703550 1.669114 0.042576
1520530432.803553 1.668914 0.042576
1520530432.853554 1.669109 0.042587
1520530432.953557 1.669676 0.042581
1520530433.003559 1.669724 0.042582
1520530433.103691 1.669728 0.042580
1520530433.153693 1.669953 0.042582
1520530433.253695 1.669798 0.042587
1520530433.353699 1.669391 0.042589
1520530433.453702 1.669087 0.042587
1520530433.553795 1.669088 0.042583
1520530433.653798 1.668916 0.042586
1520530433.753801 1.668907 0.042586
1520530433.853804 1.668870 0.042582
1520530433.903631 1.669079 0.042584
1520530434.003634 1.669056 0.042587
1520530434.053635 1.669201 0.042578
1520530434.153638 1.669204 0.042584
1520530434.203641 1.668808 0.042587
1520530434.303478 1.668754 0.042585
1520530434.353481 1.668668 0.042583
1520530434.453483 1.668791 0.042583
1520530434.503485 1.668996 0.042588
1520530434.603488 1.669059 0.042578
1520530434.653489 1.668903 0.042577
1520530434.753658 1.668861 0.042584
1520530434.803658 1.668996 0.042582
1520530434.903661 1.668988 0.042578
1520530434.953663 1.668885 0.042586
1520530435.053667 1.668919 0.042586
1520530435.153798 1.668974 0.042585
1520530435.253801 1.668948 0.042582
1520530435.303802 1.668967 0.042585
1520530435.403806 1.668956 0.042587
1520530435.453807 1.668864 0.042587
1520530435.554088 1.668837 0.042586
1520530435.604089 1.668810 0.042580
1520530435.704092 1.668834 0.042583
1520530435.754094 1.668805 0.042585
1520530435.854097 1.668865 0.042586
1520530435.904099 1.668866 0.042587
1520530436.003837 1.668867 0.042582
1520530436.053838 1.668876 0.042584
1520530436.153841 1.668910 0.042583
1520530436.253844 1.668846 0.042586
1520530436.353956 1.668834 0.042587
1520530436.453978 1.668774 0.042586
1520530436.653965 1.669503 0.042575
1520530436.754031 1.669274 0.042584
1520530436.854034 1.669091 0.042574
1520530436.904035 1.668538 0.042576
1520530437.004039 1.668448 0.042587
1520530437.054040 1.668800 0.042581
1520530437.153533 1.668825 0.042564
1520530437.203536 1.669054 0.042531
1520530437.303539 1.668932 0.042563
1520530437.403543 1.669111 0.042579
1520530437.453545 1.669283 0.042584
1520530437.553870 1.669503 0.042575
1520530437.603872 1.668861 0.042568
1520530437.703875 1.668933 0.042586
1520530437.803878 1.668897 0.042585
1520530437.903881 1.668933 0.042583
1520530438.004481 1.669052 0.042586
1520530438.104484 1.668999 0.042583
1520530438.204487 1.669048 0.042586
1520530438.254489 1.669051 0.042584
1520530438.354492 1.668947 0.042584
1520530438.403621 1.668903 0.042576
1520530438.503624 1.668914 0.042581
1520530438.553626 1.668938 0.042584
1520530438.653629 1.668796 0.042583
1520530438.703631 1.668913 0.042563
1520530438.804389 1.668701 0.042580
1520530438.854392 1.668735 0.042584
1520530438.954395 1.668919 0.042581
1520530439.104398 1.668721 0.042586
1520530439.254655 1.668794 0.042586
1520530439.404660 1.668630 0.042577
1520530439.604177 1.668075 0.042582
1520530439.704263 1.668852 0.042577
1520530439.804183 1.668862 0.042587
1520530439.904186 1.669067 0.042584
1520530440.004099 1.669154 0.042585
1520530440.104102 1.669062 0.042585
1520530440.204106 1.669421 0.042586
1520530440.304109 1.669581 0.042584
1520530440.404112 1.670018 0.042579
1520530440.503979 1.670283 0.042581
1520530440.603982 1.670247 0.042578
1520530440.703986 1.670167 0.042583
1520530440.803989 1.669835 0.042587
1520530440.903872 1.669912 0.042580
1520530441.003875 1.669806 0.042580
1520530441.103878 1.669625 0.042581
1520530441.203881 1.669415 0.042586
1520530441.303927 1.669318 0.042585
1520530441.403893 1.668686 0.042582
1520530441.503896 1.668709 0.042586
1520530441.603899 1.668768 0.042587
1520530441.704084 1.668703 0.042586
1520530441.854089 1.668682 0.042587
1520530442.004094 1.668537 0.042582
1520530442.104032 1.668554 0.042585
1520530442.204035 1.668499 0.042572
1520530442.304038 1.668825 0.042562
1520530442.404042 1.668737 0.042554
1520530442.503716 1.668757 0.042547
1520530442.553717 1.668873 0.042569
1520530442.653721 1.669011 0.042571
1520530442.703722 1.668723 0.042571
1520530442.803725 1.668649 0.042585
1520530442.904376 1.668537 0.042574
1520530442.954377 1.668348 0.042584
1520530443.054381 1.668551 0.042570
1520530443.154384 1.668560 0.042571
1520530443.254387 1.668525 0.042584
1520530443.454471 1.668732 0.042585
1520530443.554474 1.668721 0.042586
1520530443.654478 1.668830 0.042556
1520530443.754014 1.669379 0.042518
1520530443.854018 1.669309 0.042564
1520530443.954022 1.669553 0.042571
1520530444.054024 1.669201 0.042579
1520530444.154403 1.668854 0.042581
1520530444.254406 1.668789 0.042584
1520530444.354410 1.668802 0.042584
1520530444.454413 1.668843 0.042575
1520530444.505161 1.668364 0.042579
1520530444.605164 1.668437 0.042582
1520530444.705167 1.668656 0.042585
1520530444.805170 1.668626 0.042592
1520530444.905173 1.668443 0.042587
1520530444.954962 1.668749 0.042585
1520530445.054965 1.668791 0.042583
1520530445.104967 1.669037 0.042578
1520530445.204970 1.669144 0.042582
1520530445.304973 1.669264 0.042582
1520530445.353892 1.668642 0.042577
1520530445.453896 1.668737 0.042560
1520530445.503898 1.668599 0.042572
1520530445.603900 1.668639 0.042580
1520530445.653902 1.668478 0.042570
1520530445.753751 1.668674 0.042583
1520530445.803752 1.668780 0.042449
1520530445.903755 1.668779 0.042582
1520530445.953757 1.668766 0.042580
1520530446.053761 1.668713 0.042582
1520530446.154954 1.668498 0.042565
1520530446.204900 1.668302 0.042579
1520530446.304903 1.668469 0.042584
1520530446.404906 1.668445 0.042580
1520530446.504909 1.668550 0.042582
1520530446.604785 1.668589 0.042579
1520530446.704788 1.668590 0.042574
1520530446.804791 1.668898 0.042569
1520530446.904794 1.668724 0.042570
1520530447.004332 1.668708 0.042572
1520530447.104335 1.668699 0.042571
1520530447.204338 1.668807 0.042583
1520530447.304342 1.668773 0.042574
1520530447.404124 1.669314 0.042577
1520530447.504127 1.669604 0.042571
1520530447.654131 1.669686 0.042569
1520530447.854074 1.669911 0.042577
1520530448.203885 1.670127 0.042579
1520530448.353889 1.669627 0.042552
