1520530315.599645 1.426616 0.405421
1520530315.699637 1.413145 0.266799
1520530315.849642 1.353354 0.199563
1520530315.999647 1.304398 0.203287
1520530316.100221 1.296729 0.211972
1520530316.250226 1.313673 0.207138
1520530316.400230 1.312214 0.194359
1520530316.600278 1.311939 0.188290
1520530316.800284 1.305825 0.183637
1520530316.949773 1.319345 0.177474
1520530317.049776 1.347391 0.172175
1520530317.249782 1.358486 0.138293
1520530317.399745 1.347036 0.123319
1520530317.599752 1.336954 0.111828
1520530317.750237 1.309347 0.103693
1520530317.900242 1.300346 0.106407
1520530318.050246 1.303454 0.106501
1520530318.150816 1.312487 0.106333
1520530318.300772 1.316692 0.105095
1520530318.450777 1.325953 0.100414
1520530318.600567 1.335269 0.096805
1520530318.750571 1.333768 0.093180
1520530318.900576 1.339299 0.090736
1520530318.999955 1.356470 0.087231
1520530319.049958 1.359146 0.086107
1520530319.199962 1.365952 0.080001
1520530319.349967 1.355688 0.074344
1520530319.449833 1.347881 0.071065
1520530319.599838 1.345521 0.068316
1520530319.749942 1.339169 0.067405
1520530319.850343 1.339178 0.067047
1520530319.950346 1.337472 0.066148
1520530320.050349 1.336962 0.064392
1520530320.150352 1.335611 0.062340
1520530320.250402 1.338393 0.060831
1520530320.400407 1.334052 0.059547
1520530320.550412 1.328445 0.058582
1520530320.649871 1.330828 0.057858
1520530320.799876 1.336534 0.055732
1520530320.949880 1.339853 0.053207
1520530321.099742 1.335981 0.051476
1520530321.199745 1.337325 0.050681
1520530321.349750 1.332576 0.049028
1520530321.499857 1.331806 0.047943
1520530321.599860 1.333954 0.047302
1520530321.699863 1.329937 0.046725
1520530321.850152 1.329001 0.046151
1520530322.000157 1.328371 0.045374
1520530322.150162 1.331827 0.044682
1520530322.350210 1.332690 0.044424
1520530322.550216 1.334759 0.044172
1520530322.700026 1.342292 0.043677
1520530322.850030 1.341864 0.042805
1520530323.050036 1.342496 0.041933
1520530323.200077 1.343204 0.041498
1520530323.350082 1.345000 0.041005
1520530323.450085 1.348881 0.040167
1520530323.550346 1.351933 0.038998
1520530323.700351 1.351856 0.037791
1520530323.850356 1.353986 0.037208
1520530323.950154 1.354544 0.036968
1520530324.150160 1.355681 0.036615
1520530324.299908 1.360859 0.036310
1520530324.349910 1.365723 0.036209
1520530324.449913 1.365704 0.035909
1520530324.549915 1.362995 0.035498
1520530324.649919 1.360306 0.035180
1520530324.750020 1.359690 0.034945
1520530324.900024 1.358635 0.034781
1520530325.050029 1.359616 0.034669
1520530325.150817 1.361858 0.034528
1520530325.300822 1.361410 0.034109
1520530325.500828 1.366201 0.033456
1520530325.700918 1.364386 0.031382
1520530325.850922 1.361514 0.030910
1520530326.000543 1.359621 0.030582
1520530326.150548 1.358942 0.030262
1520530326.300552 1.355196 0.029994
1520530326.400206 1.354584 0.029894
1520530326.600213 1.353677 0.029759
1520530326.800428 1.353926 0.029737
1520530326.950432 1.356214 0.029306
1520530327.100437 1.357339 0.028721
1520530327.250435 1.358556 0.028354
1520530327.400439 1.357624 0.028021
1520530327.550090 1.359601 0.027733
1520530327.650103 1.357150 0.027436
1520530327.750096 1.358015 0.027260
1520530327.800097 1.357228 0.027150
1520530327.900100 1.356122 0.027010
1520530328.000280 1.356930 0.026875
1520530328.100283 1.356857 0.026682
1520530328.300290 1.357062 0.026458
1520530328.350291 1.356940 0.026414
1520530328.450338 1.356794 0.026350
1520530328.500340 1.356560 0.026339
1520530328.600344 1.356400 0.026323
1520530328.700347 1.356537 0.026302
1520530328.800086 1.356827 0.026267
1520530328.900089 1.356941 0.026185
1520530328.950091 1.357431 0.026120
1520530329.050093 1.358336 0.025988
1520530329.150097 1.358899 0.025847
1520530329.250095 1.359411 0.025677
1520530329.350049 1.359252 0.025476
1520530329.500053 1.357334 0.025170
1520530329.600097 1.357622 0.025064
1520530329.700100 1.357645 0.024979
1520530329.800104 1.358514 0.024924
1520530329.900107 1.358633 0.024879
1520530330.000110 1.359293 0.024801
1520530330.050161 1.359079 0.024728
1520530330.150164 1.360831 0.024558
1520530330.250167 1.362844 0.024332
1520530330.300169 1.362631 0.024211
1520530330.400172 1.363378 0.023958
1520530330.450787 1.363758 0.023889
1520530330.550790 1.363739 0.023794
1520530330.650793 1.364259 0.023769
1520530330.700795 1.364438 0.023756
1520530330.800798 1.365531 0.023706
1520530330.850367 1.365705 0.023666
1520530330.950279 1.365736 0.023569
1520530331.050282 1.366728 0.023465
1520530331.150285 1.369937 0.023390
1520530331.250735 1.371587 0.023328
1520530331.350738 1.370417 0.023290
1520530331.450741 1.369070 0.023281
1520530331.500743 1.368644 0.023287
1520530331.600746 1.367850 0.023269
1520530331.650479 1.367956 0.023228
1520530331.750483 1.368254 0.023097
1520530331.800484 1.368280 0.022987
1520530331.900488 1.369288 0.022710
1520530332.000491 1.370614 0.022457
1520530332.100388 1.371473 0.022227
1520530332.200392 1.372469 0.022073
1520530332.300399 1.372434 0.021951
1520530332.400401 1.373043 0.021904
1520530332.450399 1.372898 0.021885
1520530332.550483 1.372163 0.021872
1520530332.600486 1.372154 0.021867
1520530332.700489 1.372224 0.021845
1520530332.800492 1.373520 0.021783
1520530332.900164 1.374577 0.021724
1520530333.000168 1.374714 0.021655
1520530333.100171 1.374643 0.021618
1520530333.200174 1.375824 0.021589
1520530333.300608 1.376534 0.021524
1520530333.400612 1.377319 0.021469
1520530333.500615 1.377149 0.021422
1520530333.650619 1.376246 0.021431
1520530333.700541 1.376545 0.021425
1520530333.800544 1.376262 0.021409
1520530333.850545 1.376378 0.021399
1520530333.950549 1.376744 0.021386
1520530334.000561 1.377044 0.021366
1520530334.100216 1.377609 0.021280
1520530334.200219 1.378095 0.021144
1520530334.250221 1.377990 0.021080
1520530334.350224 1.378144 0.020977
1520530334.450227 1.378350 0.020898
1520530334.550086 1.378494 0.020836
1520530334.600088 1.378664 0.020809
1520530334.700091 1.379383 0.020768
1520530334.800094 1.379940 0.020729
1520530334.900097 1.380007 0.020684
1520530335.000929 1.379026 0.020648
1520530335.100933 1.378512 0.020637
1520530335.150934 1.378827 0.020631
1520530335.250937 1.379194 0.020617
1520530335.351457 1.379245 0.020604
1520530335.451459 1.378648 0.020596
1520530335.551462 1.378477 0.020585
1520530335.651465 1.378691 0.020578
1520530335.750223 1.378711 0.020571
1520530335.800224 1.378964 0.020568
1520530335.900227 1.379263 0.020556
1520530336.000230 1.379686 0.020526
1520530336.050232 1.379758 0.020501
1520530336.150177 1.379723 0.020471
1520530336.250180 1.380156 0.020428
1520530336.350183 1.380506 0.020351
1520530336.450186 1.381026 0.020230
1520530336.550582 1.381539 0.020105
1520530336.650586 1.381849 0.020028
1520530336.750588 1.382862 0.019971
1520530336.850591 1.383256 0.019928
1520530336.950594 1.383952 0.019896
1520530337.050259 1.384651 0.019850
1520530337.150262 1.385792 0.019771
1520530337.250265 1.387162 0.019700
1520530337.350269 1.388123 0.019646
1520530337.450303 1.388747 0.019600
1520530337.550306 1.389043 0.019559
1520530337.650309 1.390836 0.019496
1520530337.750312 1.392654 0.019385
1520530337.850855 1.394184 0.019228
1520530337.950858 1.396609 0.019060
1520530338.050862 1.398065 0.018934
1520530338.150864 1.398250 0.018847
1520530338.250473 1.397308 0.018785
1520530338.350476 1.397022 0.018769
1520530338.450479 1.397353 0.018745
1520530338.550482 1.397594 0.018712
1520530338.650261 1.398299 0.018665
1520530338.750266 1.398983 0.018608
1520530338.850267 1.399182 0.018546
1520530338.950270 1.400036 0.018501
1520530339.050959 1.399571 0.018437
1520530339.100960 1.399845 0.018421
1520530339.200963 1.400573 0.018385
1520530339.300966 1.400573 0.018362
1520530339.400970 1.400637 0.018356
1520530339.501689 1.400983 0.018350
1520530339.601692 1.401110 0.018351
1520530339.701695 1.400786 0.018335
1520530339.751697 1.401100 0.018329
1520530339.851056 1.401583 0.018312
1520530339.901057 1.401852 0.018305
1520530340.001061 1.402093 0.018288
1520530340.101063 1.402341 0.018276
1520530340.201067 1.403127 0.018259
1520530340.300397 1.403478 0.018220
1520530340.400400 1.403819 0.018165
1520530340.500403 1.404353 0.018112
1520530340.600406 1.404978 0.018064
1520530340.700348 1.404857 0.018030
1520530340.850353 1.405164 0.018007
1520530341.050774 1.405761 0.017992
1520530341.300782 1.406806 0.017942
1520530341.500713 1.406450 0.017927
1520530341.700719 1.406854 0.017919
1520530341.900542 1.406563 0.017894
1520530342.050546 1.406740 0.017877
1520530342.150549 1.406444 0.017861
1520530342.250553 1.407091 0.017833
1520530342.400676 1.407905 0.017791
1520530342.550681 1.408196 0.017754
1520530342.700643 1.408434 0.017709
1520530342.800646 1.408696 0.017664
1520530342.900649 1.408508 0.017610
1520530343.000653 1.408729 0.017526
1520530343.101131 1.408795 0.017439
1520530343.201134 1.409361 0.017326
1520530343.301138 1.410167 0.017219
1520530343.401141 1.410706 0.017097
1520530343.451144 1.411125 0.017027
1520530343.551476 1.411277 0.016894
1520530343.651407 1.412331 0.016752
1520530343.751410 1.413261 0.016586
1520530343.851414 1.414091 0.016427
1520530343.951402 1.414246 0.016251
1520530344.051405 1.414539 0.016095
1520530344.151408 1.415274 0.015939
1520530344.251411 1.414382 0.015773
1520530344.351408 1.414440 0.015654
1520530344.451412 1.414821 0.015537
1520530344.551415 1.415032 0.015432
1520530344.651418 1.415121 0.015327
1520530344.751636 1.414860 0.015224
1520530344.851639 1.415231 0.015160
1520530344.951642 1.415501 0.015087
1520530345.051645 1.415562 0.015024
1520530345.151845 1.415555 0.014960
1520530345.251745 1.415556 0.014907
1520530345.351748 1.415525 0.014863
1520530345.451751 1.415858 0.014826
1520530345.551195 1.415617 0.014788
1520530345.651198 1.415837 0.014757
1520530345.751201 1.415457 0.014719
1520530345.851204 1.415297 0.014699
1520530345.901206 1.415540 0.014688
1520530346.001475 1.415696 0.014674
1520530346.101479 1.415503 0.014651
1520530346.201481 1.415656 0.014638
1520530346.301485 1.415907 0.014627
1520530346.351486 1.415925 0.014620
1520530346.451378 1.416145 0.014613
1520530346.551380 1.415852 0.014602
1520530346.651383 1.415736 0.014597
1520530346.751386 1.415680 0.014587
1520530346.851546 1.415950 0.014583
1520530346.901548 1.416111 0.014580
1520530347.001551 1.415874 0.014575
1520530347.101554 1.415614 0.014572
1520530347.201400 1.415718 0.014569
1520530347.301403 1.415723 0.014567
1520530347.351405 1.415770 0.014565
1520530347.451408 1.415635 0.014562
1520530347.551411 1.415416 0.014560
1520530347.651220 1.415101 0.014557
1520530347.751223 1.415033 0.014555
1520530347.851226 1.415198 0.014552
1520530347.951229 1.415096 0.014550
1520530348.051164 1.415157 0.014550
1520530348.151168 1.415061 0.014549
1520530348.251170 1.415041 0.014549
1520530348.351173 1.414982 0.014546
1520530348.451416 1.414961 0.014546
1520530348.551419 1.414907 0.014546
1520530348.651423 1.414845 0.014547
1520530348.701425 1.414841 0.014546
1520530348.801428 1.414874 0.014546
1520530348.851315 1.414823 0.014546
1520530348.951318 1.414908 0.014546
1520530349.001320 1.414960 0.014545
1520530349.101323 1.415238 0.014545
1520530349.201326 1.415381 0.014543
1520530349.301107 1.415388 0.014541
1520530349.351109 1.415527 0.014540
1520530349.451112 1.415737 0.014539
1520530349.501114 1.415460 0.014539
1520530349.601117 1.415509 0.014538
1520530349.700937 1.415619 0.014537
1520530349.800940 1.415798 0.014537
1520530349.900986 1.415810 0.014535
1520530350.000946 1.415909 0.014532
1520530350.051376 1.415991 0.014533
1520530350.151379 1.416153 0.014531
1520530350.201381 1.416156 0.014529
1520530350.301384 1.416247 0.014527
1520530350.401387 1.416376 0.014526
1520530350.501516 1.416485 0.014524
1520530350.551518 1.416468 0.014523
1520530350.651521 1.416600 0.014522
1520530350.751524 1.416619 0.014521
1520530350.851527 1.416611 0.014520
1520530350.951573 1.416614 0.014518
1520530351.051576 1.416683 0.014516
1520530351.151579 1.416801 0.014515
1520530351.251582 1.416928 0.014514
1520530351.351680 1.416950 0.014513
1520530351.451683 1.416970 0.014512
1520530351.551686 1.417013 0.014510
1520530351.651689 1.416911 0.014509
1520530351.751696 1.416909 0.014509
1520530351.851700 1.417078 0.014506
1520530351.951703 1.416967 0.014507
1520530352.051706 1.416955 0.014504
1520530352.151806 1.416888 0.014505
1520530352.251809 1.417040 0.014503
1520530352.351812 1.417173 0.014503
1520530352.451816 1.417060 0.014504
1520530352.551471 1.417028 0.014503
1520530352.651474 1.417126 0.014501
1520530352.751477 1.417177 0.014501
1520530352.851480 1.417274 0.014499
1520530352.901098 1.417127 0.014500
1520530353.001101 1.417042 0.014500
1520530353.101208 1.417023 0.014498
1520530353.201107 1.416983 0.014498
1520530353.251108 1.416920 0.014498
1520530353.351398 1.416709 0.014495
1520530353.451401 1.416778 0.014496
1520530353.501402 1.416792 0.014496
1520530353.601405 1.416710 0.014495
1520530353.701408 1.417036 0.014495
1520530353.801738 1.417323 0.014490
1520530353.901741 1.416840 0.014494
1520530354.001744 1.416637 0.014493
1520530354.101747 1.416671 0.014492
1520530354.201897 1.416994 0.014492
1520530354.251899 1.416915 0.014491
1520530354.351902 1.416685 0.014489
1520530354.451905 1.416702 0.014490
1520530354.501907 1.416895 0.014487
1520530354.601593 1.416844 0.014489
1520530354.651595 1.416870 0.014489
1520530354.751597 1.416953 0.014488
1520530354.851600 1.416928 0.014488
1520530355.001360 1.416873 0.014485
1520530355.101363 1.416768 0.014484
1520530355.201366 1.416723 0.014485
1520530355.301370 1.416581 0.014481
1520530355.401407 1.416581 0.014484
1520530355.501410 1.416571 0.014483
1520530355.601414 1.416493 0.014483
1520530355.701417 1.416468 0.014482
1520530355.801531 1.416259 0.014481
1520530355.901534 1.416455 0.014483
1520530355.951536 1.416489 0.014483
1520530356.051539 1.416456 0.014482
1520530356.101541 1.416654 0.014481
1520530356.201376 1.416595 0.014481
1520530356.301379 1.416577 0.014481
1520530356.351380 1.416690 0.014481
1520530356.451383 1.416693 0.014482
1520530356.551386 1.416606 0.014481
1520530356.651234 1.416517 0.014480
1520530356.701236 1.416504 0.014480
1520530356.801239 1.416615 0.014480
1520530356.851240 1.416601 0.014481
1520530356.951243 1.416615 0.014481
1520530357.051154 1.416652 0.014480
1520530357.151157 1.416660 0.014480
1520530357.251160 1.416657 0.014481
1520530357.351164 1.416695 0.014480
1520530357.401658 1.416649 0.014480
1520530357.501662 1.416721 0.014480
1520530357.551663 1.416726 0.014480
1520530357.651666 1.416732 0.014479
1520530357.751669 1.416760 0.014479
1520530357.851585 1.416805 0.014478
1520530357.951560 1.416830 0.014479
1520530358.001562 1.416827 0.014478
1520530358.101565 1.416784 0.014479
1520530358.201568 1.416776 0.014478
1520530358.301626 1.416778 0.014478
1520530358.401629 1.416845 0.014477
1520530358.501632 1.416853 0.014477
1520530358.601636 1.416859 0.014477
1520530358.701800 1.416787 0.014477
1520530358.801803 1.416801 0.014476
1520530358.901806 1.416868 0.014475
1520530359.001810 1.416965 0.014475
1520530359.101811 1.416922 0.014475
1520530359.201810 1.416842 0.014475
1520530359.301813 1.416821 0.014475
1520530359.401817 1.416807 0.014474
1520530359.501870 1.416815 0.014474
1520530359.601873 1.416938 0.014474
1520530359.701876 1.416823 0.014474
1520530359.801879 1.416849 0.014474
1520530359.901826 1.416902 0.014473
1520530360.001829 1.417108 0.014472
1520530360.101832 1.417494 0.014472
1520530360.201836 1.417706 0.014468
1520530360.251837 1.417676 0.014469
1520530360.351317 1.417826 0.014469
1520530360.401319 1.417727 0.014469
1520530360.501323 1.417837 0.014468
1520530360.601326 1.417919 0.014468
1520530360.700978 1.418180 0.014468
1520530360.800981 1.418173 0.014468
1520530360.900984 1.418468 0.014466
1520530360.950988 1.418565 0.014464
1520530361.051064 1.419264 0.014464
1520530361.151045 1.419185 0.014461
1520530361.251048 1.419054 0.014461
1520530361.351051 1.419228 0.014460
1520530361.451055 1.419208 0.014461
1520530361.501690 1.418683 0.014459
1520530361.601693 1.418725 0.014454
1520530361.701696 1.418718 0.014457
1520530361.751698 1.418780 0.014460
1520530361.851701 1.418856 0.014460
1520530361.901939 1.418978 0.014460
1520530362.001942 1.419048 0.014459
1520530362.101945 1.419195 0.014458
1520530362.201949 1.419167 0.014454
1520530362.301951 1.419322 0.014454
1520530362.401625 1.419620 0.014453
1520530362.501628 1.419920 0.014451
1520530362.601631 1.420008 0.014448
1520530362.701634 1.420053 0.014445
1520530362.751364 1.420015 0.014444
1520530362.851367 1.420006 0.014443
1520530362.951370 1.420062 0.014443
1520530363.051374 1.420132 0.014442
1520530363.151650 1.420043 0.014437
1520530363.251653 1.419989 0.014438
1520530363.351656 1.420089 0.014439
1520530363.451659 1.420110 0.014439
1520530363.501661 1.420094 0.014439
1520530363.601746 1.420079 0.014439
1520530363.701749 1.419845 0.014439
1520530363.751751 1.420033 0.014438
1520530363.851754 1.419968 0.014437
1520530363.901756 1.420093 0.014436
1520530364.001782 1.420344 0.014437
1520530364.051784 1.420181 0.014434
1520530364.151786 1.420341 0.014433
1520530364.201788 1.420383 0.014434
1520530364.301791 1.420362 0.014436
1520530364.351792 1.420221 0.014435
1520530364.451854 1.420292 0.014435
1520530364.501856 1.420343 0.014434
1520530364.601859 1.420362 0.014435
1520530364.651861 1.420301 0.014435
1520530364.751864 1.420439 0.014435
1520530364.852377 1.420298 0.014434
1520530364.952380 1.420315 0.014433
1520530365.052383 1.420348 0.014434
1520530365.152386 1.420447 0.014434
1520530365.251846 1.420506 0.014433
1520530365.351849 1.420474 0.014431
1520530365.451852 1.420704 0.014432
1520530365.551855 1.420829 0.014430
1520530365.651537 1.420928 0.014427
1520530365.751540 1.420946 0.014428
1520530365.851543 1.420849 0.014428
1520530365.951546 1.420834 0.014426
1520530366.001907 1.420836 0.014427
1520530366.101910 1.420863 0.014426
1520530366.151911 1.420825 0.014426
1520530366.251915 1.420851 0.014426
1520530366.301916 1.420881 0.014425
1520530366.402120 1.420888 0.014424
1520530366.502124 1.421040 0.014425
1520530366.602127 1.421065 0.014425
1520530366.652128 1.421045 0.014425
1520530366.752132 1.421049 0.014425
1520530366.852166 1.421099 0.014425
1520530366.952169 1.421067 0.014424
1520530367.052172 1.421125 0.014424
1520530367.102178 1.421058 0.014424
1520530367.202177 1.421101 0.014424
1520530367.302541 1.421100 0.014424
1520530367.402544 1.421089 0.014424
1520530367.502548 1.421147 0.014423
1520530367.652264 1.421205 0.014423
1520530367.752267 1.421370 0.014423
1520530367.852271 1.421446 0.014420
1520530367.952274 1.421463 0.014420
1520530368.052124 1.421455 0.014421
1520530368.152127 1.421399 0.014420
1520530368.252130 1.421349 0.014420
1520530368.352134 1.421285 0.014420
1520530368.402135 1.421356 0.014420
1520530368.502050 1.421367 0.014420
1520530368.552051 1.421402 0.014420
1520530368.652054 1.421407 0.014419
1520530368.752057 1.421517 0.014417
1520530368.851389 1.421791 0.014416
1520530368.901391 1.421482 0.014418
1520530369.001394 1.421360 0.014420
1520530369.051395 1.421422 0.014418
1520530369.151398 1.421570 0.014419
1520530369.201400 1.421531 0.014419
1520530369.301537 1.421445 0.014419
1520530369.351538 1.421527 0.014420
1520530369.451542 1.421547 0.014420
1520530369.551545 1.421585 0.014419
1520530369.651548 1.421413 0.014420
1520530369.751899 1.421354 0.014419
1520530369.851902 1.421393 0.014419
1520530369.951905 1.421545 0.014419
1520530370.101930 1.421550 0.014419
1520530370.251934 1.421537 0.014419
1520530370.401938 1.421606 0.014419
1520530370.601899 1.421706 0.014416
1520530370.851892 1.421594 0.014418
1520530371.001944 1.421669 0.014418
1520530371.101947 1.421752 0.014417
1520530371.251952 1.421770 0.014417
1520530371.401953 1.421756 0.014415
1520530371.501956 1.421878 0.014416
1520530371.651961 1.421871 0.014417
1520530371.801961 1.421823 0.014416
1520530371.901964 1.421811 0.014416
1520530372.001968 1.421831 0.014415
1520530372.101971 1.421833 0.014415
1520530372.251958 1.421976 0.014415
1520530372.401963 1.422002 0.014415
1520530372.501966 1.422064 0.014416
1520530372.601958 1.421999 0.014416
1520530372.701961 1.421966 0.014414
1520530372.801964 1.422035 0.014414
1520530372.901967 1.421943 0.014413
1520530373.001619 1.421900 0.014415
1520530373.201626 1.421957 0.014414
1520530373.301629 1.421950 0.014414
1520530373.401458 1.421991 0.014414
1520530373.451460 1.421941 0.014414
1520530373.551463 1.421799 0.014413
1520530373.651466 1.421781 0.014414
1520530373.701467 1.421819 0.014413
1520530373.801615 1.421998 0.014414
1520530373.901585 1.421809 0.014413
1520530374.001588 1.421881 0.014413
1520530374.051589 1.421813 0.014413
1520530374.151592 1.421860 0.014413
1520530374.251955 1.421877 0.014413
1520530374.351958 1.421854 0.014412
1520530374.451961 1.421871 0.014413
1520530374.602407 1.421970 0.014413
1520530374.752412 1.421883 0.014411
1520530374.852415 1.421935 0.014413
1520530374.952418 1.422002 0.014412
1520530375.052444 1.422172 0.014410
1520530375.152447 1.422031 0.014411
1520530375.252454 1.421953 0.014413
1520530375.352453 1.421910 0.014412
1520530375.452214 1.421905 0.014412
1520530375.552217 1.422051 0.014412
1520530375.652220 1.422276 0.014408
1520530375.702222 1.422065 0.014409
1520530375.802225 1.421966 0.014412
1520530375.902259 1.421920 0.014411
1520530376.002262 1.421960 0.014411
1520530376.102265 1.422008 0.014411
1520530376.152267 1.421918 0.014411
1520530376.251950 1.421907 0.014411
1520530376.301951 1.422047 0.014411
1520530376.401954 1.422091 0.014412
1520530376.501958 1.422094 0.014411
1520530376.601961 1.422130 0.014411
1520530376.652663 1.422139 0.014411
1520530376.752666 1.422104 0.014411
1520530376.802668 1.422102 0.014411
1520530376.902671 1.422063 0.014408
1520530376.952672 1.422055 0.014411
1520530377.052898 1.422071 0.014411
1520530377.152900 1.422090 0.014411
1520530377.252903 1.422147 0.014409
1520530377.352906 1.422120 0.014411
1520530377.451719 1.422049 0.014410
1520530377.551722 1.422254 0.014409
1520530377.651725 1.422168 0.014411
1520530377.751728 1.422394 0.014409
1520530377.851407 1.422365 0.014409
1520530377.901409 1.422280 0.014408
1520530378.001412 1.422236 0.014409
1520530378.101416 1.422180 0.014411
1520530378.151417 1.422209 0.014410
1520530378.251420 1.422290 0.014411
1520530378.301511 1.422176 0.014410
1520530378.401515 1.422152 0.014409
1520530378.501517 1.422164 0.014409
1520530378.551519 1.422160 0.014409
1520530378.651522 1.422192 0.014410
1520530378.702209 1.422319 0.014410
1520530378.802212 1.422246 0.014408
1520530378.902215 1.422160 0.014410
1520530379.002218 1.422150 0.014410
1520530379.102149 1.422142 0.014410
1520530379.202152 1.422179 0.014410
1520530379.302155 1.422184 0.014410
1520530379.402159 1.422205 0.014410
1520530379.501850 1.422203 0.014410
1520530379.551852 1.422211 0.014410
1520530379.651855 1.422202 0.014410
1520530379.751858 1.422232 0.014410
1520530379.851861 1.422198 0.014409
1520530379.951826 1.422156 0.014409
1520530380.051829 1.422166 0.014410
1520530380.151832 1.422264 0.014409
1520530380.251835 1.422345 0.014410
1520530380.301736 1.422317 0.014409
1520530380.402163 1.422464 0.014407
1520530380.502165 1.422623 0.014408
1520530380.602168 1.422595 0.014408
1520530380.652170 1.422479 0.014408
1520530380.752135 1.422485 0.014408
1520530380.852138 1.422360 0.014408
1520530380.902139 1.422249 0.014408
1520530381.002143 1.422274 0.014408
1520530381.052144 1.422255 0.014408
1520530381.152048 1.422386 0.014408
1520530381.202049 1.422268 0.014409
1520530381.302052 1.422237 0.014409
1520530381.402056 1.422202 0.014408
1520530381.502058 1.422180 0.014409
1520530381.602264 1.422156 0.014409
1520530381.702267 1.422183 0.014409
1520530381.802324 1.422171 0.014409
1520530381.902273 1.422222 0.014409
1520530382.002334 1.422248 0.014409
1520530382.102337 1.422199 0.014409
1520530382.202340 1.422265 0.014409
1520530382.302343 1.422268 0.014409
1520530382.402160 1.422252 0.014409
1520530382.502164 1.422352 0.014408
1520530382.602167 1.422282 0.014409
1520530382.702170 1.422338 0.014409
1520530382.802244 1.422353 0.014409
1520530382.952249 1.422294 0.014409
1520530383.052252 1.422310 0.014409
1520530383.202206 1.422362 0.014409
1520530383.302209 1.422367 0.014409
1520530383.402267 1.422359 0.014409
1520530383.502216 1.422371 0.014409
1520530383.602472 1.422387 0.014409
1520530383.702475 1.422379 0.014409
1520530383.802478 1.422461 0.014409
1520530383.902481 1.422515 0.014409
1520530384.002530 1.422646 0.014408
1520530384.102533 1.423011 0.014408
1520530384.202536 1.423767 0.014408
1520530384.302539 1.423833 0.014409
1520530384.352541 1.423153 0.014404
1520530384.452434 1.423152 0.014406
1520530384.552437 1.422930 0.014407
1520530384.652440 1.422906 0.014407
1520530384.752443 1.422801 0.014407
1520530384.852858 1.422821 0.014407
1520530384.902860 1.422800 0.014407
1520530385.002916 1.422845 0.014408
1520530385.052864 1.422741 0.014408
1520530385.152867 1.422853 0.014408
1520530385.202869 1.422689 0.014408
1520530385.302707 1.422760 0.014408
1520530385.352709 1.422692 0.014408
1520530385.452712 1.422745 0.014408
1520530385.502713 1.422750 0.014408
1520530385.602716 1.422666 0.014408
1520530385.702487 1.422653 0.014409
1520530385.752489 1.422747 0.014409
1520530385.852492 1.422719 0.014408
1520530385.902494 1.422699 0.014409
1520530386.002497 1.422673 0.014408
1520530386.102546 1.422608 0.014408
1520530386.152547 1.422720 0.014407
1520530386.252550 1.422644 0.014408
1520530386.352553 1.422655 0.014408
1520530386.452758 1.422659 0.014408
1520530386.602814 1.422701 0.014408
1520530386.702766 1.422685 0.014407
1520530386.802769 1.422642 0.014408
1520530386.902676 1.422655 0.014408
1520530387.002679 1.422668 0.014408
1520530387.102682 1.422639 0.014409
1520530387.202685 1.422643 0.014408
1520530387.302607 1.422710 0.014409
1520530387.352609 1.422693 0.014408
1520530387.452612 1.422701 0.014410
1520530387.552615 1.422752 0.014409
1520530387.602617 1.422757 0.014408
1520530387.702457 1.422705 0.014408
1520530387.752459 1.422708 0.014409
1520530387.852464 1.422709 0.014409
1520530387.902463 1.422747 0.014409
1520530388.002466 1.422744 0.014408
1520530388.052468 1.422814 0.014408
1520530388.152496 1.422852 0.014407
1520530388.202544 1.422802 0.014408
1520530388.302501 1.422703 0.014409
1520530388.352502 1.422658 0.014407
1520530388.452505 1.422677 0.014408
1520530388.552854 1.422700 0.014409
1520530388.652857 1.422679 0.014409
1520530388.752860 1.422747 0.014407
1520530388.902233 1.422773 0.014408
1520530389.002237 1.422748 0.014408
1520530389.102240 1.422704 0.014408
1520530389.202243 1.422728 0.014408
1520530389.302934 1.422771 0.014406
1520530389.352936 1.422740 0.014408
1520530389.452939 1.422762 0.014409
1520530389.552942 1.422783 0.014409
1520530389.602943 1.422685 0.014408
1520530389.702846 1.422791 0.014408
1520530389.803445 1.422973 0.014406
1520530389.853406 1.422876 0.014407
1520530389.953409 1.422883 0.014408
1520530390.003411 1.422841 0.014409
1520530390.103414 1.422866 0.014409
1520530390.152569 1.423109 0.014407
1520530390.252572 1.422737 0.014407
1520530390.302572 1.422849 0.014408
1520530390.402575 1.422839 0.014408
1520530390.452578 1.422780 0.014408
1520530390.553324 1.424583 0.014408
1520530390.603326 1.422774 0.014408
1520530390.703329 1.422805 0.014409
1520530390.753331 1.422796 0.014408
1520530390.853334 1.422712 0.014409
1520530390.953379 1.422713 0.014409
1520530391.003381 1.422695 0.014409
1520530391.103384 1.422717 0.014408
1520530391.203387 1.422705 0.014409
1520530391.303389 1.422760 0.014409
1520530391.352333 1.422775 0.014408
1520530391.452336 1.422730 0.014408
1520530391.552339 1.422733 0.014409
1520530391.652342 1.422688 0.014408
1520530391.702344 1.422761 0.014408
1520530391.802426 1.422726 0.014407
1520530391.902429 1.422701 0.014408
1520530392.002432 1.422781 0.014408
1520530392.102435 1.422913 0.014408
1520530392.152436 1.422910 0.014407
1520530392.253143 1.422902 0.014408
1520530392.303145 1.422833 0.014407
1520530392.403148 1.422858 0.014408
1520530392.453150 1.422674 0.014409
1520530392.553153 1.422674 0.014408
1520530392.652236 1.422688 0.014408
1520530392.752239 1.422770 0.014408
1520530392.802241 1.422701 0.014409
1520530392.902243 1.422776 0.014409
1520530392.952245 1.422908 0.014408
1520530393.052154 1.422993 0.014408
1520530393.152157 1.423002 0.014407
1520530393.252160 1.422986 0.014406
1520530393.352164 1.422931 0.014407
1520530393.402921 1.423065 0.014408
1520530393.502924 1.422977 0.014407
1520530393.552926 1.422982 0.014406
1520530393.652929 1.422892 0.014408
1520530393.702931 1.422983 0.014407
1520530393.802958 1.422947 0.014408
1520530393.902961 1.423172 0.014405
1520530394.052965 1.423740 0.014339
1520530394.152969 1.422671 0.014405
1520530394.202165 1.422773 0.014405
1520530394.302169 1.422704 0.014408
1520530394.352170 1.422798 0.014408
1520530394.452173 1.422730 0.014408
1520530394.552176 1.422779 0.014408
1520530394.652876 1.422850 0.014408
1520530394.752879 1.422802 0.014397
1520530394.852882 1.422745 0.014409
1520530394.952885 1.422719 0.014409
1520530395.053731 1.422735 0.014408
1520530395.103732 1.422787 0.014408
1520530395.203735 1.422812 0.014408
1520530395.303738 1.422849 0.014409
1520530395.403742 1.422830 0.014408
1520530395.502707 1.422769 0.014409
1520530395.602710 1.422726 0.014408
1520530395.702713 1.422761 0.014408
1520530395.802716 1.422838 0.014409
1520530395.903079 1.422810 0.014409
1520530396.003083 1.422834 0.014409
1520530396.103085 1.422814 0.014409
1520530396.203089 1.422789 0.014409
1520530396.253235 1.422712 0.014408
1520530396.353238 1.422689 0.014408
1520530396.403240 1.422703 0.014408
1520530396.503243 1.422710 0.014408
1520530396.553244 1.422715 0.014408
1520530396.653248 1.422680 0.014408
1520530396.753147 1.422702 0.014409
1520530396.853150 1.422807 0.014408
1520530396.953153 1.422786 0.014408
1520530397.053156 1.422795 0.014408
1520530397.102782 1.422655 0.014408
1520530397.202785 1.422845 0.014408
1520530397.302788 1.422607 0.014407
1520530397.402791 1.422715 0.014407
1520530397.502304 1.422724 0.014406
1520530397.602308 1.422707 0.014408
1520530397.652309 1.422627 0.014407
1520530397.752312 1.422764 0.014407
1520530397.852315 1.422719 0.014407
1520530397.952586 1.422784 0.014408
1520530398.052589 1.422722 0.014408
1520530398.152592 1.422702 0.014408
1520530398.252596 1.422600 0.014408
1520530398.303365 1.422835 0.014408
1520530398.403368 1.422797 0.014409
1520530398.453370 1.422781 0.014409
1520530398.553373 1.422838 0.014409
1520530398.603375 1.422825 0.014409
1520530398.703221 1.422840 0.014409
1520530398.753223 1.422692 0.014409
1520530398.853226 1.422632 0.014408
1520530398.903227 1.422620 0.014409
1520530399.003230 1.422690 0.014409
1520530399.053232 1.422558 0.014408
1520530399.152330 1.422749 0.014403
1520530399.202332 1.422539 0.014402
1520530399.302335 1.422638 0.014408
1520530399.352336 1.422702 0.014407
1520530399.452339 1.422673 0.014408
1520530399.502341 1.422666 0.014407
1520530399.603008 1.422702 0.014408
1520530399.703011 1.422770 0.014406
1520530399.803014 1.422763 0.014408
1520530399.903017 1.422762 0.014408
1520530399.953275 1.422711 0.014408
1520530400.053278 1.422684 0.014409
1520530400.103279 1.422524 0.014408
1520530400.203283 1.422595 0.014408
1520530400.253284 1.422634 0.014409
1520530400.352494 1.422686 0.014408
1520530400.402496 1.422728 0.014406
1520530400.502500 1.422656 0.014407
1520530400.552501 1.422710 0.014406
1520530400.652504 1.422749 0.014408
1520530400.752291 1.422816 0.014407
1520530400.802292 1.422690 0.014406
1520530400.902295 1.422645 0.014406
1520530401.002299 1.422724 0.014408
1520530401.102302 1.422763 0.014407
1520530401.152303 1.422706 0.014408
1520530401.252756 1.422738 0.014408
1520530401.302758 1.422801 0.014408
1520530401.402761 1.422798 0.014409
1520530401.452763 1.422731 0.014408
1520530401.552766 1.422725 0.014409
1520530401.603037 1.422752 0.014409
1520530401.703041 1.422687 0.014409
1520530401.753042 1.422706 0.014408
1520530401.853045 1.422689 0.014409
1520530401.953048 1.422645 0.014409
1520530402.002281 1.422665 0.014409
1520530402.102285 1.422618 0.014409
1520530402.152286 1.422630 0.014408
1520530402.252289 1.422636 0.014409
1520530402.302290 1.422645 0.014409
1520530402.402567 1.422626 0.014408
1520530402.452569 1.422642 0.014407
1520530402.552572 1.422807 0.014408
1520530402.652672 1.422672 0.014409
1520530402.752578 1.422598 0.014408
1520530402.803416 1.422552 0.014408
1520530402.903419 1.422527 0.014408
1520530402.953420 1.422495 0.014408
1520530403.053424 1.422675 0.014408
1520530403.103425 1.422754 0.014408
1520530403.202933 1.422784 0.014409
1520530403.302936 1.422693 0.014408
1520530403.402940 1.422439 0.014409
1520530403.452941 1.422211 0.014408
1520530403.552945 1.422116 0.014408
1520530403.602946 1.422183 0.014407
1520530403.702256 1.422557 0.014409
1520530403.752257 1.422957 0.014406
1520530403.852261 1.422630 0.014408
1520530403.902261 1.422487 0.014408
1520530404.002264 1.422481 0.014409
1520530404.052745 1.422850 0.014407
1520530404.152748 1.422652 0.014409
1520530404.202749 1.422648 0.014409
1520530404.302752 1.422665 0.014409
1520530404.352754 1.422624 0.014408
1520530404.453112 1.422623 0.014408
1520530404.553115 1.422652 0.014409
1520530404.603117 1.422643 0.014409
1520530404.703120 1.422646 0.014409
1520530404.753122 1.422649 0.014408
1520530404.852642 1.422638 0.014408
1520530404.902643 1.422656 0.014408
1520530405.002647 1.422641 0.014408
1520530405.102650 1.422666 0.014409
1520530405.152651 1.422604 0.014408
1520530405.252327 1.422627 0.014408
1520530405.302330 1.422610 0.014408
1520530405.402333 1.422653 0.014409
1520530405.452334 1.422635 0.014409
1520530405.552337 1.422678 0.014408
1520530405.602339 1.422822 0.014409
1520530405.702792 1.422672 0.014408
1520530405.752795 1.422631 0.014407
1520530405.852855 1.422587 0.014408
1520530405.902800 1.422627 0.014409
1520530406.002803 1.422608 0.014409
1520530406.103570 1.422656 0.014409
1520530406.203573 1.422686 0.014408
1520530406.253574 1.422692 0.014408
1520530406.353577 1.422746 0.014408
1520530406.403579 1.422766 0.014409
1520530406.503485 1.422709 0.014408
1520530406.603489 1.422765 0.014408
1520530406.703492 1.422773 0.014409
1520530406.803495 1.422664 0.014408
1520530406.902692 1.422454 0.014409
1520530407.002694 1.422664 0.014394
1520530407.052696 1.422483 0.014409
1520530407.152699 1.422762 0.014407
1520530407.202701 1.423240 0.014405
1520530407.303185 1.423300 0.014408
1520530407.353185 1.422796 0.014407
1520530407.453221 1.422484 0.014407
1520530407.503190 1.422553 0.014408
1520530407.603193 1.422574 0.014409
1520530407.653194 1.422608 0.014408
1520530407.753511 1.422603 0.014409
1520530407.803513 1.422615 0.014408
1520530407.903516 1.422624 0.014408
1520530407.953518 1.422630 0.014408
1520530408.053521 1.422633 0.014408
1520530408.103522 1.422634 0.014409
1520530408.203605 1.422631 0.014408
1520530408.303608 1.422590 0.014409
1520530408.403612 1.422588 0.014408
1520530408.503614 1.422589 0.014408
1520530408.553374 1.422563 0.014408
1520530408.653377 1.422516 0.014408
1520530408.753380 1.422450 0.014407
1520530408.853383 1.422492 0.014408
1520530408.952878 1.422529 0.014407
1520530409.052890 1.422534 0.014407
1520530409.152884 1.422419 0.014405
1520530409.252887 1.422442 0.014405
1520530409.352902 1.422456 0.014408
1520530409.402904 1.422463 0.014408
1520530409.502907 1.422554 0.014408
1520530409.602910 1.422604 0.014408
1520530409.702913 1.422632 0.014408
1520530409.802656 1.422538 0.014408
1520530409.902659 1.422486 0.014407
1520530410.002662 1.422550 0.014407
1520530410.102666 1.422566 0.014408
1520530410.203224 1.422578 0.014406
1520530410.303227 1.422570 0.014408
1520530410.403230 1.422559 0.014408
1520530410.503232 1.422545 0.014408
1520530410.603875 1.422573 0.014408
1520530410.703878 1.422556 0.014409
1520530410.803881 1.422495 0.014408
1520530410.903884 1.422508 0.014409
1520530411.003418 1.422574 0.014408
1520530411.103421 1.422584 0.014408
1520530411.253426 1.422600 0.014408
1520530411.403009 1.422583 0.014409
1520530411.453010 1.422544 0.014408
1520530411.553013 1.422541 0.014408
1520530411.653017 1.422483 0.014409
1520530411.753020 1.422522 0.014408
1520530411.852907 1.422584 0.014408
1520530411.902909 1.422568 0.014408
1520530412.002912 1.422571 0.014408
1520530412.052913 1.422520 0.014408
1520530412.152916 1.422523 0.014408
1520530412.203416 1.422594 0.014407
1520530412.303419 1.422526 0.014408
1520530412.403422 1.422509 0.014408
1520530412.503425 1.422534 0.014408
1520530412.553426 1.422546 0.014408
1520530412.653630 1.422566 0.014408
1520530412.753633 1.422529 0.014408
1520530412.803634 1.422580 0.014408
1520530412.903637 1.422632 0.014408
1520530412.953639 1.422541 0.014408
1520530413.053009 1.422475 0.014407
1520530413.103011 1.422543 0.014406
1520530413.203014 1.422484 0.014408
1520530413.303017 1.422521 0.014408
1520530413.403021 1.422465 0.014408
1520530413.502941 1.422473 0.014408
1520530413.602944 1.422441 0.014406
1520530413.802951 1.422744 0.014388
1520530413.953110 1.422519 0.014407
1520530414.053113 1.422539 0.014407
1520530414.153116 1.422453 0.014408
1520530414.252894 1.422402 0.014407
1520530414.352897 1.422549 0.014406
1520530414.452900 1.422579 0.014408
1520530414.552903 1.422949 0.014407
1520530414.652705 1.423245 0.014407
1520530414.752708 1.422681 0.014408
1520530414.852712 1.422760 0.014408
1520530414.952715 1.422531 0.014408
1520530415.052718 1.422499 0.014408
1520530415.103195 1.422437 0.014406
1520530415.203199 1.422599 0.014408
1520530415.303202 1.422559 0.014408
1520530415.453206 1.422495 0.014408
1520530415.553069 1.422537 0.014408
1520530415.653072 1.422533 0.014408
1520530415.753075 1.422492 0.014408
1520530415.853079 1.422574 0.014407
1520530415.953363 1.422505 0.014407
1520530416.103368 1.422644 0.014407
1520530416.453380 1.422560 0.014408
1520530416.603384 1.422636 0.014406
1520530416.703272 1.422577 0.014407
1520530416.753274 1.422579 0.014408
1520530416.853277 1.422578 0.014408
1520530416.953280 1.422552 0.014407
1520530417.053283 1.422542 0.014407
1520530417.153371 1.422595 0.014407
1520530417.253374 1.422601 0.014407
1520530417.503382 1.422635 0.014407
1520530417.653467 1.422628 0.014408
1520530417.753470 1.422677 0.014406
1520530417.853473 1.422637 0.014407
1520530417.953455 1.422597 0.014408
1520530418.053458 1.422519 0.014407
1520530418.153462 1.422473 0.014406
1520530418.253465 1.422455 0.014405
1520530418.403432 1.422399 0.014408
1520530418.553437 1.422517 0.014408
1520530418.703442 1.422548 0.014408
1520530418.803345 1.422539 0.014407
1520530418.903348 1.422521 0.014405
1520530419.003351 1.422523 0.014403
1520530419.103354 1.422543 0.014407
1520530419.203534 1.422559 0.014406
1520530419.303537 1.422612 0.014406
1520530419.403541 1.422628 0.014407
1520530419.553545 1.422535 0.014408
1520530419.753734 1.422502 0.014408
1520530419.853738 1.422532 0.014407
1520530419.953740 1.422571 0.014406
1520530420.053599 1.422566 0.014407
1520530420.103600 1.422575 0.014408
1520530420.203604 1.422565 0.014408
1520530420.253605 1.422532 0.014408
1520530420.353608 1.422523 0.014407
1520530420.453700 1.422530 0.014408
1520530420.603705 1.422507 0.014408
1520530420.803356 1.422540 0.014406
1520530420.903359 1.422548 0.014407
1520530421.003363 1.422548 0.014407
1520530421.103366 1.422598 0.014405
1520530421.203429 1.422543 0.014407
1520530421.303432 1.422545 0.014407
1520530421.403435 1.422554 0.014407
1520530421.503439 1.422518 0.014406
1520530421.603611 1.422535 0.014408
1520530421.703614 1.422582 0.014407
1520530421.853618 1.422591 0.014408
1520530422.003623 1.422459 0.014407
1520530422.103474 1.422530 0.014407
1520530422.203477 1.422539 0.014408
1520530422.303480 1.422520 0.014408
1520530422.403483 1.422522 0.014408
1520530422.503396 1.422503 0.014407
1520530422.553398 1.422517 0.014407
1520530422.653400 1.422490 0.014408
1520530422.753403 1.422464 0.014407
1520530422.853580 1.422411 0.014407
1520530423.053588 1.422535 0.014408
1520530423.153591 1.422532 0.014407
1520530423.253316 1.422516 0.014408
1520530423.353319 1.422530 0.014408
1520530423.453322 1.422563 0.014408
1520530423.603327 1.422644 0.014408
1520530423.652983 1.422599 0.014407
1520530423.752986 1.422549 0.014408
1520530423.802988 1.422569 0.014407
1520530423.902991 1.422544 0.014408
1520530424.002994 1.422531 0.014408
1520530424.103253 1.422546 0.014408
1520530424.153255 1.422558 0.014408
1520530424.253258 1.422499 0.014408
1520530424.353261 1.423015 0.014376
1520530424.403263 1.422492 0.014402
1520530424.504722 1.422586 0.014408
1520530424.554724 1.422558 0.014408
1520530424.654727 1.422573 0.014408
1520530424.754730 1.422509 0.014408
1520530424.854733 1.422593 0.014408
1520530424.953377 1.422558 0.014408
1520530425.053379 1.422575 0.014407
1520530425.153383 1.422593 0.014408
1520530425.253385 1.422796 0.014393
1520530425.353734 1.422361 0.014407
1520530425.453737 1.422527 0.014408
1520530425.603741 1.422569 0.014408
1520530425.653743 1.422565 0.014408
1520530425.753677 1.422585 0.014408
1520530425.803679 1.422589 0.014408
1520530425.903682 1.422612 0.014408
1520530426.003685 1.422619 0.014408
1520530426.103474 1.422637 0.014408
1520530426.203477 1.422630 0.014408
1520530426.253478 1.422631 0.014407
1520530426.353481 1.422644 0.014407
1520530426.403483 1.422585 0.014406
1520530426.503486 1.422591 0.014407
1520530426.703556 1.422661 0.014408
1520530426.753558 1.422660 0.014407
1520530426.853560 1.422638 0.014407
1520530426.903562 1.422621 0.014407
1520530427.003600 1.422657 0.014407
1520530427.103603 1.422676 0.014407
1520530427.203606 1.422754 0.014406
1520530427.303609 1.422807 0.014407
1520530427.403594 1.422721 0.014408
1520530427.503597 1.422781 0.014408
1520530427.803679 1.423095 0.014408
1520530427.903683 1.423037 0.014407
1520530427.953684 1.422894 0.014404
1520530428.053687 1.422832 0.014406
1520530428.103692 1.422731 0.014407
1520530428.203537 1.422622 0.014408
1520530428.253538 1.422618 0.014408
1520530428.353542 1.422577 0.014408
1520530428.403618 1.422581 0.014408
1520530428.503546 1.422535 0.014408
1520530428.553451 1.422528 0.014408
1520530428.653454 1.422521 0.014408
1520530428.753457 1.422523 0.014408
1520530428.803458 1.422604 0.014408
1520530428.903461 1.422663 0.014408
1520530428.953463 1.422756 0.014408
1520530429.053445 1.422818 0.014408
1520530429.103447 1.422836 0.014408
1520530429.203450 1.422918 0.014408
1520530429.253451 1.422749 0.014408
1520530429.353455 1.422643 0.014408
1520530429.403551 1.422727 0.014408
1520530429.503555 1.422755 0.014408
1520530429.553556 1.422725 0.014408
1520530429.653559 1.422717 0.014408
1520530429.703560 1.422617 0.014408
1520530429.803622 1.422621 0.014407
1520530429.853626 1.422639 0.014408
1520530429.953626 1.422593 0.014408
1520530430.003663 1.422584 0.014408
1520530430.103631 1.422595 0.014408
1520530430.153632 1.422588 0.014408
1520530430.253346 1.422566 0.014407
1520530430.303347 1.422551 0.014408
1520530430.403350 1.422581 0.014408
1520530430.453352 1.422576 0.014407
1520530430.553355 1.422533 0.014408
1520530430.653528 1.422541 0.014408
1520530430.753532 1.422535 0.014408
1520530430.853534 1.422546 0.014407
1520530430.953538 1.422570 0.014407
1520530431.053698 1.422586 0.014407
1520530431.153701 1.422583 0.014408
1520530431.203703 1.422601 0.014408
1520530431.303706 1.422599 0.014408
1520530431.403709 1.422733 0.014407
1520530431.453562 1.422735 0.014407
1520530431.553565 1.422617 0.014407
1520530431.603567 1.422636 0.014407
1520530431.703570 1.422669 0.014407
1520530431.753571 1.422821 0.014407
1520530431.853524 1.422843 0.014408
1520530431.903526 1.422554 0.014407
1520530432.003529 1.422555 0.014407
1520530432.053530 1.422545 0.014408
1520530432.153533 1.422556 0.014407
1520530432.203536 1.422546 0.014407
1520530432.303698 1.422372 0.014407
1520530432.353700 1.422499 0.014407
1520530432.453702 1.422513 0.014408
1520530432.553705 1.422565 0.014408
1520530432.603708 1.422647 0.014407
1520530432.703550 1.422617 0.014407
1520530432.753551 1.422639 0.014407
1520530432.853554 1.422561 0.014407
1520530432.953557 1.422647 0.014407
1520530433.003559 1.422660 0.014407
1520530433.103691 1.422896 0.014407
1520530433.153693 1.422966 0.014407
1520530433.253695 1.422789 0.014408
1520530433.353699 1.422658 0.014408
1520530433.453702 1.422640 0.014407
1520530433.553795 1.422620 0.014407
1520530433.653798 1.422570 0.014408
1520530433.753801 1.422534 0.014408
1520530433.853804 1.422580 0.014408
1520530433.903631 1.422591 0.014407
1520530434.003634 1.422588 0.014407
1520530434.053635 1.422602 0.014407
1520530434.153638 1.422559 0.014408
1520530434.203641 1.422532 0.014408
1520530434.303478 1.422535 0.014408
1520530434.353481 1.422498 0.014407
1520530434.453483 1.422480 0.014407
1520530434.503485 1.422541 0.014408
1520530434.603488 1.422554 0.014407
1520530434.653489 1.422539 0.014407
1520530434.753658 1.422519 0.014407
1520530434.803658 1.422535 0.014407
1520530434.903661 1.422560 0.014405
1520530434.953663 1.422522 0.014407
1520530435.053667 1.422519 0.014407
1520530435.153798 1.422556 0.014407
1520530435.253801 1.422551 0.014407
1520530435.303802 1.422529 0.014407
1520530435.403806 1.422540 0.014407
1520530435.453807 1.422546 0.014407
1520530435.554088 1.422515 0.014407
1520530435.604089 1.422535 0.014407
1520530435.704092 1.422540 0.014407
1520530435.754094 1.422519 0.014407
1520530435.854097 1.422516 0.014408
1520530435.904099 1.422520 0.014407
1520530436.003837 1.422514 0.014407
1520530436.053838 1.422506 0.014407
1520530436.153841 1.422522 0.014407
1520530436.253844 1.422517 0.014408
1520530436.353956 1.422530 0.014408
1520530436.453978 1.422527 0.014408
1520530436.653965 1.422704 0.014406
1520530436.754031 1.422673 0.014407
1520530436.854034 1.422582 0.014407
1520530436.904035 1.422530 0.014406
1520530437.004039 1.422461 0.014407
1520530437.054040 1.422431 0.014407
1520530437.153533 1.422517 0.014406
1520530437.203536 1.422505 0.014399
1520530437.303539 1.422479 0.014407
1520530437.353539 1.422614 0.014406
1520530437.453545 1.422639 0.014407
1520530437.503545 1.422568 0.014406
1520530437.603872 1.422553 0.014406
1520530437.653873 1.422556 0.014406
1520530437.753876 1.422547 0.014407
1520530437.803878 1.422520 0.014407
1520530437.903881 1.422532 0.014407
1520530438.004481 1.422562 0.014407
1520530438.104484 1.422538 0.014407
1520530438.204487 1.422537 0.014407
1520530438.254489 1.422508 0.014408
1520530438.354492 1.422517 0.014408
1520530438.403621 1.422495 0.014405
1520530438.503624 1.422486 0.014407
1520530438.553626 1.422510 0.014408
1520530438.653629 1.422495 0.014407
1520530438.703631 1.422490 0.014407
1520530438.804389 1.422458 0.014407
1520530438.854392 1.422581 0.014407
1520530438.954395 1.422600 0.014407
1520530439.104398 1.422598 0.014408
1520530439.254655 1.422578 0.014408
1520530439.404660 1.422311 0.014408
1520530439.504663 1.422212 0.014407
1520530439.654178 1.422286 0.014408
1520530439.754182 1.422463 0.014407
1520530439.854185 1.422548 0.014406
1520530439.954188 1.422576 0.014407
1520530440.054101 1.422506 0.014407
1520530440.204106 1.422658 0.014407
1520530440.304109 1.422749 0.014407
1520530440.404112 1.422911 0.014407
1520530440.503979 1.422995 0.014407
1520530440.603982 1.422993 0.014407
1520530440.703986 1.422990 0.014407
1520530440.853871 1.422935 0.014408
1520530440.953874 1.422748 0.014406
1520530441.053876 1.422680 0.014407
1520530441.153883 1.422609 0.014408
1520530441.253889 1.422601 0.014407
1520530441.353892 1.422589 0.014407
1520530441.453895 1.422528 0.014407
1520530441.553898 1.422485 0.014408
1520530441.704084 1.422518 0.014408
1520530441.854089 1.422557 0.014408
1520530442.004094 1.422432 0.014407
1520530442.104032 1.422380 0.014407
1520530442.204035 1.422399 0.014406
1520530442.304038 1.422441 0.014404
1520530442.404042 1.422388 0.014405
1520530442.503716 1.422408 0.014402
1520530442.603719 1.422414 0.014406
1520530442.653721 1.422474 0.014406
1520530442.753723 1.422433 0.014407
1520530442.853726 1.422434 0.014407
1520530442.904376 1.422412 0.014407
1520530443.004379 1.422435 0.014407
1520530443.104382 1.422442 0.014406
1520530443.204385 1.422432 0.014407
1520530443.354468 1.422477 0.014407
1520530443.504473 1.422543 0.014407
1520530443.604476 1.422495 0.014408
1520530443.704013 1.422540 0.014403
1520530443.754014 1.422466 0.014407
1520530443.854018 1.422590 0.014407
1520530443.954022 1.422721 0.014406
1520530444.054024 1.422667 0.014405
1520530444.154403 1.422496 0.014406
1520530444.254406 1.422469 0.014407
1520530444.354410 1.422452 0.014407
1520530444.454413 1.422472 0.014407
1520530444.505161 1.422089 0.014404
1520530444.605164 1.422290 0.014407
1520530444.705167 1.422383 0.014407
1520530444.805170 1.422504 0.014408
1520530444.905173 1.422470 0.014408
1520530444.954962 1.422434 0.014408
1520530445.054965 1.422423 0.014407
1520530445.104967 1.422480 0.014407
1520530445.204970 1.422474 0.014407
1520530445.254971 1.422451 0.014407
1520530445.353892 1.422430 0.014407
1520530445.453896 1.422447 0.014405
1520530445.503898 1.422441 0.014407
1520530445.603900 1.422426 0.014407
1520530445.653902 1.422388 0.014404
1520530445.753751 1.422387 0.014408
1520530445.803752 1.422386 0.014407
1520530445.903755 1.422403 0.014400
1520530445.953757 1.422400 0.014408
1520530446.053761 1.422393 0.014407
1520530446.103761 1.422372 0.014407
1520530446.204900 1.422320 0.014407
1520530446.304903 1.422328 0.014408
1520530446.404906 1.422386 0.014408
1520530446.504909 1.422459 0.014407
1520530446.604785 1.422451 0.014407
1520530446.704788 1.422523 0.014405
1520530446.804791 1.422519 0.014405
1520530446.904794 1.422478 0.014404
1520530446.954330 1.422434 0.014401
1520530447.054334 1.422404 0.014406
1520530447.154337 1.422367 0.014408
1520530447.254340 1.422384 0.014406
1520530447.354343 1.422453 0.014407
1520530447.454125 1.422398 0.014408
1520530447.604130 1.422255 0.014401
1520530447.754142 1.422294 0.014407
1520530448.203885 1.422503 0.014408
1520530448.353889 1.422595 0.014405
