DelayedMarginalization 0.000976088 2.94274e-08 0.00156914 1388
DelayedMarginalizationOnly 0.00046927 1.92001e-08 0.000970368 1388
EF-marginalizeFrame 0.00137146 4.38172e-08 0.00218437 1388
FullSystem::trackNewCoarse 0.00250865 6.95446e-07 0.00827683 2672
FullSystem::trackNewCoarseNoIMU 0.0014362 6.06175e-07 0.00876189 111
FullSystemOptimize 0.0398776 5.06145e-05 0.0600134 1394
GraphUnrolling 0.00856969 0.000137529 0.0364308 8
IMUInitAddPose 2.38097e-05 1.73888e-11 9.8326e-05 1394
IMUInitOptimize 0.00317038 2.60747e-06 0.00522234 4
IMUIntegration::finishKeyframeOperations 5.7829e-05 1.88278e-10 0.000297124 1385
InitializerFirstFrame 0.0344235 -nan 0.0344235 1
InitializerOtherFrames 0.0570684 8.67581e-05 0.0771755 35
MainMarginalization 0.00121276 3.73106e-08 0.00197896 1388
MarginalizationReplacementBuildGraph 0.00082185 4.72696e-07 0.00197796 7
MarginalizationReplacementReplaceGraph 0.0110953 0.000165112 0.0365972 6
MarginalizeMainGraph 0.000506084 6.73687e-09 0.00083088 1388
PGBA 0.0115977 6.03491e-06 0.0133348 2
PGBAFull 0.00323591 3.32672e-05 0.0151629 9
PrepareGraphForMainOptimization 0.00862781 0.000138266 0.0365601 8
VisualMarginalization 4.02365e-05 6.83237e-11 8.0359e-05 1388
activatePointsMT 0.00338407 8.32554e-07 0.0082075 1394
addActiveFrame 0.0404394 0.000944366 0.107259 2819
addIMUData 0.000671878 2.61121e-08 0.00390757 2672
addIMUDataToBA 3.59798e-05 1.47825e-10 0.000138429 2818
addKeyframeToBA 3.32375e-05 2.42486e-11 9.6048e-05 1394
afterCoarseTracking 3.34534e-07 2.67608e-14 8.195e-06 2783
baIteration 0.00613253 1.26297e-06 0.010651 8001
baMatrixInversion 0.000229238 2.1198e-09 0.000811954 8001
baUpdateBuildHessians 0.000511915 5.74949e-09 0.00310815 8001
coarseTrackingIteration 0.000200539 4.49207e-09 0.00242854 27766
computeBAUpdate 0.000825633 1.50596e-08 0.00340385 8001
computeCoarseUpdate 9.64669e-05 6.69195e-10 0.00224411 26016
computeFactorForCoarseGraphAndMarginalCovariances 0.0031482 5.15817e-07 0.00713039 1385
convertHAndBFromDSO 0.000151606 3.62424e-09 0.000532162 13556
debugPlot 7.50552e-08 1.44265e-15 4.19e-07 1394
debugPlotIDepthMap 3.78154e-07 8.75909e-15 1.353e-06 1394
debugPlotIDepthMapFloat 8.15502e-08 8.28469e-16 3.17e-07 1394
deliverTrackedFrame 0.0348614 0.000936626 0.101291 2784
flagFramesForMarginalization 1.58668e-06 2.31294e-13 8.755e-06 1394
fullCoarseTracking 0.00322595 9.17109e-07 0.00898398 2783
initObjectsAndMakeImage 0.00210168 4.56911e-08 0.00401225 2819
makeKeyframe 0.064746 7.79929e-05 0.101288 1394
makeKeyframeChangeTrackingRef 0.00232446 2.39723e-07 0.00494953 1394
makeNewTraces 0.00545864 9.68914e-07 0.013695 1394
makeNonKeyframe 0.00488673 2.89704e-06 0.00805297 1390
marginalizeAndRemovePoints 0.00315628 1.00548e-06 0.00690582 1394
marginalizeFrame 0.00243399 1.31786e-07 0.00405431 1388
marginalizeFrameOverhead 0.00106019 6.1892e-08 0.00227614 1388
marginalizeFrames 0.00243122 2.66352e-07 0.00508348 1394
newFrameAndNewResidualsForOldPoints 0.00102555 5.20505e-08 0.00170711 1394
printBiases 3.56988e-05 1.00251e-10 0.000118208 1394
printEigenValLine 1.10981e-07 4.25383e-16 3.51e-07 1394
printLogLine 1.95539e-07 2.92573e-15 5.23e-07 1394
publishInMakeKeyframe 2.08565e-07 5.52613e-15 6.84e-07 1394
removeOutliers 0.000176179 2.03577e-09 0.000436832 1394
swapTrackingRef 2.28252e-05 1.16634e-11 4.8691e-05 1394
timeMeasurement 8.05503e-07 4.066e-13 1.2226e-05 2819
traceNewCoarse 0.00405599 2.87859e-06 0.00827672 2784
updateBAValues 5.88802e-06 4.02716e-12 9.0254e-05 13164
zero 9.98922e-08 8.72739e-14 1.1395e-05 2819
