1520530315.749639 -0.494041  0.074134 -0.567647 0.155825 0.141229 0.111350
1520530315.899643 -0.739084 -0.140199 -0.222408 0.148120 0.153469 0.120509
1520530315.999647 -0.727378 -0.175917  0.133705 0.146594 0.158785 0.101374
1520530316.100221 -0.566106 -0.237140  0.463374 0.237016 0.208232 0.105294
1520530316.250226 -0.504511 -0.333307  0.740292 0.254170 0.226757 0.117754
1520530316.400230 -0.436746 -0.363142  0.772607 0.248631 0.220232 0.126097
1520530316.550276 -0.381870 -0.374608  0.608502 0.226289 0.193013 0.130160
1520530316.700281 -0.381381 -0.459221  0.367055 0.207013 0.167820 0.129323
1520530316.850286 -0.333338 -0.567251  0.022818 0.187398 0.144711 0.118653
1520530316.949773 -0.284037 -0.607262 -0.194553 0.175143 0.134969 0.109270
1520530317.049776 -0.248417 -0.570023 -0.363455 0.165752 0.128312 0.107258
1520530317.149779 -0.204968 -0.536959 -0.500678 0.159088 0.123704 0.102341
1520530317.299784 -0.208101 -0.488349 -0.650894 0.149733 0.120168 0.099143
1520530317.449747 -0.268882 -0.427831 -0.682165 0.139420 0.116616 0.098932
1520530317.599752 -0.387892 -0.362846 -0.597144 0.132297 0.113862 0.100632
1520530317.750237 -0.448454 -0.321148 -0.489733 0.130050 0.111197 0.102964
1520530317.900242 -0.492253 -0.422340 -0.275210 0.128725 0.112319 0.108004
1520530318.050246 -0.455747 -0.596838  0.043927 0.131156 0.120942 0.109560
1520530318.150816 -0.307751 -0.748198  0.258764 0.138784 0.136089 0.106002
1520530318.200769 -0.218353 -0.819370  0.355790 0.141540 0.144883 0.103557
1520530318.300772 -0.029491 -0.944874  0.498222 0.153791 0.167908 0.099514
1520530318.400775  0.154883 -1.046452  0.578078 0.162443 0.197177 0.096472
1520530318.500778  0.354533 -1.103811  0.606522 0.166686 0.220132 0.093954
1520530318.600567  0.558648 -1.115230  0.578600 0.170563 0.239740 0.093199
1520530318.700570  0.744606 -1.098719  0.462112 0.172472 0.249784 0.092784
1520530318.800573  0.887539 -1.068889  0.247308 0.175965 0.249525 0.092361
1520530318.900576  1.011444 -1.071231 -0.079093 0.183664 0.245503 0.093204
1520530318.999955  1.098256 -1.071273 -0.400370 0.200210 0.245980 0.094992
1520530319.099959  1.123863 -1.066441 -0.644207 0.212119 0.237998 0.095769
1520530319.199962  1.121246 -1.059621 -0.791255 0.221683 0.230819 0.097412
1520530319.299965  1.104801 -1.068960 -0.854745 0.231922 0.221906 0.099945
1520530319.399832  1.074141 -1.105157 -0.865087 0.231422 0.214710 0.102239
1520530319.499835  1.028470 -1.136114 -0.815542 0.228615 0.208166 0.103991
1520530319.599838  0.996318 -1.203981 -0.641782 0.223947 0.209077 0.107549
1520530319.649840  1.005296 -1.270153 -0.550963 0.227443 0.212252 0.110730
1520530319.749942  1.093312 -1.433203 -0.290791 0.221777 0.217622 0.112112
1520530319.850343  1.188915 -1.559482  0.057348 0.222924 0.236821 0.111772
1520530319.950346  1.181076 -1.619345  0.395040 0.217495 0.257607 0.107374
1520530320.050349  1.078604 -1.621364  0.595587 0.213026 0.276537 0.104373
1520530320.150352  0.941396 -1.578259  0.655120 0.209656 0.288745 0.101413
1520530320.200401  0.903730 -1.554762  0.666465 0.209399 0.295191 0.100314
1520530320.300404  0.861777 -1.478220  0.590435 0.208505 0.304531 0.099436
1520530320.400407  0.885366 -1.385545  0.442936 0.209770 0.311317 0.101502
1520530320.500410  1.000628 -1.321799  0.236791 0.210769 0.312936 0.102435
1520530320.599869  1.143934 -1.330018 -0.063990 0.210821 0.301322 0.104294
1520530320.699873  1.236873 -1.376322 -0.388800 0.216080 0.300135 0.109617
1520530320.749874  1.263735 -1.403420 -0.509862 0.220587 0.293644 0.112951
1520530320.849877  1.252247 -1.448005 -0.693060 0.236903 0.309157 0.121113
1520530320.949880  1.120364 -1.352175 -0.785408 0.241268 0.309636 0.123507
1520530321.099742  0.903402 -1.141918 -0.829461 0.243195 0.322850 0.125308
1520530321.249747  0.773226 -0.907173 -0.785217 0.239870 0.306693 0.126074
1520530321.449856  0.643632 -0.653419 -0.630537 0.228481 0.301134 0.127205
1520530321.599860  0.568262 -0.548238 -0.459171 0.218741 0.289261 0.124959
1520530321.749865  0.452491 -0.563913  0.068793 0.202614 0.249790 0.114749
1520530322.050158  0.198421 -0.706524  0.546545 0.191610 0.232075 0.100071
1520530322.250207  0.087219 -0.821308  0.158310 0.153735 0.173134 0.095775
1520530322.450214  0.008827 -0.961669 -0.337774 0.150608 0.183537 0.097019
1520530322.600218 -0.042774 -1.068604 -0.643788 0.137092 0.180248 0.099928
1520530322.750027 -0.137376 -1.195491 -0.764915 0.136997 0.176184 0.109176
1520530322.900065 -0.197624 -1.276613 -0.724166 0.130120 0.187494 0.112487
1520530323.050036 -0.198100 -1.338600 -0.676800 0.129383 0.196558 0.116745
1520530323.150076 -0.227172 -1.423294 -0.533176 0.130303 0.207736 0.121061
1520530323.250079 -0.237811 -1.560617 -0.169289 0.133404 0.214977 0.121077
1520530323.400084 -0.245726 -1.908004  0.370360 0.160301 0.273065 0.122430
1520530323.500345 -0.245450 -2.020495  0.573239 0.157570 0.295255 0.120775
1520530323.600348 -0.237331 -2.063222  0.619882 0.139990 0.279540 0.111423
1520530323.700351 -0.270427 -1.904947  0.589061 0.137701 0.288813 0.105735
1520530323.800354 -0.310289 -1.768092  0.525646 0.131074 0.275775 0.102739
1520530323.900153 -0.314219 -1.760226  0.362441 0.130053 0.259939 0.103360
1520530324.000156 -0.321349 -1.813018  0.160681 0.132185 0.258536 0.105449
1520530324.200162 -0.339370 -1.861395 -0.235091 0.139569 0.273488 0.112376
1520530324.299908 -0.296173 -1.889769 -0.467202 0.140887 0.267076 0.117202
1520530324.399911 -0.271401 -1.896585 -0.630385 0.143140 0.272446 0.122196
1520530324.499994 -0.277788 -1.901320 -0.677100 0.147228 0.279626 0.126119
1520530324.649919 -0.328734 -1.913235 -0.688963 0.162894 0.323415 0.134534
1520530324.800021 -0.371319 -1.773672 -0.528194 0.167755 0.348001 0.131329
1520530324.900024 -0.384186 -1.659375 -0.415919 0.152083 0.339868 0.123671
1520530325.000028 -0.408114 -1.441103 -0.377275 0.152475 0.339937 0.120629
1520530325.200819 -0.445387 -1.056209 -0.343804 0.156180 0.318346 0.114913
1520530325.400825 -0.471681 -0.926262  0.346430 0.175281 0.288062 0.109469
1520530325.600915 -0.394297 -0.698498  0.544417 0.175683 0.282982 0.101321
1520530325.900924 -0.198147 -0.508995 -0.165668 0.153999 0.195293 0.096074
1520530326.100546 -0.099028 -0.549795 -0.499872 0.152917 0.194822 0.099707
1520530326.250551 -0.115389 -0.562605 -0.508785 0.147734 0.182734 0.099036
1520530326.500209 -0.236708 -0.575576 -0.442573 0.142160 0.165124 0.097992
1520530326.700216 -0.271094 -0.858726  0.001203 0.143609 0.181383 0.099917
1520530326.850430 -0.234469 -1.206076  0.514987 0.151038 0.194268 0.099137
1520530326.950432 -0.141863 -1.370985  0.681275 0.152737 0.202118 0.097460
1520530327.050437  0.046649 -1.439972  0.741240 0.155204 0.217731 0.096419
1520530327.150431  0.262549 -1.437415  0.652749 0.153133 0.218432 0.096611
1520530327.200433  0.348980 -1.448611  0.561858 0.145946 0.207280 0.096723
1520530327.300436  0.469638 -1.456615  0.293281 0.146247 0.218729 0.099874
1520530327.400439  0.502383 -1.437422 -0.109896 0.145027 0.256634 0.102700
1520530327.500442  0.555781 -1.416546 -0.425467 0.140641 0.251968 0.104086
1520530327.550090  0.583406 -1.417987 -0.507081 0.135874 0.245229 0.103502
1520530327.650103  0.596695 -1.341887 -0.564615 0.133353 0.248531 0.104904
1520530327.700094  0.581600 -1.299360 -0.489225 0.138680 0.264832 0.105422
1520530327.800097  0.477415 -1.287773 -0.167210 0.145640 0.276807 0.106705
1520530327.850099  0.392249 -1.333678  0.024193 0.146385 0.281946 0.106512
1520530327.950102  0.206258 -1.416398  0.331556 0.159189 0.306804 0.108121
1520530328.000280  0.109562 -1.423064  0.418175 0.164895 0.316054 0.108737
1520530328.100283 -0.082466 -1.435052  0.439869 0.177807 0.333534 0.111489
1520530328.150285 -0.176649 -1.411756  0.407727 0.181835 0.342487 0.112075
1520530328.250288 -0.357014 -1.411071  0.285088 0.193436 0.370157 0.115837
1520530328.350291 -0.468975 -1.419480  0.141168 0.198012 0.393124 0.117823
1520530328.400337 -0.541422 -1.391849  0.073363 0.196781 0.402565 0.117838
1520530328.500340 -0.609921 -1.309119 -0.018120 0.196896 0.410038 0.116762
1520530328.550342 -0.626409 -1.266943 -0.037351 0.190090 0.411180 0.115059
1520530328.650346 -0.616650 -1.160685 -0.070879 0.181431 0.407604 0.113132
1520530328.700347 -0.605273 -1.121683 -0.069450 0.174730 0.394451 0.113010
1520530328.800086 -0.565389 -1.114037  0.053921 0.170622 0.398341 0.113122
1520530328.900089 -0.475069 -1.089858  0.204341 0.174306 0.408770 0.113445
1520530329.000092 -0.412416 -1.009600  0.239512 0.166504 0.392194 0.111897
1520530329.100095 -0.376046 -0.893644  0.201921 0.155599 0.357070 0.108795
1520530329.200044 -0.312560 -0.773124  0.159968 0.149498 0.324837 0.106780
1520530329.250095 -0.282544 -0.691088  0.139883 0.146379 0.306661 0.105784
1520530329.350049 -0.258083 -0.568020  0.094850 0.142894 0.281609 0.103864
1520530329.450052 -0.309155 -0.479173  0.107834 0.145339 0.264245 0.103273
1520530329.550055 -0.443642 -0.457168  0.156771 0.150255 0.248268 0.104132
1520530329.600097 -0.508013 -0.424108  0.175776 0.149511 0.235148 0.103450
1520530329.700100 -0.680525 -0.326618  0.189185 0.153404 0.223082 0.102161
1520530329.750102 -0.777017 -0.289769  0.175525 0.155537 0.218206 0.100942
1520530329.850105 -0.978138 -0.269526  0.069149 0.161500 0.205629 0.100397
1520530329.900107 -1.064027 -0.243859  0.011610 0.166727 0.198516 0.098355
1520530330.000110 -1.283642 -0.201095 -0.017510 0.194545 0.225343 0.101975
1520530330.050161 -1.375720 -0.156135  0.000921 0.193782 0.224276 0.100375
1520530330.150164 -1.523858 -0.105566  0.107469 0.182518 0.209494 0.100007
1520530330.200165 -1.567113 -0.088963  0.201514 0.175238 0.196414 0.101579
1520530330.300169 -1.587341 -0.081430  0.364277 0.188547 0.192604 0.101209
1520530330.350170 -1.525105 -0.087874  0.419870 0.202457 0.206544 0.101752
1520530330.450787 -1.355191 -0.163371  0.500121 0.222231 0.210802 0.100780
1520530330.550790 -1.097034 -0.236766  0.491447 0.236935 0.209571 0.098239
1520530330.650793 -0.836658 -0.285532  0.390259 0.216634 0.189624 0.092524
1520530330.700795 -0.700640 -0.276884  0.310503 0.213177 0.178798 0.090386
1520530330.800798 -0.503795 -0.224973  0.096898 0.198893 0.163685 0.089402
1520530330.900277 -0.429160 -0.116372 -0.054643 0.188109 0.151034 0.092392
1520530331.000280 -0.424841 -0.046311 -0.078964 0.177257 0.143748 0.097924
1520530331.100283 -0.456608 -0.032810  0.052761 0.174674 0.135919 0.104871
1520530331.150285 -0.499895 -0.020856  0.159235 0.174308 0.143155 0.108150
1520530331.900488 -2.043490  0.152915 -0.299053 0.286050 0.338649 0.104280
1520530331.950489 -2.076983  0.201029 -0.238817 0.300374 0.232041 0.099642
1520530332.050387 -2.109299  0.295907 -0.014645 0.354886 0.254013 0.103124
1520530332.150390 -2.075058  0.301026  0.293726 0.383131 0.247880 0.105751
1520530332.250393 -1.914993  0.230606  0.566670 0.424550 0.241765 0.106804
1520530332.350396 -1.644730  0.097557  0.733774 0.504694 0.289115 0.110910
1520530332.450399 -1.448448 -0.048112  0.671396 0.505968 0.264814 0.104398
1520530332.500483 -1.359129 -0.098415  0.579785 0.484579 0.251086 0.100660
1520530332.600486 -1.247111 -0.159069  0.293721 0.455114 0.232121 0.097292
1520530332.650488 -1.248802 -0.185488  0.129694 0.443256 0.234385 0.097484
1520530332.750491 -1.241606 -0.140673 -0.147700 0.412978 0.230592 0.101088
1520530332.800492 -1.221277 -0.079697 -0.238936 0.395055 0.225138 0.104201
1520530332.900164 -1.241416  0.046535 -0.324521 0.386442 0.210366 0.113171
1520530332.950166 -1.276160  0.117039 -0.299225 0.380779 0.209625 0.118268
1520530333.050169 -1.403754  0.273521 -0.071280 0.404508 0.220526 0.130491
1520530333.150173 -1.618923  0.371595  0.224039 0.429574 0.252437 0.143804
1520530333.250175 -1.843735  0.428418  0.432842 0.477118 0.290218 0.156086
1520530333.300608 -1.965123  0.454920  0.475552 0.521420 0.311072 0.157585
1520530333.400612 -2.147276  0.506305  0.436421 0.552899 0.354236 0.160296
1520530333.500615 -2.249163  0.481153  0.293492 0.572407 0.397311 0.157091
1520530333.600618 -2.291772  0.393803  0.179187 0.606905 0.437595 0.151930
1520530333.700541 -2.383768  0.489417  0.146520 0.687833 0.527575 0.150858
1520530333.750542 -2.443738  0.516109  0.171122 0.693960 0.558498 0.145076
1520530333.850545 -2.503995  0.676825  0.196466 0.739932 0.560017 0.139030
1520530333.900547 -2.461244  0.784090  0.206245 0.759209 0.547942 0.132864
1520530334.000561 -2.314962  0.955772  0.268188 0.796792 0.522703 0.123381
1520530334.050551 -2.217621  0.998545  0.326642 0.811646 0.521217 0.119295
1520530334.150218 -2.071487  1.011596  0.377687 0.817422 0.531211 0.115102
1520530334.250221 -1.991206  0.864202  0.194437 0.760179 0.528433 0.112048
1520530334.300222 -1.959876  0.841935  0.096296 0.699872 0.481488 0.108065
1520530334.400225 -1.952531  0.856479  0.034194 0.722659 0.515009 0.110004
1520530334.450227 -1.948451  0.880105 -0.001788 0.685899 0.492409 0.107292
1520530334.550086 -1.960866  0.911287 -0.040485 0.723161 0.515418 0.110126
1520530334.600088 -1.953437  0.935770 -0.054101 0.731608 0.531714 0.109728
1520530334.700091 -1.942746  0.951813 -0.093149 0.713860 0.557694 0.110136
1520530334.800094 -1.957508  0.964918 -0.128898 0.694788 0.570958 0.114462
1520530334.850095 -1.920504  0.963687 -0.122717 0.452816 0.429026 0.110288
1520530334.950928 -1.861520  0.942470  0.075794 0.401966 0.401945 0.116640
1520530335.050931 -1.815954  0.955577  0.237640 0.380790 0.362353 0.124438
1520530335.100933 -1.861413  0.990101  0.271742 0.373486 0.336894 0.130070
1520530335.200936 -1.785675  0.994274  0.297490 0.379640 0.369606 0.141327
1520530335.300938 -1.758730  1.040642  0.283169 0.522588 0.467289 0.148351
1520530335.401458 -1.708466  1.072197  0.264434 0.526289 0.453606 0.144808
1520530335.501461 -1.665413  1.096236  0.231899 0.561068 0.476702 0.137018
1520530335.651465 -1.623651  1.045937  0.219945 0.456110 0.403320 0.117513
1520530335.750223 -1.525178  0.873297  0.133884 0.342198 0.311709 0.104890
1520530335.850226 -1.430976  0.846186  0.051167 0.306809 0.283730 0.098127
1520530335.900227 -1.361567  0.866756  0.007999 0.295249 0.297912 0.098300
1520530336.000230 -1.284662  0.961077 -0.044494 0.281563 0.310475 0.096714
1520530336.100233 -1.161630  1.029339 -0.021660 0.323676 0.342062 0.097955
1520530336.200179 -0.986709  1.081997  0.048754 0.382514 0.367261 0.100542
1520530336.250180 -0.902074  1.142410  0.119172 0.399612 0.377789 0.102182
1520530336.350183 -0.817802  1.239505  0.394840 0.419536 0.445551 0.105568
1520530336.400185 -0.862684  1.278568  0.564439 0.423045 0.458156 0.105170
1520530336.500188 -1.146479  1.276975  0.869749 0.432653 0.513363 0.107726
1520530336.600584 -1.488716  1.220038  0.953688 0.433862 0.576930 0.112008
1520530336.700586 -1.748290  1.119261  0.844676 0.421625 0.603144 0.114185
1520530336.800590 -1.951703  1.027412  0.597049 0.432376 0.644757 0.112606
1520530336.900594 -2.061213  1.044693  0.154450 0.460514 0.663310 0.114662
1520530337.000258 -2.086582  1.126241 -0.346570 0.491978 0.664592 0.110406
1520530337.100266 -2.134012  1.311422 -0.653115 0.533222 0.657375 0.106703
1520530337.200351 -2.192515  1.633136 -0.736924 0.608296 0.678268 0.107920
1520530337.300267 -2.165147  1.949774 -0.598377 0.685051 0.674449 0.110794
1520530337.350269 -2.135172  2.061292 -0.479945 0.712677 0.647271 0.110768
1520530337.450303 -2.069368  2.231698 -0.159834 0.764721 0.614016 0.118159
1520530337.500304 -2.059927  2.290133  0.095555 0.658178 0.574145 0.114392
1520530337.600307 -2.006984  2.178503  0.708675 0.656740 0.607769 0.117188
1520530337.650309 -1.954779  2.044008  1.002883 0.646821 0.622786 0.116121
1520530337.750312 -1.732927  1.660918  1.456810 0.652353 0.646750 0.117389
1520530337.900857 -1.490133  1.139752  1.665233 0.577045 0.591761 0.123722
1520530338.050862 -1.189714  0.798192  1.511881 0.457603 0.431039 0.121410
1520530338.150864 -0.927020  0.670437  1.183733 0.422363 0.364743 0.130484
1520530338.300474 -0.668367  0.629279  0.533190 0.291235 0.255169 0.120387
1520530338.450479 -0.430928  0.733640 -0.074759 0.245654 0.217276 0.119894
1520530338.550482 -0.319298  0.903020 -0.378168 0.238438 0.205765 0.112782
1520530338.650261 -0.220682  1.112654 -0.555378 0.329163 0.205797 0.118784
1520530338.700263 -0.183380  1.222836 -0.605897 0.321588 0.192238 0.118331
1520530338.800266 -0.156243  1.432292 -0.617312 0.399471 0.241812 0.138839
1520530338.900269 -0.161384  1.687555 -0.549423 0.403813 0.227131 0.137059
1520530338.950270 -0.215223  1.825138 -0.486054 0.431786 0.224887 0.140658
1520530344.351408 -1.699149  1.922705  0.969690 12.165455 12.445364  1.605772
1520530344.401411 -1.819154  1.999706  0.881176  6.890744 10.952193  1.173889
1520530344.501414 -1.847488  1.975712  0.767246 2.558741 2.059257 0.725376
1520530344.601418 -1.947374  2.012721  0.810492 1.899542 1.607255 0.494663
1520530344.701421 -2.017577  2.098207  1.036708 1.735534 1.707395 0.441437
1520530344.801638 -2.059106  2.331180  1.066940 2.041017 1.880215 0.399237
1520530344.901641 -2.019510  2.417317  1.002959 1.875314 1.881351 0.333388
1520530345.001644 -2.159356  2.576956  0.775031 1.912206 2.035099 0.322900
1520530345.101647 -2.350193  2.795854  0.715168 2.524551 2.361891 0.292383
1520530345.251745 -2.252794  3.021837  0.957654 2.849580 2.728197 0.266709
1520530345.351748 -1.904119  2.763883  0.946324 1.845727 1.950279 0.231430
1520530345.451751 -2.238960  3.433638  0.779136 1.495339 1.517117 0.200202
1520530345.551195 -1.960387  3.294334  0.617311 1.341067 1.425057 0.196955
1520530345.651198 -1.778681  3.269381  0.639309 1.301791 1.273512 0.188489
1520530345.751201 -1.548285  3.129839  0.806452 1.577564 1.435772 0.173877
1520530345.851204 -1.204889  2.846711  0.990080 1.006987 1.135034 0.170331
1520530345.951161 -1.046081  2.855655  1.019688 0.605792 0.568731 0.147095
1520530346.051476 -1.082150  2.992430  0.839175 0.545923 0.529242 0.151875
1520530346.151479 -1.070927  3.188689  0.611008 0.777941 0.558373 0.135110
1520530346.251483 -1.138532  3.277456  0.679957 1.333128 0.711061 0.151311
1520530346.351486 -1.177860  3.354396  0.915442 1.200842 0.662612 0.132427
1520530346.501379 -1.053043  3.411720  0.940940 1.281515 0.738572 0.134140
1520530346.601382 -0.868949  3.618155  0.776127 1.703045 0.848542 0.130932
1520530346.701385 -0.659327  3.492700  0.738769 1.752514 0.918713 0.148648
1520530346.851546 -0.476451  3.023935  0.937944 1.425884 0.820723 0.125458
1520530346.951549 -0.241848  2.640072  0.965323 0.728365 0.646150 0.125212
1520530347.051553 -0.081937  2.534496  0.881152 0.687056 0.680304 0.130325
1520530347.151556 0.084955 2.489166 0.660453 0.581244 0.573325 0.138514
1520530347.301403 0.062573 2.263827 0.729655 0.569652 0.452932 0.139326
1520530347.501410 0.157668 2.189131 0.950724 0.643578 0.483185 0.144119
1520530347.701222 0.251515 2.062043 0.673990 0.580396 0.462042 0.130695
1520530347.851226 0.322005 1.888520 0.730856 0.545548 0.422126 0.134431
1520530348.051164 0.217004 1.604894 1.011912 0.727458 0.634954 0.143374
1520530348.301184 0.184104 1.542259 0.605880 0.388763 0.626915 0.138591
1520530348.451416 0.034619 1.463144 0.899408 0.439164 0.418584 0.137345
1520530348.601422 -0.069103  1.367993  0.862168 0.338649 0.293120 0.127140
1520530348.701425 -0.083693  1.301193  0.742749 0.261089 0.250287 0.122898
1520530348.751426 -0.081559  1.236059  0.670051 0.309686 0.239682 0.123350
1520530348.851315 -0.139072  1.126973  0.689328 0.288519 0.256956 0.125979
1520530348.901315 -0.204822  1.090655  0.783937 0.306338 0.260207 0.124485
1520530349.001320 -0.404533  1.069500  0.943936 0.378440 0.293779 0.129385
1520530349.051321 -0.509725  1.042154  0.970953 0.339211 0.287905 0.130031
1520530349.151325 -0.684022  1.047385  0.897322 0.366180 0.296737 0.132361
1520530349.251106 -0.784276  1.053955  0.705077 0.364884 0.307985 0.137130
1520530349.351109 -0.819258  1.081205  0.629776 0.392271 0.306810 0.137367
1520530349.451112 -0.893399  1.115358  0.769787 0.395283 0.329690 0.140995
1520530349.551115 -0.924180  1.200232  0.886694 0.456774 0.411775 0.140335
1520530349.650935 -1.002382  1.174374  0.808571 0.445759 0.467446 0.141390
1520530349.750943 -1.130265  1.131264  0.666901 0.430987 0.513787 0.144016
1520530349.800940 -1.198301  1.112731  0.608940 0.411484 0.474933 0.134514
1520530349.900986 -1.302669  1.107559  0.603181 0.453294 0.539218 0.133396
1520530350.000946 -1.387468  1.246065  0.789447 0.488200 0.564178 0.136197
1520530350.101378 -1.518155  1.465234  0.964579 0.561466 0.616695 0.141210
1520530350.201381 -1.637888  1.592548  0.917315 0.647102 0.700080 0.145360
1520530350.251384 -1.666842  1.606118  0.826674 0.726790 0.755918 0.144263
1520530350.351387 -1.736985  1.599032  0.663702 0.681705 0.705846 0.141823
1520530350.451515 -1.754323  1.669845  0.715572 0.730691 0.728523 0.141128
1520530350.551518 -1.779342  1.668750  0.927610 0.890680 0.842180 0.140439
1520530350.701523 -1.848419  1.559746  0.912676 0.872082 0.893625 0.144503
1520530350.851527 -2.038974  1.524232  0.692897 0.892743 1.037116 0.148992
1520530350.951573 -2.146765  1.596744  0.736410 0.903609 1.085528 0.156053
1520530351.051576 -2.193945  1.670360  0.925872 0.983189 1.109941 0.149066
1520530351.151579 -2.095433  1.852206  1.038623 1.085024 1.097301 0.144855
1520530351.251582 -2.070815  1.925686  0.912758 1.151572 1.178041 0.146871
1520530351.351680 -2.065762  1.874636  0.692556 1.166830 1.368996 0.151749
1520530351.451683 -2.207657  1.877853  0.616937 0.935074 1.169168 0.142025
1520530351.551686 -2.266818  1.830856  0.753527 0.852379 0.989344 0.147567
1520530351.651689 -2.150161  1.758946  0.848997 0.726686 0.814506 0.132743
1520530351.751696 -2.216381  1.786880  0.757019 0.614429 0.731568 0.125241
1520530351.851700 -2.279230  1.837740  0.646216 0.572137 0.665176 0.119163
1520530351.951703 -2.312895  1.903458  0.605292 0.483838 0.501841 0.121014
1520530352.051706 -2.332326  1.910585  0.694880 0.558391 0.424225 0.120107
1520530352.151806 -2.199677  2.056288  0.902801 0.380681 0.355313 0.108894
1520530352.251809 -2.017488  2.209141  0.924238 0.307043 0.281904 0.106507
1520530352.351812 -1.808787  2.278301  0.722956 0.296394 0.293282 0.104728
1520530352.451816 -1.798278  2.259278  0.563153 0.464392 0.371188 0.104848
1520530352.501469 -1.952467  2.298586  0.551125 0.438375 0.319479 0.105464
1520530352.601472 -1.977687  2.336207  0.667562 0.766416 0.477710 0.106065
1520530352.701475 -1.900177  2.329359  0.814804 0.640435 0.393998 0.105688
1520530352.801478 -1.786454  2.411666  0.775946 0.895639 0.606742 0.108681
1520530352.901098 -1.749722  2.414662  0.674899 0.660786 0.478787 0.108063
1520530353.001101 -1.761625  2.531493  0.592820 0.552237 0.282222 0.107322
1520530353.101208 -1.787744  2.657965  0.770242 0.587423 0.295653 0.109460
1520530353.201107 -1.751106  2.761427  1.011132 0.524320 0.296534 0.109053
1520530353.301110 -1.669951  3.020937  1.057493 0.496016 0.330094 0.112548
1520530353.401399 -1.710849  3.356439  0.966875 0.565084 0.405230 0.120137
1520530353.501402 -1.936775  3.656672  0.902072 0.583559 0.396266 0.120139
1520530353.601405 -1.941159  3.325502  0.954905 0.641502 0.414265 0.118642
1520530353.701408 -1.683480  3.304650  1.158263 1.000765 0.489265 0.116397
1520530353.851739 -1.591451  3.429468  1.157450 0.887101 0.467164 0.127382
1520530354.001744 -1.313947  3.487283  1.064034 0.874610 0.534490 0.129218
1520530354.151896 -1.181559  3.257868  1.166860 1.346755 0.536490 0.139334
1520530354.251899 -1.195015  3.110266  1.271234 0.890068 0.442331 0.136823
1520530354.351902 -1.074170  2.759274  1.181661 0.663853 0.472259 0.136158
1520530354.501907 -0.932819  2.408196  0.842951 0.589670 0.416640 0.127644
1520530354.651595 -0.779639  2.316547  0.899264 0.841911 0.505627 0.136975
1520530354.801599 -0.729130  2.216697  1.041979 1.035469 0.606125 0.142827
1520530354.951359 -0.594660  2.225516  0.845202 0.995681 0.594471 0.132401
1520530355.101363 -0.441977  2.031222  0.738817 0.824041 0.488054 0.116513
1520530355.251368 -0.450410  1.807355  0.981450 0.759994 0.518497 0.114486
1520530355.351371 -0.404732  1.514758  0.975326 0.610484 0.483386 0.115531
1520530355.451408 -0.420828  1.420354  0.818906 0.470327 0.496344 0.125039
1520530355.551411 -0.302137  1.364342  0.660000 0.202283 0.282601 0.121639
1520530355.651416 -0.268541  1.343889  0.684920 0.200365 0.292255 0.122968
1520530355.751418 -0.301707  1.288994  0.830271 0.193796 0.298287 0.119393
1520530355.851533 -0.352862  1.284722  0.851306 0.321784 0.327074 0.113855
1520530355.951536 -0.367444  1.239707  0.766656 0.389096 0.204901 0.115532
1520530356.051539 -0.391780  1.099675  0.687115 0.347117 0.235955 0.121037
1520530356.151542 -0.433453  1.047506  0.729352 2.871599 0.800271 0.137807
1520530356.251380 -0.444305  0.920202  0.836887 0.403936 0.355116 0.137764
1520530356.351380 -0.579418  0.879100  1.027472 0.483833 0.438584 0.149629
1520530356.451383 -0.916389  1.013491  1.199344 0.503351 0.507581 0.171433
1520530356.551386 -1.169501  1.087110  1.266265 0.464879 0.644375 0.193603
1520530356.651234 -1.367796  1.067512  1.334936 0.372233 0.603236 0.209120
1520530356.751237 -1.498540  0.972509  1.466450 0.338471 0.769007 0.183653
1520530356.851240 -1.596077  0.962795  1.649908 1.652710 4.544485 0.197346
1520530356.951243 -1.724519  0.921100  1.640865 2.060412 7.028515 0.193661
1520530357.051154 -1.931800  0.961498  1.609868 1.939654 7.231617 0.180288
1520530357.151157 -2.079292  0.940508  1.514872 1.174824 4.678168 0.192451
1520530357.251160 -2.207414  0.973976  1.593742  2.970251 14.162492  0.209158
1520530357.301162 -1.834465  0.715010  1.358247 0.942762 3.723481 0.172269
1520530357.401658 -1.719726  0.698698  1.248911 0.572681 1.713697 0.150467
1520530357.451660 -1.796889  0.608615  1.192950 0.497585 1.318055 0.143127
1520530357.551663 -1.920160  0.620831  0.997803 0.498965 0.989162 0.146399
1520530357.651666 -2.099937  0.677982  0.874142 0.505398 1.134254 0.141520
1520530357.801671 -2.408884  0.713858  1.150573 0.720772 2.100861 0.161874
1520530357.951560 -2.489939  0.792364  1.320622 0.469466 1.025923 0.143474
1520530358.051563 -2.505040  0.686735  1.244261 0.552186 1.256375 0.169495
1520530358.251625 -2.183368  0.668958  0.832798 0.504444 0.552200 0.137391
1520530358.401629 -2.123966  0.854179  1.093814 0.586789 0.392647 0.157952
1520530358.601636 -2.310461  1.223357  0.969155 0.461178 0.319193 0.168476
1520530358.851805 -2.337447  1.437364  0.848710 0.419346 0.372671 0.171825
1520530359.001810 -2.189609  1.809299  0.747179 0.393988 0.359202 0.167518
1520530359.151809 -2.160144  1.884697  0.539371 0.346180 0.373043 0.160706
1520530359.251812 -2.199505  1.856346  0.609444 0.436390 0.635038 0.163434
1520530359.351815 -2.128061  2.070335  0.711651 0.375998 0.476424 0.146598
1520530359.451919 -2.028676  2.306996  0.995925 0.521693 0.698164 0.143430
1520530359.551871 -1.913251  2.662843  1.320968 2.449066 1.482326 0.151797
1520530359.651874 -1.879964  2.954843  1.478108 1.314139 0.722399 0.164929
1520530359.751878 -1.810964  3.176861  1.513385 1.348408 0.590700 0.178658
1520530359.851881 -1.785432  3.255170  1.561455 1.811085 0.787515 0.182295
1520530359.951828 -1.757271  3.488897  1.807676 1.033498 0.680427 0.183321
1520530360.051831 -1.819503  3.737126  2.089833 0.957847 0.687550 0.192696
1520530360.151834 -1.856718  4.073607  2.232047 0.880368 0.733222 0.205768
1520530360.251837 -1.872521  4.271940  2.407383 1.070015 0.764173 0.204963
1520530360.351317 -1.825829  4.366256  2.545310 0.893350 0.693608 0.220540
1520530360.451321 -1.623578  4.336460  2.568813 0.815821 0.622312 0.203227
1520530360.551324 -1.475833  4.356865  2.294674 1.366617 0.593437 0.196124
1520530360.651327 -1.282108  4.396391  1.840206 1.847370 0.595868 0.202521
1520530360.750980 -1.230496  4.975920  1.602302 2.267488 0.627543 0.230767
1520530360.800981 -1.245794  5.499365  1.708384 11.608793  1.070964  0.252675
1520530360.900984 -1.156867  5.781505  1.715507 17.474986  1.302792  0.280486
1520530361.000988 -1.024787  5.690228  1.707374 19.692306  1.282073  0.266835
1520530361.101044 -1.021326  5.838061  1.916980 24.736008  1.439374  0.280422
1520530361.201047 -0.942339  5.761407  1.902566 27.190860  1.442348  0.275357
1520530361.301050 -0.774218  6.496505  2.229602 30.096075  1.402639  0.334491
1520530361.401053 -0.863013  7.123252  2.831942 38.594104  1.471286  0.407920
1520530361.501690 -0.807408  5.833908  2.545700 26.950648  1.629262  0.325904
1520530361.601693 -0.620332  5.028952  2.527482 96.501190  2.788313  0.292240
1520530361.701696 -0.470256  4.084957  2.477880 36.137352  1.384897  0.238834
1520530361.751698 -0.452566  3.319996  2.201680 73.935071  1.677383  0.221562
1520530361.851701 -0.269005  2.215556  1.852568 20.492376  0.979777  0.167732
1520530361.901939 -0.129289  1.344627  1.360429 5.222498 0.526259 0.148950
1520530362.001942 0.119284 1.133396 1.230773 1.043291 0.358807 0.132272
1520530362.101945 0.287395 1.512365 1.489511 0.753926 0.413263 0.144432
1520530362.201949 0.426928 1.770403 1.524890 1.142353 0.532018 0.149863
1520530362.351623 0.683027 2.140389 1.252318 0.630214 0.474158 0.165327
1520530362.451626 0.893011 2.542364 1.204021 0.794029 0.554144 0.193051
1520530362.551629 1.037490 2.709939 1.106727 1.027866 0.666192 0.214130
1520530362.701634 1.031976 2.673964 0.962981 1.269738 0.733363 0.239520
1520530362.801366 1.007461 2.433658 0.978140 1.226154 0.801546 0.204799
1520530362.901369 1.018807 2.085829 1.182263 0.725403 0.654579 0.183025
1520530363.001372 0.987739 1.706028 1.481039 0.424739 0.594878 0.183623
1520530363.151650 0.962308 1.300205 1.804779 0.379199 0.637353 0.189649
1520530363.301654 0.862522 1.043032 1.738906 0.339095 0.490867 0.191520
1520530363.451659 0.751349 0.854074 1.477797 0.882472 1.633795 0.192213
1520530363.551745 0.706566 0.723046 1.100965 0.416199 0.565557 0.189012
1520530363.651748 0.726110 0.641364 0.859143 0.380128 0.415649 0.188816
1520530363.751751 0.647277 0.561579 0.719212 0.365041 0.397731 0.189424
1520530363.851754 0.465711 0.510837 0.639818 5.193983 4.580143 0.203531
1520530363.901756 0.369525 0.616437 0.761916 2.413861 0.946381 0.208256
1520530364.001782 0.164093 0.793619 0.885027 3.855346 0.253836 0.240378
1520530364.051784 0.063704 0.918340 1.019285 29.307164  0.275968  0.233962
1520530364.151786 -0.088582  1.235754  1.261156 1.545907 0.378707 0.293093
1520530364.201788 -0.125948  1.283405  1.131251 1.869486 0.324765 0.255170
1520530364.301791 -0.176933  1.499058  1.354163 1.887658 0.407653 0.245885
1520530364.351792 -0.168428  1.641837  1.566480 2.232174 0.357290 0.232822
1520530364.451854 -0.127560  1.792721  1.809450 61.996330  0.766589  0.233761
1520530364.501856 -0.073909  1.826476  1.932012 42.292904  0.474431  0.235730
1520530364.601859 -0.052814  1.782163  2.124306 5.730462 0.452181 0.247557
1520530364.701862 -0.067979  1.846000  2.456837 6.844828 0.475511 0.282492
1520530364.802376 -0.101307  1.987849  3.056239 11.713652  0.583124  0.349009
1520530364.902379 -0.068917  2.153245  3.667167 18.712340  0.758026  0.425377
1520530365.002383 -0.199726  2.595020  4.325365 12.009742  0.962406  0.533980
1520530365.102386 -0.554219  3.098546  4.811199 3.804805 1.142926 0.674807
1520530365.251846 -1.049063  3.701959  5.167043 3.203039 1.463075 0.857310
1520530365.401850 -1.527277  4.438724  5.429547 4.587178 1.799253 0.995722
1520530365.501853 -1.716299  4.599787  5.292446 11.936340  3.712276  1.058749
1520530365.601535 -1.509555  4.166247  4.531944 8.504001 2.102096 0.943605
1520530365.701539 -1.311457  3.545808  3.676730 1.982776 0.938296 0.751814
1520530365.851543 -1.373444  3.483390  3.467984 1.457392 0.751550 0.661761
1520530366.051908 -1.597276  3.424482  3.518200 2.555760 0.900042 0.589826
1520530366.201913 -1.616135  3.342844  2.846562 20.083512  3.746351  0.460115
1520530366.301916 -2.009977  4.665373  3.319982 3.549693 0.978298 0.547576
1520530366.402120 -1.941926  4.902514  2.911596 3.805124 1.000206 0.430392
1520530366.552125 -1.673363  4.562606  2.144539 2.890650 0.869495 0.388887
1520530366.702130 -1.431635  4.476142  1.814877 1.633283 0.847523 0.339289
1520530366.802133 -1.196021  4.373839  1.708392 1.553604 0.805595 0.283724
1520530366.902167 -1.133579  4.603344  1.868454 1.204326 0.825573 0.261040
1520530367.002170 -0.875406  4.525467  1.834801 4.492892 0.882514 0.247232
1520530367.052172 -0.967139  4.561049  1.989317 5.919713 0.851885 0.250953
1520530367.152175 -0.816401  4.150247  2.152602 3.883780 0.811422 0.232077
1520530367.202177 -0.719655  3.747930  2.139248 4.077810 0.827584 0.217145
1520530367.302541 -0.752110  3.300535  2.185099 3.960459 0.834272 0.214444
1520530367.402544 -0.982684  3.058423  2.158840 13.935479  1.646582  0.223256
1520530367.452546 -1.105205  3.043773  2.103436 2.808620 1.039368 0.215123
1520530367.552549 -1.286085  2.973566  1.849246 1.462246 0.963197 0.208142
1520530367.702266 -1.418281  2.932808  1.364744 1.866701 1.201014 0.208435
1520530367.802269 -1.448020  2.721354  1.051652 13.484970  3.981499  0.195971
1520530367.902272 -1.426507  2.184273  0.881578 2.905967 1.704416 0.168347
1520530368.002275 -1.328420  1.790534  0.726988 3.885805 2.255156 0.152951
1520530368.102125 -1.227295  1.749449  0.739072 1.088858 0.871162 0.134588
1520530368.202129 -1.185171  1.813295  0.870313 1.448979 0.886773 0.120204
1520530368.302132 -1.027277  1.872144  1.034318 1.196862 0.665847 0.107213
1520530368.352134 -0.863198  1.990975  1.087298 2.684013 0.801339 0.113836
1520530368.452048 -0.569969  2.155435  1.033984 0.884289 0.413787 0.118874
1520530368.502050 -0.368169  2.171077  0.926091 1.117925 0.389399 0.116752
1520530368.602053 -0.169665  2.202343  0.716238 3.345538 0.353486 0.121857
1520530368.652054 -0.127636  2.179651  0.609780 2.768617 0.346559 0.114947
1520530368.752057 -0.067146  2.175757  0.438648 1.657013 0.347789 0.112720
1520530368.802058 -0.057616  2.197332  0.400022 2.692038 0.372410 0.115063
1520530368.901391 0.006024 2.119354 0.572451 34.760607  0.398339  0.116254
1520530368.951392 -0.003013  2.019626  0.658303 14.523891  0.414033  0.119523
1520530369.051395 -0.090111  1.681315  0.684993 0.936229 0.404924 0.121548
1520530369.101397 -0.108708  1.495813  0.637716 0.604680 0.394842 0.122751
1520530369.201400 -0.068296  1.379292  0.615619 0.556848 0.404171 0.121137
1520530369.251401 -0.072402  1.345959  0.565989 0.693419 0.370105 0.118912
1520530369.351538 0.014122 1.350828 0.499311 0.552290 0.336666 0.112152
1520530369.401540 0.067565 1.196672 0.473551 0.381771 0.311639 0.109274
1520530369.501543 0.035694 0.948357 0.581400 0.507142 0.308292 0.107116
1520530369.601546 0.050960 0.782275 0.680656 0.381225 0.310099 0.111642
1520530369.701896 0.137597 0.735640 0.676690 0.377186 0.315147 0.118091
1520530369.851902 0.257949 0.737395 0.613152 0.393953 0.314605 0.128119
1520530369.951905 0.357980 0.810971 0.684631 0.336908 0.371142 0.148878
1520530370.101930 0.466190 0.813498 0.713512 0.279829 0.322495 0.145513
1520530370.251934 0.589113 0.727428 0.682427 0.313809 0.364081 0.142272
1520530370.401938 0.697267 0.616599 0.615907 0.280684 0.295923 0.148919
1520530370.551883 0.783834 0.442229 0.593652 0.304905 0.246302 0.148544
1520530370.701889 0.884016 0.282288 0.497506 0.286788 0.247023 0.133416
1520530370.901941 0.864046 0.103081 0.226199 0.262762 0.264697 0.114595
1520530371.051946 0.852733 0.018073 0.186980 0.253804 0.956607 0.122068
1520530371.151949  0.904923 -0.044817  0.319454 0.330390 0.511184 0.118269
1520530371.251952  0.936132 -0.123334  0.440267 0.242239 0.285321 0.129294
1520530371.351951  0.937390 -0.274844  0.461189 0.197472 0.254610 0.117071
1520530371.451954  0.919407 -0.439021  0.406468 0.211676 0.331305 0.129571
1520530371.601959  0.718644 -0.703106  0.250820 0.268235 0.308286 0.116537
1520530371.701962  0.545899 -0.912510  0.300298 0.328794 0.247788 0.105593
1520530371.751959  0.442064 -0.981309  0.349063 2.111600 0.602374 0.102038
1520530371.851963  0.273308 -1.067093  0.457251 0.458894 0.217364 0.097555
1520530371.901964  0.176411 -1.047385  0.467174 0.545352 0.204928 0.105817
1520530372.001968  0.116051 -1.041856  0.438189 1.685249 0.225081 0.105424
1520530372.101971  0.281261 -1.190191  0.536604 0.752378 0.238763 0.104949
1520530372.201977  0.510345 -1.441945  0.664017 0.928255 0.346989 0.103140
1520530372.301960  0.564344 -1.508628  0.700302 1.634576 0.514844 0.105990
1520530372.401963  0.602953 -1.545045  0.572549 0.551375 0.291774 0.106540
1520530372.551956  0.683477 -1.756582  0.257474 0.528753 0.305487 0.103093
1520530372.651960  0.786997 -1.852568  0.000906 0.498928 0.308189 0.098715
1520530372.751963  0.744671 -1.887589 -0.182578 4.292919 0.934146 0.105120
1520530372.851966  0.565239 -1.975381 -0.134951 1.199945 0.326575 0.100590
1520530372.951617  0.358425 -2.092934  0.164498 1.750521 0.348403 0.096544
1520530373.051620  0.031068 -2.190652  0.471791 1.765953 0.335484 0.101188
1520530373.151624 -0.339530 -2.288308  0.718717 0.717069 0.373826 0.101285
1520530373.251627 -0.683833 -2.394466  0.732893 0.703182 0.411313 0.116521
1520530373.351457 -0.925760 -2.459580  0.624161 0.432789 0.415154 0.100516
1520530373.451460 -1.197173 -2.479898  0.542329 0.677300 0.486096 0.112508
1520530373.501461 -1.073224 -2.639733  0.492609 2.100090 0.915863 0.099221
1520530373.601465 -0.990392 -2.759978  0.326202 0.691569 0.499198 0.100614
1520530373.701467 -1.021986 -2.741180  0.132297 0.677791 0.502803 0.104370
1520530373.801615 -1.101870 -2.728995 -0.051657 7.766641 1.636802 0.109964
1520530373.901585 -1.204352 -2.891686 -0.011091 0.937925 0.430932 0.110001
1520530374.001588 -1.296517 -3.074266  0.175441 1.531046 0.525716 0.127941
1520530374.101591 -1.329326 -2.861778  0.385024 1.376463 0.588695 0.134178
1520530374.201953 -1.082973 -2.519455  0.534644 1.169893 0.744990 0.135736
1520530374.301956 -0.859244 -2.425221  0.592008 0.844155 0.650650 0.143669
1520530374.401959 -0.831200 -2.292226  0.604473 0.747163 0.459432 0.140003
1520530374.501962 -0.954860 -2.269743  0.610590 0.453246 0.404371 0.140525
1520530374.602407 -1.052982 -2.519328  0.674757 3.418502 0.884549 0.143083
1520530374.702410 -1.161504 -2.714995  0.636390 3.735554 0.825454 0.143598
1520530374.802413 -1.310945 -2.754491  0.466899 1.148816 0.473665 0.145148
1520530374.902417 -1.462921 -2.696232  0.222020 0.726468 0.442328 0.130519
1520530375.002442 -1.649836 -2.650053 -0.077264 1.100849 0.585381 0.129001
1520530375.102445 -1.687269 -2.687875 -0.189430 1.255952 0.577276 0.138633
1520530375.202449 -1.694451 -2.579742  0.027740 1.180221 0.604037 0.138045
1520530375.302452 -1.676819 -2.890969  0.450157 1.477499 0.541711 0.158556
1520530375.402252 -1.376593 -2.136054  0.537916 1.145122 0.483527 0.136233
1520530375.502216 -1.331333 -1.707386  0.582217 0.867608 0.483806 0.127729
1520530375.602219 -1.279452 -1.365139  0.527666 0.510951 0.414381 0.126674
1520530375.702222 -1.240807 -0.915588  0.524434 0.471243 0.601097 0.119959
1520530375.802225 -1.244191 -0.729292  0.509930 0.321956 0.721372 0.114797
1520530375.852258 -1.207496 -0.713968  0.440658 0.972830 2.214006 0.114241
1520530375.952261 -1.276276 -0.780305  0.240616 0.359236 1.034877 0.122874
1520530376.002262 -1.545760 -0.904834  0.117272 0.312308 0.600317 0.117273
1520530376.102265 -1.690099 -0.945451 -0.112479 0.558204 1.458985 0.121589
1520530376.152267 -1.779760 -0.987801 -0.183519 0.538306 1.363924 0.110298
1520530376.251950 -1.758825 -1.103797 -0.267888 2.852051 6.761775 0.126577
1520530376.301951 -2.224169 -1.591590 -0.198913 2.965281 6.500873 0.129994
1520530376.401954 -2.931217 -2.225875 -0.068560 1.349261 2.034968 0.143632
1520530376.501958 -2.881228 -2.218313 -0.009931 1.047230 1.166336 0.143196
1520530376.551960 -2.409294 -1.963405  0.001787  9.708757 13.700423  0.121387
1520530376.652663 -2.187965 -1.987003  0.027377 2.031763 1.931847 0.124150
1520530376.702664 -2.001820 -1.974826  0.087302 3.783848 3.576099 0.118494
1520530376.802668 -1.970215 -2.078020  0.289920 2.332910 1.741215 0.126110
1520530376.902671 -2.081288 -2.199084  0.587360 4.392752 3.657079 0.132764
1520530377.002721 -2.881930 -2.873851  0.710307 2.809178 2.841654 0.140821
1520530377.102900 -2.818399 -2.732071  0.711287 1.355897 1.139426 0.129783
1520530377.202903 -2.792616 -2.484499  0.594913 0.913179 0.669926 0.118775
1520530377.302906 -2.846264 -2.261075  0.426122 1.362436 1.155536 0.133998
1520530377.402909 -2.913446 -2.149780  0.273634 4.231566 8.118361 0.123493
1520530377.501720 -3.363565 -2.282918  0.185846 2.639796 4.891709 0.123390
1520530377.551722 -2.687147 -1.728288  0.158775  9.610963 20.538870  0.111027
1520530377.651725 -2.181686 -1.419138  0.199706  4.970470 10.396240  0.100079
1520530377.751728 -1.899741 -1.341782  0.149857  6.963927 13.341784  0.106690
1520530377.851407 -1.458154 -1.116198  0.029710  6.895092 11.031284  0.105726
1520530377.951411 -1.568714 -1.333294 -0.063226 1.370558 1.567383 0.106519
1520530378.001412 -1.392315 -1.178110 -0.169553 2.244816 2.213153 0.100228
1520530378.101416 -1.170428 -1.226612 -0.308849 1.662299 1.078439 0.103797
1520530378.151417 -1.171387 -1.364348 -0.329679 2.564977 1.279726 0.103986
1520530378.251420 -1.269033 -1.714598 -0.325810 1.707377 1.384858 0.109791
1520530378.351513 -1.495087 -2.034314 -0.332468 1.748396 1.511644 0.113237
1520530378.451516 -1.649272 -2.327912 -0.301065 6.828692 4.056420 0.118143
1520530378.551519 -1.754788 -2.462150 -0.176479 1.902318 1.124766 0.118899
1520530378.601571 -1.770190 -2.654548 -0.075396 1.681093 0.906997 0.116594
1520530378.702209 -1.820312 -2.740398  0.198339 2.333906 1.188202 0.126566
1520530378.802212 -1.912435 -2.642060  0.562429 1.649417 1.118839 0.126065
1520530378.902215 -2.014076 -2.445211  0.844936 1.566514 0.828409 0.137490
1520530379.002218 -2.063968 -2.223789  0.902231 0.733971 0.430419 0.137162
1520530379.102149 -1.988543 -2.123116  0.753989 0.733479 0.440947 0.133323
1520530379.202152 -1.661509 -1.976653  0.586428 0.782756 0.433052 0.148058
1520530379.302155 -1.307424 -1.787165  0.398937 0.677330 0.467704 0.119686
1520530379.402159 -1.057093 -1.498397  0.182419 0.525193 0.455392 0.112757
1520530379.501850 -0.958301 -1.332436 -0.034926 0.674588 0.612988 0.118614
1520530379.601853 -0.917275 -1.256034 -0.156169 1.260831 1.102828 0.105372
1520530379.651855 -1.027497 -1.356583 -0.178590 1.369359 1.111889 0.110168
1520530379.751858 -1.083119 -1.445280 -0.187482 0.680627 0.479981 0.108086
1520530379.801860 -1.117631 -1.441478 -0.115839 2.112757 0.856174 0.111466
1520530379.901824 -1.150916 -1.696889  0.168143 9.282575 4.351750 0.112287
1520530380.001827 -1.139647 -1.986800  0.452955 10.619363  3.746655  0.117148
1520530380.101830 -1.206570 -2.339357  0.583551 30.740537  8.645325  0.138147
1520530380.201888 -1.057372 -2.397103  0.516639 11.931490  2.965793  0.134286
1520530380.251835 -0.929768 -2.306843  0.435884 5.966836 1.510451 0.131134
1520530380.352160 -0.779357 -2.209444  0.162837 11.657448  2.169315  0.109088
1520530380.452163 -0.673800 -1.950934  0.039932 23.289837  4.092195  0.103665
1520530380.552166 -0.896655 -2.139572  0.026406 1.987300 0.868466 0.098952
1520530380.602168 -1.193810 -2.279068  0.047375 1.250945 0.753717 0.098611
1520530380.702171 -1.516822 -2.247283  0.019278 0.728209 0.754049 0.098265
1520530380.752135 -1.884419 -2.169937 -0.005982 0.463306 0.549467 0.100965
1520530380.852138 -2.189753 -2.014759 -0.063177 0.438129 0.584886 0.104774
1520530380.902139 -2.373557 -1.834885 -0.045679 0.412970 0.653946 0.105705
1520530381.002143 -2.521695 -1.626679  0.074510 0.455008 0.780979 0.110553
1520530381.052144 -2.617245 -1.678376  0.188731 0.442871 0.734223 0.116850
1520530381.152048 -2.517884 -1.971347  0.387281 0.468506 0.865633 0.118205
1520530381.202049 -2.549262 -2.304171  0.504318 0.509511 0.839325 0.133581
1520530381.302052 -2.179043 -2.536606  0.656473 1.121554 0.868441 0.134157
1520530381.352054 -2.000200 -2.191837  0.704168 0.524797 0.293124 0.127018
1520530381.452057 -1.928084 -2.215266  0.700085 0.492967 0.289630 0.124396
1520530381.552262 -1.920922 -2.153626  0.716577 0.494378 0.302462 0.126813
1520530381.702267 -2.052660 -2.609873  0.888133 1.194634 0.474611 0.143027
1520530381.802324 -1.845209 -2.501644  0.903216 1.185022 0.459921 0.141343
1520530381.902273 -1.695698 -2.649598  0.734438 1.549226 0.598054 0.136833
1520530382.002334 -1.582347 -2.882834  0.493399 4.299096 1.745531 0.134341
1520530382.102337 -1.288385 -2.815463  0.235338 1.626301 0.715765 0.126531
1520530382.202340 -1.139128 -2.853104  0.137671 1.010439 0.528460 0.128420
1520530382.302343 -0.922811 -2.774062  0.065380 0.750845 0.493592 0.126489
1520530382.402160 -0.792224 -2.655711  0.129225 1.808512 0.612973 0.128270
1520530382.502164 -0.770615 -2.359102  0.154772 1.051762 0.393341 0.112812
1520530382.602167 -0.912857 -2.390616  0.179657 0.659514 0.327961 0.115052
1520530382.702170 -1.058392 -2.407934  0.203319 0.687207 0.360318 0.122066
1520530382.802244 -1.302904 -2.307506  0.250471 1.265827 0.527785 0.127660
1520530382.902248 -1.322909 -2.382289  0.290594 0.977669 0.696587 0.127743
1520530383.002250 -1.389791 -2.613358  0.260741 1.152344 0.754692 0.147337
1520530383.052252 -1.485129 -2.912643  0.223415 0.470298 0.398943 0.135189
1520530383.152255 -1.377117 -3.013913  0.193838 0.671297 0.453347 0.125078
1520530383.252208 -1.353282 -3.060574  0.120505 5.667757 1.244783 0.118497
1520530383.302209 -1.339498 -3.115395  0.096931 2.044303 0.522780 0.115943
1520530383.402267 -1.283433 -3.177327  0.169017 1.533772 0.432452 0.124471
1520530383.502216 -1.153146 -3.272147  0.318725 1.272396 0.473864 0.126578
1520530383.602472 -1.053908 -3.593550  0.422212 7.734705 0.939225 0.127399
1520530383.702475 -0.952168 -3.934261  0.422798 6.367709 0.733063 0.126765
1520530383.802478 -1.047980 -4.445662  0.321885 5.418103 0.655696 0.136547
1520530383.852479 -0.901582 -4.802177  0.227386 1.889484 0.520023 0.119849
1520530383.952482 -0.458062 -5.033460  0.110878 1.438929 0.372509 0.129728
1520530384.052531 -0.333744 -5.113810  0.024775 0.608233 0.319760 0.143053
1520530384.102533 -0.171667 -5.054356  0.012932 0.578730 0.319005 0.148502
1520530384.202536  0.110437 -4.965318 -0.061545 0.484092 0.293879 0.155838
1520530384.302539  0.336370 -4.698692 -0.121952 0.518770 0.312642 0.165204
1520530384.402432  0.574890 -4.370170 -0.153134 1.713201 0.364206 0.165026
1520530384.502435  0.774727 -4.506178 -0.189284 1.694376 0.384684 0.177176
1520530384.602439  0.939054 -4.570755 -0.137050 4.664553 0.558641 0.187935
1520530384.702442  0.880851 -4.674240  0.030256 6.068606 0.605956 0.177638
1520530384.752443  0.848186 -4.989504  0.126253 2.920680 0.462647 0.156564
1520530384.852858  1.084722 -5.500897  0.124281 1.404964 0.431636 0.178948
1520530384.902860  1.318418 -5.436843  0.067568 0.751555 0.419553 0.188978
1520530385.002916  1.622346 -5.139568  0.109197 1.244713 0.405732 0.150011
1520530385.102866  1.783791 -4.959432  0.113091 0.736049 0.381899 0.159401
1520530385.202869  1.990855 -4.680710  0.069445 0.479381 0.322758 0.147812
1520530385.302707  2.182775 -4.385528 -0.018607 0.525190 0.276379 0.121616
1520530385.402710  2.228924 -4.023208 -0.188100 0.444775 0.289632 0.117209
1520530385.452712  2.279894 -3.844481 -0.290147 1.030933 0.344673 0.119086
1520530385.552715  2.190336 -3.720904 -0.479303 15.600377  6.329454  0.112585
1520530385.602716  2.170186 -3.670186 -0.560285 9.845672 4.002379 0.109731
1520530385.702487  2.090748 -3.623811 -0.624162 21.208377  7.818324  0.116997
1520530385.752489  1.963480 -3.365193 -0.529644 6.630464 2.534402 0.111635
1520530385.852492  1.877662 -3.175656 -0.212084 13.790965  4.909451  0.126459
1520530385.902494  1.887069 -3.184186 -0.022133 7.477938 2.659103 0.113053
1520530386.002497  1.979766 -3.361223  0.309603 48.529501 16.535394  0.125663
1520530386.102546  2.357849 -3.792914  0.484839 103.291227  40.325400   0.119400
1520530386.152547  3.018975 -4.606194  0.466365 41.510633 18.550081  0.120494
1520530386.252550  4.206039 -6.208806  0.254428 17.302243  8.895657  0.162968
1520530386.352553  4.532339 -6.559723 -0.025546 4.292071 2.112116 0.166889
1520530386.452758  4.950731 -6.980335 -0.413878 1.581882 0.793505 0.193155
1520530386.602814  5.364932 -7.418627 -0.788539 3.824159 1.475963 0.213922
1520530386.702766  5.524957 -7.433304 -0.809223 2.444277 1.176774 0.213020
1520530386.802769  5.637581 -7.377612 -0.685866 1.996578 1.006768 0.219060
1520530386.902676  5.990574 -7.408486 -0.564388 33.087155 21.273359  0.229202
1520530387.002679  5.691311 -6.661543 -0.186211 30.279738 21.170113  0.221179
1520530387.102682  5.349001 -5.916913  0.059223 59.260202 48.695817  0.193807
1520530387.202685  5.832833 -5.902098  0.050161 6.134895 4.636790 0.211722
1520530387.302607  5.649922 -5.293882 -0.225234 3.184048 3.219046 0.210634
1520530387.352609  5.393329 -4.811681 -0.368018 1.678115 2.211289 0.193657
1520530387.452612  4.819638 -4.292388 -0.739692 1.762325 2.718691 0.200070
1520530387.552615  4.345430 -3.931608 -1.134828 2.011426 2.050363 0.167879
1520530387.652619  4.208598 -3.563376 -1.412696 26.122906 31.345565  0.152019
1520530387.702457  4.267063 -3.484084 -1.464533 39.986056 57.860739  0.137747
1520530387.802460  3.920723 -3.502448 -1.484108 1.918891 2.941323 0.136219
1520530387.852464  3.627098 -3.564470 -1.409653 1.325055 1.753849 0.131824
1520530387.952465  3.377884 -3.558222 -1.207851 5.318476 4.803364 0.132215
1520530388.002466  3.626929 -3.914372 -1.180021 30.640432 27.650373  0.130131
1520530388.102494  3.839861 -4.169108 -0.918296 9.803256 8.019327 0.145343
1520530388.202544  4.047762 -4.325920 -0.655931 4.516532 3.830429 0.159413
1520530388.252499  4.095943 -4.263964 -0.499718 7.220717 7.934111 0.164303
1520530388.352502  4.659461 -4.379090 -0.318242 52.877217 58.465716  0.179023
1520530388.402504  4.894779 -4.398605 -0.232867 31.100133 36.079138  0.194231
1520530388.502852  5.121378 -4.246895 -0.311271  9.739400 11.390477  0.195455
1520530388.602855  5.266988 -4.125504 -0.733604  9.633802 12.011119  0.205312
1520530388.752860  5.167355 -3.867302 -1.403446  8.278237 11.204738  0.214077
1520530388.852863  5.107317 -3.845104 -1.609330 212.828815 366.714958   0.209875
1520530389.002237  5.041640 -3.859374 -1.606820  86.503318 140.949413   0.220544
1520530389.152242  4.503360 -3.711531 -1.285270 21.569151 32.700561  0.236544
1520530389.252245  3.908335 -3.584541 -0.969421 11.282895 13.119315  0.239389
1520530389.352936  3.691628 -3.950786 -0.878944 8.451416 5.782696 0.262445
1520530389.452939  3.377112 -4.249909 -0.792301 21.723567 12.894065  0.256259
1520530389.502940  3.200724 -4.438945 -0.773148 152.830724  80.254673   0.254252
1520530389.602943  2.522792 -4.374327 -0.885149 173.960427  62.133454   0.258065
1520530389.702846  2.056616 -4.070496 -1.098733 60.856927 16.615272  0.258897
1520530389.803445  1.705936 -3.946581 -1.471316 145.557386  29.795938   0.265453
1520530389.903408  1.722766 -4.164149 -1.853716 20.360756  2.115678  0.266110
1520530390.003411  1.600667 -4.450405 -2.184883 24.527741  2.716005  0.257939
1520530390.103414  1.605611 -4.144073 -2.069074 5.068464 0.963405 0.223433
1520530390.152569  1.535539 -3.723150 -1.837589 25.914551  3.974834  0.210843
1520530390.252572  1.624225 -3.811661 -1.516524 4.710949 1.494433 0.223357
1520530390.302572  1.561024 -3.655703 -1.296859 4.798905 1.564131 0.214941
1520530390.402575  1.670557 -3.867111 -0.983050 4.095932 1.348995 0.216992
1520530390.502578  1.610762 -4.191466 -0.742843 2.149599 1.127744 0.211805
1520530390.603326  1.565716 -4.580065 -0.636421 1.560622 1.010290 0.253744
1520530390.703329  1.514640 -4.802759 -0.517662 1.700161 0.833247 0.250435
1520530390.753331  1.552668 -5.014577 -0.564887 1.651075 0.794041 0.263837
1520530390.853334  1.436095 -4.559164 -0.419177 2.076584 0.757665 0.243413
1520530390.903336  1.415328 -4.299270 -0.401517 5.493092 0.997960 0.172913
1520530391.003381  1.394094 -4.201329 -0.593639 6.452083 1.142067 0.199961
1520530391.053383  1.351446 -4.221868 -0.719240 5.104487 1.034256 0.182260
1520530391.153385  1.214276 -4.410263 -1.011476 128.469483  10.930115   0.184133
1520530391.203387  1.376753 -5.493671 -1.331749 59.690007  4.507745  0.215820
1520530391.303389  1.108658 -5.555042 -1.651594 48.553962  2.664689  0.223729
1520530391.352333  0.831712 -5.124083 -1.703412 10.436832  0.933989  0.207753
1520530391.452336  0.694858 -4.660622 -1.802011 7.804527 0.733732 0.186295
1520530391.502338  0.701906 -4.283328 -1.792059 8.357781 0.808112 0.179433
1520530391.602341  0.851839 -4.350740 -1.795997 7.486662 0.919028 0.176700
1520530391.702344  0.809321 -4.438272 -1.677576 4.001818 0.869325 0.187385
1520530391.802426  0.959087 -5.401170 -1.520762 2.993130 0.969773 0.226554
1520530391.902429  0.841833 -5.616266 -1.125981 3.088897 0.911015 0.225044
1520530392.002432  0.793502 -5.753371 -0.842620 3.416031 0.802948 0.202678
1520530392.102435  0.832194 -5.788688 -0.651393 8.539626 0.877521 0.202261
1520530392.152436  0.901852 -5.817289 -0.682822 10.174936  1.004969  0.212062
1520530392.253143  1.066488 -6.647430 -0.801831 287.400667   7.978823   0.268602
1520530392.303145  1.354074 -7.831948 -1.060455 109.308168   4.312619   0.304527
1520530392.403148  1.572737 -8.744039 -1.279598 126.968556   5.189502   0.346342
1520530392.453150  1.745360 -9.604276 -1.461716 23.552408  2.494174  0.374223
1520530392.553153   1.737320 -10.147002  -1.638036 50.911348  3.347025  0.453996
1520530392.652236   1.947253 -12.068530  -2.084930 61.671322  3.566953  0.542091
1520530393.002174   2.221754 -14.478849  -2.912619 1443.600050   36.576945    0.728590
1520530393.152157   2.276378 -15.326047  -2.935292 1392.671228   37.051180    0.898416
1520530393.252160   2.199797 -15.809368  -2.795804 961.300666  23.932532   0.940618
1520530393.302161   2.097947 -16.052140  -2.627256 260.755923   7.957459   0.962066
1520530393.402921   1.862051 -14.839081  -1.936561 456.658288   9.950684   1.045436
1520530393.502924   1.650052 -12.337410  -1.258229 61.127693  3.939954  0.826727
1520530393.602927   1.898803 -13.335282  -1.365964 12.052729  3.142835  0.721269
1520530393.652929   2.100770 -13.893674  -1.521051 8.648261 3.223773 0.746097
1520530393.752932   1.973056 -14.185347  -1.707982 15.534631  3.731149  0.794073
1520530393.852959   1.762876 -14.311392  -1.875906 43.870414  4.292637  0.844200
1520530393.952963   1.230326 -13.099039  -1.895656 91.089265  5.017248  0.898890
1520530394.102968   0.413175 -12.080314  -2.004798 15.296410  3.195399  0.721830
1520530394.152969   0.377986 -11.349485  -1.984795 28.451578  3.154231  0.596557
1520530394.252167   0.299327 -10.623780  -1.910008 17.862852  2.807441  0.569530
1520530394.302169   0.306389 -10.028474  -1.790719 32.066485  2.807226  0.509169
1520530394.402172  0.298334 -8.985705 -1.604769 30.790948  2.802488  0.503080
1520530394.452173  0.451619 -8.006055 -1.407586 21.676394  2.288394  0.400274
1520530394.552176  0.494123 -8.579172 -1.375662 1.285585 1.811807 0.411131
1520530394.652876  0.382081 -9.651967 -1.439376 2.786384 3.058724 0.538041
1520530394.752879   0.281233 -10.594066  -1.282210 8.579987 3.637558 0.678225
1520530394.852882   0.090269 -11.117678  -1.068741 6.698052 3.113488 0.751332
1520530394.902884   0.084431 -11.109599  -0.923169 5.855849 2.584834 0.759416
1520530395.002887   0.006946 -11.023128  -0.789671 3.735724 2.356324 0.680862
1520530395.053731   0.061371 -10.730685  -0.801560 20.733227  3.169032  0.685010
1520530395.153734   0.051944 -10.628083  -1.110620 39.501605  3.088719  0.674444
1520530395.203735   0.053458 -10.780632  -1.323926 39.635890  3.085131  0.714465
1520530395.303738  -0.062697 -11.450358  -1.705306 111.779253   4.086341   0.794381
1520530395.353740  -0.133628 -11.947645  -1.883081 675.701407   4.301379   0.875357
1520530395.452705  -0.143612 -11.581702  -1.924760 44.832091  3.316794  0.890243
1520530395.502707  -0.124136 -11.055866  -1.854098 128.146792   4.076451   0.838035
1520530395.602710  -0.403324 -10.246989  -1.720918 193.260040   3.063091   0.772157
1520530395.702713  -0.607768 -10.983558  -1.734053 110.279612   3.505867   0.881676
1520530395.752715  -0.800053 -10.990575  -1.705426 991.662969   7.330729   0.955644
1520530395.853078  -1.170942 -10.243008  -1.519890 45.545391  4.171168  0.975173
1520530395.903079 -1.278124 -9.751237 -1.431949 43.508695  4.048529  0.833991
1520530396.003083 -1.319265 -9.835453 -1.343567 32.853252  3.875927  0.868100
1520530396.053084  -1.371682 -10.585819  -1.396101 37.913758  3.983833  0.893811
1520530396.153087  -1.184561 -13.083049  -1.658984 28.633742  5.403442  1.254763
1520530396.203089  -1.118813 -14.250641  -1.797632 69.391001  6.598460  1.827601
1520530396.303237  -1.308410 -15.178303  -1.973166 169.220697   7.568097   2.275974
1520530396.353238  -1.306150 -14.278587  -1.769995 132.048866   7.520582   2.749467
1520530396.453241  -1.299278 -15.102722  -1.876567 25.223391  7.942132  2.809690
1520530396.553244  -1.389796 -15.743656  -1.899547 19.998403  6.537800  3.000571
1520530396.653248  -1.753828 -16.599311  -1.913807 14.573989  6.699017  3.499864
1520530396.753147  -2.322007 -17.526394  -1.995466 22.587129  7.953165  4.259372
1520530396.853150  -2.718202 -18.130807  -1.932461 25.064361  7.497847  4.243000
1520530396.953153  -3.036513 -18.194035  -1.848029 651.001995  29.183533   4.960036
1520530397.053156  -3.237948 -18.284704  -1.707776 670.807969  32.188819   4.834201
1520530397.152784  -3.775054 -19.357605  -2.041455 1378.002429   53.473783    4.604601
1520530397.252787  -4.170199 -19.981005  -2.509330 555.773404  28.704223   5.452900
1520530397.352790  -4.509973 -20.407410  -2.934491 470.396951  27.714495   6.078704
1520530397.452793  -4.318564 -19.117068  -3.024015 992.753020  58.787326   6.150998
1520530397.552306  -4.120077 -18.224005  -3.240198 2498.271922  129.636884    4.887730
1520530397.602308  -3.566293 -15.806685  -2.764294 59.506983  8.565254  3.668294
1520530397.702310  -3.044167 -13.703318  -2.223158 55.756654  7.634820  2.442881
1520530397.752312  -2.847834 -13.071826  -2.110626 29.629569  6.242963  1.672575
1520530397.852315  -2.561344 -12.167045  -1.852914 6.472588 4.325905 1.348995
1520530397.902585  -2.525731 -11.719197  -1.551537 31.306171  5.565327  1.271945
1520530398.002588  -2.467364 -10.865740  -1.158417 12.910696  3.231644  0.810086
1520530398.102591  -2.835620 -10.668802  -0.640124 2.512120 3.411398 0.749564
1520530398.152592  -3.044466 -10.749487  -0.424013 3.586049 3.585013 0.759232
1520530398.252596  -3.376246 -11.525019  -0.114940 2.564068 4.319631 0.869482
1520530398.303365  -3.543244 -12.068525   0.082880 4.174822 5.332178 1.197074
1520530398.403368  -3.976918 -12.778960   0.326282 4.598642 3.898748 1.267228
1520530398.453370  -3.983882 -12.811216   0.429724 3.424806 3.572140 1.238686
1520530398.553373  -4.027572 -12.415242   0.496605 9.930403 4.728284 1.219705
1520530398.603375  -4.014439 -12.305218   0.434893 52.815135  8.789836  1.272567
1520530398.703221  -3.943949 -12.143927   0.108239 51.258456  8.089608  1.242657
1520530398.753223  -4.162519 -12.529496  -0.329646 83.472539 12.064291  1.368737
1520530398.853226  -4.298201 -13.263381  -0.997585 90.305120 14.600610  1.545811
1520530398.903227  -4.297113 -13.942634  -1.386569 46.010824  7.518474  1.758938
1520530399.003230  -4.404108 -14.325013  -1.974661 55.146951  6.036647  2.254931
1520530399.053232  -5.249564 -16.756568  -2.737853 17.839703  3.705774  2.563017
1520530399.152330  -5.476505 -19.341508  -3.517809 121.091307  18.182321   3.837763
1520530399.202332  -5.411256 -20.298650  -3.717155 112.146347  18.393764   3.404478
1520530399.302335  -5.159003 -20.989384  -3.697823 82.089178 14.933070  3.081822
1520530399.352336  -5.138653 -21.315353  -3.699810 59.574897 11.404500  2.719416
1520530399.452339  -5.252667 -22.054950  -3.617909 117.724406  12.788535   4.947184
1520530399.502341  -5.158549 -22.010425  -3.104741 57.114637  8.538620  5.853326
1520530401.052300  -8.886327 -28.085062  -5.029953 20.008204 14.161460 10.226194
1520530401.152303  -9.337335 -29.723332  -5.300950 653.114214  67.981485  15.004234
1520530401.202755  -9.548992 -30.631265  -5.422444 96.646244 24.138340 15.126330
1520530401.302758  -9.445378 -30.949780  -4.860127 49.502269 21.878992 15.629761
1520530401.352759  -8.884998 -30.144994  -4.359827 61.147433 19.782595 14.059035
1520530401.452763  -9.342127 -31.420803  -5.030068 84.614551 15.790797 11.958843
1520530401.502764 -10.465832 -34.131055  -6.189745 148.572045  18.056269  13.461856
1520530401.603037 -10.644509 -35.340178  -6.987176 349.763612  38.794857  20.336167
1520530401.653039 -10.276440 -34.665201  -6.665652 905.331708  88.393844  22.921224
1520530401.753042 -10.540390 -34.525196  -6.797119 734.771346  70.481485  22.279690
1520530401.803044 -11.093780 -35.187208  -7.562202 1035.535865   96.397689   22.977376
1520530401.903047 -10.657142 -35.293621  -8.139519 4816.845308  481.338005   24.722093
1520530401.953048 -10.556570 -33.989328  -7.906214 2858.260526  247.744239   23.890263
1520530402.052283  -9.942989 -32.815094  -7.664654 1369.834335  122.619651   21.485947
1520530402.102285  -9.043693 -31.253852  -6.819278 2400.353116  229.052363   20.110530
1520530402.202287  -8.088738 -28.885766  -5.965063 557.855127  58.819832  16.777188
1520530402.252289  -7.389237 -26.682440  -4.253430 119.028543  22.142743  13.957742
1520530402.352292  -6.102956 -23.250145  -2.669414 44.226446 12.387477 11.409172
1520530402.402567  -5.741938 -21.593171  -2.711055 22.008900 11.022319  8.616569
1520530402.502571  -5.945696 -22.230907  -2.311468 5.528413 8.155322 5.401914
1520530402.552572  -5.984366 -22.914428  -2.369466 6.757579 8.499945 5.807152
1520530402.652672  -6.393716 -24.768627  -2.452590 11.419912 11.551667  7.737565
1520530402.752578  -7.274851 -27.369049  -2.784895 15.959556 21.426349 15.154833
1520530402.853417  -8.326078 -29.872539  -3.483939 350.681251  43.093590  20.946891
1520530402.953420  -8.613009 -30.715419  -3.628645 6288.308701  515.187944   27.234216
1520530403.053424  -8.300193 -30.418471  -3.676253 3316.505948  270.944368   28.031761
1520530403.153427  -7.694917 -29.367060  -3.551816 1664.581687  157.199012   26.414646
1520530403.302936  -6.823875 -28.282242  -3.580425 1032.615974   85.267529   24.022520
1520530403.452941  -6.325041 -28.072343  -3.939711 600.998272  47.035621  21.832496
1520530403.552945  -6.895487 -28.162496  -3.803967 1186.266067   95.419879   30.088552
1520530403.602946  -7.061181 -29.988441  -3.772812 22.859281 39.405436 32.204577
1520530403.702256  -7.566682 -30.449090  -4.089268 104.484740  42.615893  33.808234
1520530403.752257  -7.629765 -30.711951  -4.294844 162.650105  46.221314  34.126251
1520530407.553191  -7.447404 -31.559024  -3.022300 492.450817 185.986484  60.404294
1520530407.903516  -8.108563 -33.289671  -2.949536 -58659.645862     53.859404    112.726961
1520530407.953518  -7.019135 -34.128028  -2.932170 1170.542760  235.834341   44.541773
1520530408.053521  -7.636573 -35.363789  -3.234934 111.011458 141.805159  25.246908
1520530408.103522  -7.353486 -37.012487  -3.710128  66.760835 135.380229  23.422676
1520530408.203605  -7.206804 -37.889908  -3.914518 55.839497 71.155628 17.954855
1520530408.253606  -6.897309 -38.583473  -4.135722 48.598906 61.032066 16.151630
1520530408.353609  -6.795921 -39.247963  -4.181418 40.203279 57.794075 16.915919
1520530408.403612  -6.733304 -39.468137  -4.101350 111.606024  83.301947  18.956610
1520530408.503614  -6.694297 -40.046833  -4.105038 10281.939254   399.519631    29.397014
1520530408.553374  -7.222881 -40.090923  -4.070455 7371.497772  314.811341   31.398030
1520530408.653377  -7.267738 -40.904139  -4.222493 22895.399233   683.167725    29.438163
1520530408.753380  -8.305460 -43.466808  -4.131362 22942.229902   893.225633    45.833898
1520530408.853383  -8.859274 -46.558183  -5.301742 12659.756471   602.212822    48.938802
1520530408.952878  -9.598741 -48.968093  -5.818864 14033.424393   614.134962    67.966351
1520530409.052890 -10.092917 -53.580304  -8.384049 160950.295146   6177.847110     71.412438
1520530409.152884  -9.117583 -54.135706  -7.048591 489.128135 222.185883 123.721940
1520530409.202886 -10.503343 -60.634297  -8.112983 526.133827 271.615152 131.545028
1520530409.302889 -10.904869 -61.808994  -9.116118 1096.770578  352.330662  172.904683
1520530409.352902 -13.359362 -55.873472 -14.934815 320.639425 109.677391  59.202475
1520530409.452906 -10.368382 -55.752251 -15.991128 505.292732 116.308360  70.782139
1520530409.502907 -10.545602 -55.195419 -14.972194 499.945721  93.163797  55.721474
1520530409.602910 -11.780554 -54.618761 -13.713554 394.994880  66.645795  32.520897
1520530409.652912 -11.609914 -54.791181 -13.545447 309.640533  38.011444  29.054380
1520530409.752654 -11.189857 -53.903191 -12.469279 461.014652  68.659914  49.918614
1520530409.802656 -10.871094 -53.489879 -11.769173 2275.910498  120.283574   87.248073
1520530409.902659 -10.919884 -52.254003 -10.870381 3021.287474  136.587988   77.773687
1520530409.952660 -11.555683 -51.567803 -10.314864 22256.014559  1027.381872    69.650893
1520530410.052664 -11.901400 -51.280629  -9.708928 54485.631468  2742.577955    72.388410
1520530410.102666 -12.378774 -50.363469  -8.787025 4492.676789  287.862509   61.983168
1520530410.203224 -13.872367 -51.983644  -7.579656 638.035464 141.130778  69.821908
1520530410.253226 -13.625135 -53.573511  -8.434659 694.885388 105.267237  62.539256
1520530410.353231 -13.653853 -54.875851  -8.912108 815.567410  94.370758  51.290347
1520530410.403230 -13.781279 -56.689112 -10.218681 667.366344  70.275611  45.336508
1520530411.253426 -14.782482 -60.360954 -11.374316 1745.920265  105.604302  128.477675
1520530411.303427 -13.394176 -57.797638  -9.170896 1613.108957  178.453612   72.565309
1520530411.403009 -13.549632 -57.486438  -9.437666 1190.243392  148.715568   66.776602
1520530411.453010 -13.465927 -56.700565  -9.644830 1530.020732  153.310074   63.014626
1520530411.553013 -13.411236 -56.597396  -9.965934 1551.051570  146.711248   60.303797
1520530411.603015 -12.997276 -55.718713  -9.802201 1495.694693  146.522493   56.533873
1520530411.703018 -12.985455 -55.131707  -9.712016 3474.584825  275.893070   59.575504
1520530411.753020 -12.677241 -54.494494  -9.321095 10687.434149   693.310307    61.095769
1520530411.852907 -12.324897 -53.205598  -9.284276 22378.049117  1290.088470    53.590303
1520530411.902909 -12.175403 -51.443767  -8.043746 17908.603143  1046.993864    51.930442
1520530412.002912 -11.739066 -49.266625  -6.744615 29503.053867  1609.340919    45.578460
1520530412.052913 -11.953410 -47.054679  -5.620550 913.889037 126.612919  38.283831
1520530412.152916 -10.337661 -43.485108  -4.369504 1057.083405  112.322319   27.817699
1520530412.203416  -9.893688 -42.370930  -3.961377 2443.087421  170.696356   23.706814
1520530412.553426  -9.968411 -46.279620  -3.692843 1262.749430  102.630335   27.555318
1520530412.653630 -12.157772 -51.259805  -4.435580 3023.775262  268.675392   38.009731
1520530412.703631 -13.033403 -53.915491  -5.557667 1969.634760  201.239965   51.300129
1520530412.803634 -13.284028 -56.251436  -6.716141 1712.250674  180.101244   59.008957
1520530412.903637 -13.461439 -58.732833  -8.854847 1609.741143  185.333048   68.347390
1520530412.953639 -13.430462 -58.421955  -9.262769 1936.909517  185.784756   69.893984
1520530413.053009 -13.010471 -58.008145 -10.324216 686.894341 129.882754  70.980763
1520530413.103011 -12.859340 -57.957707 -10.336790 539.267346 107.451223  65.975921
1520530413.203014 -12.777544 -57.961561 -10.139808 471.289048 119.585419  70.063573
1520530413.253016 -12.637175 -57.196026  -9.720648 1959.569926  210.032654   82.206975
1520530413.353019 -11.862317 -57.038897 -10.355514 810.151546 137.480870  93.665529
1520530413.403021 -11.087337 -55.246598 -10.130943 3287.321231  213.567743   98.343202
1520530413.502941  -9.896406 -53.233782  -8.228608 3433.614725  234.292729  111.108406
1520530413.552943 -11.718880 -57.376008  -7.098251 669.994696 144.041587  79.453067
1520530413.652946 -13.903852 -63.809283  -4.834287 1999.636732  307.600268  207.061504
1520530413.702947 -16.039537 -69.069227  -4.433647 16181.753044   826.854441   403.278924
1520530413.802951 -16.668875 -72.511195  -5.180818 88340.520348  4094.998873   522.193053
1520530413.853107 -17.799729 -75.385347  -7.101904 4015.231134  616.168279  428.693732
1520530413.953110 -17.880328 -75.049892  -8.319220 12537.114427   962.098603   470.265314
1520530414.003112 -17.880880 -74.879165  -9.219291 148068.812909   7232.236274    515.882357
1520530414.103115 -18.870953 -75.455920  -7.555340 3632.420313  604.306001  640.517539
1520530414.153116 -19.559020 -77.550057  -7.762211 17246.587178  1665.709487   533.315133
1520530415.353203 -20.989441 -83.441195 -10.321880 19831.168933  1670.723154   885.083661
1520530415.453206 -21.950623 -85.592091 -10.518820 53641.490589  4891.123111   810.083495
1520530415.553069 -22.746055 -87.403473 -11.215799 26519.647644  2912.523390   676.681008
1520530415.653072 -22.681117 -89.353000 -11.559269 1480184.487131  102720.475870    1188.009811
1520530415.803077 -23.155367 -91.192946 -11.483867 -13646.965020   1332.691104   1569.324401
1520530415.903361 -24.970775 -93.230687 -13.152606 225243.075432  16061.929986   1945.772941
1520530416.003364 -23.970825 -94.133725 -13.888187 -215014.270396   -4185.505331    -575.029512
1520530416.103368 -23.136624 -95.930557 -12.683759 18449.985189  2361.455665  1465.533547
1520530416.453380 -24.445905 -99.215430 -13.378203 52096.707891  4614.056255  1745.463151
1520530416.603384  -26.291753 -101.132938  -14.444711 91729.999835  5634.305349  2053.419998
1520530416.703272  -27.748926 -105.315730  -14.909731 168668.922433  11000.281863   1909.859319
1520530416.803277  -28.493340 -108.736351  -15.143213 56566.018255  5566.776831  2171.275277
1520530416.903278  -31.452449 -110.463515  -14.887226 18766.963968  2880.901877  2095.235104
1520530417.003283  -32.246731 -112.423181  -14.970341 67836.091898  6777.354364  2440.237668
1520530417.053283  -33.122278 -114.752119  -16.109975 5442.050857 1722.712705 2053.572609
1520530417.153371  -33.254655 -116.254031  -16.553551 1085.652967  462.883348 1131.587110
1520530417.253374  -32.789872 -116.293078  -16.835521 1936.495417 1272.564455 1778.774224
1520530417.353378  -32.395279 -117.910909  -16.934532 2740.382960 1527.806373 1233.474587
1520530417.453381  -32.760568 -115.848646  -18.212573 5847.640988 2009.315688 2270.277696
1520530417.753470  -33.056830 -115.490938  -18.586530 100644.909013  11641.288715   3233.886008
1520530418.003458  -31.609877 -115.470879  -18.618546 368620.989002  37289.452528   3773.072127
1520530418.103461  -30.235541 -116.654298  -19.344118 1879721.221319  147279.336732    3752.530163
1520530418.203465  -29.190730 -117.872580  -19.961027 292281.352316  24124.870375   3203.110296
1520530418.353431  -30.266895 -118.914286  -20.446012 532423.458578  40713.758574   3343.210052
1520530418.503435  -32.382303 -120.026388  -21.073942 446763.811960  37114.875649   2895.664949
1520530418.603439  -33.058678 -120.571501  -20.831268 731597.363069  65372.625959   2752.723603
1520530418.803345  -33.788708 -122.042343  -21.434736 196733.421810  14529.127896   3162.554247
1520530418.953350  -34.667116 -122.964484  -21.107087 216579.442380  19464.101467   3104.200968
1520530419.053353  -36.981003 -123.461221  -23.866744 42562.358484  7098.273910 12313.730551
1520530419.103354  -38.051480 -124.320098  -23.254161 26678.814897  5590.232206 10336.547651
1520530419.203534  -38.396759 -125.233111  -23.228767 11172.789151  4026.224225  8696.605805
1520530419.303537  -40.457608 -124.465646  -23.422780 14002.702309  4678.774086  8591.024401
1520530419.403541  -42.095328 -123.624301  -23.730249 3754.075525 2538.742894 4737.907661
1520530419.503544  -41.730878 -123.967288  -23.921882 3532.360875 2605.371666 5155.575427
1520530419.703733  -42.113496 -122.166890  -24.909085 6335.250656 4122.237028 8779.320067
1520530419.803736  -41.680324 -117.965755  -25.357886  9124.413590  2785.018589 11236.791437
1520530419.903739  -40.792769 -116.326003  -22.744070 10725.248819  4524.436871 10882.920898
1520530420.003597  -40.414658 -115.422465  -21.808132 13158.606672  5744.456857  8347.094224
1520530420.103600  -39.960435 -114.972798  -19.597280 520353.646266  75935.982706  26798.451955
1520530420.153602  -39.714243 -113.724754  -16.957427 633254.580850  82231.667454  21424.220030
1520530420.253605  -37.600665 -113.434463  -15.854356 79807.912497 26548.131958 29516.748900
1520530420.303607  -38.807429 -111.303536  -11.724029 123888.503959  16405.335191   7833.605136
1520530420.403699  -38.358887 -111.712758  -11.121568 193313.986071  32764.050807  24999.086008
1520530420.503702  -37.102193 -109.414830   -8.962053 44061.632439  6988.487290  6520.301661
1520530420.603705  -32.598616 -108.864371   -6.787040 15938.573307  9837.686272 11239.012537
1520530420.803356  -33.986065 -108.115782   -7.052238  5008.102026  8853.980138 10911.790104
1520530421.003363  -35.537063 -107.877828   -7.808807  8641.241269 13262.348869 14481.597019
1520530421.103366  -35.644415 -106.831986   -4.393035 29434.778062 26445.733496 26448.745015
1520530421.203429  -36.340549 -105.392843   -2.401555  7603.699161 17672.569410 16784.408202
1520530421.303432  -38.116639 -104.333450    0.103991 12569.560419 20936.122400 16682.904972
1520530421.353434  -38.460135 -101.189989    1.310599  741.282810 1936.307091  574.565961
1520530421.453437  -40.475585 -100.058675    1.851711 1375.347168 1830.150926  365.254311
1520530421.553440 -41.466997 -99.778834   1.740660 1595.750548 5180.755027 2550.335478
1520530421.653613 -41.894456 -99.138452   2.043509 1795.427634 5622.585470 2669.962670
1520530421.753616 -42.035083 -98.358169   3.341701 4764.926880 7856.044716 4257.937794
1520530421.853618 -43.967669 -98.528962   2.606104 3519.390438 5589.624583 2937.732816
1520530422.003623 -45.451739 -98.529882   1.964857 4183.094885 5251.319350 1915.949605
1520530422.153476 -46.705388 -98.673700   1.246780 22057.235345 19546.739165 11239.288969
1520530422.303480 -47.418807 -97.064545   4.075409 73554.011555 32467.709204 13569.742189
1520530422.403483 -47.280930 -96.799152   6.379077 149625.751861  69556.204919  16427.922895
1520530422.453395 -44.614538 -92.975034   9.882786 66770.376893 41714.223077 16881.238037
1520530422.553398 -41.548219 -92.276474  10.406903 62271.945486 19169.328528  8996.181539
1520530422.653400 -41.850005 -91.695480  10.152185 25733.087958 11884.646975  4154.523456
1520530422.703403 -41.569838 -91.325960  10.669272 56681.818963 23022.084569  3824.325791
1520530422.803406 -42.596024 -91.174945  10.369804 80656.547646 38170.269964  6750.275747
1520530422.903583 -43.259717 -90.111075  10.839323 41108.615062 23802.318371  6213.014160
1520530423.003587 -43.877812 -87.845272  10.943241 13329.569080 12102.919800  2835.015505
1520530423.053588 -44.059406 -87.528594  11.099998 25715.113104 20605.553557  5879.689771
1520530423.153591 -43.141204 -83.841982  13.567096 26844.279774 14399.176325  2885.565144
1520530423.253316 -41.230753 -80.577865  13.907935 16997.212511 17184.869677  4373.000906
1520530423.353319 -39.256530 -72.942147  15.856885 2373.076144 7175.515984 2533.557023
1520530423.503324 -45.312517 -69.780054  14.616950 2343.612042 6572.811177 1060.685769
1520530423.702985 -46.187354 -67.683437  13.119553 1382.629579 3936.589872 1212.865162
1520530423.752986 -46.023947 -68.133168  11.790708 4700.320814 5671.814906 1251.178564
1520530424.453264 -52.759839 -68.890936  12.002879  7248.958279 17054.462875  2778.094253
1520530424.654727 -53.626023 -70.739243  10.632112  4274.639930 11578.282355   867.992881
1520530425.253385 -56.149779 -74.335241   6.285574 54919.627681 64721.230909 16284.030921
1520530425.353734 -55.090094 -74.650583   6.276643 85137.563807 38032.568243 19805.110415
1520530425.453737 -54.304873 -75.678984   5.773182 39895.710197 39139.349218 19884.200886
1520530425.553740 -56.205596 -75.178609   6.305326 15599.954317 11115.907409  3441.059027
1520530425.603741 -56.739440 -76.420419   5.973223 6387.766535 9364.932588 1975.959539
1520530425.703675 -57.915275 -76.873570   6.145872  4670.244291 13132.179652   667.387947
1520530425.753677 -58.675688 -77.098531   6.454533 4385.555419 8568.185737  422.627911
1520530425.853680 -59.889595 -77.183701   5.803507 24924.470537 19735.992948  4176.841384
1520530425.953683 -60.425841 -77.355192   5.410042  6104.223185 13799.076600  1659.031737
1520530426.053686 -61.957620 -77.163537   5.953339 12369.786211 14489.351504  4132.185942
1520530426.103474 -62.772159 -77.623030   5.905123  8265.520344 10036.465605  3466.487958
1520530426.203477 -63.226967 -77.651177   5.214392 17055.880946 12556.140142  4144.942463
1520530426.253478 -63.595346 -76.859398   5.532824 10034.360353 17323.674909  4764.189552
1520530426.353481 -63.573936 -77.162262   6.214378 17050.143090 25686.555213  8379.769335
1520530426.403483 -64.454888 -77.080695   6.021072 14846.993865 15687.135234  2765.306563
1520530426.503486 -64.519754 -78.421082   6.243296 10602.960369 13900.972201  1807.270164
1520530426.553551 -65.303754 -78.925557   6.123968 15795.994456 12542.325562  7891.478959
1520530426.653554 -66.692493 -79.850446   5.639321 18037.126563 12489.389821  4101.546279
1520530426.703556 -67.238713 -80.253106   5.644414 188094.752534 123222.772637  52316.186819
1520530426.803559 -67.306800 -82.051944   5.792568 103133.412907 106155.264879  59327.596030
1520530426.853560 -68.712157 -82.895684   5.238182 417710.554596 248239.327347  90370.487141
1520530426.953598 -69.987478 -83.925358   5.215080  23976.531089  33262.448983 103607.484467
1520530427.003600 -69.375745 -86.964117   5.153693 26487.838242 32385.317116 61230.473898
1520530427.103603 -70.826822 -86.620129   6.319826 21454.723084 29062.290270 11271.645929
1520530427.153605 -72.521520 -86.931739   6.612214 12055.980843 16816.466687  1725.113912
1520530427.253608 -73.658341 -86.428817   7.138043 10676.537151 15616.592562   740.927296
1520530427.353592 -75.325303 -85.023132   8.069596  9023.654795 12102.485981  1143.250839
1520530427.453595 -76.156395 -84.241415   7.317171  9143.685108 13954.139751  1609.953868
1520530427.553598 -76.676072 -84.247098   7.506286  9964.373163 12544.430837  2041.581619
1520530427.653601 -77.385691 -83.719943   7.289834 10907.461707 16466.064931  3166.121406
1520530427.753678 -78.554282 -83.573683   6.453445 13031.430933 18604.120296  3533.738241
1520530427.853681 -79.799703 -82.933924   6.164247 18627.906339 25183.676349 15512.994126
1520530427.903683 -79.078798 -81.908102   4.944355 15288.441027 15563.423334 13045.778666
1520530428.003686 -79.623268 -80.159867   4.654161 17608.597317 44019.576531 24433.842092
1520530428.053687 -78.638098 -79.046376   4.956148 15722.434394 34760.948507 27077.565842
1520530428.153535 -77.691546 -75.338958   3.113099 13611.911503 38054.343273 37339.108300
1520530428.203537 -76.953651 -74.420147   2.445504  9569.747487 28909.745986 23185.694677
1520530428.503546 -78.939815 -77.072387   1.740543 16704.506029 31602.356983 38643.192403
1520530428.603452 -80.825064 -78.002149   0.296567 24255.105903 12130.881751 15528.357692
1520530428.653454 -81.652854 -78.552974  -0.795663 24969.499627  8847.349788 11402.930269
1520530428.753457 -83.306163 -79.120942  -1.920313 32391.328195 15739.262863 13775.231567
1520530428.803458 -83.654719 -79.662505  -2.045412 13400.773375 11802.391899  4536.386709
1520530428.903461 -84.496057 -80.560750  -2.789590 11927.201238 10603.248050  5241.441811
1520530429.003444 -85.424436 -81.067637  -3.938712 16821.568141 15700.724895 23198.429618
1520530429.053445 -84.451323 -81.766850  -4.309703 19778.260378 19710.857398 24916.640873
1520530429.153448 -84.085846 -82.124247  -6.267967 17637.734727 11545.367375 19824.325365
1520530429.253451 -85.609474 -80.871942  -5.524707 8548.099487 8091.051589 3257.941240
1520530429.303453 -85.342347 -79.495072  -5.843150 9063.946716 6710.934379 7261.970833
1520530429.403551 -85.946585 -78.203413  -6.305278 10145.372221  7604.379108  9244.925622
1520530429.453553 -85.811598 -76.973092  -6.184911 11924.372281 14506.195230 38248.426021
1520530429.553556 -87.020647 -73.439736  -8.142477  9032.742119 16020.620162 14546.565542
1520530429.653559 -86.912025 -73.438778  -7.426547 12469.280892  9304.070992  2547.909943
1520530429.703560 -88.072057 -72.335876  -6.843912 7918.687660 7199.401270 2049.375672
1520530429.803622 -88.119504 -71.073323  -9.311468 1919.897121 3741.990113 3236.655446
1520530429.853626 -88.490551 -71.697110 -13.698621 1013.403703  989.536620 1354.904889
1520530429.953626 -89.159911 -70.767798 -15.371593 1122.052609 1219.983546 1349.515704
1520530430.003663 -90.395449 -70.666036 -14.325884  812.792904 1490.936540 1308.995892
1520530430.103631 -91.415398 -69.814293 -14.327599 2175.187955 4320.651088 2537.942975
1520530430.153632 -92.636076 -69.105047 -13.082151 3532.224486 3884.397325 1692.513806
1520530430.253346 -93.485820 -68.872095 -12.666640 5513.100608 4678.466331 2267.953680
1520530430.303347 -94.014427 -68.641141 -12.402616 12849.190943 12716.139203 14142.389145
1520530430.403350 -94.421899 -69.229238 -11.783696 11171.366452  7804.331453 11329.290169
1520530430.453352 -95.197385 -68.955019 -11.470604 12343.602479 17396.292229 20474.001854
1520530430.553355 -96.327236 -68.462546 -11.026284 18283.980075 28279.695534 22943.215707
1520530430.603527 -96.284703 -70.136405 -11.433715 31025.134202 56701.437802 46129.583785
1520530430.703530 -97.885994 -70.240707 -12.129938 21129.693604 22771.419242 27552.128230
1520530430.753532 -99.121035 -70.469197 -11.087216 31224.539945 46579.368360 30002.115640
1520530430.853534 -99.949139 -70.176244 -10.346239 25819.132862 55985.427362 23165.398220
1520530430.903536 -99.708595 -70.772879 -10.798119  8123.485574 10069.173185  5867.981698
1520530431.003696 -99.933828 -71.454042 -10.059557 6378.623985 8911.494318 6467.735343
1520530431.103700 -100.249706  -72.497475   -9.385724 5707.067266 7075.067646 4507.368843
1520530431.203703 -101.625108  -73.525229  -10.715787  72463.483097 150741.716107  80800.652413
1520530431.253704 -102.528540  -73.910821   -9.877812 18738.928350 29928.379770 51581.633110
1520530431.353708 -103.057855  -75.188112  -11.721056 8113.422150 6771.160097 5459.669718
1520530431.403709 -104.519704  -76.070729  -14.524741 6352.956995 6370.413704 2564.378648
1520530431.503564 -106.968683  -75.671242  -16.306259 6317.263184 3528.645976 1223.840302
1520530431.553565 -108.624845  -75.390599  -17.717687 6800.526353 4573.763521 6250.487276
1520530431.653568 -110.478631  -75.775860  -19.124487 5850.849582 3875.754581 6707.135407
1520530431.703570 -110.063225  -76.657110  -19.064879 4625.209617 2630.711774 2172.688354
1520530431.803573 -111.126655  -76.750986  -20.324603 5638.857621 3666.722281 3526.898431
1520530431.853524 -111.666277  -76.893172  -21.639195 5752.925785 4578.680110 8282.310721
1520530431.953527 -112.895594  -76.844181  -22.821513 6162.520159 3445.383491 3036.513766
1520530432.003529 -112.627465  -77.231872  -23.100037  5879.878727  4344.916308 10228.232721
1520530432.103532 -112.629084  -77.651126  -23.885339 6444.070624 4045.304749 9158.635795
1520530432.153533 -113.180934  -75.045536  -24.388658  6776.319021  5004.377820 17873.772580
1520530432.253696 -111.624467  -76.942289  -24.588259  5105.187728  4303.243498 12540.335192
1520530432.303698 -112.332614  -76.576621  -26.905644 4018.947898 2547.126476 4455.845471
1520530432.403701 -112.829147  -76.811605  -31.003653 4020.756849 2623.996895 1332.376434
1520530432.453702 -115.555104  -76.279104  -31.544301 1711.974168 2156.255567 1046.733616
1520530432.553705 -116.102570  -76.918889  -30.461149 2337.103450 2019.910682 2819.826383
1520530432.603708 -115.876729  -77.311866  -31.008895 3882.899691 3124.645595 3428.758107
1520530432.703550 -116.484613  -77.086216  -28.542112 7910.748059 8881.456363 9577.281902
1520530432.753551 -115.706230  -78.062562  -28.058970 6656.787933 4929.995818 7402.197458
1520530432.853554 -116.568193  -77.730953  -26.869742 20649.426341 46762.629507 47945.808103
1520530432.903556 -117.330246  -76.376706  -26.166555  9809.814959 11408.257038 14387.402683
1520530433.003559 -117.389554  -76.041459  -25.955987 14620.535897 22102.634201 39451.817650
1520530433.053690 -116.919378  -76.079423  -26.075920 10823.590809 19028.501106 69806.067368
1520530433.153693 -116.469408  -75.738131  -26.845060 43356.149024 70510.787883 94414.347341
1520530433.203694 -115.583710  -76.968487  -28.881743 17756.894569  8011.027022 18132.510411
1520530433.303697 -113.915838  -78.804389  -30.432371 10160.516287  2395.105987   965.106517
1520530433.353699 -111.502992  -76.390618  -32.558351 6616.337115 1965.877801  891.440296
1520530433.453702 -111.580577  -76.920650  -32.866722 6123.813622 2051.182495 1089.608161
1520530433.503793 -112.221758  -76.335599  -32.979319 5843.803958 4429.055145 3456.663701
1520530433.603796 -113.073778  -77.127639  -33.155115 6429.589593 6995.381105 6790.431234
1520530433.703799 -113.603609  -78.199809  -33.560054 5258.059817 5618.054034 6780.104745
1520530433.803803 -114.562643  -78.489227  -31.716118  5370.471008  8265.992579 13458.514716
1520530433.903631 -115.549010  -78.952634  -30.299664  5113.200780  6238.375082 13482.945720
1520530434.003634 -116.656751  -79.527541  -30.647117  6717.678878 13419.590215 39325.909938
1520530434.103637 -117.117452  -79.330643  -29.300578  4968.755344 10009.467142 18564.157042
1520530434.153638 -117.694745  -79.237883  -28.869156 11189.424506 26346.141880 66376.387387
1520530434.253642 -118.686622  -80.039280  -25.484161 31584.723318 78453.010952 70923.320217
1520530434.303478 -119.110485  -79.845507  -24.990921 13163.028097 15591.296274 36497.818600
1520530434.403481 -119.289585  -81.054305  -25.705404 5655.061383 2374.381535  724.988533
1520530434.453483 -119.762421  -83.058213  -25.610011 6002.713784 2622.209216 1322.503218
1520530434.553486 -121.205072  -83.214639  -26.181346  5409.424588  2362.973419 10261.208962
1520530434.603488 -121.251420  -83.678758  -27.018164 5515.370208 3516.435379 7959.280100
1520530434.703655 -122.582341  -83.242325  -26.625863  8424.068851  5666.599456 21927.525508
1520530434.753658 -122.962812  -82.611136  -26.837420 10153.710123 10729.658515 25889.793033
1520530434.853723 -124.207052  -81.928326  -25.999545 28976.424034 61997.496035 81110.264737
1520530434.903661 -124.260789  -80.479009  -24.873580 25688.254233 42272.248931 79819.072512
1520530435.003664 -125.766474  -78.227664  -24.414739 8525.424073 8231.504687 7825.048642
1520530435.103796 -130.494148  -72.854191  -26.797346 8649.585705 3014.584499  966.292886
1520530435.153798 -132.819096  -68.607768  -30.001862 7368.397451 2580.262812 1208.533406
1520530435.253801 -133.683666  -66.689552  -32.375444 6802.477984 2467.284017 1286.501709
1520530435.303802 -133.864672  -65.599954  -33.776572 6395.583304 3000.771778 1116.473564
1520530435.403806 -133.669099  -65.551705  -35.550899 7021.770585 4184.974843 2267.894050
1520530435.453807 -133.176185  -65.703164  -35.949774 10741.637297  9317.906017 20911.189135
1520530435.554088 -134.484727  -64.865948  -36.016533 13125.814124  5358.849682  8134.769940
1520530435.604089 -135.645206  -65.101973  -35.305500 11927.812653  3567.629047  4688.361051
1520530435.704092 -136.017036  -65.386386  -35.348197 15927.137000  7386.664941  9193.107751
1520530435.754094 -135.158942  -67.392120  -35.106848 11263.699167  3770.478276 12114.865021
1520530435.854097 -135.230485  -69.117214  -34.612744  23559.897196  72636.338140 157238.381777
1520530435.904099 -136.823946  -67.735842  -34.275113 10705.975155  6012.343916  8140.344131
1520530436.003837 -137.802984  -68.684196  -33.508398 14589.475414 19209.741595 15255.404871
1520530436.053838 -138.601408  -69.187184  -33.890012 15508.986387 22078.083474 13333.330172
1520530436.153841 -139.605004  -69.100339  -33.681320  37352.645634 202243.147506  72851.464832
1520530436.203843 -139.553264  -67.957931  -32.176072 20425.726377 46331.499805 55580.096922
1520530436.303846 -139.888298  -66.173655  -30.750356 9438.829777 6050.529060 3492.190161
1520530436.403957 -140.506948  -67.899127  -31.237533 8241.582011 3994.834214 3983.064999
1520530436.503960 -140.954268  -68.353857  -31.951912 8852.974720 6720.401235 7230.572408
1520530436.603963 -141.831683  -68.370366  -31.895092 15649.227596 27257.947418 12095.287281
1520530436.703966 -142.457999  -70.116514  -34.397378 25659.037383 57417.339201 32260.702192
1520530436.754031 -139.441134  -73.794412  -39.203283 12070.316772  5511.237706  2063.505728
1520530436.854034 -141.184821  -73.706974  -40.588047 13188.235490  3953.053467  1873.521875
1520530436.954037 -145.028136  -71.629695  -40.336162 10382.266789  3827.182741  1155.153942
1520530437.054040 -145.688956  -70.616418  -42.310857 10563.511826  5952.052554  3234.169966
1520530437.153533 -146.253641  -71.106982  -43.770520 26998.842942 60310.643285 22708.919305
1520530437.203536 -146.794770  -72.065514  -45.448953  43177.094693 112444.689535  27309.650917
1520530437.303539 -148.068075  -70.574858  -47.551664  7285.852059 32117.560780 28567.265955
1520530437.353539 -140.589916  -78.421203  -39.397723   5842.678664  36368.128659 127845.245681
1520530437.453545 -140.580040  -77.930450  -38.898757  -720.221903  2699.666726 23187.092722
1520530437.503545 -139.498839  -79.162453  -39.319408  59973.572564 148190.603675  27290.488164
1520530437.603872 -140.256612  -77.961121  -38.645755  -88609.135268 -237985.026996   65846.266391
1520530437.653873 -140.857547  -76.998754  -38.968249 19238.826097 43286.122187 14025.154970
1520530437.753876 -141.391228  -75.109080  -36.999296 22223.170135 24743.263933 14620.859380
1520530437.803878 -140.891206  -74.462409  -37.233247 15641.207334  7763.622600 13050.237090
1520530437.903881 -141.108247  -73.753862  -38.372104 21145.256634 20714.159412 14470.800199
1520530437.954482 -141.409041  -73.078606  -39.679098 24890.138206 39540.828197 65655.263456
1520530438.054484 -141.848290  -72.318895  -40.091230 21977.263317 28035.915112 70330.194142
1520530438.104484 -140.945756  -71.461534  -40.207568  55408.343139 106610.977997 169479.944373
1520530438.354492 -141.511097  -71.697220  -40.916826 19200.859604 16000.650190 16936.910141
1520530438.403621 -142.623810  -70.881610  -41.848666  -67410.408610 -203035.225254     359.310179
1520530438.503624 -143.057387  -70.615262  -41.378956 1270815.108125 1475997.310552  567047.392662
1520530438.553626 -141.274763  -73.951277  -43.010329   7405.793523  51595.223611 209813.457148
1520530438.653629 -145.469610  -70.277089  -42.096903 163226.327897  68300.007719 178567.719157
1520530438.753632 -148.847073  -68.531181  -40.832099 589647.480234  49275.721317 170004.133082
1520530438.804389 -153.059233  -63.535384  -42.327048 134042.860705  23290.408761  15770.614859
1520530438.904392 -151.501447  -65.212460  -40.699466 51178.841390 12744.240012  3843.445190
1520530439.004395 -151.932536  -65.951569  -41.028742 41557.698095 11126.163660  7157.584993
1520530439.104398 -152.600143  -67.502643  -40.793890 57305.335547 21205.262722  7282.618532
1520530439.254655 -151.711642  -68.583263  -40.533720 56097.586891 31047.187892 38010.989586
1520530439.404660 -151.230600  -68.349163  -41.441582 49596.448120 38852.757746 58888.523046
1520530439.604177 -149.693555  -71.747181  -40.930963 353265.779572  58759.586398  57261.516228
1520530439.704263 -150.708898  -70.105769  -42.185395 -33816.913130  37339.109317  17759.776441
1520530439.854185 -98.266208 -77.918999 -49.741518 83494.310629 25452.061870 10672.918294
1520530439.954188 -99.826679 -77.467224 -46.405201 19820.807471  4369.968987  4171.786984
1520530440.054101 -101.549654  -76.987249  -45.822712 23931.278110  6255.735321  4565.334485
1520530440.154104 -102.726314  -78.374116  -45.343867 62017.616641 17727.053973 13344.997750
1520530440.254107 -100.565530  -84.211386  -47.270440 7055.638297 7061.305363 4387.890107
1520530440.404112 -98.870175 -84.776016 -47.429693  3143.174195 12232.947550 13213.291406
1520530440.503979 -91.010617 -88.810237 -43.864587 9506.492447 9924.121197 7130.907587
1520530440.603982 -93.153632 -88.953507 -41.898533 21733.271165  9491.731314  4688.804616
1520530440.703986 -97.695159 -90.409227 -42.277018 27028.762235 11113.387148  5710.416222
1520530440.853871 -99.536752 -93.446736 -42.815977 22051.378146 14543.880232  9005.747489
1520530441.003875 -99.329236 -96.387650 -43.811260 41462.233223 27863.453555 15698.577802
1520530441.103878 -100.739639 -101.111134  -35.910915 45131.112307 13537.735384 21279.326300
1520530441.153883 -100.530418 -103.617797  -33.624514 51448.942048 20098.036014 12117.667851
1520530441.253889 -102.801725 -104.041639  -33.151622 54913.205258 20436.406622 18898.126300
1520530441.353892 -103.867726 -107.418252  -31.103510 121801.023174  23674.983017  17817.156341
1520530441.453895 -111.458896 -112.278958  -28.906374 368325.993572  26394.011265  13817.630343
1520530441.503896 -119.417248 -116.387919  -29.130345 44571.945625 13571.135590 11101.166469
1520530441.603899 -119.183870 -117.715413  -30.275492 36794.704547 11602.618475  8674.893137
1520530441.754086 -120.776636 -118.466197  -30.732947 50338.102003 14543.123572 14359.130750
1520530441.904091 -122.316794 -119.206228  -32.019562 56888.838595 20463.849965 26487.731546
1520530442.104032 -126.024083 -116.041957  -32.636344 61869.633236 17277.235923  8010.171565
1520530442.204035 -118.536259 -127.944809  -33.538377 71551.245826 12676.940256  6117.166596
1520530442.354040 -119.261251 -126.799960  -31.950750 10190.655606  8067.505656  2016.429663
1520530442.453714 -120.376424 -127.316698  -33.441927 9830.064152 8219.025591 3490.923334
1520530442.553717 -121.667063 -128.578278  -33.869935 21702.669752 14644.741459 11679.272646
1520530442.603719 -123.965727 -126.137654  -35.180198 44320.828408 18297.614300 26556.819080
1520530442.703722 -124.127304 -128.800141  -37.554784 856169.970239 192369.536077  19872.493280
1520530442.803725 -127.311149 -130.036198  -37.891863 76018.410441 21772.223697 11778.989048
1520530442.904376 -128.465363 -130.964172  -38.699035 81661.019582 48122.678820 60383.432396
1520530443.004379 -128.454005 -132.326735  -38.445653 101509.550156  50111.446959 124015.943166
1520530443.104382 -130.696067 -129.732004  -38.574476 61025.246319 19113.294193  6807.377577
1520530443.254387 -131.915577 -132.036100  -38.542037 16394.192810 15232.123375  6196.016096
1520530443.404470 -133.942942 -133.149027  -40.362170 28518.735749 19648.684870  7909.388196
1520530443.554474 -132.734836 -135.426956  -41.978016 37521.153445 32216.397885 37211.916065
1520530443.654478 -132.656585 -138.189482  -40.783999 30373.978097 17498.062481  5527.202295
1520530443.754014 -135.318654 -138.066021  -40.861379 13579.009468 14111.927380  2602.158741
1520530443.804016 -136.804865 -139.084864  -41.771557 13491.969805 15691.499907  4013.391993
1520530443.904020 -137.550971 -141.836758  -43.987597 35904.538971 24554.192846 15003.722610
1520530443.954022 -137.148928 -146.712436  -44.894551 58190.056268 60178.817939 14747.278386
1520530444.054024 -138.034279 -147.920152  -47.328901 47558.251707 64374.136428  8628.062982
1520530444.104403 -138.698633 -146.759657  -47.495253 59839.706916 68235.285572 14425.032538
1520530444.204406 -137.123367 -149.716578  -50.102604 102480.732980  74085.890285  12711.690325
1520530444.254406 -138.163503 -150.263311  -50.690970 63167.224827 70665.308861  9578.017460
1520530444.354410 -138.490161 -150.227781  -50.991792 55061.732426 69197.692154 20748.762009
1520530444.454413 -138.646317 -151.216229  -51.643548 55834.984724 64562.138241 15516.709566
1520530444.555263 -139.390655 -150.115733  -52.064581 73285.835604 75730.721758 15392.519908
1520530444.655166 -140.331126 -150.059489  -53.532975 56070.929886 68807.465194 12319.223472
1520530444.755169 -142.242958 -150.592546  -55.202796 54176.819786 71837.951491 10700.336032
1520530444.805170 -142.732892 -147.975355  -55.955904 57478.566861 76388.996106 11901.221227
1520530444.905173 -144.776715 -146.405293  -56.991013 115692.416901  68705.220701  18276.762692
1520530445.004964 -145.938622 -146.200158  -57.938426 49211.789843 59086.526980 15476.410409
1520530445.054965 -145.172883 -151.250868  -66.650073 10444.057985 12616.556108  4221.100079
1520530445.154968 -149.303228 -154.559466  -63.679935 19021.313178 14456.475068  6156.210109
1520530445.204970 -153.369606 -155.043486  -64.673913 21202.411487 15846.823301 10761.694725
1520530445.304973 -156.820766 -158.084348  -60.042503 149654.318644 123189.908886  47832.778790
1520530445.353892 -158.659960 -159.531107  -57.860628 331521.720337 112697.188396  24019.158554
1520530445.453896 -158.253371 -162.182625  -54.339040 1016430.531386  623804.918482  977430.783227
1520530445.503898 -160.659614 -167.718384  -48.080308 180271.958179  85220.726148  32484.683620
1520530445.603900 -161.477832 -169.109547  -46.902172 977855.905203 393181.745575 105000.815312
1520530445.653902 -162.214262 -168.973974  -39.954874 -402814.381103  200210.158950   33872.313932
1520530445.753751 -145.550995 -178.319476  -42.142475 249670.996388 250628.886336  41624.776302
1520530445.803752 -144.269343 -189.360793  -55.506195 197801.895563 252300.021681  64697.000105
1520530445.903755 -144.999345 -177.944430  -42.748250 160593.702997 217738.209764  52900.283533
1520530446.354905 -150.249563 -177.672944  -45.315553 485317.167817   -440.212830  38672.838419
1520530446.404906 -167.187633 -189.273446  -44.882083  870901.177581 1402288.934028  656066.977556
1520530446.504909 -177.699482 -146.409598  -26.570900 366299.687284 199976.626430  43086.251486
1520530446.604785 -144.694981 -176.310244  -56.148233 173362.580222 463598.695901 128775.883416
1520530446.704788 -126.846075 -206.919159  -52.821358 178209.427888 336096.057462  26901.136692
1520530446.804791 -122.725881 -209.548713  -50.399597 41197.148586 22893.297715 15551.758411
1520530446.904794 -119.859926 -210.250766  -48.093126 -3634893.361984 -1714206.073648  -459934.054467
1520530447.154337 -109.496402 -202.544766  -45.558197 1055634.277668  567408.507337 1668332.992287
1520530447.304342 -104.876540 -208.945089  -35.826157 601591.752504 220690.011651 305678.315880
1520530447.404124  -96.596693 -207.481639  -18.246951 397435.354190 145954.834025 224390.335719
1520530447.504127  -96.189451 -213.292006  -18.217205 170890.524894 638550.352302 808255.708695
1520530447.604130  -93.265965 -211.827953  -17.710350 181618.604823 726456.683408 177157.664199
1520530447.754142  -91.922176 -209.473574  -18.837267 103369.769975 441584.715863 306010.740062
1520530448.004078  -93.213120 -198.029571  -40.351202   -305.625735 201451.012875  54416.752015
1520530448.203885  -83.948036 -192.890389   -9.224040 -273187.889739    5040.258560  139421.745008
1520530448.303888  -84.229111 -193.443709  -10.258932 -1699467.766996   165137.225751 -1925194.360639
1520530448.403891  -67.699307 -195.124060  -20.647439 2597654.923500  703895.451267 1947152.330630
1520530448.603930  -57.958675 -185.151669  -35.463869  -29291.889486 -261832.801406   81366.721104
1520530448.753935  -69.886324 -208.335211  -36.285006 18085.032500 84912.176631 47288.049882
1520530449.003905  -69.133200 -197.697175  -45.923061  5685.098798 22712.829892 12088.473901
