DelayedMarginalization 0.000945416 7.4433e-07 0.0259086 1234
DelayedMarginalizationOnly 0.000461472 1.26655e-07 0.011929 1234
EF-marginalizeFrame 0.00124485 7.62267e-07 0.0263609 1234
FullSystem::trackNewCoarse 0.00334121 3.8393e-06 0.0199338 2669
FullSystem::trackNewCoarseNoIMU 0.00198782 2.61346e-05 0.0440281 138
FullSystemOptimize 0.0228546 4.24952e-05 0.0561584 1240
GraphUnrolling 0.0461212 4.92282e-05 0.118271 604
IMUInitAddPose 2.54149e-05 2.22322e-11 5.3026e-05 1240
IMUInitOptimize 0.00287957 7.7763e-07 0.00463925 12
IMUIntegration::finishKeyframeOperations 5.866e-05 2.87182e-10 0.00040764 1223
InitializerFirstFrame 0.038715 -nan 0.038715 1
InitializerOtherFrames 0.0761084 0.000161997 0.0948379 11
MainMarginalization 0.00116841 7.63599e-07 0.0263035 1234
MarginalizationReplacementBuildGraph 0.00222186 3.23724e-07 0.0136517 602
MarginalizationReplacementReplaceGraph 0.0465083 4.37237e-05 0.118544 602
MarginalizeMainGraph 0.000483248 5.96659e-07 0.0251358 1234
PGBA 0.0215306 1.62032e-05 0.0243769 2
PGBAFull 0.000995921 2.16974e-06 0.0286398 604
PrepareGraphForMainOptimization 0.0463333 4.94278e-05 0.118498 604
VisualMarginalization 3.65027e-05 4.67255e-11 8.0332e-05 1234
activatePointsMT 0.00250531 7.09616e-07 0.00787822 1240
addActiveFrame 0.0371749 0.00125511 0.21543 2819
addIMUData 0.000761166 1.32322e-06 0.0254707 2669
addIMUDataToBA 3.51905e-05 1.31012e-10 0.000176767 2818
addKeyframeToBA 3.2373e-05 9.77204e-11 0.000242159 1240
afterCoarseTracking 2.7522e-07 4.99944e-15 7.76e-07 2807
baIteration 0.00355927 1.324e-06 0.0281459 7432
baMatrixInversion 0.000215691 1.89468e-09 0.000736507 7432
baUpdateBuildHessians 0.000463688 1.09532e-07 0.0231987 7432
coarseTrackingIteration 0.00012223 5.4054e-09 0.00827526 69355
computeBAUpdate 0.000754981 1.20421e-07 0.0236809 7432
computeCoarseUpdate 8.33815e-05 4.27378e-09 0.00826354 66411
computeFactorForCoarseGraphAndMarginalCovariances 0.00272093 3.02963e-07 0.016509 1223
convertHAndBFromDSO 0.00013832 2.91014e-09 0.000672754 12363
debugPlot 7.7496e-08 3.21409e-14 6.195e-06 1240
debugPlotIDepthMap 3.77765e-07 7.05394e-15 1.007e-06 1240
debugPlotIDepthMapFloat 8.31653e-08 1.35855e-13 1.3027e-05 1240
deliverTrackedFrame 0.0307864 0.00124527 0.197967 2808
flagFramesForMarginalization 1.73398e-06 5.83532e-13 8.585e-06 1240
fullCoarseTracking 0.00412302 6.66526e-06 0.0440957 2807
initObjectsAndMakeImage 0.00208835 8.62353e-08 0.00584092 2819
makeKeyframe 0.065184 0.000694176 0.197962 1240
makeKeyframeChangeTrackingRef 0.00186473 9.94141e-08 0.00427546 1240
makeNewTraces 0.00518308 7.84135e-07 0.0175908 1240
makeNonKeyframe 0.00358034 4.76677e-06 0.0105797 1568
marginalizeAndRemovePoints 0.0010019 4.29986e-07 0.00527838 1240
marginalizeFrame 0.00160941 7.9537e-07 0.0266304 1234
marginalizeFrameOverhead 0.000362475 3.71816e-08 0.00234207 1234
marginalizeFrames 0.00160887 8.4172e-07 0.0266502 1240
newFrameAndNewResidualsForOldPoints 0.000371646 7.8652e-08 0.00171196 1240
printBiases 4.02314e-05 1.29397e-10 0.000112302 1240
printEigenValLine 1.10044e-07 3.82275e-16 3.69e-07 1240
printLogLine 1.7676e-07 3.63015e-15 5.36e-07 1240
publishInMakeKeyframe 2.21276e-07 7.69771e-14 7.738e-06 1240
removeOutliers 5.19063e-05 1.14593e-09 0.000315284 1240
swapTrackingRef 2.43917e-05 3.69832e-11 6.1366e-05 1240
timeMeasurement 9.30728e-07 1.67786e-13 1.3319e-05 2819
traceNewCoarse 0.00330642 3.4674e-06 0.0105658 2808
updateBAValues 5.04579e-06 3.68972e-12 3.0609e-05 13421
zero 1.02043e-07 2.64096e-15 5.7e-07 2819
