1520530315.649646 1.186276 0.468016
1520530315.799640 1.229877 0.248173
1520530315.899643 1.182121 0.209777
1520530316.100221 1.170952 0.209964
1520530316.250226 1.174148 0.192503
1520530316.400230 1.176825 0.174166
1520530316.600278 1.175862 0.163893
1520530316.800284 1.162042 0.159596
1520530316.949773 1.159679 0.152736
1520530317.149779 1.159503 0.134370
1520530317.299784 1.161869 0.120116
1520530317.449747 1.167091 0.110237
1520530317.649755 1.163715 0.100382
1520530317.750237 1.160681 0.096213
1520530317.900242 1.158787 0.092967
1520530318.050246 1.157547 0.095634
1520530318.150816 1.152749 0.094687
1520530318.300772 1.153547 0.092486
1520530318.500778 1.154886 0.088110
1520530318.650568 1.151813 0.084062
1520530318.850574 1.152146 0.080631
1520530318.999955 1.151531 0.076575
1520530319.149961 1.146970 0.070514
1520530319.299965 1.143951 0.064914
1520530319.399832 1.146346 0.062503
1520530319.549837 1.146203 0.059950
1520530319.699841 1.148088 0.059212
1520530319.800341 1.148966 0.059080
1520530319.900344 1.149967 0.058535
1520530320.000347 1.152732 0.057213
1520530320.100350 1.151203 0.055740
1520530320.200401 1.146812 0.054048
1520530320.300404 1.151456 0.053276
1520530320.450408 1.150124 0.052255
1520530320.550412 1.151480 0.051599
1520530320.599869 1.151206 0.051087
1520530320.749874 1.152115 0.048643
1520530320.899879 1.154675 0.045936
1520530321.049740 1.154707 0.044029
1520530321.199745 1.155442 0.042634
1520530321.349750 1.155847 0.041174
1520530321.499857 1.155880 0.039986
1520530321.599860 1.156331 0.039276
1520530321.699863 1.155631 0.038654
1520530321.850152 1.153492 0.037639
1520530321.950155 1.150711 0.036665
1520530322.100160 1.150710 0.035563
1520530322.300208 1.151889 0.035314
1520530322.550216 1.152478 0.035029
1520530322.650023 1.149730 0.034509
1520530322.850030 1.150313 0.033542
1520530323.050036 1.149970 0.032782
1520530323.200077 1.149452 0.032395
1520530323.350082 1.148153 0.031784
1520530323.450085 1.141732 0.030559
1520530323.550346 1.141681 0.029582
1520530323.700351 1.144522 0.028652
1520530323.850356 1.144436 0.028150
1520530324.000156 1.145831 0.027931
1520530324.150160 1.147191 0.027715
1520530324.299908 1.146893 0.027385
1520530324.399911 1.144296 0.026959
1520530324.499994 1.144150 0.026651
1520530324.649919 1.145741 0.026343
1520530324.800021 1.146374 0.026171
1520530324.950026 1.146646 0.026095
1520530325.100816 1.146840 0.025961
1520530325.300822 1.148407 0.025560
1520530325.400825 1.146594 0.025114
1520530325.600915 1.147595 0.024073
1520530325.800921 1.147140 0.023297
1520530325.950541 1.146481 0.022973
1520530326.100546 1.145941 0.022639
1520530326.250551 1.145084 0.022351
1520530326.350204 1.145425 0.022243
1520530326.550210 1.145908 0.022076
1520530326.700216 1.146081 0.022050
1520530326.900431 1.143021 0.021689
1520530327.050437 1.144789 0.021198
1520530327.150431 1.146942 0.020953
1520530327.300436 1.149909 0.020692
1520530327.450441 1.147234 0.020343
1520530327.550090 1.147318 0.020120
1520530327.650103 1.145684 0.019824
1520530327.750096 1.146246 0.019659
1520530327.850099 1.147793 0.019578
1520530327.950102 1.149020 0.019472
1520530328.050282 1.149720 0.019309
1520530328.150285 1.149658 0.019186
1520530328.300290 1.149714 0.018968
1520530328.400337 1.148928 0.018912
1520530328.450338 1.148271 0.018899
1520530328.550342 1.148172 0.018866
1520530328.650346 1.148864 0.018859
1520530328.750348 1.148689 0.018845
1520530328.800086 1.147973 0.018835
1520530329.000092 1.149448 0.018683
1520530329.150097 1.151584 0.018525
1520530329.250095 1.152912 0.018436
1520530329.350049 1.155824 0.018332
1520530329.500053 1.153986 0.018031
1520530329.650099 1.153261 0.017868
1520530329.750102 1.152860 0.017779
1520530329.850105 1.151707 0.017725
1520530329.950109 1.150718 0.017696
1520530330.050161 1.151228 0.017616
1520530330.150164 1.152040 0.017466
1520530330.250167 1.152188 0.017228
1520530330.350170 1.155159 0.017024
1520530330.450787 1.154507 0.016745
1520530330.550790 1.151822 0.016575
1520530330.650793 1.148269 0.016501
1520530330.750797 1.144057 0.016477
1520530330.800798 1.143090 0.016415
1520530330.900277 1.144344 0.016341
1520530331.000280 1.145774 0.016184
1520530331.100283 1.145328 0.016072
1520530331.200286 1.146424 0.016007
1520530331.250735 1.145514 0.015991
1520530331.350738 1.147725 0.015979
1520530331.450741 1.142574 0.015965
1520530331.550744 1.142787 0.015963
1520530331.650479 1.147068 0.015934
1520530331.750483 1.147863 0.015809
1520530331.850486 1.149136 0.015602
1520530331.950489 1.147552 0.015309
1520530332.050387 1.145816 0.014999
1520530332.150390 1.145981 0.014792
1520530332.250393 1.145691 0.014648
1520530332.350396 1.145409 0.014524
1520530332.450399 1.145178 0.014467
1520530332.550483 1.144129 0.014433
1520530332.650488 1.144062 0.014421
1520530332.750491 1.146107 0.014359
1520530332.850494 1.146325 0.014302
1520530332.900164 1.145503 0.014279
1520530333.000168 1.143642 0.014203
1520530333.100171 1.142631 0.014169
1520530333.200174 1.142343 0.014142
1520530333.300608 1.142483 0.014097
1520530333.400612 1.142105 0.013999
1520530333.500615 1.141582 0.013960
1520530333.650619 1.139820 0.013927
1520530333.750542 1.139338 0.013921
1520530333.800544 1.139332 0.013906
1520530333.900547 1.138094 0.013888
1520530333.950549 1.137716 0.013872
1520530334.050551 1.138729 0.013854
1520530334.100216 1.140327 0.013830
1520530334.350224 1.144032 0.013697
1520530334.450227 1.143861 0.013610
1520530334.550086 1.143383 0.013556
1520530334.650089 1.143460 0.013508
1520530334.750092 1.143247 0.013463
1520530334.850095 1.142507 0.013411
1520530334.950928 1.142976 0.013397
1520530335.050931 1.142880 0.013377
1520530335.150934 1.142007 0.013380
1520530335.250937 1.141516 0.013370
1520530335.351457 1.141280 0.013359
1520530335.451459 1.141334 0.013343
1520530335.551462 1.139964 0.013321
1520530335.651465 1.139476 0.013315
1520530335.750223 1.139309 0.013300
1520530335.850226 1.137884 0.013257
1520530335.950229 1.136363 0.013206
1520530336.050232 1.135481 0.013168
1520530336.150177 1.136061 0.013151
1520530336.250180 1.137369 0.013128
1520530336.350183 1.138627 0.013084
1520530336.450186 1.138072 0.012988
1520530336.550582 1.137827 0.012905
1520530336.650586 1.137348 0.012827
1520530336.750588 1.136725 0.012775
1520530336.850591 1.135854 0.012728
1520530336.950594 1.134363 0.012679
1520530337.000258 1.133773 0.012646
1520530337.100266 1.131209 0.012510
1520530337.200351 1.128696 0.012401
1520530337.300267 1.127446 0.012326
1520530337.400301 1.122801 0.012240
1520530337.500304 1.120911 0.012178
1520530337.600307 1.118295 0.012104
1520530337.700310 1.119730 0.012020
1520530337.800854 1.118186 0.011898
1520530337.950858 1.116955 0.011701
1520530338.050862 1.116854 0.011587
1520530338.150864 1.116363 0.011542
1520530338.250473 1.115210 0.011511
1520530338.350476 1.115276 0.011498
1520530338.450479 1.114762 0.011475
1520530338.550482 1.113489 0.011423
1520530338.600260 1.112838 0.011414
1520530338.700263 1.112404 0.011381
1520530338.800266 1.112057 0.011342
1520530338.900269 1.111424 0.011301
1520530339.000272 1.110698 0.011260
1520530339.100960 1.111156 0.011239
1520530339.150962 1.111653 0.011230
1520530339.250965 1.112254 0.011216
1520530339.350968 1.112630 0.011210
1520530339.451687 1.112216 0.011211
1520530339.551690 1.112000 0.011209
1520530339.651693 1.112050 0.011206
1520530339.751697 1.111998 0.011199
1520530339.851056 1.112572 0.011179
1520530339.951059 1.113757 0.011173
1520530340.051062 1.113790 0.011169
1520530340.151065 1.113659 0.011150
1520530340.250395 1.113012 0.011127
1520530340.350399 1.112528 0.011094
1520530340.450401 1.112787 0.011062
1520530340.550404 1.112150 0.011022
1520530340.650347 1.112081 0.011007
1520530340.750350 1.111560 0.010989
1520530340.900354 1.112366 0.010960
1520530341.050774 1.112728 0.010950
1520530341.250780 1.112572 0.010926
1520530341.400785 1.113288 0.010909
1520530341.600716 1.112777 0.010901
1520530341.900542 1.112368 0.010899
1520530342.050546 1.110847 0.010882
1520530342.200551 1.109469 0.010851
1520530342.350675 1.109304 0.010820
1520530342.500679 1.108800 0.010787
1520530342.650684 1.108631 0.010754
1520530342.750644 1.108257 0.010716
1520530342.850648 1.107570 0.010664
1520530342.950651 1.107174 0.010606
1520530343.050654 1.107146 0.010533
1520530343.151133 1.106321 0.010447
1520530343.251136 1.106227 0.010352
1520530343.351140 1.105683 0.010246
1520530343.401141 1.105252 0.010187
1520530343.501404 1.105267 0.010071
1520530343.601407 1.104735 0.009953
1520530343.701410 1.105894 0.009828
1520530343.801413 1.107090 0.009690
1520530343.901416 1.107748 0.009543
1520530344.001403 1.108310 0.009400
1520530344.101406 1.108799 0.009268
1520530344.201410 1.109255 0.009142
1520530344.301413 1.110486 0.009018
1520530344.401411 1.110999 0.008908
1520530344.501414 1.111006 0.008817
1520530344.601418 1.112069 0.008727
1520530344.701421 1.113074 0.008646
1520530344.801638 1.113560 0.008574
1520530344.901641 1.114420 0.008515
1520530345.001644 1.115154 0.008468
1520530345.101647 1.115899 0.008410
1520530345.201744 1.116098 0.008365
1520530345.301746 1.116571 0.008324
1520530345.401749 1.116618 0.008286
1520530345.501752 1.116723 0.008258
1520530345.551195 1.116979 0.008241
1520530345.651198 1.117147 0.008207
1520530345.751201 1.117452 0.008187
1520530345.801203 1.117564 0.008168
1520530345.901206 1.117562 0.008151
1520530345.951161 1.117590 0.008143
1520530346.051476 1.117884 0.008134
1520530346.151479 1.118361 0.008118
1520530346.251483 1.118688 0.008106
1520530346.301485 1.118639 0.008100
1520530346.401376 1.118735 0.008093
1520530346.501379 1.118828 0.008085
1520530346.601382 1.118892 0.008077
1520530346.651383 1.118909 0.008074
1520530346.751386 1.119045 0.008067
1520530346.851546 1.119364 0.008063
1520530346.901548 1.119412 0.008061
1520530347.001551 1.119421 0.008057
1520530347.101554 1.119179 0.008053
1520530347.151556 1.119248 0.008053
1520530347.251402 1.119227 0.008051
1520530347.351405 1.119391 0.008049
1520530347.451408 1.119247 0.008045
1520530347.551411 1.119182 0.008044
1520530347.651220 1.119293 0.008042
1520530347.751223 1.119431 0.008041
1520530347.851226 1.119262 0.008038
1520530347.951229 1.119217 0.008037
1520530348.051164 1.119276 0.008036
1520530348.151168 1.119243 0.008036
1520530348.251170 1.119203 0.008036
1520530348.351173 1.119257 0.008035
1520530348.451416 1.118811 0.008026
1520530348.551419 1.119273 0.008032
1520530348.651423 1.119100 0.008034
1520530348.701425 1.119079 0.008034
1520530348.801428 1.118865 0.008032
1520530348.851315 1.119010 0.008032
1520530348.951318 1.118957 0.008033
1520530349.051321 1.118870 0.008032
1520530349.151325 1.118938 0.008031
1520530349.251106 1.118896 0.008029
1520530349.351109 1.118482 0.008026
1520530349.401110 1.118505 0.008028
1520530349.501114 1.118619 0.008027
1520530349.601117 1.118447 0.008027
1520530349.650935 1.118388 0.008026
1520530349.750943 1.118395 0.008026
1520530349.850941 1.118418 0.008024
1520530349.950944 1.118416 0.008023
1520530350.051376 1.118498 0.008022
1520530350.101378 1.118450 0.008021
1520530350.201381 1.118427 0.008020
1520530350.251384 1.118526 0.008019
1520530350.351387 1.118631 0.008017
1520530350.451515 1.118655 0.008015
1520530350.551518 1.118612 0.008014
1520530350.601520 1.118601 0.008013
1520530350.701523 1.118693 0.008013
1520530350.801526 1.118663 0.008012
1520530350.901571 1.118693 0.008011
1520530351.001574 1.118575 0.008009
1520530351.101578 1.118579 0.008008
1520530351.201581 1.118652 0.008007
1520530351.301683 1.118698 0.008005
1520530351.401685 1.118960 0.008005
1520530351.501759 1.118935 0.008004
1520530351.601688 1.118911 0.008003
1520530351.751696 1.119021 0.008002
1520530351.851700 1.118707 0.007999
1520530351.951703 1.118484 0.008000
1520530352.051706 1.118395 0.007999
1520530352.151806 1.118371 0.007998
1520530352.251809 1.118467 0.007997
1520530352.351812 1.118554 0.007997
1520530352.451816 1.118610 0.007996
1520530352.551471 1.118631 0.007995
1520530352.651474 1.118554 0.007996
1520530352.751477 1.118620 0.007994
1520530352.851480 1.118500 0.007995
1520530352.901098 1.118521 0.007994
1520530353.001101 1.118491 0.007994
1520530353.101208 1.118516 0.007994
1520530353.201107 1.118600 0.007993
1520530353.301110 1.118715 0.007992
1520530353.351398 1.118669 0.007992
1520530353.451401 1.118609 0.007990
1520530353.501402 1.118628 0.007991
1520530353.601405 1.118646 0.007989
1520530353.701408 1.118724 0.007990
1520530353.801738 1.118648 0.007989
1520530353.901741 1.118492 0.007987
1520530353.951742 1.118450 0.007988
1520530354.051745 1.118459 0.007988
1520530354.151896 1.118699 0.007987
1520530354.201897 1.118807 0.007987
1520530354.301900 1.118858 0.007986
1520530354.401904 1.118693 0.007986
1520530354.501907 1.118613 0.007985
1520530354.551594 1.118648 0.007985
1520530354.651595 1.118706 0.007985
1520530354.751597 1.118664 0.007985
1520530354.851600 1.118661 0.007984
1520530354.951359 1.118632 0.007983
1520530355.051362 1.118569 0.007983
1520530355.151365 1.118569 0.007982
1520530355.251368 1.118566 0.007981
1520530355.351371 1.118594 0.007981
1520530355.401407 1.118558 0.007981
1520530355.501410 1.118585 0.007981
1520530355.601414 1.118664 0.007981
1520530355.701417 1.118766 0.007980
1520530355.801531 1.118750 0.007980
1520530355.901534 1.118724 0.007980
1520530356.001537 1.118668 0.007980
1520530356.101541 1.118630 0.007980
1520530356.201376 1.118612 0.007979
1520530356.251380 1.118150 0.007969
1520530356.351380 1.118267 0.007977
1520530356.451383 1.118121 0.007979
1520530356.551386 1.118107 0.007978
1520530356.651234 1.118271 0.007978
1520530356.751237 1.118215 0.007978
1520530356.801239 1.118233 0.007977
1520530356.901242 1.118077 0.007977
1520530357.001153 1.118083 0.007978
1520530357.101156 1.118121 0.007977
1520530357.201159 1.118031 0.007977
1520530357.251160 1.118054 0.007977
1520530357.351164 1.118078 0.007977
1520530357.451660 1.118159 0.007977
1520530357.501662 1.118218 0.007977
1520530357.601666 1.118320 0.007977
1520530357.701667 1.118401 0.007977
1520530357.801671 1.118439 0.007976
1520530357.851585 1.118403 0.007976
1520530357.951560 1.118416 0.007976
1520530358.051563 1.118431 0.007976
1520530358.151567 1.118412 0.007976
1520530358.251625 1.118339 0.007972
1520530358.351628 1.118342 0.007975
1520530358.451631 1.118299 0.007975
1520530358.551634 1.118388 0.007974
1520530358.651798 1.118373 0.007974
1520530358.751801 1.118462 0.007974
1520530358.851805 1.118313 0.007974
1520530358.951808 1.118295 0.007973
1520530359.051806 1.118413 0.007974
1520530359.151809 1.118361 0.007972
1520530359.251812 1.118199 0.007971
1520530359.351815 1.118110 0.007972
1520530359.451919 1.118075 0.007972
1520530359.551871 1.118012 0.007971
1520530359.651874 1.117938 0.007971
1520530359.751878 1.117971 0.007971
1520530359.851881 1.118041 0.007971
1520530359.951828 1.118075 0.007970
1520530360.051831 1.118037 0.007970
1520530360.151834 1.118201 0.007969
1520530360.201836 1.118199 0.007969
1520530360.301316 1.118232 0.007968
1520530360.351317 1.118243 0.007969
1520530360.451321 1.118191 0.007968
1520530360.551324 1.118168 0.007968
1520530360.651327 1.118213 0.007968
1520530360.700978 1.118256 0.007968
1520530360.800981 1.118296 0.007967
1520530360.900984 1.118418 0.007966
1520530361.000988 1.118513 0.007965
1520530361.101044 1.118589 0.007964
1520530361.201047 1.118392 0.007963
1520530361.301050 1.118405 0.007962
1520530361.401053 1.118528 0.007962
1520530361.501690 1.118621 0.007961
1520530361.601693 1.118594 0.007961
1520530361.701696 1.118687 0.007961
1520530361.801700 1.118688 0.007960
1520530361.851701 1.118712 0.007961
1520530361.951941 1.118641 0.007961
1520530362.051944 1.118700 0.007960
1520530362.151947 1.118711 0.007959
1520530362.251950 1.118685 0.007958
1520530362.351623 1.118613 0.007957
1520530362.451626 1.118567 0.007956
1520530362.551629 1.118838 0.007955
1520530362.651727 1.118849 0.007952
1520530362.751364 1.118592 0.007950
1520530362.851367 1.118632 0.007950
1520530362.951370 1.118785 0.007950
1520530363.051374 1.118882 0.007949
1520530363.151650 1.118870 0.007948
1520530363.251653 1.118929 0.007948
1520530363.351656 1.118862 0.007948
1520530363.451659 1.118761 0.007948
1520530363.551745 1.118805 0.007948
1520530363.651748 1.118697 0.007948
1520530363.701749 1.118715 0.007947
1520530363.801753 1.118944 0.007946
1520530363.851754 1.119066 0.007946
1520530363.951780 1.119028 0.007945
1520530364.001782 1.119097 0.007946
1520530364.101785 1.119324 0.007945
1520530364.151786 1.119208 0.007945
1520530364.251789 1.119222 0.007945
1520530364.301791 1.119231 0.007944
1520530364.401853 1.119203 0.007945
1520530364.451854 1.119246 0.007943
1520530364.551858 1.119167 0.007945
1520530364.601859 1.119043 0.007944
1520530364.701862 1.119069 0.007944
1520530364.802376 1.118964 0.007944
1520530364.902379 1.118960 0.007944
1520530365.002383 1.118996 0.007944
1520530365.152386 1.119149 0.007944
1520530365.201844 1.119157 0.007943
1520530365.351849 1.119288 0.007943
1520530365.451852 1.119399 0.007942
1520530365.551855 1.119583 0.007941
1520530365.651537 1.119719 0.007940
1520530365.751540 1.119778 0.007940
1520530365.851543 1.119694 0.007939
1520530365.951546 1.119681 0.007939
1520530366.001907 1.119702 0.007939
1520530366.101910 1.119648 0.007938
1520530366.151911 1.119599 0.007938
1520530366.251915 1.119531 0.007938
1520530366.301916 1.119485 0.007938
1520530366.402120 1.119436 0.007938
1520530366.452121 1.119508 0.007937
1520530366.552125 1.119508 0.007938
1520530366.602127 1.119542 0.007938
1520530366.702130 1.119603 0.007937
1520530366.752132 1.119608 0.007937
1520530366.852166 1.119726 0.007937
1520530366.902167 1.119792 0.007937
1520530367.002170 1.119814 0.007937
1520530367.052172 1.119786 0.007932
1520530367.152175 1.119731 0.007937
1520530367.252540 1.119685 0.007937
1520530367.352543 1.119607 0.007936
1520530367.452546 1.119593 0.007936
1520530367.552549 1.119646 0.007936
1520530367.652264 1.119751 0.007936
1520530367.752267 1.119876 0.007936
1520530367.852271 1.120019 0.007935
1520530367.952274 1.120111 0.007935
1520530368.052124 1.120013 0.007934
1520530368.202129 1.120023 0.007934
1520530368.302132 1.119993 0.007934
1520530368.402135 1.119931 0.007933
1520530368.452048 1.119877 0.007931
1520530368.552051 1.119784 0.007933
1520530368.602053 1.119782 0.007931
1520530368.702056 1.119838 0.007932
1520530368.752057 1.119904 0.007931
1520530368.851389 1.119954 0.007933
1520530368.901391 1.119930 0.007930
1520530369.001394 1.119933 0.007934
1520530369.051395 1.119933 0.007933
1520530369.151398 1.119991 0.007934
1520530369.201400 1.120130 0.007933
1520530369.301537 1.119903 0.007932
1520530369.351538 1.119971 0.007934
1520530369.451542 1.119946 0.007934
1520530369.551545 1.119920 0.007932
1520530369.651548 1.119986 0.007934
1520530369.701896 1.120036 0.007933
1520530369.801900 1.120048 0.007933
1520530369.901903 1.120033 0.007934
1520530370.001906 1.120120 0.007932
1520530370.151931 1.120008 0.007933
1520530370.301935 1.119991 0.007932
1520530370.451940 1.120050 0.007933
1520530370.651886 1.120153 0.007932
1520530370.851892 1.120299 0.007932
1520530371.001944 1.120309 0.007932
1520530371.101947 1.120233 0.007931
1520530371.251952 1.120100 0.007932
1520530371.401953 1.120136 0.007931
1520530371.551958 1.119981 0.007931
1520530371.751959 1.119872 0.007925
1520530371.851963 1.119817 0.007929
1520530371.951966 1.119780 0.007930
1520530372.051969 1.119684 0.007926
1520530372.151955 1.119672 0.007922
1520530372.301960 1.119807 0.007927
1520530372.451964 1.119866 0.007930
1520530372.601958 1.120040 0.007930
1520530372.701961 1.119944 0.007929
1520530372.801964 1.120049 0.007929
1520530372.901967 1.120142 0.007929
1520530372.951617 1.120088 0.007929
1520530373.101622 1.119979 0.007930
1520530373.251627 1.119869 0.007930
1520530373.351457 1.119767 0.007930
1520530373.451460 1.119594 0.007930
1520530373.501461 1.119627 0.007930
1520530373.601465 1.119604 0.007930
1520530373.651466 1.119802 0.007927
1520530373.751469 1.119593 0.007928
1520530373.851583 1.119578 0.007928
1520530373.901585 1.119542 0.007930
1520530374.001588 1.119583 0.007930
1520530374.101591 1.119625 0.007928
1520530374.151592 1.119619 0.007922
1520530374.251955 1.119637 0.007928
1520530374.351958 1.119613 0.007928
1520530374.451961 1.119565 0.007927
1520530374.602407 1.119563 0.007930
1520530374.752412 1.119724 0.007929
1520530374.902417 1.119714 0.007926
1520530375.002442 1.119762 0.007928
1520530375.102445 1.119719 0.007929
1520530375.202449 1.119818 0.007928
1520530375.302452 1.119765 0.007929
1520530375.402252 1.119763 0.007928
1520530375.502216 1.119773 0.007928
1520530375.602219 1.119748 0.007926
1520530375.652220 1.119760 0.007924
1520530375.752223 1.119594 0.007926
1520530375.802225 1.119550 0.007928
1520530375.902259 1.119500 0.007928
1520530376.002262 1.119401 0.007928
1520530376.102265 1.119428 0.007928
1520530376.152267 1.119628 0.007926
1520530376.251950 1.119665 0.007928
1520530376.351954 1.119695 0.007928
1520530376.451957 1.119711 0.007926
1520530376.551960 1.119707 0.007927
1520530376.601961 1.119677 0.007927
1520530376.702664 1.119698 0.007927
1520530376.752666 1.119693 0.007926
1520530376.852669 1.119654 0.007927
1520530376.902671 1.119581 0.007926
1520530377.002721 1.119577 0.007927
1520530377.102900 1.119572 0.007928
1520530377.202903 1.119669 0.007927
1520530377.302906 1.119789 0.007927
1520530377.402909 1.119753 0.007928
1520530377.451719 1.119722 0.007925
1520530377.551722 1.119809 0.007927
1520530377.651725 1.119791 0.007925
1520530377.751728 1.119866 0.007926
1520530377.851407 1.119887 0.007927
1520530377.951411 1.119994 0.007926
1520530378.051414 1.119990 0.007925
1520530378.151417 1.119923 0.007927
1520530378.201419 1.119955 0.007927
1520530378.301511 1.119966 0.007927
1520530378.351513 1.119963 0.007926
1520530378.451516 1.119992 0.007922
1520530378.501517 1.120053 0.007927
1520530378.601571 1.120039 0.007927
1520530378.651522 1.119973 0.007926
1520530378.752210 1.119955 0.007927
1520530378.852213 1.119953 0.007927
1520530378.952216 1.119946 0.007927
1520530379.052220 1.119984 0.007927
1520530379.152151 1.119999 0.007927
1520530379.252154 1.120048 0.007927
1520530379.352157 1.120060 0.007927
1520530379.452160 1.120094 0.007926
1520530379.501850 1.120094 0.007927
1520530379.601853 1.120131 0.007926
1520530379.701856 1.120170 0.007926
1520530379.801860 1.120233 0.007926
1520530379.901824 1.120296 0.007926
1520530380.001827 1.120219 0.007926
1520530380.101830 1.120271 0.007926
1520530380.201888 1.120223 0.007926
1520530380.301736 1.120190 0.007926
1520530380.402163 1.120128 0.007926
1520530380.502165 1.120133 0.007925
1520530380.552166 1.120039 0.007923
1520530380.652170 1.120012 0.007924
1520530380.752135 1.120188 0.007925
1520530380.852138 1.120256 0.007925
1520530380.902139 1.120212 0.007925
1520530381.002143 1.120266 0.007926
1520530381.052144 1.120233 0.007925
1520530381.152048 1.120191 0.007926
1520530381.202049 1.120147 0.007926
1520530381.302052 1.120117 0.007926
1520530381.402056 1.120133 0.007926
1520530381.502058 1.120113 0.007926
1520530381.602264 1.120127 0.007926
1520530381.752268 1.120118 0.007926
1520530381.852271 1.120111 0.007926
1520530381.952332 1.120225 0.007926
1520530382.052335 1.120358 0.007926
1520530382.152338 1.120478 0.007926
1520530382.252342 1.120585 0.007926
1520530382.352159 1.120690 0.007925
1520530382.452162 1.120663 0.007926
1520530382.552165 1.120594 0.007926
1520530382.652168 1.120625 0.007926
1520530382.752171 1.120630 0.007926
1520530382.902248 1.120641 0.007926
1520530383.052252 1.120645 0.007926
1520530383.202206 1.120618 0.007926
1520530383.302209 1.120553 0.007925
1520530383.402267 1.120588 0.007926
1520530383.502216 1.120635 0.007926
1520530383.602472 1.120678 0.007926
1520530383.702475 1.120817 0.007925
1520530383.802478 1.120840 0.007926
1520530383.902481 1.120832 0.007926
1520530384.002530 1.120905 0.007925
1520530384.102533 1.121120 0.007925
1520530384.202536 1.121400 0.007925
1520530384.252537 1.121432 0.007923
1520530384.352541 1.121356 0.007921
1520530384.402432 1.120989 0.007923
1520530384.502435 1.121048 0.007925
1520530384.602439 1.121051 0.007925
1520530384.702442 1.121003 0.007925
1520530384.802857 1.120943 0.007926
1520530384.902860 1.120954 0.007926
1520530384.952861 1.120920 0.007926
1520530385.052864 1.120943 0.007925
1520530385.152867 1.121113 0.007926
1520530385.252705 1.121155 0.007925
1520530385.302707 1.121035 0.007925
1520530385.402710 1.121123 0.007925
1520530385.452712 1.121005 0.007926
1520530385.552715 1.120922 0.007925
1520530385.602716 1.120876 0.007926
1520530385.702487 1.120890 0.007926
1520530385.752489 1.120873 0.007925
1520530385.852492 1.120932 0.007926
1520530385.902494 1.120990 0.007925
1520530386.002497 1.120958 0.007926
1520530386.102546 1.120982 0.007926
1520530386.202549 1.120939 0.007926
1520530386.302552 1.120943 0.007926
1520530386.452758 1.120951 0.007926
1520530386.552761 1.121000 0.007926
1520530386.652764 1.120949 0.007926
1520530386.752767 1.120868 0.007926
1520530386.852674 1.120961 0.007926
1520530386.952678 1.120974 0.007926
1520530387.052681 1.120945 0.007926
1520530387.152684 1.120923 0.007926
1520530387.252606 1.120879 0.007926
1520530387.352609 1.120926 0.007926
1520530387.402611 1.120885 0.007926
1520530387.502614 1.120816 0.007926
1520530387.602617 1.120771 0.007925
1520530387.652619 1.120909 0.007916
1520530387.752459 1.120795 0.007925
1520530387.802460 1.120956 0.007926
1520530387.902463 1.120922 0.007925
1520530387.952465 1.120934 0.007924
1520530388.052468 1.120973 0.007925
1520530388.102494 1.121015 0.007923
1520530388.202544 1.120963 0.007926
1520530388.252499 1.120994 0.007925
1520530388.352502 1.121033 0.007925
1520530388.452505 1.121031 0.007926
1520530388.552854 1.121026 0.007926
1520530388.702858 1.121150 0.007926
1520530388.852863 1.120925 0.007925
1520530388.952235 1.120939 0.007926
1520530389.052238 1.120963 0.007926
1520530389.152242 1.120988 0.007925
1520530389.252245 1.120948 0.007926
1520530389.302934 1.120949 0.007924
1520530389.402938 1.120882 0.007925
1520530389.502940 1.120948 0.007925
1520530389.602943 1.121047 0.007925
1520530389.702846 1.121171 0.007926
1520530389.803445 1.121117 0.007925
1520530389.903408 1.121128 0.007925
1520530389.953409 1.121216 0.007925
1520530390.053412 1.121358 0.007925
1520530390.103414 1.121385 0.007925
1520530390.202569 1.121005 0.007925
1520530390.252572 1.121005 0.007919
1520530390.352575 1.120931 0.007924
1520530390.452578 1.120868 0.007925
1520530390.553324 1.120689 0.007920
1520530390.653327 1.120771 0.007926
1520530390.753331 1.120799 0.007925
1520530390.853334 1.120838 0.007925
1520530390.953379 1.120729 0.007924
1520530391.003381 1.120738 0.007925
1520530391.103384 1.120723 0.007925
1520530391.203387 1.120752 0.007925
1520530391.352333 1.120723 0.007924
1520530391.452336 1.120715 0.007925
1520530391.552339 1.120824 0.007925
1520530391.652342 1.120828 0.007925
1520530391.752424 1.120809 0.007925
1520530391.902429 1.120784 0.007925
1520530392.002432 1.120736 0.007925
1520530392.052433 1.120732 0.007926
1520530392.152436 1.120744 0.007925
1520530392.203142 1.120755 0.007925
1520530392.303145 1.120742 0.007925
1520530392.353147 1.120713 0.007925
1520530392.453150 1.120725 0.007925
1520530392.553153 1.120745 0.007925
1520530392.652236 1.120686 0.007925
1520530392.752239 1.120621 0.007924
1520530392.852242 1.120736 0.007925
1520530392.902243 1.120817 0.007925
1520530393.002174 1.120836 0.007923
1520530393.102156 1.120755 0.007924
1520530393.202159 1.120727 0.007925
1520530393.302161 1.120760 0.007925
1520530393.402921 1.120797 0.007925
1520530393.502924 1.121388 0.007912
1520530393.552926 1.120758 0.007922
1520530393.652929 1.120693 0.007925
1520530393.702931 1.120683 0.007924
1520530393.802958 1.120755 0.007925
1520530393.902961 1.120724 0.007925
1520530394.052965 1.120769 0.007925
1520530394.152969 1.120691 0.007924
1520530394.202165 1.120707 0.007926
1520530394.302169 1.120736 0.007925
1520530394.402172 1.120734 0.007924
1520530394.452173 1.120741 0.007923
1520530394.552176 1.120821 0.007922
1520530394.602189 1.120709 0.007922
1520530394.702878 1.120714 0.007923
1520530394.802881 1.120624 0.007925
1520530394.902884 1.120630 0.007925
1520530395.002887 1.120580 0.007924
1520530395.053731 1.120611 0.007925
1520530395.153734 1.120627 0.007925
1520530395.253737 1.120685 0.007920
1520530395.353740 1.120724 0.007923
1520530395.452705 1.120726 0.007925
1520530395.552709 1.120708 0.007925
1520530395.652712 1.120670 0.007925
1520530395.802716 1.120680 0.007925
1520530395.903079 1.120661 0.007925
1520530396.003083 1.120611 0.007925
1520530396.103085 1.120600 0.007925
1520530396.203089 1.120594 0.007925
1520530396.303237 1.120626 0.007925
1520530396.403240 1.120626 0.007925
1520530396.503243 1.120607 0.007925
1520530396.603246 1.120624 0.007925
1520530396.703145 1.120626 0.007925
1520530396.803148 1.120568 0.007925
1520530396.903152 1.120552 0.007925
1520530397.003155 1.120509 0.007925
1520530397.102782 1.120570 0.007925
1520530397.202785 1.120683 0.007923
1520530397.302788 1.120544 0.007924
1520530397.402791 1.120631 0.007925
1520530397.502304 1.120672 0.007925
1520530397.602308 1.120759 0.007923
1520530397.702310 1.120659 0.007922
1520530397.802315 1.120554 0.007920
1520530397.902585 1.120617 0.007924
1520530398.002588 1.120589 0.007923
1520530398.052589 1.120559 0.007925
1520530398.152592 1.120569 0.007925
1520530398.252596 1.120558 0.007925
1520530398.353367 1.120542 0.007925
1520530398.453370 1.120524 0.007924
1520530398.503371 1.120572 0.007925
1520530398.603375 1.120743 0.007925
1520530398.653376 1.120641 0.007924
1520530398.753223 1.120588 0.007925
1520530398.803225 1.120461 0.007925
1520530398.903227 1.120552 0.007925
1520530398.953229 1.120459 0.007925
1520530399.053232 1.120522 0.007925
1520530399.103233 1.120545 0.007925
1520530399.202332 1.120581 0.007925
1520530399.252333 1.120574 0.007924
1520530399.352336 1.120540 0.007922
1520530399.402342 1.120592 0.007925
1520530399.502341 1.120574 0.007925
1520530399.553006 1.120534 0.007925
1520530399.653009 1.120506 0.007925
1520530399.753012 1.120555 0.007925
1520530399.853016 1.120423 0.007925
1520530399.953275 1.120439 0.007925
1520530400.003276 1.120428 0.007925
1520530400.103279 1.120344 0.007925
1520530400.153281 1.120302 0.007924
1520530400.253284 1.120439 0.007925
1520530400.303286 1.120496 0.007925
1520530400.402496 1.120475 0.007925
1520530400.452498 1.120488 0.007925
1520530400.552501 1.120483 0.007925
1520530400.602502 1.120469 0.007924
1520530400.702505 1.120492 0.007924
1520530400.802292 1.120504 0.007924
1520530400.852294 1.120414 0.007924
1520530400.952297 1.120332 0.007923
1520530401.052300 1.120280 0.007923
1520530401.152303 1.120338 0.007925
1520530401.252756 1.120288 0.007924
1520530401.302758 1.120368 0.007925
1520530401.402761 1.120545 0.007925
1520530401.452763 1.120494 0.007924
1520530401.552766 1.120473 0.007925
1520530401.653039 1.120490 0.007925
1520530401.753042 1.120483 0.007925
1520530401.853045 1.120473 0.007925
1520530401.903047 1.120451 0.007925
1520530402.002281 1.120381 0.007923
1520530402.052283 1.120448 0.007922
1520530402.152286 1.120433 0.007925
1520530402.202287 1.120450 0.007924
1520530402.302290 1.120467 0.007925
1520530402.352292 1.120436 0.007925
1520530402.452569 1.120479 0.007924
1520530402.502571 1.120461 0.007925
1520530402.602574 1.120448 0.007924
1520530402.702577 1.120433 0.007925
1520530402.803416 1.120436 0.007925
1520530402.903419 1.120406 0.007925
1520530402.953420 1.120521 0.007925
1520530403.053424 1.120568 0.007925
1520530403.103425 1.120623 0.007925
1520530403.202933 1.120619 0.007925
1520530403.302936 1.120755 0.007923
1520530403.402940 1.120681 0.007925
1520530403.452941 1.120676 0.007924
1520530403.552945 1.120520 0.007925
1520530403.602946 1.120509 0.007925
1520530403.702256 1.120439 0.007925
1520530403.752257 1.120426 0.007924
1520530403.852261 1.120383 0.007925
1520530403.902261 1.120363 0.007924
1520530404.002264 1.120431 0.007925
1520530404.052745 1.120486 0.007925
1520530404.152748 1.120447 0.007925
1520530404.202749 1.120377 0.007919
1520530404.302752 1.120368 0.007925
1520530404.402755 1.120366 0.007925
1520530404.503114 1.120300 0.007925
1520530404.603117 1.120306 0.007925
1520530404.703120 1.120277 0.007925
1520530404.753122 1.120234 0.007925
1520530404.852642 1.120265 0.007925
1520530404.902643 1.120283 0.007925
1520530405.002647 1.120255 0.007925
1520530405.052648 1.120224 0.007924
1520530405.152651 1.120203 0.007925
1520530405.252327 1.120187 0.007924
1520530405.302330 1.120327 0.007923
1520530405.402333 1.120446 0.007925
1520530405.452334 1.120413 0.007925
1520530405.552337 1.120398 0.007925
1520530405.602339 1.120410 0.007925
1520530405.702792 1.120369 0.007924
1520530405.752795 1.120456 0.007922
1520530405.852855 1.120487 0.007921
1520530405.902800 1.120397 0.007924
1520530406.002803 1.120417 0.007925
1520530406.103570 1.120501 0.007925
1520530406.203573 1.120559 0.007925
1520530406.253574 1.120577 0.007925
1520530406.353577 1.120459 0.007925
1520530406.403579 1.120388 0.007923
1520530406.503485 1.120337 0.007925
1520530406.603489 1.120099 0.007925
1520530406.703492 1.120236 0.007925
1520530406.803495 1.120372 0.007925
1520530406.902692 1.120525 0.007925
1520530407.002694 1.120470 0.007924
1520530407.052696 1.120375 0.007924
1520530407.152699 1.120414 0.007925
1520530407.202701 1.120223 0.007914
1520530407.303185 1.120448 0.007924
1520530407.353185 1.120627 0.007925
1520530407.453221 1.120529 0.007924
1520530407.503190 1.120373 0.007925
1520530407.603193 1.120349 0.007925
1520530407.653194 1.120390 0.007925
1520530407.753511 1.120392 0.007924
1520530407.803513 1.120352 0.007923
1520530407.903516 1.120347 0.007925
1520530407.953518 1.120413 0.007924
1520530408.053521 1.120411 0.007925
1520530408.153603 1.120395 0.007924
1520530408.253606 1.120406 0.007925
1520530408.353609 1.120385 0.007925
1520530408.453613 1.120305 0.007925
1520530408.553374 1.120418 0.007924
1520530408.653377 1.120444 0.007924
1520530408.753380 1.120441 0.007924
1520530408.853383 1.120416 0.007925
1520530408.952878 1.120399 0.007924
1520530409.052890 1.120373 0.007925
1520530409.152884 1.120402 0.007925
1520530409.252887 1.120440 0.007924
1520530409.352902 1.120382 0.007923
1520530409.452906 1.120216 0.007923
1520530409.552909 1.120215 0.007925
1520530409.652912 1.119738 0.007923
1520530409.752654 1.119962 0.007920
1520530409.852657 1.120420 0.007922
1520530409.952660 1.120528 0.007924
1520530410.052664 1.120516 0.007922
1520530410.153223 1.120531 0.007924
1520530410.253226 1.120542 0.007925
1520530410.353231 1.120555 0.007923
1520530410.453232 1.120553 0.007924
1520530410.553235 1.120539 0.007924
1520530410.603875 1.120543 0.007924
1520530410.703878 1.120575 0.007924
1520530410.803881 1.120668 0.007924
1520530410.903884 1.120565 0.007924
1520530411.003418 1.120672 0.007923
1520530411.103421 1.120501 0.007924
1520530411.253426 1.120419 0.007924
1520530411.403009 1.120464 0.007924
1520530411.503012 1.120540 0.007924
1520530411.603015 1.120549 0.007924
1520530411.703018 1.120587 0.007924
1520530411.802907 1.120562 0.007924
1520530411.852907 1.120542 0.007923
1520530411.952910 1.120534 0.007924
1520530412.002912 1.120715 0.007923
1520530412.102915 1.120680 0.007924
1520530412.152916 1.120652 0.007924
1520530412.253417 1.120645 0.007924
1520530412.353420 1.120653 0.007924
1520530412.453423 1.120566 0.007924
1520530412.553426 1.120555 0.007923
1520530412.653630 1.120581 0.007923
1520530412.753633 1.120544 0.007924
1520530412.853636 1.120587 0.007924
1520530412.953639 1.120601 0.007924
1520530413.003641 1.120592 0.007923
1520530413.103011 1.120692 0.007923
1520530413.203014 1.120636 0.007923
1520530413.303017 1.120503 0.007923
1520530413.403021 1.120449 0.007923
1520530413.502941 1.120544 0.007923
1520530413.602944 1.120601 0.007920
1520530413.702947 1.120557 0.007921
1520530413.853107 1.120628 0.007919
1520530413.953110 1.120520 0.007923
1520530414.053113 1.120577 0.007924
1520530414.203118 1.120639 0.007924
1520530414.302896 1.120574 0.007924
1520530414.452900 1.120602 0.007924
1520530414.552903 1.120731 0.007920
1520530414.652705 1.120654 0.007922
1520530414.752708 1.120616 0.007923
1520530414.852712 1.120773 0.007924
1520530414.952715 1.120391 0.007924
1520530415.052718 1.120567 0.007923
1520530415.103195 1.120540 0.007924
1520530415.203199 1.120528 0.007924
1520530415.303202 1.120461 0.007924
1520530415.453206 1.120444 0.007924
1520530415.553069 1.120517 0.007924
1520530415.653072 1.120588 0.007924
1520530415.803077 1.120609 0.007923
1520530415.903361 1.120737 0.007923
1520530416.053366 1.120652 0.007922
1520530416.453380 1.120487 0.007924
1520530416.603384 1.120538 0.007923
1520530416.703272 1.120575 0.007923
1520530416.803277 1.120471 0.007924
1520530416.903278 1.120491 0.007924
1520530417.003283 1.120527 0.007923
1520530417.103391 1.120510 0.007924
1520530417.203373 1.120605 0.007924
1520530417.353378 1.120597 0.007924
1520530417.553464 1.120609 0.007923
1520530417.653467 1.120573 0.007924
1520530417.753470 1.120458 0.007924
1520530417.853473 1.120497 0.007924
1520530417.953455 1.120588 0.007924
1520530418.053458 1.120604 0.007924
1520530418.153462 1.120570 0.007924
1520530418.253465 1.120550 0.007924
1520530418.403432 1.120526 0.007924
1520530418.553437 1.120438 0.007924
1520530418.753343 1.120425 0.007924
1520530418.853346 1.120494 0.007924
1520530418.953350 1.120518 0.007924
1520530419.053353 1.120535 0.007924
1520530419.153533 1.120474 0.007925
1520530419.253536 1.120484 0.007924
1520530419.403541 1.120511 0.007924
1520530419.553545 1.120556 0.007924
1520530419.703733 1.120564 0.007925
1520530419.803736 1.120503 0.007925
1520530419.903739 1.120517 0.007924
1520530420.003597 1.120524 0.007925
1520530420.103600 1.120510 0.007924
1520530420.203604 1.120462 0.007925
1520530420.303607 1.120531 0.007925
1520530420.403699 1.120586 0.007925
1520530420.503702 1.120571 0.007924
1520530420.653707 1.120479 0.007924
1520530420.803356 1.120440 0.007924
1520530420.953361 1.120391 0.007924
1520530421.053364 1.120409 0.007924
1520530421.153367 1.120406 0.007924
1520530421.253431 1.120445 0.007924
1520530421.353434 1.120505 0.007924
1520530421.453437 1.120491 0.007923
1520530421.553440 1.120493 0.007924
1520530421.653613 1.120507 0.007924
1520530421.803617 1.120517 0.007924
1520530421.953693 1.120546 0.007924
1520530422.053472 1.120561 0.007924
1520530422.153476 1.120507 0.007924
1520530422.253479 1.120485 0.007924
1520530422.353482 1.120490 0.007924
1520530422.453395 1.120533 0.007924
1520530422.503396 1.120469 0.007924
1520530422.603400 1.120374 0.007924
1520530422.703403 1.120398 0.007923
1520530422.803406 1.120488 0.007924
1520530422.903583 1.120503 0.007924
1520530423.053588 1.120486 0.007924
1520530423.153591 1.120473 0.007924
1520530423.253316 1.120402 0.007924
1520530423.353319 1.120365 0.007924
1520530423.453322 1.120428 0.007924
1520530423.603327 1.120487 0.007924
1520530423.652983 1.120489 0.007924
1520530423.752986 1.120440 0.007924
1520530423.852990 1.120430 0.007924
1520530423.952993 1.120437 0.007924
1520530424.002994 1.120499 0.007924
1520530424.103253 1.120511 0.007924
1520530424.153255 1.120461 0.007917
1520530424.253258 1.120482 0.007919
1520530424.353261 1.120415 0.007906
1520530424.453264 1.120483 0.007915
1520530424.554724 1.120548 0.007924
1520530424.654727 1.120530 0.007920
1520530424.754730 1.120479 0.007924
1520530424.854733 1.120478 0.007922
1520530424.903374 1.120467 0.007919
1520530425.003378 1.120470 0.007923
1520530425.053379 1.120470 0.007920
1520530425.153383 1.120433 0.007921
1520530425.253385 1.120494 0.007908
1520530425.353734 1.120566 0.007922
1520530425.453737 1.120552 0.007923
1520530425.603741 1.120589 0.007923
1520530425.653743 1.120557 0.007917
1520530425.753677 1.120530 0.007923
1520530425.803679 1.120574 0.007924
1520530425.903682 1.120552 0.007923
1520530426.003685 1.120443 0.007923
1520530426.103474 1.120608 0.007921
1520530426.203477 1.120548 0.007922
1520530426.253478 1.120575 0.007920
1520530426.353481 1.120607 0.007921
1520530426.403483 1.120628 0.007922
1520530426.503486 1.120600 0.007924
1520530426.653554 1.120725 0.007921
1520530426.753558 1.120523 0.007919
1520530426.803559 1.120653 0.007916
1520530426.903562 1.120228 0.007913
1520530427.003600 1.120387 0.007912
1520530427.103603 1.120413 0.007917
1520530427.153605 1.120351 0.007919
1520530427.253608 1.120445 0.007922
1520530427.353592 1.120195 0.007921
1520530427.453595 1.120214 0.007923
1520530427.803679 1.120234 0.007922
1520530427.903683 1.120358 0.007923
1520530428.003686 1.120818 0.007923
1520530428.053687 1.120699 0.007924
1520530428.153535 1.120591 0.007923
1520530428.203537 1.120494 0.007921
1520530428.303540 1.120369 0.007916
1520530428.353542 1.120419 0.007922
1520530428.453544 1.120418 0.007922
1520530428.503546 1.120391 0.007923
1520530428.603452 1.120284 0.007917
1520530428.653454 1.120380 0.007921
1520530428.753457 1.120390 0.007922
1520530428.803458 1.120414 0.007923
1520530428.903461 1.120037 0.007922
1520530428.953463 1.119915 0.007924
1520530429.053445 1.120060 0.007923
1520530429.103447 1.120315 0.007923
1520530429.203450 1.120015 0.007922
1520530429.253451 1.120020 0.007923
1520530429.353455 1.120156 0.007924
1520530429.403551 1.120288 0.007924
1520530429.503555 1.120376 0.007924
1520530429.553556 1.120703 0.007924
1520530429.653559 1.120775 0.007924
1520530429.703560 1.120901 0.007924
1520530429.803622 1.120539 0.007924
1520530429.853626 1.120666 0.007924
1520530429.953626 1.120681 0.007924
1520530430.003663 1.120594 0.007923
1520530430.103631 1.120543 0.007923
1520530430.153632 1.120479 0.007924
1520530430.253346 1.120464 0.007924
1520530430.303347 1.120451 0.007923
1520530430.403350 1.120437 0.007924
1520530430.453352 1.120513 0.007924
1520530430.553355 1.120502 0.007924
1520530430.603527 1.120552 0.007924
1520530430.703530 1.120565 0.007924
1520530430.753532 1.120623 0.007924
1520530430.853534 1.120583 0.007924
1520530430.953538 1.120518 0.007924
1520530431.053698 1.120529 0.007924
1520530431.153701 1.120568 0.007924
1520530431.253704 1.120585 0.007924
1520530431.303706 1.120611 0.007924
1520530431.403709 1.120575 0.007924
1520530431.453562 1.120580 0.007924
1520530431.553565 1.120459 0.007924
1520530431.603567 1.120451 0.007923
1520530431.703570 1.120487 0.007924
1520530431.753571 1.120524 0.007924
1520530431.853524 1.120568 0.007924
1520530431.903526 1.120643 0.007924
1520530432.003529 1.120713 0.007924
1520530432.053530 1.120737 0.007924
1520530432.153533 1.120626 0.007924
1520530432.203536 1.120618 0.007924
1520530432.303698 1.120662 0.007924
1520530432.353700 1.120610 0.007924
1520530432.453702 1.120402 0.007924
1520530432.553705 1.120419 0.007924
1520530432.603708 1.120497 0.007924
1520530432.703550 1.120463 0.007924
1520530432.753551 1.120390 0.007923
1520530432.853554 1.120428 0.007924
1520530432.903556 1.120589 0.007923
1520530433.003559 1.120525 0.007923
1520530433.053690 1.120789 0.007924
1520530433.153693 1.120843 0.007923
1520530433.253695 1.120746 0.007923
1520530433.353699 1.120677 0.007923
1520530433.403700 1.120463 0.007921
1520530433.503793 1.120615 0.007924
1520530433.603796 1.120660 0.007924
1520530433.703799 1.120660 0.007924
1520530433.803803 1.120621 0.007924
1520530433.903631 1.120589 0.007923
1520530433.953632 1.120605 0.007923
1520530434.053635 1.120633 0.007924
1520530434.103637 1.120795 0.007924
1520530434.203641 1.120741 0.007924
1520530434.253642 1.120668 0.007924
1520530434.353481 1.120616 0.007924
1520530434.403481 1.120576 0.007924
1520530434.503485 1.120605 0.007924
1520530434.553486 1.120646 0.007924
1520530434.653489 1.120768 0.007924
1520530434.703655 1.120932 0.007922
1520530434.803658 1.120746 0.007924
1520530434.853723 1.120563 0.007923
1520530434.953663 1.120336 0.007923
1520530435.053667 1.120424 0.007924
1520530435.153798 1.120487 0.007923
1520530435.203799 1.120540 0.007924
1520530435.303802 1.120634 0.007924
1520530435.353804 1.120579 0.007923
1520530435.453807 1.120679 0.007924
1520530435.504086 1.120775 0.007923
1520530435.604089 1.120753 0.007924
1520530435.654091 1.120753 0.007924
1520530435.754094 1.120586 0.007924
1520530435.804096 1.120675 0.007924
1520530435.904099 1.120756 0.007924
1520530435.953835 1.120654 0.007924
1520530436.053838 1.120610 0.007924
1520530436.103839 1.120624 0.007924
1520530436.203843 1.120649 0.007924
1520530436.303846 1.120660 0.007924
1520530436.403957 1.120590 0.007922
1520530436.553962 1.120559 0.007923
1520530436.754031 1.120593 0.007923
1520530436.854034 1.120695 0.007923
1520530436.904035 1.120740 0.007920
1520530437.004039 1.120959 0.007923
1520530437.054040 1.121057 0.007919
1520530437.153533 1.120573 0.007924
1520530437.203536 1.120936 0.007922
1520530437.303539 1.120843 0.007921
1520530437.353539 1.120771 0.007922
1520530437.453545 1.120761 0.007924
1520530437.553870 1.120705 0.007922
1520530437.603872 1.120753 0.007924
1520530437.703875 1.120551 0.007921
1520530437.803878 1.120638 0.007924
1520530437.903881 1.120672 0.007923
1520530437.954482 1.120575 0.007923
1520530438.104484 1.120565 0.007923
1520530438.204487 1.120654 0.007923
1520530438.254489 1.120535 0.007923
1520530438.354492 1.120399 0.007924
1520530438.403621 1.120465 0.007923
1520530438.503624 1.120513 0.007924
1520530438.553626 1.120609 0.007924
1520530438.653629 1.120591 0.007924
1520530438.703631 1.120644 0.007924
1520530438.804389 1.120590 0.007921
1520530438.854392 1.120601 0.007922
1520530438.954395 1.120773 0.007922
1520530439.104398 1.120819 0.007923
1520530439.254655 1.120654 0.007923
1520530439.404660 1.120674 0.007924
1520530439.604177 1.120659 0.007923
1520530439.754182 1.120487 0.007923
1520530439.854185 1.120572 0.007922
1520530439.954188 1.120456 0.007924
1520530440.054101 1.120355 0.007924
1520530440.204106 1.120480 0.007923
1520530440.304109 1.120470 0.007924
1520530440.404112 1.120521 0.007924
1520530440.503979 1.120641 0.007924
1520530440.603982 1.120602 0.007924
1520530440.703986 1.120535 0.007924
1520530440.803989 1.120574 0.007924
1520530440.903872 1.120630 0.007924
1520530441.003875 1.120837 0.007924
1520530441.103878 1.120740 0.007924
1520530441.203881 1.120779 0.007923
1520530441.303927 1.120714 0.007924
1520530441.403893 1.120644 0.007924
1520530441.503896 1.120498 0.007924
1520530441.603899 1.120435 0.007924
1520530441.704084 1.120381 0.007923
1520530441.854089 1.120423 0.007924
1520530442.004094 1.120535 0.007924
1520530442.104032 1.120380 0.007923
1520530442.204035 1.120369 0.007924
1520530442.304038 1.120156 0.007924
1520530442.404042 1.120259 0.007923
1520530442.503716 1.120441 0.007923
1520530442.553717 1.120571 0.007923
1520530442.653721 1.120645 0.007924
1520530442.703722 1.120614 0.007921
1520530442.803725 1.120610 0.007924
1520530442.904376 1.120626 0.007924
1520530443.004379 1.120673 0.007924
1520530443.104382 1.120836 0.007924
1520530443.254387 1.120376 0.007920
1520530443.504473 1.120888 0.007922
1520530443.604476 1.121424 0.007922
1520530443.704013 1.120773 0.007920
1520530443.804016 1.120758 0.007924
1520530443.904020 1.120641 0.007923
1520530444.004023 1.120352 0.007923
1520530444.104403 1.120385 0.007922
1520530444.154403 1.120324 0.007922
1520530444.254406 1.120521 0.007924
1520530444.354410 1.120534 0.007924
1520530444.454413 1.120407 0.007922
1520530444.555263 1.120384 0.007922
1520530444.655166 1.121733 0.007924
1520530444.755169 1.120710 0.007922
1520530444.855172 1.120569 0.007924
1520530444.954962 1.120464 0.007924
1520530445.054965 1.120323 0.007923
1520530445.154968 1.120302 0.007923
1520530445.254971 1.120452 0.007923
1520530445.353892 1.120448 0.007921
1520530445.453896 1.120474 0.007920
1520530445.503898 1.120487 0.007924
1520530445.603900 1.120557 0.007922
1520530445.653902 1.120631 0.007919
1520530445.753751 1.120640 0.007923
1520530445.803752 1.120596 0.007923
1520530445.903755 1.120405 0.007917
1520530445.953757 1.120508 0.007917
1520530446.053761 1.120514 0.007923
1520530446.154954 1.120513 0.007923
1520530446.304903 1.121305 0.007923
1520530446.404906 1.120735 0.007924
1520530446.504909 1.120628 0.007923
1520530446.604785 1.120608 0.007924
1520530446.704788 1.120401 0.007924
1520530446.804791 1.120396 0.007923
1520530446.904794 1.120441 0.007924
1520530446.954330 1.120509 0.007923
1520530447.054334 1.120589 0.007923
1520530447.154337 1.120537 0.007924
1520530447.254340 1.120470 0.007923
1520530447.354343 1.120420 0.007924
1520530447.454125 1.120433 0.007924
1520530447.554128 1.120568 0.007924
1520530447.704133 1.120693 0.007924
1520530447.904075 1.120712 0.007924
1520530448.203885 1.120424 0.007924
1520530448.353889 1.120561 0.007924
