DelayedMarginalization 0.00126691 6.03599e-08 0.00215932 1351
DelayedMarginalizationOnly 0.000603089 3.45685e-08 0.00118501 1351
EF-marginalizeFrame 0.00187006 1.05498e-07 0.0032733 1351
FullSystem::trackNewCoarse 0.0041854 1.11814e-06 0.0116207 2671
FullSystem::trackNewCoarseNoIMU 0.00256194 3.45539e-05 0.0646615 114
FullSystemOptimize 0.0517577 0.000109567 0.0991755 1357
GraphUnrolling 0.00250792 7.86855e-06 0.00734332 5
IMUInitAddPose 2.90106e-05 2.72671e-11 0.000106933 1357
IMUInitOptimize 0.00224546 5.97167e-07 0.00279189 2
IMUIntegration::finishKeyframeOperations 6.56601e-05 1.99526e-10 0.000165463 1350
InitializerFirstFrame 0.0342969 -nan 0.0342969 1
InitializerOtherFrames 0.0566378 0.000110558 0.0776676 33
MainMarginalization 0.00158901 8.02379e-08 0.00265521 1351
MarginalizationReplacementBuildGraph 0.000740009 7.26783e-07 0.00225577 5
MarginalizationReplacementReplaceGraph 0.00314277 8.49701e-06 0.00743802 4
MarginalizeMainGraph 0.000662922 1.44871e-08 0.00115236 1351
PGBA 0.00876852 -nan 0.00876852 1
PGBAFull 0.0019642 1.53657e-05 0.00993863 6
PrepareGraphForMainOptimization 0.00255082 7.91716e-06 0.00739861 5
VisualMarginalization 5.10661e-05 7.94234e-11 0.000108705 1351
activatePointsMT 0.00425715 2.11508e-06 0.0143703 1357
addActiveFrame 0.0566811 0.0020223 0.173221 2819
addIMUData 0.000863594 4.30599e-08 0.00169775 2671
addIMUDataToBA 4.35657e-05 2.58524e-10 0.000319964 2818
addKeyframeToBA 4.14172e-05 3.50729e-11 7.393e-05 1357
afterCoarseTracking 7.60819e-05 9.29142e-08 0.00281296 2785
baIteration 0.00824789 2.37806e-06 0.0279301 7494
baMatrixInversion 0.000316037 8.93224e-09 0.000931521 7494
baUpdateBuildHessians 0.000683734 8.04187e-08 0.0217636 7494
coarseTrackingIteration 0.000243729 7.89131e-09 0.00104043 32568
computeBAUpdate 0.00111683 1.24991e-07 0.0221475 7494
computeCoarseUpdate 0.000116961 8.14328e-10 0.000981532 30034
computeFactorForCoarseGraphAndMarginalCovariances 0.00508293 1.8843e-06 0.00887078 1350
convertHAndBFromDSO 0.000216798 9.9082e-09 0.000810731 12903
debugPlot 1.24584e-07 2.28861e-15 6.13e-07 1357
debugPlotIDepthMap 0.00467109 1.44615e-06 0.00850386 1357
debugPlotIDepthMapFloat 2.5966e-07 3.82058e-15 6.57e-07 1357
deliverTrackedFrame 0.0489519 0.00201057 0.167836 2786
flagFramesForMarginalization 2.059e-06 5.7369e-13 2.0668e-05 1357
fullCoarseTracking 0.00515518 3.02899e-06 0.0647312 2785
initObjectsAndMakeImage 0.00252984 1.43557e-07 0.00446271 2819
makeKeyframe 0.0922842 0.000274645 0.166762 1357
makeKeyframeChangeTrackingRef 0.00835068 4.34444e-06 0.0147857 1357
makeNewTraces 0.00753405 2.39039e-06 0.01392 1357
makeNonKeyframe 0.00567964 4.49403e-06 0.0116849 1429
marginalizeAndRemovePoints 0.00516685 3.14152e-06 0.0121946 1357
marginalizeFrame 0.00370561 7.57285e-07 0.00828288 1351
marginalizeFrameOverhead 0.00183236 5.19806e-07 0.00603615 1351
marginalizeFrames 0.00370052 1.11909e-06 0.0104835 1357
newFrameAndNewResidualsForOldPoints 0.00122098 9.20043e-08 0.00274246 1357
printBiases 3.88657e-05 1.84182e-10 0.000312094 1357
printEigenValLine 1.35948e-07 8.869e-16 5.07e-07 1357
printLogLine 2.06193e-07 2.25126e-15 5.3e-07 1357
publishInMakeKeyframe 0.000437256 7.58135e-08 0.00296651 1357
removeOutliers 0.000310482 1.03914e-08 0.00107052 1357
swapTrackingRef 2.81918e-05 2.23515e-11 0.00010881 1357
timeMeasurement 9.54988e-07 4.81053e-14 2.255e-06 2819
traceNewCoarse 0.00471078 4.18462e-06 0.0116674 2786
updateBAValues 8.28294e-06 6.78758e-12 7.0472e-05 12515
zero 1.27817e-07 1.05985e-15 5.73e-07 2819
