1403636898.65167 -7.48999789465521e-06  1.03029031385052e-05  1.02128561147302e-05 2.65628528256512e-07 2.40310804783261e-07 5.42229732569677e-06 0.999999999985235
1403636899.00167 0.00116488813462869  -0.078921199805103  0.0282803190818551 -0.0030389302774573 -0.0088569166790082 0.00984318485652214 0.999907711562217
1403636899.15167 0.00783658612152108  -0.109059364422773  0.0545687643379563 0.00158103544035262 0.00109707800045974 0.0187760274643052 0.999821862903316
1403636899.25167 0.0174013531156767 -0.129415665065377 0.0761916793774278 0.0110499424504679 0.0174764248587813 0.0232233647487157 0.999516457431164
1403636899.35167 0.0308660973461045 -0.148494420198123 0.0981504504644179 0.0207666077645758 0.0399014633718141 0.0294937558176256 0.998552321909328
1403636899.50167 0.0542474540066952 -0.172356728737047  0.126165224106841 0.0226013165222645 0.0739899392401452 0.0448897992785353 0.995991754636269
1403636899.70167 0.0896486045178835 -0.196516249679446  0.152875764314066 0.00861644014250051 0.0981814325274221 0.0645065915624188 0.993038298813864
1403636899.95167  0.152897135992585 -0.217025157971318  0.187226821574412 0.00527484446602999 0.117448462836231 0.058717576569582 0.991327534569206
1403636900.20167  0.224551362968482 -0.236438630064616  0.223379263083243 0.022935370570991 0.122479058360688 0.0503563779089005 0.990927385959106
1403636900.45167   0.29162668221251 -0.295820465836682   0.22406804308279 0.00906093739995348 0.116038509517142 0.0487129011124486 0.99200807304562
1403636900.75167  0.370083056206175 -0.357924578087155  0.225084930894657 -0.00951106074517363 0.105969923701518 0.0498124400875215 0.993075342462355
1403636901.10167  0.480054211796361 -0.384017080704532  0.279013651033129 0.0017315919720669 0.095747303853434 0.0677501468423576 0.993095852874676
1403636901.40167 0.619961454770077 -0.39760008616836  0.33859388900952 0.00434754873950544 0.099010055243529 0.0601520995326387 0.993257183564482
1403636901.60167  0.732072253686531 -0.429434237251927  0.372974816166934 0.00540060303605802 0.103435739715759 0.050191264611351 0.99335427627459
1403636901.85167  0.873851684715159 -0.441466840735934  0.424140153020612 0.00949806859394095 0.104041978238593 0.0496992994792276 0.993284970735216
1403636902.10167   1.01377989224953 -0.427620889718442  0.483712355537879 0.010566187188581 0.103896711267022 0.0461199577351469 0.993462016674368
1403636902.40167   1.18103520389586 -0.429869550959387   0.53730805280951 0.00900917452695141 0.103739258182736 0.050312284154167 0.993290327723586
1403636902.65167   1.31901011594652 -0.373328839656736  0.605425414031753 0.00671007989899008 0.113378421423938 0.0418745866964771 0.992646375791583
1403636902.95167   1.47166308835476 -0.352111746446435  0.670275543569874 0.0138110582508235 0.114697828001524 0.042480963455901 0.992395601897542
1403636903.25167   1.60940607869387 -0.403864599594239  0.697007605826544 0.00895681395907494 0.107599613347614 0.0434179426800511 0.993205407226812
1403636903.55167   1.73744480488414 -0.472193203134854  0.715517586123569 0.00502519154901648 0.10552460026298 0.0367639526763502 0.993724165939847
1403636903.95167   1.89540991731433 -0.504915735618428  0.775748552179549 -0.00215803903145617 0.0968814807425847 0.0536912714247632 0.993844338379736
1403636904.30167  2.06207452761346 -0.61000678477007 0.819903668197545 0.00633583382860636 0.0959602614253207 0.0604761113543204 0.993526107051214
1403636904.65167   2.26462999646717 -0.695567944403609  0.866916505778502 0.00741833403855482 0.104067222879942 0.0510667097206078 0.993230674415798
1403636905.00167   2.47166949440106 -0.739708744740495   0.92644680072572 0.00559687546428134 0.114161890887259 0.0418635518209839 0.992563942868677
1403636905.40167   2.68576758891592 -0.783201052797794  0.998350732413936 0.000249747998471023 0.122875092171351 0.0386449460374984 0.991669409377731
1403636905.85167   2.86493791980303 -0.870932266263701   1.09091938071106 -0.00283823021853963 0.104173980029861 0.0329221828674997 0.994009987982618
1403636906.40167    3.0239525522953 -0.912373420030661     1.300512616782 0.00712355292044831 0.0931231298365113 0.0369710044473735 0.994942451860104
1403636906.85167   3.15467319648379 -0.992732575830437   1.47655868049958 0.00389336531434989 0.0922215986411622 0.0396341630439374 0.994941783005621
1403636907.30167  3.29022509103103 -1.05125592147302  1.66690363962358 -0.00941146085634195 0.0874128743218348 0.0321520459517225 0.995608688063972
1403636907.65167  3.39145968192503 -1.12733436823788  1.83729212205288 -0.00921770239376701 0.0778425662723615 0.0511758773124351 0.995608657264497
1403636907.90167  3.49125591690608 -1.22742523327963  1.96355391444165 -0.00604396320830536 0.0762096391789316 0.05462243081703 0.995576190683864
1403636908.15167  3.60949729289478 -1.28290404795158  2.11645644053208 0.00550160720925291 0.079794056012363 0.0357397500561176 0.996155264609457
1403636908.45167   3.7503593517011 -1.35463470097671  2.29381455258093 0.00631170124904892 0.0742759348210605 0.0303876714069908 0.996754652540063
1403636908.75167  3.88166976680294 -1.40415091029759  2.47648722422645 -0.000626795190833279 0.0676558340778586 0.0299110205929424 0.997260059407829
1403636909.00167  3.99056549488909 -1.49727052116855  2.61791385701073 -0.00878230993482756 0.063272805858512 0.0348329145149028 0.997349533081255
1403636909.20167  4.08249929220834 -1.58597883200749   2.7389960189229 -0.00939430898702329 0.0622962492175102 0.0390290423824246 0.997250047953269
1403636909.40167  4.18190412474651 -1.65765143471274  2.87652820286543 -0.00819349095638808 0.0641061463158933 0.0386683001358941 0.997159982788656
1403636909.65167  4.30994535816629 -1.71597539564288  3.07214850044566 0.00141167759960986 0.0672039589628172 0.0404428888717623 0.99691825532778
1403636909.85167  4.41968926231019 -1.73895110920959  3.23777525703267 0.0148411916470301 0.0743208064601885 0.0287022414745504 0.996710759494418
1403636910.10167  4.54436497493458 -1.73826338130965  3.44150041687911 0.0240285419049104 0.0825708887943535 0.00761201835155945 0.996266397443099
1403636910.35167  4.63390091861379 -1.75599764332882  3.61656411895479 0.00804889709013351 0.0731267362637605 0.0264208802557657 0.996940135005886
1403636910.65167 4.72884723037129 -1.8201501764803 3.80280524199949 0.00383402791052304 0.0700920104507477 0.0244815663406804 0.997232702637885
1403636910.95167  4.81256086238593 -1.84776774705209  4.00366888437846 0.00609931799339264 0.0666551500574235 0.0307793235241783 0.997282569051636
1403636911.25167  4.89703991767364 -1.88836389863426  4.18746201351706 0.0147344483831153 0.0661474722183527 0.0311962027333799 0.997213219369351
1403636911.55167   4.9814686429171 -1.97681550076275  4.32825941894832 0.00607866337493745 0.06923339799135 0.0251251688747651 0.997265517474238
1403636911.90167  5.06784122617746 -2.05800801661886  4.49906522935385 0.00340691780950933 0.065391670886783 0.0403371250588741 0.997038233284792
1403636912.25167  5.17089309252778 -2.08731848850956  4.69227708143803 0.00421838204624184 0.0686589271921484 0.0377339798039863 0.996917400659597
1403636912.65167 5.31361862843631 -2.1572307493592 4.90428029047106 0.00630930146515765 0.0687683369516003 0.0460052803888663 0.996551364819835
1403636913.00167  5.47058197095065 -2.15702878299606  5.10549338499481 0.0134229505587287 0.0715336797001574 0.0435892995158176 0.996394866523596
1403636913.55167  5.75371260569004 -2.16938430153857  5.35708852590638 0.0106717463718136 0.0716278664229161 0.0420671489629863 0.996486787448385
1403636914.00167   5.9989076185663 -2.19029614777653  5.52332372864677 0.0110643329748638 0.0756743568801856 0.0332297730249542 0.996517312660097
1403636914.40167   6.2157652673478 -2.23985635194225  5.64044102798849 0.0112364410326158 0.0766693454136595 0.0333100702715553 0.996436647803194
1403636914.80167 6.42632381244682 -2.3164181607056 5.73283352016195 0.0137506164621885 0.080462086771618 0.0283544147360949 0.996259404123364
1403636915.25167  6.63076087483071 -2.35637749305482  5.83459010913358 -0.0028312630593629 0.0837040257455698 0.0298621156712831 0.996039092642005
1403636915.70167  6.80710138211376 -2.37264895798324  5.98869491451449 0.0092237713514941 0.076180775709193 0.0496680230822386 0.995813486019095
1403636916.00167  6.94766080900631 -2.45061379142493  6.06821820743935 0.0142307028729821 0.0773749389913162 0.0428341975536816 0.995979837864082
1403636916.35167  7.11945074458622 -2.52021899912878  6.15016764893183 0.0117547255586424 0.0800405892325349 0.0291921140366108 0.996294710906579
1403636916.60167  7.22917429415442 -2.57214816968521  6.20199193692628 0.0106595543934458 0.103638339492607 0.0296844441853363 0.994114833538237
1403636916.90167  7.34104870970628 -2.59374953609046  6.27556798868734 0.0105223859327379 0.133677309444373 0.039253928411614 0.990191287296678
1403636917.30167  7.44995838099323 -2.55347112131753   6.3937704530224 0.0126418620173527 0.152087078962654 0.0547468593795336 0.986768709032375
1403636917.50167  7.49930517041822 -2.50266753392407  6.45851729540707 0.0124601198734342 0.189726910834494 0.0652259350090183 0.979588700486147
1403636917.80167  7.55578915812359 -2.45069062881904  6.53442120608715 0.0150019418831669 0.223909754072936 0.0797985050882864 0.971221685485042
1403636918.80167 7.58230622520664 -2.5489520473627 6.66558512824432 -0.00587028353351879 0.229309208608819 0.0899092924318398 0.96917446610651
1403636919.10167 7.58958308879981 -2.7016011490492 6.70562166275807 0.021965938160301 0.231769892862719 0.120009353761745 0.965089617254703
1403636919.40167  7.63965734441288 -2.83554604579718  6.70124888995174 0.0247747235386999 0.248660339767696 0.12001272140689 0.960807574491743
1403636919.75167   7.7254254892941 -2.91270459262879  6.67387980501586 0.0202023903355268 0.26856087255186 0.0960310130643275 0.958250993053883
1403636920.50167  7.85371902528993 -2.80345407580291  6.57251926236058 0.0223674564480065 0.267343313530058 0.0907527892373532 0.959057443977396
1403636921.60167  7.88990779298015 -2.73419540689828  6.25363713344419 0.0192193879221387 0.264151912429 0.112518946349342 0.957702390620611
1403636921.90167  7.89428646734842 -2.63989467946347  6.19071748423973 -0.0145035111879301 0.2657262830428 0.114534095494548 0.957110825157006
1403636922.35167  7.94231411936665 -2.53172603182822  6.12170400113888 -0.00326989299901767 0.290248134109805 0.103732065064586 0.951306988896323
1403636922.85167  7.98159573996823 -2.45318338927262  6.09347157931529 0.0129629177512414 0.326929101233936 0.119218478065197 0.937409344959588
1403636923.40167  8.00026501618608 -2.37127711032422  6.03262799221397 -0.00100953914282803 0.362240653326804 0.13972984819109 0.921551007504514
1403636924.70167  8.29479714634542 -2.36230998723787  6.18621514371106 0.0116383013590321 0.363236902659616 0.161613069218851 0.917499165310459
1403636925.25167  8.56499742481757 -2.30480196447182  6.30008576836631 0.00430489375144727 0.390913345694451 0.148551384903043 0.908350543618017
1403636925.50167  8.68843274544518 -2.22193081833772  6.34501132610054 -0.030834906998999 0.39856901471585 0.151895460927831 0.903946745095264
1403636926.00167   9.0029552593743 -2.23383942924629  6.50893760998042 -0.0201089404521015 0.406134447888548 0.144191454928031 0.902141488391868
1403636926.25167  9.16649550464118 -2.27426201364061  6.63384297769727 0.0218396145849722 0.403782341749802 0.147584422977075 0.902608270414331
1403636926.85167  9.49303035351328 -2.24578476056088  6.84194484791821 0.0116887329829908 0.399108613504816 0.160880168506341 0.902603600440906
1403636927.15167  9.64577180556578 -2.25044745890814  6.86799725482225 0.0107743460061777 0.439082244664153 0.185356316821325 0.879052746826526
1403636927.35167  9.75817028940437 -2.22038039275511  6.87556256281619 0.00533705619214891 0.47896036990485 0.194820504733318 0.855928414546022
1403636927.60167   9.8985257141578 -2.15582104593224  6.89390896955819 -0.0312775681381422 0.502235458217199 0.207501888913065 0.838882723828685
1403636928.05167  10.2357321226826 -2.13648829598662  6.95224632886615 -0.0331251680015278 0.512350715653216 0.210023582078694 0.832039399539074
1403636928.30167  10.4650092842468 -2.12848297904671  7.02272278511607 -0.00341523975548874 0.514688181658211 0.199273069098086 0.833891273327049
1403636928.70167  10.8170081848001 -2.08391737431518  7.13288132652361 -0.0030875758155452 0.513403341085729 0.191348567777377 0.836536431870807
1403636929.10167  11.1382043880437 -2.16154205419583  7.20737597211866 0.0101971650534268 0.512795451223756 0.192301151739131 0.836634394505092
1403636929.45167  11.3987237930115 -2.26676927777221  7.23640189445066 0.0201713093770291 0.507099647394322 0.203029650846248 0.837390008758059
1403636929.95167  11.7216646907287 -2.27476327554944  7.25155267192494 0.00665774438016897 0.510473336744803 0.184019612502466 0.839946087035851
1403636930.45167  11.9763514774545 -2.34384656484827  7.21498540044993 0.00642456976839745 0.508707252668658 0.190867070491764 0.83949116575905
1403636931.00167  12.2014216616808 -2.33827726314898  7.14631724607234 0.0240708645851878 0.507841607139636 0.213083996204414 0.83433368989722
1403636931.25167   12.301656421973 -2.29412692388776  7.07747210417781 0.024760081143497 0.534676245736479 0.198819929453573 0.820962171040169
1403636931.60167 12.3851488762804 -2.2760471220932 6.92442366636347 0.0070251384752057 0.55732632631722 0.171467922053244 0.812364921159142
1403636932.35167  12.3257319314804 -2.17801530403529  6.69841141006223 0.0100821813851228 0.562132054024702 0.178687560625624 0.807450716226168
1403636932.75167  12.1812825536357 -2.20022901976394  6.57735776594913 0.0108376078234569 0.590704995742059 0.196058700050619 0.782630909430812
1403636933.10167  11.9836807367142 -2.25186828958405  6.47947432354369 0.00427048704050959 0.616176006843191 0.21537055166652 0.757577994008588
1403636933.35167  11.8227838960417 -2.21618209605337  6.44428348782827 -0.0244540708836549 0.618238999637741 0.244951053341371 0.746445925175491
1403636933.80167  11.5983891921641 -2.15755786710184  6.41164975497108 -0.00357989274171516 0.624358312029035 0.228852882838127 0.746853560334883
1403636934.20167   11.416954449058 -2.16171267834032  6.36843040154105 0.0048186707539663 0.652773580999239 0.239496327639671 0.718682782184676
1403636934.40167  11.3206477230429 -2.11416255472098  6.35506284133128 0.00827973627089823 0.686711641699562 0.255264077907628 0.680587112463603
1403636934.60167  11.2155386178819 -2.07861922757633  6.32888742175377 0.011971328202651 0.720076249485212 0.275164733081155 0.636891868292218
1403636934.80167  11.1013775879098 -2.06577752679691  6.28096535178481 -0.00178344956787674 0.74388342764297 0.286460224469149 0.603800302403759
1403636935.30167   10.847396411792 -2.16805878769118  6.10925587325651 -0.000297161264563639 0.75467504518745 0.28173740286409 0.59252807840127
1403636935.90167  10.5419600207843 -2.15114412694417  5.94596978291464 -0.010796788066763 0.741988957898837 0.290580700663298 0.604068433313368
1403636936.50167  10.3474041351429 -1.98146204649802  5.76854053934086 -0.0105306263076009 0.746418128028458 0.284021405844407 0.601731605520459
1403636937.15167  10.2569715941049 -1.87283735629493    5.521117138566 -0.0123821602105091 0.75491784902392 0.279031045034241 0.593369530091257
1403636937.90167 10.1805486916498 -1.7282725351765 5.31177980567101 -0.0182054088634285 0.765979250614962 0.263082125598163 0.586286743757872
1403636938.30167  10.1191096350992 -1.59372108708891   5.3083788925002 0.0110689681252346 0.778297833839215 0.257589884991113 0.572518480868603
1403636938.65167  9.98542428815458 -1.55075695655617  5.30445906092565 0.033871425139377 0.766936790719221 0.308990594008237 0.561413838816578
1403636939.00167  9.79411945920461 -1.52668937091635  5.19444186528984 -5.43742518035462e-05 0.773421432110434 0.298142762805609 0.559401625294675
1403636939.50167  9.51552343822032 -1.42886301817018  5.01239934226004 0.00078065003719846 0.773680907104283 0.283826151632653 0.566445019589026
1403636939.90167  9.26389936391942 -1.39500652964446  4.85318075911116 0.0110614757763511 0.775078591949098 0.273617018254039 0.569442312598582
1403636940.20167  9.03292008446513 -1.32443206089998  4.75710019923352 0.0108313734997378 0.781567630360537 0.290633057750793 0.551876024359773
1403636940.50167  8.78017245366689 -1.21973875148157  4.66667506165051 0.0113517864770393 0.788722899251683 0.295723793531826 0.538827210781847
1403636940.70167  8.60193657545445 -1.16266365465019  4.59142519317837 -0.00203789644735552 0.788182936702932 0.306094800278767 0.533918981223475
1403636940.90167  8.43004211511276 -1.13421313914931  4.49944238517276 -0.0149428647993636 0.787686984879421 0.310030806445482 0.532171799044179
1403636941.10167  8.27470603329763 -1.13329245475834  4.39097115856045 -0.0139618902140107 0.790139765771317 0.30348914123143 0.532333126268795
1403636941.35167  8.09440280440027 -1.14738066677915  4.25236928018376 -0.00786525510789477 0.79194359093201 0.293569002699108 0.535332352093587
1403636941.60167  7.91538802072044 -1.13247539425653   4.1313458800876 -0.0077402858401257 0.789600425462844 0.288581930466082 0.54147181412561
1403636941.85167 7.74339446085136 -1.1031519287274 4.02624871105707 -0.00932951586326292 0.786193676299393 0.289506534447546 0.545892324540998
1403636942.10167  7.56424802963873 -1.10121233276466  3.91521760858294 -0.00552380573150596 0.783149759505366 0.295227193377365 0.547253913688565
1403636942.35167  7.39341641497566 -1.09894379333284   3.8022469137278 0.00284018418714843 0.783654692732268 0.297529716487131 0.545301131228943
1403636942.60167  7.22281677580521 -1.05537778946499  3.69285830825257 0.00547625235985855 0.782646411414362 0.3070823105319 0.541419486090685
1403636942.80167   7.07379590183336 -0.992230044638118   3.60552075139051 -0.00485713357804884 0.78362106056455 0.309626736119071 0.538558934540452
1403636943.05167    6.9088383179699 -0.944057677717591   3.47102274204036 -0.00679671351350936 0.790704962082283 0.296080945984476 0.535794308525957
1403636943.30167   6.74671098694078 -0.921614021540218   3.33220819381919 -0.00432202760835138 0.794975424710312 0.291535135198909 0.531979942411897
1403636943.55167   6.58508827249582 -0.871799782071152   3.21139878260091 -0.00541892870977018 0.798752347989245 0.288572383327597 0.527912209911778
1403636943.80167   6.41126413866969 -0.787047700475812   3.11742384066025 -0.00733581038487585 0.801591752859677 0.28472924582216 0.525667294214593
1403636944.00167   6.26731662548884 -0.699794376415266   3.06565638251505 -0.0167396758376565 0.787179145329172 0.300651190040853 0.538217092202305
1403636944.15167   6.16339825580004 -0.634159231692192   3.02880275037172 -0.0307287457162444 0.773434833263674 0.316415550912965 0.548393564898007
1403636944.45167   6.02526552454699 -0.557964662271301   2.92329423816784 -0.0258231229541133 0.77054709527041 0.303463442459539 0.559910956654571
1403636944.65167 5.96108363540049  -0.540574126507 2.84566276400152 -0.0274290264656827 0.779379748842954 0.271188094525013 0.564155894224754
1403636944.80167   5.91726891714175 -0.548513378368152   2.79504171993809 -0.0224943583836301 0.775571411454364 0.266936790578448 0.57160103167443
1403636945.20167  5.79688433426574 -0.57456883470805  2.71514262112856 -0.0112091798647568 0.767154515933339 0.269367093838727 0.582056416274851
1403636945.75167    5.5998393737619 -0.573162719503838   2.70845561166932 -0.029125600661145 0.760858784249132 0.292348570314947 0.578599968243921
1403636946.20167   5.50255881972758 -0.496824069922652   2.76752351453432 -0.0209095341089438 0.76904882501782 0.283492183709972 0.572502295102307
1403636946.55167   5.45143589793395 -0.369828966625661    2.8758463023916 -0.0134876737030766 0.776730729603466 0.275187144948103 0.566373985634102
1403636946.85167   5.40385717744711 -0.281292202813165   2.98073964018126 0.0128588989200314 0.769317137446493 0.30334671069615 0.562109032003155
1403636947.20167   5.32322085960889 -0.170572765528733     3.043645170484 0.00741014394505068 0.764905703869246 0.317978617158866 0.560137441155957
1403636947.40167   5.27834920898558 -0.109596587371705   3.03155669489421 -0.036405368552397 0.762449412804447 0.322476993974123 0.559780430536949
1403636948.30167   5.43601196299382 0.0258328221313079   2.86597199975327 -0.0426786194508247 0.770292315158638 0.293704230174891 0.564416610161936
1403636948.75167  5.67214160159414 0.140611364366303  2.90792351929861 -0.0559238499507201 0.775449004642138 0.258564208776272 0.573320080012996
1403636948.95167  5.80459501728905 0.130014603038379  2.97188985301597 -0.0145756841634558 0.769061032241092 0.274542328813318 0.577026158687102
1403636949.30167  6.01434665984129 0.125668272461942  3.10750480182382 -0.00267432043225591 0.765770376052997 0.275017700091246 0.58133797726142
1403636949.65167   6.1748987862872 0.159378885574747  3.25510217771266 0.0100655940636714 0.76090563630496 0.284624468002059 0.583018188970151
1403636949.95167 6.27548813815136 0.15477756781101 3.34450293687615 -0.010741356148281 0.754083230582992 0.301616119348117 0.583327370497044
1403636950.40167  6.46092202848383 0.135423322958499  3.41116248654937 -0.0226761145590383 0.757244319802225 0.296712181640106 0.581402369467256
1403636950.75167  6.64232909841952 0.160031078532507   3.4695426364153 -0.0222294460802274 0.76548533387448 0.273143057209379 0.582177744033862
1403636951.05167  6.79765065805811 0.119309079490688  3.52937080521521 -0.00581499407681157 0.762639835642379 0.277688800585514 0.584153744287093
1403636951.30167    6.9123283287725 0.0765858892590542   3.57773087079959 -0.0110307586120936 0.755143547196188 0.297640794917403 0.583991868687688
1403636951.60167    7.0620167073846 0.0777806361863794   3.63365124115702 -0.028329738933052 0.752999910693576 0.303299632862396 0.583264856727189
1403636951.85167   7.21868084680798 0.0835508474256668   3.67183936084813 -0.0258136861879433 0.759302475307391 0.287477017432252 0.583224115624274
1403636952.05167    7.3570809072676 0.0631122387111388   3.69761341764059 -0.0292376957620532 0.763325504804943 0.276829565002482 0.582962025179463
1403636952.25167  7.49679888763003 0.056518207801116  3.74301616581463 -0.0156933572926424 0.764092871421181 0.275587727270366 0.583067069005079
1403636952.45167   7.62922244410489 0.0707677432903276   3.80435300444491 -6.784754005007e-06 0.763522684790687 0.276690954936374 0.583502549454915
1403636952.65167  7.74641801962806 0.102522678149863  3.87253125829942 -0.004856236199756 0.765318206082103 0.270317011962401 0.584117431218212
1403636952.90167  7.87336487008321 0.117435533133046  3.95777529756108 -0.0141497965283228 0.760834119452405 0.281751062126226 0.584420708844265
1403636953.15167  7.99810449939718 0.141207249056109  4.04628843582821 -0.00657691347618278 0.753454710210538 0.30395108536751 0.582989263687243
1403636953.40167  8.13053580798013 0.193650855340721  4.12026497842472 -0.0101527292377507 0.754533566715354 0.299695785219129 0.583745197077219
1403636953.65167  8.27181258343255 0.214949709300241  4.16287223586535 -0.0221290072395212 0.757896099840718 0.285683808467265 0.586078979715585
1403636953.85167 8.39239968112036 0.19795705122799 4.18935947826475 -0.037073557241363 0.757553518329088 0.280067099041768 0.588473141489924
1403636954.00167  8.49192036031501 0.164115770825918  4.21295543482216 -0.0312072715500862 0.755690690345909 0.283002731497578 0.589802628590136
1403636954.15167  8.59801696700461 0.134635606322963  4.24366788175179 -0.0267915007523701 0.755247569441952 0.28391492903398 0.590148826493021
1403636954.35167   8.746869553786 0.10332103226835 4.29356804327977 -0.0273453639521366 0.75431511264306 0.287661295339387 0.589501417362401
1403636954.50167   8.86604192064112 0.0674041748954762   4.32928849677294 -0.0293814769062417 0.753762220326047 0.292550998645837 0.587701588576447
1403636954.65167   8.99099243716651 0.0308450110464507   4.36750010491602 -0.0314089318863233 0.757055906199889 0.2902070389337 0.584516645134217
1403636954.80167   9.12115471369875 0.0234757533221904   4.41993086000515 -0.0238200522619355 0.762710081486933 0.284789311083133 0.580173237060474
1403636954.95167  9.25322193295399 0.035491785410589  4.48246774534578 -0.0156302274008775 0.768021954738281 0.280776747938738 0.575380214161325
1403636955.10167   9.38378686151214 0.0541984955746907   4.55289751251466 -0.0181082376925696 0.77221401379859 0.279506376124217 0.570292726875109
1403636955.25167   9.51288087733136 0.0594786813887277   4.62070626512193 -0.019307596962632 0.77592691066774 0.280252089340661 0.564821575739932
1403636955.40167   9.63923270050117 0.0466575404617023   4.68721975686095 -0.0191267643180921 0.780088511766097 0.279879889222365 0.559252472776073
1403636955.55167    9.7620181647777 0.0316486776321133   4.75835615449107 -0.0209039205198514 0.782668718121768 0.28043659087077 0.55529093480923
1403636955.70167   9.88307973264977 0.0256702242001877   4.83771264063577 -0.0210015899826459 0.78446841268924 0.281129752592364 0.552389631436345
1403636955.90167     10.0429062348329 0.000806872281665066     4.94628939734645 -0.0176342636098772 0.784600212057915 0.28497159923391 0.550347824212725
1403636956.10167     10.198246051418 -0.0584711308186789    5.04587341820407 0.00590030293221638 0.781264378203929 0.300092980114334 0.547298237765328
1403636956.30167   10.3404208148336 -0.113167374196819   5.12894977927611 0.00869654270664439 0.781695231989047 0.304205949887534 0.544367223924774
1403636956.50167    10.467767470779 -0.129817046876903   5.20813138182581 -0.012962869796755 0.787629650205114 0.288171408575993 0.544452695285578
1403636956.70167   10.5876129566344 -0.135563685926316   5.29742315972218 0.00691939052187657 0.776202506897717 0.281863744585086 0.563927849825648
1403636956.90167   10.686117018927 -0.14315515742474  5.38782452723248 0.016281097202632 0.743324786634515 0.2866464258875 0.60418293088646
1403636957.05167   10.7465553353845 -0.164389012221013   5.43834793301374 0.00686999559816581 0.718567796362747 0.270221195467892 0.640775803780675
1403636957.20167   10.8003610741238 -0.198436071480147   5.47963069770942 -0.00373781238147619 0.692318784051258 0.252928767950716 0.675801574688401
1403636957.45167   10.8783175152689 -0.255063963537017   5.54464837938894 -0.00571791322933851 0.662021793696149 0.242543428442038 0.709131254042026
1403636957.75167   10.9594388509318 -0.263158918434667   5.64072279606949 0.00113684493131799 0.635309372251834 0.240022892485024 0.734009346122858
1403636957.95167   11.0008489765545 -0.243777308339454   5.71423132756659 0.00386539090063459 0.592607686709309 0.231376202498883 0.771534990342902
1403636958.15167   11.0367358210723 -0.237746964053348   5.76840328235766 0.00312673056139945 0.542588765758149 0.214428543923452 0.812162578785746
1403636958.40167   11.0876907045479 -0.267872230387288   5.80110605851674 -0.000248617979234034 0.498179344908377 0.193666175866739 0.845169030916842
1403636959.30167   11.3192871098892 -0.307614366510538   5.91416652576206 -0.0102148679064266 0.491000803380143 0.180220354753654 0.85225259828655
1403636960.00167   11.4699217255785 -0.229311412809849   6.12408662151338 -0.00472992444039388 0.498128632382624 0.185867325257747 0.846934962566156
1403636960.55167   11.5576598023631 -0.292572380717348   6.28098847428778 -0.00827847722646052 0.501577383256538 0.157898748007087 0.850540757870033
1403636960.90167   11.5534389985451 -0.291590436927281   6.44000538911187 0.000854435448171431 0.469293553595759 0.169672164588819 0.866587668419806
1403636961.10167   11.5335452107871 -0.292564864040926   6.54236801380814 0.00267420652579958 0.42811398930372 0.156514014710323 0.890064393165555
1403636961.30167   11.5105959922725 -0.321114706880381   6.62551519889764 0.00410076215978378 0.379404760441223 0.139678062546373 0.914617543210023
1403636961.55167   11.4782957871076 -0.396267101278169   6.70766366899222 0.0056745431943083 0.339692852319551 0.124060999419619 0.932301149878916
1403636961.75167   11.4515169255131 -0.486025634451571   6.75472449402389 0.00844528904310713 0.307313723421244 0.113259770743868 0.944806422935935
1403636961.95167    11.417911210114 -0.570020518342793   6.79787940912232 0.00921982759587253 0.2713344604161 0.0976483693208969 0.957474491220928
1403636962.15167  11.3801755762907 -0.62931846339597  6.84084870982607 0.00796922204837944 0.228938536620026 0.0821808757798797 0.969932957273995
1403636962.35167   11.3376842074945 -0.700769300869534    6.8751659451618 0.0111007474662987 0.183510598178101 0.0639963243085012 0.980869565353623
1403636962.50167   11.3008783104555 -0.769563963646094   6.89276225127676 0.0121401017239048 0.149136039638059 0.0461211588121704 0.987665883951163
1403636962.65167   11.2570640108805 -0.846414305770364   6.90633677957286 0.0110217325744471 0.117302477909582 0.0218449292857497 0.992794766883786
1403636962.85167   11.1919384124872 -0.924566116106291   6.92739244643894 0.0121883249508905 0.0894072179753171 -0.00136247056564465 0.995919644239817
1403636963.10167  11.0747085686257 -0.99204728215372  6.96958537082379 0.0301315893977512 0.0734602725880669 0.00984091863461678 0.996794277668205
1403636963.45167  10.8894852292571 -1.02329871067829  7.00613825874338 0.0203863883898251 0.0760243400636186 0.0298448813328582 0.996450690172142
1403636963.80167  10.7005785767689 -1.04982554270058  7.00693236327919 0.0176393099653298 0.0907428657600255 0.0277132208339244 0.995332388927747
1403636964.15167 10.4997797934105 -1.1493583460321 6.95574816594413 0.0207982582101955 0.0958726810013425 0.0264696081183026 0.994824216301101
1403636964.55167   10.244993455836 -1.21630233811573  6.87730210171181 0.0219403622600076 0.0926594190310348 0.01598050041935 0.995327823470779
1403636964.80167  10.0557203601759 -1.20727617392466  6.82892326598874 0.023360971498406 0.0677506694467651 -0.0105252145785107 0.997373215831587
1403636964.95167   9.9135093863953 -1.20344505809635  6.80048053816296 0.0300708547728783 0.0347416217020736 -0.0181489467264631 0.998778944084955
1403636965.10167  9.77806399616453 -1.20739485802634  6.74150643686699 0.0316068403758445 -0.00313896018103776 -0.0262818080901966 0.999149849188773
1403636965.25167  9.62587262145795 -1.22344145103572  6.67927364288296 0.0180596612952184 -0.0287699912487913 -0.0326100035198083 0.998890746732537
1403636965.40167  9.46448032909368 -1.25241607253281  6.61012498716368 -0.0159059226650744 -0.041509234185151 -0.0370632029292541 0.998323747133243
1403636965.55167  9.29693133215002 -1.30820992146124  6.55382392288559 -0.0290874036075564 -0.0489223115841682 -0.0284460296687674 0.997973623788082
1403636965.70167  9.13793063134345 -1.39431129387294  6.50095689831212 0.00174811892651938 -0.0556885927499043 -0.00776354942348711 0.998416472228951
1403636965.85167   8.9782314026447 -1.47060233624386  6.46820520746581 0.0206286514782258 -0.0524557249047379 -0.00570560152611432 0.998393861045897
1403636966.05167  8.77699775549125 -1.54245579545001  6.42626284754611 0.026423928968501 -0.0410356979303097 -0.0224976359359545 0.99855480763478
1403636966.30167  8.53949709904261 -1.58169841996479  6.37071211837965 0.0303564594049598 -0.0360340275761202 -0.0244793819275605 0.998589402151597
1403636966.50167   8.3369624870623 -1.58738732701168  6.32381807829815 0.0318371526906689 -0.0442915033918635 0.00774669617024704 0.998481170145079
1403636966.80167 8.07474664456509 -1.5387489219583 6.25184243466802 0.0324953714726841 -0.0323812051674595 -0.00416713841289418 0.998938508288775
1403636967.10167   7.8530724848681 -1.51257599512717   6.1322476616242 0.0332370398467387 -0.0289214943678418 -0.00280254218465476 0.99902502075927
1403636967.40167 7.64579050940733 -1.4474420829475 6.00230049458127 0.0338023828011232 -0.02291039827574 -0.0109679563287035 0.999105708372135
1403636967.70167  7.44275588961425 -1.40233288425301  5.83506968093266 0.0344476084597969 -0.0187234103817129 -0.0131765603485196 0.999144221037414
1403636968.00167 7.23663259961918 -1.2627991228401 5.66801739851484 0.0367057557723432 -0.0183044794475412 -0.0125488328906785 0.999079656643262
1403636968.25167 7.06812264169397 -1.0927999422531 5.51854803089942 0.0364482596831051 -0.0212433721434845 -0.00905586540296299 0.999068683728927
1403636968.55167   6.85898565873491 -0.952299750449588   5.29614942432137 0.0330310593775086 -0.021474730929668 -0.00641557590656483 0.999202995108444
1403636968.85167   6.65920253430902 -0.843230438779428   5.02874808293178 0.0329147456606467 -0.015612243909193 -0.0203025590488246 0.999129963245165
1403636969.15167   6.44439196049761 -0.757209643889389   4.72136150670767 0.0279690209053161 -0.0204211662263555 -0.00703190124001773 0.999375436062196
1403636969.40167   6.26976138151773 -0.718536674458451   4.44567828861673 0.00415867375694126 -0.0199679102373121 -0.00684622710182298 0.999768531795139
1403636969.75167   6.02787203111229 -0.683647062150978   4.09469888573253 -0.00187263295771384 -0.0166836413946717 -0.00674867311037519 0.999836288982786
1403636970.10167   5.78171219369252 -0.596040064219563   3.82752117926826 0.012316818243464 -0.0168617334230394 -0.00604232979694797 0.999763706175091
1403636970.35167    5.6037940851683 -0.517968142558463   3.66325195584156 0.02031966282383 -0.0179236526192859 -0.00621656580761748 0.999613529464797
1403636970.55167   5.46184933411407 -0.458128889700375   3.53046362826221 7.8320987893038e-05 -0.0189543492546863 -0.0066989415699531 0.999797904924789
1403636970.75167   5.31947847595414 -0.423815318503208   3.40619698639291 -0.0148731072807546 -0.0208304919138919 -0.00817816266975413 0.999638934286669
1403636970.95167  5.17636656127408 -0.41050079340116  3.30454761146187 -0.0306851016480654 -0.0228395318196045 -0.00838726583375449 0.99923292284379
1403636971.15167    5.0342183761943 -0.396139383045171   3.24342363702112 -0.0189171623506868 -0.0302471427974622 0.0104886019529863 0.999308381106783
1403636971.35167   4.90843920711134 -0.370221047326955   3.21810725073437 -0.000457993171805865 -0.0391683121148937 0.0360275335202082 0.998582821000229
1403636971.60167   4.80201451994629 -0.311631032151031   3.21448598443531 0.00760802702393362 -0.0362129398156532 0.0253350453385466 0.998993932109903
1403636971.80167   4.74823287015282 -0.249645542540857    3.2236285115992 0.0234604224486836 -0.0310399630329458 0.00740439161569606 0.999215344286828
1403636972.10167   4.68052168978206 -0.162405361226698   3.21915415382745 0.0263727016441914 -0.0313055209347176 0.00358488782957606 0.999155440132436
1403636972.75167   4.65223936792845 -0.181199365658428   3.10805869277297 0.015128000660308 -0.0263316274892838 -0.00245121688960337 0.999535782513837
1403636973.30167   4.66171093352225 -0.143846023205719   3.05448730461382 0.00629965369470683 0.0111155681440852 0.0106233785403285 0.999861941638219
1403636973.65167    4.66515058665924 -0.0507767309890198    3.06806068967149 0.0119280018233162 0.0258738749413992 0.0127438070457199 0.99951281169878
1403636974.20167   4.65408354163426 0.0258679422752857   3.06015278643414 0.00770595870231033 0.0477499970808017 0.0274268011273801 0.998452966623457
1403636974.40167   4.65725313574066 0.0566726534732812   3.05615752630657 0.00646201285600831 0.0986769568399335 0.040060538198526 0.994291835357157
1403636974.60167  4.66414158998907 0.101861684943174  3.06281143485275 0.0118244661755857 0.158642779527046 0.0590723335048334 0.985496377425046
1403636974.80167  4.66564897966488 0.151160627237717  3.07149709721366 0.00360923196187685 0.211784619284357 0.0849374746366375 0.97361176753446
1403636975.05167  4.67151204613558 0.162872704866803  3.06693607714923 -0.0082817317404372 0.260636848859761 0.124438757502397 0.95734781640065
1403636975.40167  4.71190508837409 0.161584344738071  3.07090908679801 0.00869068002313325 0.306624111064183 0.116620443824116 0.944619393553351
1403636976.15167  4.78153961457674 0.147950832897581  3.12286396025847 0.0081327254874487 0.340218649196548 0.14667749779492 0.928800754282447
1403636976.40167  4.83311234513467 0.165955239108689  3.14763219676681 0.0234743056206701 0.391525743072707 0.182644356171017 0.901552876234038
1403636976.60167  4.88278670750393 0.213804002377092  3.15216140037112 0.0126364927866105 0.439371909996015 0.18198024049905 0.879588446845691
1403636976.90167  4.95214830417874 0.330070097197338  3.15771323325642 -0.0021930254669342 0.466426162417985 0.187999493956895 0.864348318632763
1403636977.55167  5.16334213379698 0.450118228675054  3.11365565180272 0.00684344824798078 0.459441942301373 0.182779230082726 0.869170881887322
1403636978.05167 5.36681059734677 0.60985187570454 3.07057084810794 0.0100057410478308 0.467134260927734 0.189700177828561 0.863538829436984
1403636978.50167  5.55592723226855 0.662458130633278  2.95955577533606 -0.0161676210807891 0.472927610588871 0.189295243809638 0.860375147155204
1403636978.90167  5.75642058550971 0.694044750061532  2.90458420829701 -0.0297017926415646 0.473314181695972 0.195163195780813 0.858488681306847
1403636979.15167  5.90983787163693 0.732844772715635  2.92096012415039 -0.000763203347135172 0.480689447458948 0.177702819491611 0.858695976796791
1403636979.45167  6.08781249196962 0.807395697958575  2.96029518800772 -0.0220391715663109 0.476009347346529 0.187745682718828 0.858883539704798
1403636979.75167  6.28106040558935 0.799300224963429  3.00374279980242 -0.0318174794608138 0.476352997288803 0.192150553525167 0.857411006900836
1403636979.95167 6.43071728164923 0.76221185464058  3.0489235545861 -0.0181252392115228 0.483447254897073 0.184400800960096 0.855538761273436
1403636980.20167  6.61857549822061 0.734806389369891  3.12792708819201 -0.0123701975281147 0.488613026287597 0.182218864159624 0.853170893959451
1403636980.45167  6.79666955394605 0.739403696055657  3.23456357553379 0.00293412589072461 0.490905415240467 0.181554897658443 0.852080444165382
1403636980.80167  7.02153875103747 0.763156060349328  3.38366507352473 0.00768928129942556 0.487596065760039 0.182698502546282 0.853704989311751
1403636981.10167  7.18963660097183 0.741174401011176  3.48381202760876 -0.0059343744243909 0.485629036209059 0.17930662532986 0.855557336771575
1403636981.40167  7.34345037607062 0.733481759317981  3.59446630405075 0.017973877703148 0.48066616992324 0.202741382215428 0.852955394348974
1403636981.70167  7.49958548067975 0.763437076754837   3.6926488810731 -0.0100804261838583 0.493664625859715 0.183413004145408 0.85003134771201
1403636981.95167  7.62574231714383 0.730339805792245  3.75700952647223 -0.029914455695651 0.496319514010356 0.189748293796058 0.846621314611463
1403636982.15167  7.73574384432723 0.691039686568449  3.82607695538865 -0.0422507955258024 0.492766118924955 0.204812303030438 0.844658713827332
1403636982.35167  7.87255983668338 0.659339175591099  3.92034588952244 -0.0303428758731337 0.490253660994114 0.213627546668628 0.844448890738782
1403636982.50167  7.99267977311492 0.636768302668385  3.99579591268664 -0.0077977649418588 0.491969742612027 0.207588761942667 0.845465477196602
1403636982.70167  8.16382129475259 0.594023813760384   4.0839477408883 -0.000540585029944141 0.490781723258767 0.202737605780918 0.847366786630914
1403636982.85167 8.29551367806799 0.55851147737597  4.1419149727167 -0.00952361704481436 0.488556995998813 0.20186757832141 0.848805539096942
1403636983.00167  8.43240716919639 0.535354914429072  4.20220559825174 -0.0125407996081349 0.489443110019664 0.196866524200994 0.849430245546088
1403636983.15167   8.5721348260079 0.523003856631382    4.267105943507 -0.00540723007705635 0.492032622635603 0.189558313174576 0.849671881394008
1403636983.35167   8.7584695425981 0.531556978093436  4.36366447743042 -0.00367962009822265 0.495555653645312 0.181496137711307 0.849394023131773
1403636983.55167  8.93456405149441 0.542501805229705   4.4638735114131 -0.00529821614041937 0.497566705092784 0.180903668156393 0.848335526626347
1403636983.75167  9.10155114747439 0.527778449037668  4.55782133815617 -0.0175627200889574 0.498538572278386 0.185541779871192 0.846596179258999
1403636983.90167  9.22628498866602 0.492428559913006  4.62639514757629 -0.0245322094946755 0.499519955782515 0.18771178417074 0.845365169944789
1403636984.05167 9.35182542350459 0.43908584702712 4.69380794204435 -0.0285238240854722 0.500248909903256 0.192172163080592 0.843805237799027
1403636984.20167  9.48748075247449 0.388096500060037  4.77663225874953 -0.0253563236512829 0.503328205007364 0.19023243733027 0.842513735604555
1403636984.40167  9.66877061122016 0.340420492915879  4.90233230680749 -0.0148620920588349 0.507901809999287 0.185669203938001 0.841036156373858
1403636984.60167   9.8452729105152 0.315013074833635  5.04549879646737 -0.0105135089231294 0.510484340632901 0.182224676131173 0.840291242074797
1403636984.85167  10.0536069763082 0.258797019487493  5.22631067546625 -0.00535892366492813 0.508175756428019 0.185856191817401 0.840943611949753
1403636985.05167  10.209937665454 0.18709509848012 5.36207685550186 -0.00233352608572285 0.506698156307171 0.190032277434307 0.840915730964793
1403636985.25167  10.3601131566683 0.134433001802469  5.50080095114566 -0.00676384180761819 0.509195775101682 0.185475696381879 0.840400308849453
1403636985.45167  10.5003499701488 0.113546105207727  5.65495974024762 -0.0100459660052385 0.50458906393033 0.179668744655399 0.844398068047818
1403636985.65167  10.6246299063038 0.068016273212678  5.80443126318056 -0.0113764557391145 0.491916841326174 0.16714632055798 0.854371409281949
1403636985.85167     10.745610236979 -0.0120727009011125    5.96053046854882 -0.000321998014234104 0.486636175849033 0.153676155801211 0.859981841558571
1403636986.05167    10.8375178307346 -0.0857583543555739     6.1220249978203 0.0290932642392353 0.487731157774585 0.135004119723852 0.862001036756544
1403636986.30167   10.8881099906452 -0.130465720478243   6.33172585321838 0.00187471980188814 0.480529301084711 0.151499389741068 0.8637916479874
1403636986.60167   10.9019671685642 -0.178110231099616   6.59441171477033 -0.000939959448164967 0.471971686165279 0.173148973522119 0.864442755133488
1403636986.90167   10.9068108357829 -0.297341265171395   6.81969758752394 0.00704033443183402 0.467607863270414 0.185046069956102 0.864321278167191
1403636987.15167  10.9130099895121 -0.43887851778655  6.96377063289178 0.00628676189232833 0.473287434794163 0.176258416805298 0.863071521483683
1403636987.45167  10.9093883642993 -0.57103073796861  7.13017725630398 0.0121064928379369 0.474887369954463 0.171192236500743 0.863150413804437
1403636987.80167   10.8651661962191 -0.666064701431427   7.31649863039842 0.0228043125813143 0.469609622826945 0.157633770469027 0.868388369270194
1403636988.10167   10.7743245694553 -0.768866720194686   7.43237718514981 0.0205400283836974 0.456850292890478 0.181231221069617 0.8706441073306
1403636988.50167   10.6453552231997 -0.859735484257466   7.51869678606559 0.042956845364458 0.457900960989711 0.183239452248651 0.868852532079321
1403636989.00167   10.4452369807172 -0.922874858702762   7.42287612096484 0.0594363192264228 0.458972252624051 0.179236660038806 0.868150917165992
1403636989.35167   10.2446589922208 -0.863269254890033   7.22856077844131 0.0417458660216843 0.463790501425639 0.175417692547957 0.867400879984915
1403636989.60167   10.0770185990966 -0.838546141306583   7.01881859463005 0.0118304175234564 0.465798440009247 0.175645595328335 0.867202674896663
1403636989.95167   9.83950410600489 -0.792515990155722    6.7267641037842 0.00927540143518374 0.468262526722811 0.169480531504584 0.867133509003261
1403636990.30167    9.5831794972469 -0.742232903841713   6.43968178642512 0.0136301901043037 0.469024310581762 0.164151277184276 0.867689329310782
1403636990.60167   9.33912686920536 -0.725767863815201   6.18112949000568 0.0023629474847526 0.463206428050262 0.167736274117865 0.870229144442519
1403636990.95167   9.05578150317915 -0.645024112821419   5.92842191768466 -0.00370161757740203 0.460004175300676 0.166823080557098 0.872096621095791
1403636991.25167   8.82125551844602 -0.540540881662812   5.74265473576409 -0.00367788304616501 0.461114682149011 0.166041546252016 0.871659295826733
1403636991.60167   8.55068984952634 -0.495945478539841    5.5395860815689 -0.00481280011661323 0.463772451729607 0.171183499054292 0.869245741791858
1403636992.00167    8.2729586979788 -0.520915644254261   5.29393738543486 0.002265070850513 0.465707331809967 0.19200743819764 0.863854556177869
1403636992.40167    8.0340503406198 -0.467851956355804   5.06445620464652 0.000781456203898051 0.47905720436428 0.174483278233038 0.860266917816752
1403636992.80167    7.7999465475314 -0.437271234625695   4.85276865489409 -0.0123855641146296 0.484765153015409 0.17768783244171 0.856315583430359
1403636993.30167   7.52043694876328 -0.404149011546195   4.66697587245754 0.00670431086562787 0.472143080216641 0.175115699553221 0.863927344045404
1403636993.55167   7.36961113222403 -0.434222815672104   4.57350354466909 0.0105301016474943 0.433005449818173 0.160173551966739 0.886983557140387
1403636993.85167   7.18862051913659 -0.475010133993594   4.44894469794635 0.00453888139043987 0.39586195499873 0.146771121284733 0.906493766717195
1403636994.20167   6.97553079705483 -0.462154323812795   4.32216894251073 0.0242800967798512 0.388689415184372 0.129235655790615 0.911937037682077
1403636994.55167    6.7143818273323 -0.397957050911054   4.19343331614376 0.0332251481829461 0.389142185613553 0.129147346469618 0.911474306716314
1403636994.80167   6.49078446910066 -0.374927360942121   4.06051696128675 0.0165185430458975 0.381229164087877 0.155676947048542 0.911129052517888
1403636995.20167    6.1463250765746 -0.329938369171851   3.82685734680943 0.0239409491577414 0.385173981686101 0.147509432268323 0.910663934817547
1403636995.60167   5.8021428071753 -0.31995408064153  3.53234699276438 0.0112286876192939 0.382723904244772 0.141913733843799 0.912829021142787
1403636996.00167   5.45265933016509 -0.310097181621355   3.22904142020279 0.0114916891837689 0.375880721624282 0.164303747621353 0.911913319734114
1403636996.45167   5.11224331884102 -0.257146580561683   2.88951768086737 0.000222993957147088 0.373357445019785 0.145239154522495 0.91624765021013
1403636996.75167   4.89837800947716 -0.281471263922146   2.66613599181006 -0.00241993851927425 0.330921175894384 0.126549867425117 0.935131247631543
1403636996.95167   4.76055446168525 -0.247206542421438   2.54575851395577 -0.00313444374784907 0.287379091742568 0.114660695231191 0.950923949567319
1403636997.15167  4.63056251132123 -0.19308129346927   2.4404468660758 -0.00450730475558381 0.247590171196904 0.101214923171565 0.963552972419214
1403636997.45167   4.45779348695853 -0.107245226291237   2.29901539025055 -0.00588129460145326 0.222408522149485 0.0914371447389988 0.970638505423658
1403636998.05167   4.20400432053443 -0.169354192278267   2.05969244447395 -0.0120211229319387 0.231294470274893 0.0904690962525864 0.968593672933575
1403636998.50167   4.06596121556445 -0.302821270357691     1.940555848461 -0.00892358892801445 0.236082052190385 0.0976651813309638 0.96677150689799
1403636998.80167   4.00015471655437 -0.413763416419361   1.88321528601646 0.0173733077512488 0.243556773663883 0.0854181090311154 0.965961703604117
1403636999.30167   3.85349594158198 -0.534951305591035   1.79113213641396 0.0103674780537324 0.250033023625723 0.0747393347155503 0.965292719511373
1403636999.80167   3.63392813899755 -0.526105150079842   1.73377319329751 0.0201338477545598 0.24826433075076 0.0863527585607522 0.964625653474145
1403637000.30167   3.36525598836894 -0.495264160021141   1.63803268760233 0.0117658475074876 0.250079240713981 0.0811975325968121 0.96474291855216
1403637000.80167   3.04391452351404 -0.494235440794896   1.50870212997661 0.0157363212036126 0.249962312414587 0.0832302067134113 0.964543385886696
1403637001.20167   2.75867905328181 -0.492316147487486   1.38387586862912 0.0182488072109903 0.25091800920724 0.0871481629246799 0.963904731490465
1403637001.55167   2.49570589638593 -0.505482499366733   1.24264397933673 0.0102555596930177 0.250251977496192 0.0944124146670062 0.963511840721936
1403637001.95167   2.20441175391572 -0.489132947700204   1.08156378506891 0.00760004974772496 0.252777519633663 0.0961042257438 0.962709583730145
1403637002.40167   1.89359279297386 -0.396284672279077    0.9236932550771 0.00291213567676735 0.254113465054909 0.0930185399428079 0.962686562475293
1403637002.90167   1.55680673766554 -0.382766396242119  0.746396644584572 0.00474404781239815 0.257468982502945 0.0919882372714022 0.961886366086427
1403637003.35167   1.24710932815706 -0.312888357103266  0.628142519426247 0.00748171528649583 0.261361621885396 0.0973139531097446 0.960293768110551
1403637003.85167  0.915958715429467 -0.298866290592292  0.477908894811909 0.0080775486091696 0.262069184615559 0.100938180919958 0.959721823923981
1403637004.35167  0.604375425214496 -0.224114306997299  0.349250721775807 -0.00414772937741034 0.256176076290534 0.0969197979500835 0.961750054350252
1403637004.75167  0.378536057833468 -0.288275401756329  0.234241334200873 0.0142687869120369 0.257367513814988 0.116524063459608 0.959156143277836
1403637005.10167  0.218839764910415 -0.243740669452208  0.150073366677915 0.00125953746260235 0.263610094230093 0.11816581615456 0.957363552511745
1403637005.35167  0.133780208232928 -0.165097124629515  0.106174766042626 -0.00449497876286797 0.268541669227892 0.107091992205987 0.957285992929789
1403637005.50167 0.0865224846012747 -0.117278567365421 0.0860181413600943 0.000171589638349318 0.267918904405854 0.100830732488617 0.958150611649741
1403637006.25167  -0.112121551009995 -0.0928506702762482 -0.0359261229330839 0.00147906764533856 0.259663695763367 0.105472212746592 0.959920928930997
1403637007.00167  -0.193943147208828 -0.0476178442876634 -0.0636431339278366 0.00561873948980912 0.193677627072257 0.0828650381414688 0.977543243029186
1403637007.20167  -0.197590808169869 -0.0238193039173069 -0.0647088690175388 0.00918281593505516 0.163888199374385 0.063197183511407 0.984409696210653
1403637007.45167  -0.202611221849275 0.00656564390401124 -0.0684440395553142 0.0194640829812155 0.150639384724154 0.0467827012303463 0.987289372022824
1403637007.75167  -0.229567604701377  0.0582969382025197 -0.0818246652821799 -0.00918609012919688 0.147157499103972 0.0517304615866759 0.987716682834522
1403637007.95167  -0.252840575502854  0.0782352133545451 -0.0823309818494396 0.00704103504054926 0.148391085509033 0.0600063774201628 0.987081427358411
