DelayedMarginalization 0.000940234 2.37376e-08 0.00154294 1379
DelayedMarginalizationOnly 0.000446127 1.56011e-08 0.000734365 1379
EF-marginalizeFrame 0.00134009 3.54006e-08 0.00217838 1379
FullSystem::trackNewCoarse 0.00228605 1.74647e-07 0.00619906 2670
FullSystem::trackNewCoarseNoIMU 0.0013249 7.88576e-08 0.00215026 113
FullSystemOptimize 0.0293877 5.97681e-05 0.066134 1385
GraphUnrolling 0.000771976 -nan 0.000771976 1
IMUInitAddPose 2.37807e-05 1.64945e-11 0.000105744 1385
IMUInitOptimize 0.00518651 6.85584e-07 0.00567776 3
IMUIntegration::finishKeyframeOperations 6.01295e-05 2.37859e-10 0.000352241 1377
InitializerFirstFrame 0.0336901 -nan 0.0336901 1
InitializerOtherFrames 0.0591244 0.000125786 0.0893906 35
MainMarginalization 0.00117231 2.86886e-08 0.00190194 1379
MarginalizeMainGraph 0.000493747 5.51651e-09 0.000929188 1379
PGBA 0.0173528 -nan 0.0173528 1
PGBAFull 0.0185292 -nan 0.0185292 1
PrepareGraphForMainOptimization 0.000795908 -nan 0.000795908 1
VisualMarginalization 3.79863e-05 6.92844e-11 0.000153866 1379
activatePointsMT 0.00345532 1.04457e-06 0.0185308 1385
addActiveFrame 0.0350245 0.000653683 0.102158 2819
addIMUData 0.000667636 2.19185e-08 0.00134774 2670
addIMUDataToBA 3.54684e-05 1.32951e-10 0.000129034 2818
addKeyframeToBA 3.39176e-05 4.06961e-11 0.000123445 1385
afterCoarseTracking 2.84471e-07 1.37949e-14 5.697e-06 2783
baIteration 0.00658141 1.72273e-06 0.013641 5073
baMatrixInversion 0.000221083 1.33952e-09 0.000642434 5073
baUpdateBuildHessians 0.000500817 4.39833e-09 0.00185547 5073
coarseTrackingIteration 0.000211715 5.28245e-09 0.00101068 22873
computeBAUpdate 0.000806543 1.07121e-08 0.00215208 5073
computeCoarseUpdate 9.51965e-05 5.00888e-10 0.000946577 21185
computeFactorForCoarseGraphAndMarginalCovariances 0.00286125 1.75175e-07 0.00513901 1377
convertHAndBFromDSO 0.000140919 3.4738e-09 0.000569357 10593
debugPlot 6.57639e-08 1.64285e-15 4.21e-07 1385
debugPlotIDepthMap 3.17839e-07 3.28435e-14 6.26e-06 1385
debugPlotIDepthMapFloat 7.88838e-08 9.51327e-16 3.54e-07 1385
deliverTrackedFrame 0.0296178 0.000645533 0.0898429 2784
flagFramesForMarginalization 1.67825e-06 5.88505e-13 2.1944e-05 1385
fullCoarseTracking 0.00300344 3.38391e-07 0.00746817 2783
initObjectsAndMakeImage 0.00206014 3.91067e-08 0.00372374 2819
makeKeyframe 0.0543148 7.967e-05 0.0898403 1385
makeKeyframeChangeTrackingRef 0.00226371 1.02066e-07 0.00408136 1385
makeNewTraces 0.00517706 5.337e-07 0.00983632 1385
makeNonKeyframe 0.00516375 3.41845e-06 0.0103355 1399
marginalizeAndRemovePoints 0.00342778 1.0271e-06 0.00852531 1385
marginalizeFrame 0.00262691 1.33778e-07 0.00396156 1379
marginalizeFrameOverhead 0.00128454 6.57465e-08 0.00236598 1379
marginalizeFrames 0.00262345 3.40075e-07 0.00689394 1385
newFrameAndNewResidualsForOldPoints 0.00101086 3.31657e-08 0.00176284 1385
printBiases 3.82229e-05 1.63315e-10 0.000347596 1385
printEigenValLine 1.054e-07 2.77403e-16 2.91e-07 1385
printLogLine 1.50199e-07 2.30688e-15 4.01e-07 1385
publishInMakeKeyframe 2.0832e-07 4.55286e-15 8.12e-07 1385
removeOutliers 0.000190788 2.22555e-09 0.000456129 1385
swapTrackingRef 2.24448e-05 1.6247e-11 5.4708e-05 1385
timeMeasurement 7.48904e-07 3.86386e-14 6.539e-06 2819
traceNewCoarse 0.0043007 3.26083e-06 0.010316 2784
updateBAValues 6.14347e-06 6.22985e-12 8.9128e-05 9962
zero 9.43849e-08 1.08892e-14 5.486e-06 2819
