1520530315.499642 2.236951 0.423520
1520530315.599645 2.116585 0.301816
1520530315.699637 2.014588 0.285758
1520530315.799640 1.981699 0.265444
1520530315.899643 1.994202 0.252667
1520530315.999647 1.975194 0.251720
1520530316.150223 1.904692 0.240164
1520530316.350229 1.853517 0.236046
1520530316.500233 1.840003 0.237787
1520530316.650280 1.835844 0.252196
1520530316.850286 2.035740 0.240904
1520530316.999775 2.103114 0.200892
1520530317.099778 2.115843 0.186336
1520530317.249782 2.128483 0.176303
1520530317.349743 2.147154 0.170241
1520530317.449747 2.158591 0.161585
1520530317.599752 2.150627 0.153593
1520530317.750237 2.129676 0.148499
1520530317.850240 2.114085 0.148094
1520530317.950243 2.115949 0.148784
1520530318.100248 2.112023 0.148634
1520530318.250771 2.118153 0.148307
1520530318.350774 2.121300 0.147968
1520530318.450777 2.131791 0.147449
1520530318.550780 2.137600 0.146183
1520530318.650568 2.138151 0.145578
1520530318.750571 2.137123 0.144692
1520530318.900576 2.136092 0.144140
1520530318.999955 2.141028 0.142450
1520530319.099959 2.134423 0.138081
1520530319.199962 2.125613 0.136496
1520530319.299965 2.122759 0.133815
1520530319.449833 2.112240 0.129030
1520530319.549837 2.100845 0.127422
1520530319.699841 2.089117 0.129945
1520530319.800341 2.086448 0.130453
1520530319.900344 2.083848 0.130850
1520530319.950346 2.085925 0.130685
1520530320.050349 2.086392 0.130407
1520530320.100350 2.085716 0.130089
1520530320.200401 2.086834 0.130203
1520530320.300404 2.093153 0.129825
1520530320.400407 2.092961 0.129536
1520530320.500410 2.089902 0.129193
1520530320.550412 2.084950 0.128702
1520530320.649871 2.092299 0.128552
1520530320.749874 2.104366 0.127624
1520530320.849877 2.112457 0.127190
1520530320.999882 2.113806 0.126055
1520530321.099742 2.116210 0.125435
1520530321.249747 2.104885 0.122857
1520530321.449856 2.075513 0.123124
1520530321.599860 2.068319 0.122886
1520530321.699863 2.064411 0.122646
1520530321.799867 2.077526 0.121395
1520530321.950155 2.078642 0.122034
1520530322.050158 2.082764 0.121732
1520530322.200163 2.090002 0.121456
1520530322.500215 2.085972 0.121132
1520530322.700026 2.086750 0.120641
1520530322.850030 2.087117 0.120253
1520530323.050036 2.088803 0.119437
1520530323.200077 2.089278 0.119581
1520530323.350082 2.090906 0.119177
1520530323.500345 2.088232 0.118615
1520530323.600348 2.083598 0.118314
1520530323.700351 2.085582 0.117730
1520530323.800354 2.082092 0.117691
1520530323.900153 2.085492 0.117588
1520530324.050157 2.092134 0.117551
1520530324.200162 2.093479 0.117338
1520530324.299908 2.097110 0.116891
1520530324.399911 2.095257 0.116509
1520530324.499994 2.092090 0.116702
1520530324.649919 2.091102 0.116356
1520530324.800021 2.091725 0.116243
1520530324.950026 2.093753 0.116082
1520530325.100816 2.091450 0.115556
1520530325.300822 2.090363 0.115488
1520530325.500828 2.096750 0.114950
1520530325.700918 2.095509 0.114594
1520530325.900924 2.100999 0.114418
1520530326.050549 2.106959 0.114270
1520530326.250551 2.111423 0.114245
1520530326.400206 2.106125 0.114102
1520530326.550210 2.096596 0.113968
1520530326.700216 2.099513 0.113938
1520530326.950432 2.108189 0.113604
1520530327.100437 2.109777 0.113550
1520530327.250435 2.110658 0.113499
1520530327.350437 2.110394 0.113390
1520530327.500442 2.111615 0.113366
1520530327.600091 2.110995 0.113172
1520530327.700094 2.111089 0.113264
1520530327.800097 2.108738 0.112978
1520530327.900100 2.111917 0.112866
1520530328.000280 2.112410 0.113010
1520530328.150285 2.109868 0.112822
1520530328.250288 2.106230 0.112580
1520530328.300290 2.106758 0.112735
1520530328.400337 2.105137 0.112424
1520530328.450338 2.105058 0.112294
1520530328.550342 2.103033 0.112284
1520530328.600344 2.104397 0.112030
1520530328.700347 2.101848 0.112193
1520530328.750348 2.101556 0.112181
1520530328.850087 2.102147 0.112066
1520530328.950091 2.101885 0.111880
1520530329.050093 2.105550 0.111761
1520530329.150097 2.108032 0.111715
1520530329.200044 2.111023 0.111613
1520530329.300047 2.113125 0.111423
1520530329.400050 2.113358 0.111423
1520530329.500053 2.111713 0.111369
1520530329.600097 2.110463 0.111218
1520530329.700100 2.112651 0.111105
1520530329.800104 2.111978 0.111056
1520530329.850105 2.112267 0.110987
1520530329.950109 2.110628 0.110946
1520530330.000110 2.110671 0.110942
1520530330.100162 2.110016 0.110874
1520530330.150164 2.110369 0.110815
1520530330.250167 2.111873 0.110709
1520530330.350170 2.112577 0.110611
1520530330.400172 2.115123 0.110624
1520530330.500788 2.114946 0.110564
1520530330.600792 2.114904 0.110477
1520530330.650793 2.115886 0.110389
1520530330.750797 2.117428 0.110398
1520530330.800798 2.115588 0.110384
1520530330.900277 2.115773 0.110360
1520530330.950279 2.116043 0.110320
1520530331.050282 2.117181 0.110297
1520530331.150285 2.117867 0.110281
1520530331.250735 2.116318 0.110182
1520530331.350738 2.116011 0.110228
1520530331.400740 2.115117 0.110192
1520530331.500743 2.115036 0.110249
1520530331.550744 2.115197 0.110151
1520530331.650479 2.115422 0.110214
1520530331.700481 2.116047 0.110205
1520530331.800484 2.115145 0.110115
1520530331.850486 2.115130 0.110003
1520530331.950489 2.115068 0.109915
1520530332.050387 2.114768 0.109800
1520530332.150390 2.112624 0.109610
1520530332.250393 2.112957 0.109767
1520530332.350396 2.113561 0.109637
1520530332.450399 2.112019 0.109499
1520530332.500483 2.111321 0.109545
1520530332.600486 2.110726 0.109549
1520530332.650488 2.114121 0.109489
1520530332.750491 2.115275 0.109414
1520530332.800492 2.114429 0.109357
1520530332.900164 2.115494 0.109337
1520530333.000168 2.116865 0.109318
1520530333.050169 2.117310 0.109313
1520530333.150173 2.118707 0.109304
1520530333.200174 2.118507 0.109294
1520530333.300608 2.117834 0.109241
1520530333.400612 2.118349 0.109206
1520530333.450613 2.118649 0.109138
1520530333.550616 2.116257 0.109148
1520530333.650619 2.117102 0.108081
1520530333.750542 2.112416 0.108967
1520530333.800544 2.111779 0.109061
1520530333.900547 2.112352 0.109061
1520530333.950549 2.112884 0.109030
1520530334.050551 2.113300 0.108927
1520530334.100216 2.114596 0.108890
1520530334.200219 2.112547 0.108811
1520530334.300222 2.111143 0.108569
1520530334.350224 2.108803 0.108329
1520530334.450227 2.107391 0.108563
1520530334.500228 2.107816 0.108568
1520530334.600088 2.107812 0.108572
1520530334.650089 2.107104 0.108556
1520530334.750092 2.104915 0.108368
1520530334.800094 2.103681 0.107495
1520530334.900097 2.102937 0.108338
1520530335.401458 2.093507 0.106421
1520530335.551462 2.087249 0.108218
1520530335.651465 2.085733 0.108099
1520530335.750223 2.084066 0.108251
1520530335.850226 2.084987 0.108262
1520530335.900227 2.085822 0.108295
1520530336.000230 2.089231 0.108271
1520530336.050232 2.091542 0.108167
1520530336.150177 2.087959 0.108194
1520530336.250180 2.087440 0.108169
1520530336.300182 2.086675 0.108219
1520530336.400185 2.086786 0.108212
1520530336.450186 2.089795 0.108226
1520530336.550582 2.093805 0.108221
1520530336.600584 2.091418 0.108196
1520530336.700586 2.088162 0.108177
1520530336.750588 2.087294 0.108140
1520530336.850591 2.089753 0.108139
1520530336.900594 2.092118 0.108102
1520530337.000258 2.089250 0.108077
1520530337.050259 2.088380 0.108117
1520530337.150262 2.089957 0.108085
1520530337.200351 2.089842 0.108101
1520530337.300267 2.088808 0.108036
1520530337.400301 2.088279 0.108105
1520530337.450303 2.092040 0.108016
1520530337.550306 2.090461 0.108060
1520530337.600307 2.089442 0.108047
1520530337.700310 2.093740 0.107819
1520530337.800854 2.095420 0.108063
1520530337.900857 2.093403 0.107688
1520530338.000860 2.095783 0.107845
1520530338.100863 2.097879 0.107730
1520530338.200470 2.093092 0.107720
1520530338.300474 2.093318 0.107865
1520530338.400477 2.093709 0.107769
1520530338.450479 2.094139 0.107742
1520530338.550482 2.094120 0.107726
1520530338.600260 2.094458 0.107579
1520530338.700263 2.092169 0.107543
1520530338.750266 2.090699 0.107053
1520530338.850267 2.089050 0.107187
1520530338.950270 2.089971 0.107232
1520530339.050959 2.088624 0.107548
1520530339.100960 2.089374 0.107584
1520530339.200963 2.087598 0.107483
1520530339.250965 2.086824 0.107428
1520530339.350968 2.088329 0.107526
1520530339.400970 2.088747 0.107566
1520530339.501689 2.089096 0.107593
1520530339.601692 2.089148 0.107563
1520530339.701695 2.089347 0.107528
1520530339.751697 2.089366 0.107452
1520530339.851056 2.090288 0.107404
1520530339.901057 2.089934 0.107396
1520530340.001061 2.090133 0.107418
1520530340.051062 2.088725 0.107306
1520530340.151065 2.088755 0.107362
1520530340.250395 2.088944 0.107426
1520530340.350399 2.090348 0.107388
1520530340.450401 2.090127 0.107276
1520530340.550404 2.090711 0.107356
1520530340.650347 2.091776 0.107313
1520530340.750350 2.093912 0.107069
1520530340.850353 2.093245 0.107221
1520530341.000358 2.093378 0.107281
1520530341.200779 2.094213 0.106967
1520530341.350784 2.094970 0.107254
1520530341.500713 2.093095 0.107178
1520530341.600716 2.093105 0.106946
1520530341.800722 2.090720 0.107227
1520530341.900542 2.091771 0.107218
1520530342.000545 2.092650 0.107268
1520530342.100548 2.092236 0.107240
1520530342.200551 2.093797 0.107225
1520530342.300673 2.094329 0.107210
1520530342.400676 2.093165 0.107141
1520530342.500679 2.093081 0.107083
1520530342.600683 2.091573 0.107165
1520530342.700643 2.091638 0.107063
1520530342.800646 2.091446 0.107049
1520530342.850648 2.090261 0.107081
1520530342.950651 2.089926 0.107037
1520530343.050654 2.089928 0.106923
1520530343.151133 2.091661 0.106826
1520530343.251136 2.091067 0.106777
1520530343.351140 2.089122 0.106769
1520530343.451144 2.089913 0.106757
1520530343.551476 2.089049 0.106544
1520530343.651407 2.086533 0.106331
1520530343.751410 2.084738 0.105952
1520530343.851414 2.083110 0.105790
1520530343.951402 2.082409 0.106060
1520530344.051405 2.082555 0.106062
1520530344.151408 2.083135 0.105885
1520530344.251411 2.084398 0.105784
1520530344.351408 2.085993 0.105879
1520530344.451412 2.086360 0.105735
1520530344.501414 2.085726 0.105737
1520530344.601418 2.086513 0.105722
1520530344.701421 2.086707 0.105320
1520530344.801638 2.087489 0.105251
1520530344.901641 2.088708 0.105428
1520530345.001644 2.089324 0.105431
1520530345.101647 2.089966 0.105357
1520530345.251745 2.089656 0.105143
1520530345.401749 2.090720 0.104848
1520530345.501752 2.094661 0.104898
1520530345.551195 2.095181 0.104867
1520530345.651198 2.096886 0.104856
1520530345.751201 2.098023 0.104716
1520530345.851204 2.100045 0.104928
1520530345.901206 2.101714 0.104888
1520530346.001475 2.104285 0.104767
1520530346.101479 2.105485 0.104911
1520530346.201481 2.100281 0.104417
1520530346.301485 2.100428 0.104893
1520530346.351486 2.096489 0.104760
1520530346.451378 2.095243 0.104725
1520530346.551380 2.096523 0.104687
1520530346.651383 2.096461 0.104769
1520530346.751386 2.095644 0.104769
1520530346.851546 2.096735 0.104809
1520530346.951549 2.098206 0.104727
1520530347.051553 2.097495 0.104505
1520530347.151556 2.097101 0.104632
1520530347.251402 2.096518 0.104690
1520530347.351405 2.096679 0.104724
1520530347.451408 2.096160 0.104732
1520530347.601218 2.096936 0.104658
1520530347.701222 2.096414 0.104627
1520530347.801224 2.095693 0.104696
1520530347.901227 2.093315 0.104635
1520530348.001163 2.094168 0.104490
1520530348.101166 2.093181 0.104476
1520530348.201169 2.093348 0.104537
1520530348.301184 2.092821 0.104530
1520530348.401175 2.093505 0.104622
1520530348.501419 2.093022 0.104612
1520530348.601422 2.092160 0.104611
1520530348.651423 2.090832 0.104399
1520530348.751426 2.088036 0.104631
1520530348.801428 2.085371 0.104562
1520530348.901315 2.088900 0.104469
1520530348.951318 2.090563 0.104379
1520530349.051321 2.088958 0.104614
1520530349.151325 2.091498 0.104566
1520530349.251106 2.096112 0.104599
1520530349.301107 2.098736 0.104402
1520530349.401110 2.096407 0.104630
1520530349.451112 2.096045 0.104625
1520530349.551115 2.094842 0.104565
1520530349.650935 2.094360 0.104555
1520530349.750943 2.094207 0.104592
1520530349.800940 2.095122 0.104563
1520530349.900986 2.094711 0.104610
1520530350.000946 2.095618 0.104563
1520530350.101378 2.095152 0.104589
1520530350.201381 2.093593 0.104427
1520530350.251384 2.092740 0.104469
1520530350.351387 2.093410 0.104584
1520530350.401387 2.093045 0.104415
1520530350.501516 2.092097 0.104543
1520530350.601520 2.092115 0.104588
1520530350.701523 2.091973 0.104616
1520530350.801526 2.092075 0.104543
1520530350.901571 2.091377 0.104509
1520530351.001574 2.091592 0.104589
1520530351.101578 2.091558 0.104627
1520530351.201581 2.092825 0.104263
1520530351.301683 2.091158 0.104014
1520530351.351680 2.090670 0.104591
1520530351.451683 2.091115 0.104613
1520530351.501759 2.090878 0.104589
1520530351.601688 2.090421 0.103675
1520530351.701695 2.090066 0.103673
1520530351.801698 2.090066 0.104435
1520530351.901701 2.090540 0.104524
1520530352.001704 2.089816 0.104405
1520530352.101805 2.090747 0.104203
1520530352.201808 2.092173 0.104573
1520530352.301811 2.092253 0.104498
1520530352.401814 2.089618 0.104417
1520530352.501469 2.088188 0.104383
1520530352.601472 2.087165 0.103781
1520530352.701475 2.088683 0.103811
1520530352.801478 2.090728 0.103982
1520530352.901098 2.092411 0.104586
1520530353.001101 2.093102 0.103995
1520530353.101208 2.093919 0.103474
1520530353.201107 2.093130 0.103635
1520530353.301110 2.093151 0.103995
1520530353.351398 2.091268 0.104427
1520530353.451401 2.091666 0.104528
1520530353.551404 2.090366 0.104478
1520530353.651407 2.090681 0.104247
1520530353.751736 2.092985 0.104432
1520530353.851739 2.092586 0.104532
1520530353.951742 2.090812 0.104375
1520530354.051745 2.090904 0.104505
1520530354.151896 2.091614 0.104590
1520530354.251899 2.091098 0.104510
1520530354.351902 2.091919 0.104605
1520530354.451905 2.093046 0.104569
1520530354.501907 2.093328 0.104543
1520530354.601593 2.092938 0.104572
1520530354.651595 2.093049 0.104447
1520530354.751597 2.093351 0.104436
1520530354.851600 2.094509 0.104514
1520530354.951359 2.095086 0.104570
1520530355.051362 2.095327 0.104581
1520530355.151365 2.095358 0.104518
1520530355.201366 2.095154 0.104549
1520530355.301370 2.095380 0.104571
1520530355.401407 2.095852 0.104427
1520530355.501410 2.094596 0.104574
1520530355.601414 2.095211 0.104531
1520530355.701417 2.093745 0.104556
1520530355.801531 2.094338 0.104583
1520530355.901534 2.094463 0.104593
1520530356.001537 2.094456 0.104559
1520530356.051539 2.094046 0.104511
1520530356.151542 2.092402 0.104598
1520530356.251380 2.091560 0.104592
1520530356.351380 2.092038 0.104581
1520530356.401382 2.091475 0.104563
1520530356.501385 2.090730 0.104548
1520530356.551386 2.090785 0.104560
1520530356.651234 2.090190 0.104568
1520530356.701236 2.090602 0.104563
1520530356.801239 2.093118 0.104573
1520530356.851240 2.094622 0.104595
1520530356.951243 2.093128 0.104579
1520530357.051154 2.092059 0.104544
1520530357.151157 2.091253 0.104563
1520530357.251160 2.090942 0.104560
1520530357.351164 2.089270 0.104507
1520530357.401658 2.088856 0.104443
1520530357.501662 2.090968 0.104551
1520530357.601666 2.093098 0.104570
1520530357.651666 2.094569 0.104467
1520530357.751669 2.095636 0.104565
1520530357.851585 2.096014 0.104548
1520530357.951560 2.095983 0.104529
1520530358.051563 2.095966 0.104568
1520530358.151567 2.095715 0.104507
1520530358.251625 2.095592 0.104581
1520530358.351628 2.096207 0.104494
1520530358.451631 2.096249 0.104367
1520530358.551634 2.097875 0.104515
1520530358.651798 2.098408 0.104558
1520530358.751801 2.097196 0.104572
1520530358.851805 2.096289 0.104508
1520530358.951808 2.095061 0.104572
1520530359.051806 2.097119 0.104470
1520530359.151809 2.097392 0.104549
1520530359.251812 2.095529 0.104474
1520530359.351815 2.093757 0.104524
1520530359.451919 2.094651 0.104506
1520530359.551871 2.095448 0.103753
1520530359.601873 2.095596 0.104521
1520530359.701876 2.095657 0.104552
1520530359.801879 2.092857 0.104569
1520530359.901826 2.093424 0.104208
1520530360.001829 2.096865 0.104479
1520530360.101832 2.098601 0.104266
1520530360.201836 2.104146 0.104284
1520530360.251837 2.104689 0.104327
1520530360.351317 2.101947 0.104532
1520530360.401319 2.105284 0.103740
1520530360.501323 2.099548 0.104474
1520530360.601326 2.097807 0.104428
1520530360.651327 2.097771 0.104431
1520530360.750980 2.098527 0.104375
1520530360.800981 2.099019 0.104417
1520530360.900984 2.106211 0.104067
1520530360.950988 2.102183 0.104235
1520530361.051064 2.109594 0.104062
1520530361.151045 2.109481 0.104298
1520530361.251048 2.106989 0.104175
1520530361.301050 2.107448 0.103710
1520530361.401053 2.104748 0.104404
1520530361.501690 2.107162 0.104276
1520530361.601693 2.101487 0.104218
1520530361.701696 2.097987 0.104317
1520530361.801700 2.095943 0.104496
1520530361.901939 2.094887 0.104549
1520530362.001942 2.093971 0.104550
1520530362.101945 2.094427 0.104550
1520530362.151947 2.093952 0.104348
1520530362.251950 2.094710 0.104515
1520530362.351623 2.096055 0.104536
1520530362.401625 2.096225 0.104515
1520530362.501628 2.096227 0.104535
1520530362.601631 2.095113 0.104558
1520530362.701634 2.094691 0.104556
1520530362.801366 2.093434 0.104553
1520530362.901369 2.095041 0.104529
1520530363.001372 2.095254 0.104552
1520530363.101375 2.094314 0.104475
1520530363.201651 2.093584 0.104485
1520530363.301654 2.094148 0.104505
1520530363.401658 2.096086 0.104518
1520530363.451659 2.096604 0.104407
1520530363.551745 2.097421 0.104486
1520530363.651748 2.096377 0.104544
1520530363.751751 2.098152 0.104399
1520530363.801753 2.098499 0.104394
1520530363.901756 2.099494 0.104367
1520530363.951780 2.098841 0.104410
1520530364.051784 2.099659 0.104461
1520530364.101785 2.099636 0.103854
1520530364.201788 2.099244 0.104354
1520530364.251789 2.098227 0.104348
1520530364.351792 2.097882 0.104331
1520530364.401853 2.097301 0.104437
1520530364.501856 2.096442 0.104552
1520530364.551858 2.096519 0.104382
1520530364.651861 2.099414 0.104513
1520530364.701862 2.100831 0.104497
1520530364.802376 2.101426 0.104555
1520530364.852377 2.101219 0.104467
1520530364.952380 2.100584 0.104552
1520530365.052383 2.097008 0.104495
1520530365.152386 2.095277 0.104501
1520530365.251846 2.094948 0.104528
1520530365.351849 2.095522 0.104558
1520530365.451852 2.095972 0.104524
1520530365.551855 2.095465 0.104418
1520530365.601535 2.095713 0.104374
1520530365.701539 2.095360 0.104394
1520530365.801546 2.097115 0.104369
1520530365.901545 2.095862 0.104514
1520530366.001907 2.096671 0.104491
1520530366.101910 2.096993 0.104561
1520530366.151911 2.096971 0.104553
1520530366.251915 2.096874 0.104556
1520530366.301916 2.096776 0.104477
1520530366.402120 2.097146 0.104549
1520530366.502124 2.098162 0.104533
1520530366.602127 2.097857 0.104434
1520530366.702130 2.098438 0.104427
1520530366.752132 2.098324 0.104434
1520530366.852166 2.100083 0.104112
1520530366.952169 2.101080 0.104437
1520530367.002170 2.098964 0.103975
1520530367.102178 2.098534 0.104533
1520530367.152175 2.098003 0.104229
1520530367.252540 2.098178 0.104387
1520530367.352543 2.097030 0.104415
1520530367.502548 2.096795 0.104540
1520530367.652264 2.096100 0.104449
1520530367.702266 2.096350 0.104319
1520530367.802269 2.096603 0.104555
1520530367.852271 2.096306 0.104557
1520530367.952274 2.096018 0.104518
1520530368.052124 2.095822 0.104531
1520530368.152127 2.096010 0.104544
1520530368.252130 2.096461 0.104553
1520530368.352134 2.096970 0.104533
1520530368.402135 2.097357 0.104537
1520530368.502050 2.098561 0.104536
1520530368.552051 2.098935 0.104528
1520530368.652054 2.099821 0.104499
1520530368.702056 2.099424 0.104343
1520530368.802058 2.099204 0.104495
1520530368.851389 2.097773 0.103980
1520530368.951392 2.095128 0.104316
1520530369.001394 2.095591 0.104530
1520530369.101397 2.096208 0.104543
1520530369.151398 2.096351 0.104511
1520530369.251401 2.097213 0.104495
1520530369.301537 2.096933 0.104550
1520530369.401540 2.096047 0.104558
1520530369.501543 2.095983 0.104543
1520530369.551545 2.096670 0.104407
1520530369.651548 2.096501 0.104541
1520530369.701896 2.096379 0.104479
1520530369.801900 2.097187 0.104508
1520530369.901903 2.097329 0.104471
1520530370.001906 2.097497 0.104549
1520530370.101930 2.096683 0.104541
1520530370.201933 2.096832 0.104468
1520530370.301935 2.097143 0.104458
1520530370.401938 2.097024 0.104519
1520530370.501883 2.092834 0.104331
1520530370.701889 2.094374 0.104410
1520530370.801892 2.094070 0.104482
1520530370.951942 2.096179 0.104341
1520530371.051946 2.095589 0.104560
1520530371.151949 2.096071 0.104559
1520530371.251952 2.094497 0.104503
1520530371.351951 2.097030 0.104482
1520530371.451954 2.100404 0.104345
1520530371.551958 2.101522 0.104238
1520530371.701962 2.100441 0.104376
1520530371.801961 2.099891 0.104492
1520530371.901964 2.100879 0.104544
1520530372.001968 2.097651 0.104464
1520530372.101971 2.098337 0.104466
1520530372.201977 2.097723 0.104541
1520530372.301960 2.096477 0.104447
1520530372.401963 2.095129 0.104477
1520530372.501966 2.093873 0.104477
1520530372.601958 2.096211 0.103823
1520530372.701961 2.096341 0.104285
1520530372.801964 2.096552 0.104499
1520530372.901967 2.096146 0.104558
1520530373.051620 2.096448 0.104426
1520530373.201626 2.098802 0.104537
1520530373.301629 2.100844 0.104489
1520530373.401458 2.101597 0.104438
1520530373.451460 2.101390 0.104480
1520530373.551463 2.101437 0.104545
1520530373.651466 2.098939 0.104363
1520530373.751469 2.096635 0.104457
1520530373.801615 2.095681 0.104549
1520530373.901585 2.095190 0.104489
1520530374.001588 2.096069 0.104309
1520530374.101591 2.096195 0.104420
1520530374.201953 2.096781 0.104528
1520530374.301956 2.096457 0.104511
1520530374.401959 2.095925 0.104412
1520530374.501962 2.095914 0.104510
1520530374.602407 2.096003 0.104559
1520530374.752412 2.096183 0.104555
1520530374.852415 2.096189 0.104524
1520530374.952418 2.095522 0.104558
1520530375.052444 2.094604 0.104533
1520530375.152447 2.095579 0.104487
1520530375.252454 2.094839 0.104541
1520530375.352453 2.095345 0.104539
1520530375.452214 2.097369 0.104515
1520530375.552217 2.098614 0.104546
1520530375.652220 2.099000 0.104500
1520530375.702222 2.098593 0.104369
1520530375.802225 2.096746 0.104550
1520530375.852258 2.096065 0.104513
1520530375.952261 2.095131 0.104520
1520530376.052264 2.095454 0.104556
1520530376.102265 2.096352 0.104463
1520530376.202270 2.095118 0.104533
1520530376.251950 2.095438 0.104492
1520530376.351954 2.095487 0.104474
1520530376.401954 2.095721 0.104461
1520530376.501958 2.095423 0.104476
1520530376.551960 2.095167 0.104326
1520530376.652663 2.093559 0.104217
1520530376.702664 2.095139 0.104236
1520530376.802668 2.094469 0.104463
1520530376.852669 2.095721 0.104526
1520530376.952672 2.096506 0.104558
1520530377.002721 2.095973 0.104471
1520530377.102900 2.097604 0.104504
1520530377.202903 2.097764 0.104456
1520530377.302906 2.096757 0.104565
1520530377.402909 2.097661 0.104268
1520530377.451719 2.097183 0.103548
1520530377.551722 2.096120 0.104324
1520530377.601723 2.096272 0.103957
1520530377.701726 2.095873 0.104339
1520530377.801730 2.095846 0.104531
1520530377.901409 2.097098 0.104530
1520530378.001412 2.098014 0.104534
1520530378.051414 2.098641 0.104524
1520530378.151417 2.097468 0.104427
1520530378.201419 2.094251 0.103746
1520530378.301511 2.094279 0.104292
1520530378.351513 2.094401 0.104365
1520530378.451516 2.095840 0.104256
1520530378.501517 2.096467 0.104426
1520530378.601571 2.096805 0.104487
1520530378.651522 2.096882 0.104544
1520530378.752210 2.099131 0.104450
1520530378.802212 2.102799 0.104567
1520530378.902215 2.099747 0.104559
1520530379.002218 2.097717 0.104565
1520530379.102149 2.094819 0.104553
1520530379.152151 2.095779 0.104558
1520530379.252154 2.095083 0.104526
1520530379.302155 2.094567 0.104545
1520530379.402159 2.094975 0.104528
1520530379.501850 2.096341 0.104544
1520530379.601853 2.095468 0.104469
1520530379.701856 2.095414 0.104530
1520530379.751858 2.095290 0.104540
1520530379.851861 2.096156 0.104547
1520530379.951826 2.096414 0.104506
1520530380.001827 2.095101 0.104482
1520530380.101830 2.095716 0.104561
1520530380.201888 2.095889 0.104563
1520530380.251835 2.096101 0.104567
1520530380.352160 2.096263 0.104498
1520530380.402163 2.097400 0.104534
1520530380.502165 2.097446 0.104542
1520530380.552166 2.095194 0.104440
1520530380.652170 2.095063 0.104550
1520530380.702171 2.095004 0.104552
1520530380.802136 2.093571 0.104498
1520530380.852138 2.092269 0.104147
1520530380.952141 2.092983 0.104384
1520530381.002143 2.093664 0.104498
1520530381.102146 2.094056 0.104272
1520530381.152048 2.094388 0.104533
1520530381.252051 2.095456 0.104518
1520530381.302052 2.094969 0.104538
1520530381.402056 2.095445 0.104513
1520530381.502058 2.095464 0.104552
1520530381.602264 2.095713 0.104557
1520530381.702267 2.095883 0.104546
1520530381.802324 2.096087 0.104505
1520530381.902273 2.095292 0.104367
1520530382.002334 2.095584 0.104560
1520530382.102337 2.096540 0.104481
1520530382.202340 2.097401 0.104505
1520530382.302343 2.096950 0.104520
1520530382.402160 2.095829 0.104469
1520530382.502164 2.093899 0.104479
1520530382.652168 2.094639 0.104480
1520530382.802244 2.096111 0.104558
1520530382.952249 2.096091 0.104535
1520530383.052252 2.094908 0.104536
1520530383.202206 2.094375 0.104528
1520530383.302209 2.096118 0.104445
1520530383.402267 2.098087 0.104149
1520530383.502216 2.097046 0.104550
1520530383.602472 2.097389 0.104375
1520530383.702475 2.095769 0.104320
1520530383.802478 2.096159 0.104367
1520530383.902481 2.099724 0.104438
1520530383.952482 2.101710 0.104181
1520530384.052531 2.105367 0.104401
1520530384.152534 2.107143 0.104341
1520530384.252537 2.110760 0.104056
1520530384.352541 2.109810 0.104275
1520530384.452434 2.105767 0.103095
1520530384.552437 2.102726 0.103913
1520530384.602439 2.101950 0.104226
1520530384.702442 2.102782 0.104362
1520530384.802857 2.102131 0.104518
1520530384.852858 2.102149 0.104381
1520530384.952861 2.100142 0.104500
1520530385.052864 2.099098 0.104531
1520530385.102866 2.098258 0.104489
1520530385.202869 2.097549 0.104556
1520530385.302707 2.097955 0.104513
1520530385.352709 2.097245 0.104477
1520530385.452712 2.097193 0.104541
1520530385.552715 2.096489 0.104551
1520530385.602716 2.096760 0.104493
1520530385.702487 2.097044 0.104558
1520530385.802491 2.098514 0.104123
1520530385.852492 2.097720 0.104247
1520530385.952497 2.097123 0.104546
1520530386.052544 2.096721 0.104519
1520530386.152547 2.096782 0.104541
1520530386.252550 2.096294 0.104509
1520530386.352553 2.096790 0.104486
1520530386.452758 2.096604 0.104536
1520530386.552761 2.096806 0.104530
1520530386.652764 2.097592 0.104459
1520530386.752767 2.096910 0.104524
1520530386.852674 2.096249 0.104560
1520530386.902676 2.095904 0.104520
1520530387.002679 2.095607 0.104535
1520530387.052681 2.095555 0.104351
1520530387.152684 2.094009 0.104510
1520530387.202685 2.094814 0.104190
1520530387.302607 2.095562 0.104529
1520530387.352609 2.095273 0.104550
1520530387.452612 2.095574 0.104536
1520530387.502614 2.094214 0.104465
1520530387.602617 2.092939 0.104553
1520530387.652619 2.094035 0.104519
1520530387.752459 2.095535 0.104454
1520530387.802460 2.096218 0.104477
1520530387.902463 2.096449 0.104424
1520530387.952465 2.096014 0.104473
1520530388.052468 2.095976 0.104396
1520530388.102494 2.096148 0.104544
1520530388.202544 2.096622 0.104475
1520530388.252499 2.097086 0.104514
1520530388.352502 2.097283 0.104521
1520530388.452505 2.096614 0.104545
1520530388.552854 2.097042 0.104467
1520530388.652857 2.097395 0.104549
1520530388.752860 2.096779 0.104558
1520530388.802861 2.098653 0.104536
1520530388.902233 2.097204 0.104376
1520530389.002237 2.095890 0.104460
1520530389.102240 2.095932 0.104474
1520530389.202243 2.096065 0.104444
1520530389.302934 2.096398 0.104470
1520530389.402938 2.096626 0.104557
1520530389.452939 2.096702 0.104552
1520530389.552942 2.096864 0.104490
1520530389.602943 2.094815 0.104458
1520530389.702846 2.094827 0.104543
1520530389.753403 2.095560 0.104544
1520530389.853406 2.095756 0.104492
1520530389.903408 2.096017 0.104484
1520530390.003411 2.096651 0.104476
1520530390.053412 2.097060 0.104459
1520530390.152569 2.096858 0.104078
1520530390.202569 2.097604 0.104401
1520530390.302572 2.096604 0.104500
1520530390.352575 2.095975 0.104542
1520530390.452578 2.096160 0.104538
1520530390.553324 2.095557 0.104355
1520530390.603326 2.096505 0.103756
1520530390.703329 2.096497 0.104133
1520530390.803333 2.095514 0.104399
1520530390.853334 2.096794 0.104509
1520530390.953379 2.098267 0.104550
1520530391.003381 2.098154 0.104525
1520530391.103384 2.098112 0.104485
1520530391.203387 2.097033 0.104550
1520530391.303389 2.096600 0.104482
1520530391.352333 2.097182 0.104538
1520530391.452336 2.097229 0.104520
1520530391.502338 2.096604 0.104469
1520530391.602341 2.095442 0.104549
1520530391.652342 2.094409 0.104509
1520530391.752424 2.093103 0.104225
1520530391.852427 2.095114 0.104551
1520530391.952430 2.096005 0.104394
1520530392.052433 2.095959 0.104496
1520530392.102435 2.095906 0.104512
1520530392.203142 2.095725 0.104543
1520530392.253143 2.095556 0.104546
1520530392.353147 2.095898 0.104440
1520530392.403148 2.095571 0.104024
1520530392.503151 2.094976 0.104529
1520530392.602235 2.095998 0.104426
1520530392.702237 2.095965 0.104527
1520530392.802241 2.096302 0.104529
1520530392.852242 2.096531 0.104545
1520530392.952245 2.097039 0.104550
1520530393.002174 2.097169 0.104394
1520530393.102156 2.096448 0.104551
1520530393.152157 2.097053 0.104532
1520530393.252160 2.098068 0.104548
1520530393.352164 2.097035 0.104540
1520530393.452923 2.096618 0.104522
1520530393.552926 2.098443 0.104439
1520530393.602927 2.097245 0.104425
1520530393.702931 2.096616 0.104529
1520530393.802958 2.096100 0.104537
1520530393.902961 2.097560 0.103951
1520530394.002964 2.097047 0.104552
1520530394.102968 2.096144 0.104528
1520530394.152969 2.093886 0.104093
1520530394.252167 2.093002 0.104392
1520530394.302169 2.093174 0.104501
1520530394.402172 2.095665 0.104494
1520530394.452173 2.094773 0.104293
1520530394.552176 2.094370 0.104535
1520530394.652876 2.094567 0.104520
1520530394.752879 2.094632 0.104313
1520530394.802881 2.094492 0.104218
1520530394.902884 2.096256 0.104370
1520530395.002887 2.095548 0.104397
1520530395.103732 2.095409 0.104522
1520530395.203735 2.096511 0.104435
1520530395.303738 2.096721 0.104536
1520530395.403742 2.095915 0.104166
1520530395.452705 2.095695 0.103631
1520530395.552709 2.095583 0.104377
1520530395.652712 2.095963 0.104509
1520530395.802716 2.096987 0.103984
1520530395.903079 2.096724 0.104306
1520530396.003083 2.094873 0.104492
1520530396.103085 2.094583 0.104506
1520530396.203089 2.094582 0.104546
1520530396.303237 2.094970 0.104476
1520530396.403240 2.093529 0.104550
1520530396.503243 2.098051 0.104309
1520530396.603246 2.098827 0.103766
1520530396.703145 2.097692 0.104324
1520530396.803148 2.097523 0.104037
1520530396.903152 2.097743 0.103673
1520530397.003155 2.097489 0.104359
1520530397.102782 2.097245 0.104223
1520530397.202785 2.095966 0.104474
1520530397.302788 2.096609 0.104555
1520530397.402791 2.095777 0.104455
1520530397.502304 2.096346 0.104361
1520530397.552306 2.095743 0.104465
1520530397.652309 2.098677 0.104525
1520530397.702310 2.095030 0.104217
1520530397.802315 2.097449 0.104439
1520530397.852315 2.097517 0.103822
1520530397.952586 2.098369 0.104415
1520530398.002588 2.097127 0.104539
1520530398.102591 2.096682 0.104103
1520530398.152592 2.096965 0.104543
1520530398.252596 2.095699 0.104497
1520530398.353367 2.097377 0.104561
1520530398.403368 2.096879 0.104242
1520530398.503371 2.096574 0.104528
1520530398.553373 2.095985 0.104497
1520530398.653376 2.094761 0.104533
1520530398.703221 2.094573 0.104518
1520530398.803225 2.095724 0.104534
1520530398.853226 2.096870 0.104531
1520530398.953229 2.097443 0.104536
1520530399.053232 2.097950 0.104491
1520530399.103233 2.097147 0.104534
1520530399.202332 2.097235 0.104411
1520530399.252333 2.096738 0.104382
1520530399.352336 2.096735 0.104398
1520530399.402342 2.098117 0.104274
1520530399.502341 2.097540 0.104427
1520530399.553006 2.097980 0.104531
1520530399.653009 2.098191 0.104523
1520530399.703011 2.097533 0.104132
1520530399.803014 2.096795 0.104390
1520530399.903017 2.097166 0.104433
1520530400.003276 2.095999 0.104347
1520530400.053278 2.096921 0.104378
1520530400.153281 2.095724 0.104448
1520530400.253284 2.095810 0.104546
1520530400.303286 2.095725 0.104528
1520530400.402496 2.095728 0.104515
1520530400.452498 2.094229 0.104525
1520530400.552501 2.095456 0.104544
1520530400.602502 2.095354 0.104333
1520530400.702505 2.095562 0.104536
1520530400.752291 2.094565 0.104500
1520530400.852294 2.096826 0.104519
1520530400.952297 2.095617 0.104523
1520530401.052300 2.096178 0.104290
1520530401.102302 2.096333 0.104507
1520530401.202755 2.096744 0.104238
1520530401.252756 2.093524 0.104566
1520530401.352759 2.098210 0.104560
1520530401.402761 2.096899 0.104538
1520530401.502764 2.098169 0.104393
1520530401.552766 2.097689 0.104392
1520530401.653039 2.098933 0.104541
1520530401.753042 2.098915 0.104537
1520530401.853045 2.097874 0.104552
1520530401.903047 2.096345 0.104287
1520530402.002281 2.095786 0.104452
1520530402.052283 2.095589 0.104493
1520530402.152286 2.096225 0.104261
1520530402.202287 2.096488 0.104421
1520530402.302290 2.096664 0.104349
1520530402.352292 2.097131 0.104062
1520530402.452569 2.097926 0.104049
1520530402.502571 2.098901 0.102665
1520530402.602574 2.097358 0.104061
1520530402.702577 2.096548 0.104438
1520530402.803416 2.094696 0.104283
1520530402.853417 2.095313 0.104200
1520530402.953420 2.095968 0.104538
1520530403.003422 2.096902 0.104472
1520530403.103425 2.097309 0.104472
1520530403.153427 2.097373 0.104426
1520530403.252935 2.096080 0.104516
1520530403.302936 2.096002 0.104554
1520530403.402940 2.095555 0.104547
1520530403.452941 2.095477 0.104551
1520530403.552945 2.095711 0.104558
1520530403.602946 2.096098 0.104531
1520530403.702256 2.096433 0.104450
1520530403.752257 2.096572 0.104333
1520530403.852261 2.097021 0.104370
1520530403.902261 2.097090 0.103956
1520530404.002264 2.097346 0.103701
1520530404.052745 2.098109 0.104277
1520530404.152748 2.098019 0.104484
1520530404.252829 2.098338 0.104547
1520530404.302752 2.098794 0.104547
1520530404.402755 2.097940 0.104555
1520530404.453112 2.097708 0.104551
1520530404.553115 2.098575 0.104493
1520530404.603117 2.097886 0.104530
1520530404.703120 2.097386 0.104526
1520530404.753122 2.098374 0.104533
1520530404.852642 2.099293 0.104546
1520530404.902643 2.099428 0.104488
1520530405.002647 2.098853 0.104511
1520530405.052648 2.098445 0.104484
1520530405.152651 2.096969 0.104523
1520530405.202653 2.096996 0.104411
1520530405.302330 2.096125 0.104530
1520530405.352331 2.096355 0.104506
1520530405.452334 2.096384 0.104514
1520530405.502335 2.096301 0.104504
1520530405.602339 2.096360 0.104503
1520530405.652792 2.096300 0.104529
1520530405.752795 2.096640 0.104475
1520530405.802797 2.096413 0.104331
1520530405.902800 2.096310 0.104436
1520530406.002803 2.096257 0.104435
1520530406.103570 2.096612 0.104361
1520530406.153570 2.096631 0.104428
1520530406.253574 2.096107 0.104449
1520530406.353577 2.095794 0.104555
1520530406.403579 2.095982 0.104536
1520530406.503485 2.095909 0.104524
1520530406.603489 2.096115 0.104550
1520530406.703492 2.095825 0.104549
1520530406.803495 2.096397 0.104551
1520530406.853497 2.096458 0.104542
1520530406.952693 2.095792 0.104513
1520530407.002694 2.096455 0.104528
1520530407.102698 2.096384 0.104548
1520530407.152699 2.096764 0.104430
1520530407.252702 2.096525 0.104537
1520530407.303185 2.096547 0.104410
1520530407.403187 2.096663 0.104519
1520530407.453221 2.096622 0.104555
1520530407.553191 2.096509 0.104531
1520530407.603193 2.096742 0.104525
1520530407.703510 2.095995 0.104558
1520530407.753511 2.096147 0.104506
1520530407.853515 2.095924 0.104268
1520530407.903516 2.096174 0.104426
1520530408.003519 2.096078 0.104443
1520530408.103522 2.095364 0.104372
1520530408.203605 2.094934 0.104200
1520530408.303608 2.094516 0.104248
1520530408.403612 2.095549 0.104334
1520530408.503614 2.095458 0.104069
1520530408.603376 2.094513 0.104117
1520530408.703379 2.094883 0.104388
1520530408.803382 2.095120 0.104275
1520530408.903385 2.094999 0.104284
1520530408.952878 2.094304 0.104230
1520530409.052890 2.094640 0.104399
1520530409.152884 2.095557 0.104531
1520530409.202886 2.095603 0.104422
1520530409.302889 2.095578 0.104494
1520530409.352902 2.095693 0.104534
1520530409.452906 2.099902 0.104476
1520530409.502907 2.099057 0.104436
1520530409.602910 2.098586 0.104303
1520530409.652912 2.100599 0.103997
1520530409.752654 2.097783 0.104266
1520530409.802656 2.095017 0.104274
1520530409.902659 2.099593 0.103445
1520530410.002662 2.095973 0.104267
1520530410.052664 2.095864 0.104381
1520530410.153223 2.095454 0.104474
1520530410.203224 2.094759 0.104462
1520530410.303227 2.094622 0.104465
1520530410.353231 2.095388 0.104401
1520530410.453232 2.096389 0.104426
1520530410.503232 2.096596 0.104528
1520530410.603875 2.096614 0.104546
1520530410.703878 2.096971 0.104537
1520530410.803881 2.096325 0.104542
1520530410.903884 2.096463 0.104434
1520530411.003418 2.096061 0.104446
1520530411.103421 2.096118 0.104505
1520530411.203424 2.096160 0.104507
1520530411.303427 2.096265 0.104460
1520530411.403009 2.096051 0.104508
1520530411.453010 2.095286 0.104128
1520530411.553013 2.094992 0.104468
1520530411.603015 2.095399 0.104379
1520530411.703018 2.096122 0.104454
1520530411.753020 2.096940 0.104513
1520530411.852907 2.096530 0.104550
1520530411.902909 2.097069 0.104479
1520530412.002912 2.095990 0.104548
1520530412.052913 2.096340 0.104490
1520530412.152916 2.096608 0.104528
1520530412.253417 2.096501 0.104470
1520530412.303419 2.096829 0.104559
1520530412.403422 2.096634 0.104560
1520530412.503425 2.096592 0.104560
1520530412.553426 2.096635 0.104491
1520530412.653630 2.096225 0.104541
1520530412.703631 2.095960 0.104474
1520530412.803634 2.096004 0.104551
1520530412.853636 2.095358 0.104508
1520530412.953639 2.095587 0.104379
1520530413.003641 2.095721 0.104551
1520530413.103011 2.096073 0.104560
1520530413.153012 2.096531 0.104464
1520530413.253016 2.097052 0.104526
1520530413.303017 2.097130 0.104545
1520530413.403021 2.095188 0.102770
1520530413.502941 2.094015 0.104397
1520530413.602944 2.102350 0.100275
1520530413.702947 2.098400 0.102620
1520530413.853107 2.095451 0.104384
1520530413.953110 2.095357 0.104474
1520530414.053113 2.095933 0.103211
1520530414.153116 2.096015 0.104405
1520530414.252894 2.095712 0.104480
1520530414.352897 2.096206 0.104452
1520530414.452900 2.095817 0.104499
1520530414.552903 2.095757 0.104477
1520530414.652705 2.093856 0.101664
1520530414.752708 2.093036 0.103871
1520530414.802710 2.094761 0.103268
1520530414.902714 2.095750 0.104478
1520530414.952715 2.096083 0.104350
1520530415.052718 2.095596 0.104551
1520530415.153197 2.093866 0.104212
1520530415.253200 2.096845 0.104487
1520530415.353203 2.096587 0.104513
1520530415.453206 2.094980 0.104439
1520530415.553069 2.093757 0.104355
1520530415.603071 2.094483 0.103073
1520530415.703074 2.095655 0.098369
1520530415.803077 2.090436 0.099133
1520530415.853079 2.092213 0.102252
1520530415.953363 2.096640 0.099297
1520530416.103368 2.097512 0.097903
1520530416.303375 2.097399 0.103965
1520530416.503381 2.097005 0.104319
1520530416.603384 2.097714 0.104476
1520530416.703272 2.097116 0.104447
1520530416.803277 2.096395 0.104357
1520530416.903278 2.096349 0.104507
1520530417.003283 2.095271 0.103497
1520530417.103391 2.095702 0.104500
1520530417.203373 2.096272 0.104484
1520530417.303376 2.095367 0.104124
1520530417.703468 2.095450 0.104534
1520530417.803472 2.093652 0.103355
1520530417.903475 2.093772 0.102900
1520530418.003458 2.094693 0.104320
1520530418.103461 2.094256 0.104381
1520530418.203465 2.096658 0.104192
1520530418.303468 2.096882 0.104500
1520530418.503435 2.095516 0.104390
1520530418.653440 2.095658 0.104361
1520530418.753343 2.096423 0.103705
1520530418.853346 2.096703 0.104437
1520530418.953350 2.096401 0.104281
1520530419.053353 2.096106 0.104187
1520530419.153533 2.098093 0.104498
1520530419.253536 2.096354 0.104418
1520530419.353539 2.096847 0.104481
1520530419.453542 2.096439 0.104557
1520530419.553545 2.097048 0.104536
1520530419.703733 2.096502 0.104387
1520530419.803736 2.096134 0.104523
1520530419.903739 2.095955 0.104504
1520530420.003597 2.096536 0.104537
1520530420.103600 2.096258 0.104537
1520530420.153602 2.096149 0.104454
1520530420.253605 2.096523 0.104494
1520530420.303607 2.096371 0.104234
1520530420.403699 2.096248 0.104193
1520530420.503702 2.096716 0.104208
1520530420.653707 2.097214 0.104557
1520530420.803356 2.096767 0.103985
1520530420.903359 2.096007 0.103883
1520530421.003363 2.096807 0.104375
1520530421.103366 2.096932 0.104542
1520530421.203429 2.096803 0.104490
1520530421.303432 2.096271 0.104461
1520530421.403435 2.096090 0.104372
1520530421.503439 2.095187 0.104004
1520530421.603611 2.096182 0.104463
1520530421.703614 2.096547 0.104391
1520530421.803617 2.096574 0.104485
1520530422.003623 2.096386 0.104530
1520530422.103474 2.096369 0.104529
1520530422.203477 2.096590 0.104491
1520530422.303480 2.096225 0.104469
1520530422.403483 2.096359 0.104463
1520530422.503396 2.096359 0.104401
1520530422.603400 2.096341 0.104401
1520530422.703403 2.096171 0.104514
1520530422.803406 2.096312 0.104533
1520530422.903583 2.096467 0.104497
1520530423.053588 2.096501 0.104356
1520530423.153591 2.095952 0.104546
1520530423.203592 2.094813 0.104551
1520530423.303317 2.095282 0.104523
1520530423.403322 2.096610 0.104554
1520530423.553359 2.096574 0.104444
1520530423.603327 2.095565 0.104521
1520530423.702985 2.095583 0.104465
1520530423.752986 2.095380 0.104323
1520530423.852990 2.095128 0.104535
1520530423.902991 2.095627 0.104537
1520530424.002994 2.096931 0.104473
1520530424.052950 2.096057 0.104505
1520530424.153255 2.095982 0.104532
1520530424.203257 2.095856 0.104554
1520530424.303260 2.096497 0.104533
1520530424.403263 2.096330 0.104529
1520530424.453264 2.096556 0.104563
1520530424.554724 2.098687 0.104479
1520530424.604726 2.096889 0.104424
1520530424.704729 2.096435 0.104513
1520530424.854733 2.095607 0.104568
1520530424.953377 2.096715 0.104519
1520530425.003378 2.096659 0.104560
1520530425.103381 2.096396 0.104544
1520530425.203384 2.096526 0.104565
1520530425.303732 2.096266 0.104536
1520530425.403735 2.096212 0.104537
1520530425.503738 2.096489 0.104561
1520530425.603741 2.096516 0.104544
1520530425.653743 2.096088 0.104536
1520530425.753677 2.095809 0.104507
1520530425.803679 2.095807 0.104424
1520530425.903682 2.095493 0.104552
1520530426.003685 2.095380 0.104559
1520530426.103474 2.094442 0.104504
1520530426.203477 2.094533 0.104537
1520530426.303480 2.095004 0.104562
1520530426.353481 2.095681 0.104527
1520530426.453484 2.095388 0.104530
1520530426.553551 2.095255 0.104378
1520530426.703556 2.094330 0.104533
1520530426.753558 2.094039 0.104327
1520530426.853560 2.093957 0.104440
1520530426.903562 2.095706 0.104267
1520530427.003600 2.095974 0.104544
1520530427.103603 2.095887 0.104530
1520530427.153605 2.095948 0.104486
1520530427.253608 2.095693 0.104503
1520530427.353592 2.096319 0.104506
1520530427.453595 2.096076 0.104543
1520530427.553598 2.095593 0.104561
1520530427.653601 2.095078 0.104459
1520530427.753678 2.095372 0.104399
1520530427.803679 2.095175 0.104065
1520530427.903683 2.095680 0.104558
1520530427.953684 2.095109 0.104418
1520530428.053687 2.095146 0.104560
1520530428.103692 2.095711 0.104295
1520530428.203537 2.096642 0.104440
1520530428.253538 2.096413 0.104428
1520530428.353542 2.095585 0.103298
1520530428.403618 2.093995 0.103455
1520530428.503546 2.094221 0.103882
1520530428.553451 2.093166 0.103905
1520530428.653454 2.093067 0.104213
1520530428.703455 2.093268 0.104205
1520530428.803458 2.092318 0.104424
1520530428.853460 2.091780 0.104471
1520530428.953463 2.091524 0.104541
1520530429.003444 2.091437 0.104481
1520530429.103447 2.092242 0.104466
1520530429.153448 2.090971 0.104251
1520530429.253451 2.091173 0.104398
1520530429.303453 2.090149 0.104187
1520530429.403551 2.089057 0.103657
1520530429.453553 2.091985 0.104141
1520530429.553556 2.095588 0.104504
1520530429.603558 2.096700 0.104461
1520530429.703560 2.096217 0.104502
1520530429.753562 2.096715 0.104216
1520530429.853626 2.096286 0.103661
1520530429.903625 2.096367 0.103492
1520530430.003663 2.094935 0.104445
1520530430.053629 2.093757 0.104376
1520530430.153632 2.092877 0.104514
1520530430.203344 2.094625 0.104510
1520530430.303347 2.094388 0.104552
1520530430.353349 2.096230 0.104556
1520530430.453352 2.094398 0.104349
1520530430.553355 2.093039 0.104509
1520530430.603527 2.093393 0.104455
1520530430.703530 2.093151 0.104465
1520530430.753532 2.094344 0.104515
1520530430.853534 2.093412 0.104294
1520530430.903536 2.094356 0.104382
1520530431.003696 2.094243 0.104489
1520530431.053698 2.095449 0.104555
1520530431.153701 2.096203 0.104550
1520530431.253704 2.096250 0.104552
1520530431.353708 2.096831 0.104513
1520530431.403709 2.096106 0.104402
1520530431.503564 2.095998 0.104538
1520530431.553565 2.093678 0.104470
1520530431.653568 2.092346 0.104472
1520530431.703570 2.091577 0.104440
1520530431.803573 2.095185 0.104511
1520530431.853524 2.097871 0.104480
1520530431.953527 2.096412 0.104486
1520530432.003529 2.094933 0.104425
1520530432.103532 2.096159 0.104553
1520530432.153533 2.095548 0.104490
1520530432.253696 2.094991 0.104490
1520530432.303698 2.094810 0.104469
1520530432.403701 2.095707 0.104537
1520530432.453702 2.096829 0.104536
1520530432.553705 2.097186 0.104483
1520530432.603708 2.097548 0.104484
1520530432.703550 2.095441 0.104507
1520530432.753551 2.096822 0.104411
1520530432.853554 2.096190 0.104511
1520530432.953557 2.096932 0.104554
1520530433.003559 2.098535 0.104479
1520530433.103691 2.100466 0.103119
1520530433.203694 2.097209 0.104438
1520530433.303697 2.097449 0.104537
1520530433.403700 2.099182 0.104428
1520530433.503793 2.098717 0.104500
1520530433.603796 2.100222 0.104371
1520530433.653798 2.099923 0.104241
1520530433.753801 2.100160 0.104493
1520530433.853804 2.098406 0.104465
1520530433.903631 2.098385 0.104496
1520530434.003634 2.098676 0.104507
1520530434.053635 2.098603 0.104476
1520530434.153638 2.097841 0.104481
1520530434.203641 2.097643 0.104453
1520530434.303478 2.097168 0.104541
1520530434.353481 2.096553 0.104546
1520530434.453483 2.095129 0.104532
1520530434.503485 2.095512 0.104509
1520530434.603488 2.096405 0.104545
1520530434.653489 2.096673 0.104432
1520530434.753658 2.096290 0.104552
1520530434.803658 2.096503 0.104539
1520530434.903661 2.097931 0.104549
1520530434.953663 2.097498 0.104552
1520530435.053667 2.097678 0.104499
1520530435.103796 2.097908 0.104538
1520530435.203799 2.098404 0.104558
1520530435.253801 2.099598 0.104549
1520530435.353804 2.099474 0.104521
1520530435.403806 2.099673 0.104482
1520530435.504086 2.099073 0.104539
1520530435.554088 2.098229 0.104482
1520530435.654091 2.097509 0.104553
1520530435.704092 2.097168 0.104523
1520530435.804096 2.096563 0.104554
1520530435.904099 2.097353 0.104494
1520530435.953835 2.097285 0.104132
1520530436.053838 2.097152 0.104450
1520530436.103839 2.096695 0.104534
1520530436.203843 2.096438 0.104529
1520530436.303846 2.096677 0.104553
1520530436.403957 2.096509 0.104551
1520530436.553962 2.097111 0.104530
1520530436.703966 2.097201 0.104534
1520530436.754031 2.096734 0.104524
1520530436.854034 2.097418 0.104518
1520530436.904035 2.097446 0.104550
1520530437.004039 2.097198 0.104556
1520530437.054040 2.097494 0.104553
1520530437.153533 2.097441 0.104462
1520530437.203536 2.097631 0.104374
1520530437.303539 2.097043 0.104519
1520530437.353539 2.097575 0.104478
1520530437.453545 2.097216 0.104542
1520530437.503545 2.097536 0.104537
1520530437.603872 2.097622 0.104471
1520530437.653873 2.096882 0.104525
1520530437.753876 2.096936 0.104530
1520530437.853879 2.096719 0.104549
1520530437.954482 2.096937 0.104545
1520530438.054484 2.096760 0.104552
1520530438.104484 2.096793 0.104505
1520530438.204487 2.096320 0.104538
1520530438.254489 2.096115 0.104467
1520530438.354492 2.096473 0.104439
1520530438.403621 2.096635 0.104499
1520530438.503624 2.096546 0.104413
1520530438.553626 2.096247 0.104491
1520530438.653629 2.096473 0.104527
1520530438.753632 2.096517 0.104537
1520530438.854392 2.096841 0.104541
1520530438.954395 2.096651 0.104539
1520530439.054398 2.096406 0.104556
1520530439.154401 2.096409 0.104559
1520530439.254655 2.096576 0.104559
1520530439.354659 2.096388 0.104545
1520530439.504663 2.096047 0.104529
1520530439.654178 2.096257 0.104536
1520530439.754182 2.098068 0.104487
1520530439.804183 2.099355 0.104467
1520530439.904186 2.100428 0.104490
1520530440.004099 2.103009 0.104406
1520530440.104102 2.103457 0.104502
1520530440.204106 2.103762 0.104443
1520530440.304109 2.104949 0.104386
1520530440.404112 2.105663 0.104515
1520530440.503979 2.106512 0.104520
1520530440.603982 2.108137 0.104544
1520530440.703986 2.108038 0.104350
1520530440.803989 2.106264 0.104449
1520530440.903872 2.105705 0.104535
1520530441.003875 2.103698 0.104547
1520530441.103878 2.102144 0.104552
1520530441.203881 2.101260 0.104545
1520530441.303927 2.100021 0.104537
1520530441.403893 2.100217 0.104517
1520530441.503896 2.099764 0.104524
1520530441.654083 2.099916 0.104548
1520530441.854089 2.099611 0.104497
1520530442.004094 2.097436 0.104463
1520530442.104032 2.095977 0.104532
1520530442.204035 2.095078 0.104506
1520530442.304038 2.092601 0.104365
1520530442.404042 2.090547 0.104453
1520530442.453714 2.090354 0.104408
1520530442.553717 2.091088 0.104482
1520530442.603719 2.092564 0.104443
1520530442.703722 2.091865 0.104554
1520530442.753723 2.092154 0.104413
1520530442.853726 2.094554 0.104158
1520530442.954377 2.093959 0.104503
1520530443.054381 2.094472 0.104396
1520530443.204385 2.094886 0.104516
1520530443.404470 2.095948 0.104528
1520530443.554474 2.096537 0.104533
1520530443.654478 2.098617 0.104012
1520530443.754014 2.097785 0.104377
1520530443.854018 2.097235 0.104539
1520530443.954022 2.095564 0.104540
1520530444.054024 2.097360 0.104512
1520530444.154403 2.097772 0.104498
1520530444.254406 2.096155 0.104557
1520530444.354410 2.097125 0.104524
1520530444.454413 2.096052 0.104531
1520530444.555263 2.095213 0.104298
1520530444.655166 2.095484 0.104469
1520530444.755169 2.096160 0.104514
1520530444.855172 2.095766 0.104460
1520530444.954962 2.096278 0.104544
1520530445.004964 2.096519 0.104555
1520530445.104967 2.096760 0.104541
1520530445.154968 2.097083 0.104538
1520530445.254971 2.096519 0.104551
1520530445.304973 2.095508 0.104431
1520530445.403894 2.095763 0.104492
1520530445.453896 2.095497 0.104471
1520530445.553899 2.096871 0.104537
1520530445.603900 2.096303 0.104528
1520530445.703904 2.096574 0.104451
1520530445.753751 2.095974 0.104405
1520530445.853755 2.097128 0.104493
1520530445.903755 2.096032 0.104427
1520530446.003758 2.095704 0.104483
1520530446.103761 2.094876 0.104406
1520530446.154954 2.097008 0.104536
1520530446.254902 2.097249 0.104489
1520530446.354905 2.097338 0.104554
1520530446.454908 2.097107 0.104557
1520530446.554783 2.096877 0.104555
1520530446.654786 2.096278 0.104535
1520530446.754789 2.095885 0.104556
1520530446.804791 2.095631 0.104521
1520530446.904794 2.095600 0.104475
1520530447.004332 2.095495 0.104345
1520530447.104335 2.095556 0.104474
1520530447.204338 2.095483 0.104468
1520530447.304342 2.094559 0.104538
1520530447.404124 2.094643 0.104496
1520530447.554128 2.093535 0.104131
1520530447.704133 2.093461 0.104448
1520530447.854074 2.095031 0.104454
1520530448.203885 2.097515 0.104483
1520530448.903940 2.097749 0.104557
