1520530315.599645 1.345764 0.377163
1520530315.699637 1.284574 0.264796
1520530315.799640 1.330545 0.228408
1520530315.899643 1.251406 0.186720
1520530316.100221 1.238329 0.201976
1520530316.300227 1.230962 0.182567
1520530316.450231 1.223235 0.166569
1520530316.600278 1.225912 0.172804
1520530316.800284 1.225305 0.169082
1520530316.949773 1.241224 0.163245
1520530317.049776 1.262205 0.157491
1520530317.249782 1.266381 0.127780
1520530317.399745 1.252436 0.113724
1520530317.599752 1.241707 0.102737
1520530317.750237 1.237608 0.098527
1520530317.900242 1.234358 0.096133
1520530318.050246 1.234769 0.099604
1520530318.150816 1.239070 0.099192
1520530318.250771 1.239857 0.098400
1520530318.400775 1.244000 0.095653
1520530318.550780 1.250431 0.092552
1520530318.650568 1.254447 0.090537
1520530318.800573 1.259767 0.087918
1520530318.950577 1.261858 0.081955
1520530319.049958 1.272015 0.079447
1520530319.149961 1.276814 0.075924
1520530319.299965 1.272822 0.070317
1520530319.449833 1.267087 0.065943
1520530319.599838 1.272121 0.063586
1520530319.749942 1.268358 0.062726
1520530319.850343 1.266366 0.062533
1520530319.950346 1.265424 0.061614
1520530320.050349 1.264865 0.060171
1520530320.150352 1.265126 0.058684
1520530320.250402 1.264885 0.057362
1520530320.400407 1.265270 0.056321
1520530320.550412 1.264100 0.055207
1520530320.649871 1.266896 0.054127
1520530320.799876 1.273612 0.051850
1520530320.949880 1.278282 0.049609
1520530321.099742 1.275521 0.047766
1520530321.249747 1.277560 0.046524
1520530321.399751 1.274584 0.045108
1520530321.549859 1.272390 0.043882
1520530321.649862 1.268881 0.043249
1520530321.799867 1.268742 0.042412
1520530321.950155 1.279968 0.042101
1520530322.050158 1.269972 0.041412
1520530322.200163 1.270512 0.040846
1520530322.450214 1.269808 0.040739
1520530322.650023 1.276599 0.040292
1520530322.800029 1.281253 0.039678
1520530323.000035 1.283282 0.038854
1520530323.150076 1.284651 0.038327
1520530323.300080 1.286461 0.037969
1520530323.450085 1.291680 0.035658
1520530323.550346 1.290923 0.034687
1520530323.650349 1.289866 0.033727
1520530323.800354 1.286725 0.033009
1520530323.950154 1.287427 0.032615
1520530324.100159 1.289261 0.032348
1520530324.250163 1.295007 0.032047
1520530324.349910 1.297828 0.031781
1520530324.449913 1.298450 0.031456
1520530324.549915 1.295317 0.031067
1520530324.649919 1.294317 0.030723
1520530324.750020 1.294520 0.030490
1520530324.900024 1.294302 0.030376
1520530325.050029 1.295391 0.030278
1520530325.150817 1.296965 0.030138
1520530325.350824 1.294657 0.029584
1520530325.550913 1.298188 0.028779
1520530325.750919 1.292931 0.027813
1520530325.950541 1.290687 0.027302
1520530326.100546 1.291110 0.026907
1520530326.250551 1.288191 0.026516
1520530326.400206 1.287495 0.026286
1520530326.600213 1.286680 0.026129
1520530326.800428 1.287995 0.026086
1520530327.000434 1.289005 0.025565
1520530327.150431 1.288456 0.025022
1520530327.300436 1.287516 0.024612
1520530327.450441 1.289586 0.024355
1520530327.550090 1.291341 0.024151
1520530327.600091 1.290397 0.023999
1520530327.700094 1.290717 0.023744
1520530327.800097 1.290992 0.023561
1520530327.850099 1.290506 0.023479
1520530327.950102 1.291024 0.023330
1520530328.050282 1.291558 0.023161
1520530328.150285 1.291202 0.023008
1520530328.300290 1.291139 0.022837
1520530328.400337 1.291471 0.022792
1520530328.450338 1.291753 0.022768
1520530328.550342 1.291360 0.022743
1520530328.600344 1.291620 0.022737
1520530328.700347 1.291345 0.022712
1520530328.800086 1.291594 0.022678
1520530328.900089 1.292371 0.022621
1520530329.050093 1.292953 0.022416
1520530329.150097 1.292787 0.022267
1520530329.250095 1.293048 0.022082
1520530329.350049 1.294240 0.021881
1520530329.500053 1.293210 0.021565
1520530329.600097 1.293143 0.021460
1520530329.700100 1.293550 0.021370
1520530329.800104 1.294198 0.021312
1520530329.900107 1.293781 0.021255
1520530330.000110 1.294121 0.021169
1520530330.050161 1.294559 0.021094
1520530330.150164 1.294523 0.020912
1520530330.250167 1.295431 0.020695
1520530330.300169 1.295879 0.020571
1520530330.400172 1.295249 0.020318
1520530330.450787 1.295084 0.020223
1520530330.550790 1.294133 0.020122
1520530330.650793 1.293958 0.020089
1520530330.750797 1.293885 0.020064
1520530330.800798 1.293536 0.020030
1520530330.900277 1.293090 0.019930
1520530331.000280 1.293685 0.019801
1520530331.100283 1.294875 0.019699
1520530331.200286 1.295717 0.019631
1520530331.300736 1.296279 0.019583
1520530331.400740 1.296100 0.019556
1520530331.450741 1.295602 0.019542
1520530331.550744 1.295642 0.019519
1520530331.650479 1.295453 0.019456
1520530331.700481 1.295165 0.019388
1520530331.800484 1.294203 0.019163
1520530331.900488 1.292988 0.018847
1520530332.000491 1.292622 0.018547
1520530332.100388 1.291317 0.018296
1520530332.200392 1.290854 0.018119
1520530332.300399 1.289796 0.017999
1520530332.400401 1.289715 0.017950
1520530332.450399 1.290037 0.017931
1520530332.550483 1.289872 0.017923
1520530332.600486 1.289461 0.017923
1520530332.700489 1.289503 0.017907
1520530332.800492 1.289927 0.017850
1520530332.900164 1.290578 0.017787
1520530333.000168 1.291272 0.017715
1520530333.100171 1.291734 0.017675
1520530333.200174 1.291809 0.017643
1520530333.250175 1.292059 0.017615
1520530333.350610 1.291995 0.017551
1520530333.450613 1.291916 0.017484
1520530333.650619 1.292250 0.017454
1520530333.700541 1.292189 0.017451
1520530333.800544 1.292525 0.017439
1520530333.850545 1.292546 0.017434
1520530333.950549 1.292883 0.017428
1520530334.000561 1.293567 0.017409
1520530334.100216 1.294396 0.017324
1520530334.200219 1.294927 0.017170
1520530334.300222 1.295093 0.017056
1520530334.400225 1.295625 0.016972
1520530334.500228 1.295662 0.016903
1520530334.600088 1.295730 0.016838
1520530334.700091 1.296512 0.016799
1520530334.800094 1.297283 0.016760
1520530334.900097 1.297448 0.016714
1520530335.000929 1.297088 0.016681
1520530335.100933 1.297112 0.016674
1520530335.200936 1.297583 0.016665
1520530335.250937 1.298045 0.016658
1520530335.351457 1.298225 0.016648
1520530335.451459 1.297910 0.016642
1520530335.551462 1.297678 0.016631
1520530335.651465 1.297561 0.016621
1520530335.750223 1.297594 0.016616
1520530335.800224 1.297819 0.016614
1520530335.900227 1.297871 0.016595
1520530336.000230 1.298106 0.016570
1520530336.100233 1.298327 0.016539
1520530336.200179 1.298548 0.016508
1520530336.300182 1.299230 0.016460
1520530336.400185 1.300119 0.016398
1520530336.500188 1.300772 0.016316
1520530336.550582 1.301104 0.016267
1520530336.650586 1.301640 0.016206
1520530336.750588 1.301458 0.016158
1520530336.850591 1.301262 0.016123
1520530336.950594 1.301518 0.016110
1520530337.050259 1.301699 0.016085
1520530337.150262 1.302249 0.016043
1520530337.250265 1.302553 0.016002
1520530337.350269 1.301839 0.015977
1520530337.450303 1.302040 0.015956
1520530337.550306 1.302536 0.015943
1520530337.650309 1.303196 0.015905
1520530337.750312 1.303981 0.015839
1520530337.850855 1.304678 0.015742
1520530337.950858 1.305178 0.015657
1520530338.050862 1.304984 0.015586
1520530338.150864 1.304503 0.015540
1520530338.250473 1.303678 0.015506
1520530338.350476 1.303509 0.015487
1520530338.450479 1.303575 0.015473
1520530338.550482 1.302910 0.015459
1520530338.650261 1.302969 0.015435
1520530338.750266 1.303208 0.015415
1520530338.850267 1.302851 0.015382
1520530338.950270 1.302758 0.015357
1520530339.050959 1.302296 0.015324
1520530339.100960 1.302317 0.015313
1520530339.200963 1.302320 0.015291
1520530339.300966 1.302340 0.015275
1520530339.400970 1.302056 0.015265
1520530339.501689 1.301926 0.015264
1520530339.601692 1.301914 0.015258
1520530339.701695 1.302067 0.015250
1520530339.751697 1.302436 0.015241
1520530339.851056 1.302593 0.015226
1520530339.901057 1.302540 0.015219
1520530340.001061 1.302770 0.015198
1520530340.101063 1.303046 0.015178
1520530340.201067 1.303813 0.015163
1520530340.300397 1.303790 0.015130
1520530340.400400 1.303934 0.015095
1520530340.500403 1.304159 0.015063
1520530340.600406 1.304507 0.015036
1520530340.700348 1.304274 0.015016
1520530340.850353 1.304531 0.015003
1520530341.050774 1.304908 0.014992
1520530341.350784 1.305787 0.014976
1520530341.550714 1.305482 0.014967
1520530341.800722 1.305289 0.014952
1520530341.950578 1.305594 0.014942
1520530342.100548 1.305576 0.014927
1520530342.200551 1.305760 0.014910
1520530342.300673 1.306139 0.014889
1520530342.450678 1.306001 0.014862
1520530342.600683 1.305533 0.014824
1520530342.700643 1.305350 0.014796
1520530342.800646 1.305421 0.014759
1520530342.900649 1.305352 0.014714
1520530343.000653 1.305270 0.014646
1520530343.101131 1.304991 0.014577
1520530343.201134 1.305161 0.014493
1520530343.301138 1.304924 0.014391
1520530343.351140 1.305030 0.014342
1520530343.451144 1.304828 0.014230
1520530343.551476 1.304397 0.014119
1520530343.651407 1.304401 0.013994
1520530343.751410 1.304621 0.013860
1520530343.801413 1.304544 0.013789
1520530343.901416 1.304562 0.013653
1520530344.001403 1.304138 0.013508
1520530344.101406 1.303843 0.013361
1520530344.201410 1.303434 0.013224
1520530344.301413 1.303357 0.013101
1520530344.401411 1.303294 0.012986
1520530344.501414 1.303110 0.012872
1520530344.601418 1.303136 0.012765
1520530344.701421 1.302726 0.012667
1520530344.801638 1.302387 0.012581
1520530344.901641 1.302621 0.012519
1520530345.001644 1.302580 0.012446
1520530345.101647 1.302717 0.012382
1520530345.201744 1.302856 0.012328
1520530345.301746 1.302968 0.012271
1520530345.401749 1.302862 0.012221
1520530345.501752 1.302931 0.012182
1520530345.551195 1.302704 0.012159
1520530345.651198 1.302814 0.012130
1520530345.701199 1.302724 0.012111
1520530345.801203 1.302260 0.012082
1520530345.851204 1.302150 0.012069
1520530345.951161 1.302017 0.012041
1520530346.001475 1.301913 0.012035
1520530346.101479 1.302038 0.012011
1520530346.201481 1.302513 0.011993
1520530346.301485 1.302688 0.011974
1520530346.351486 1.302796 0.011970
1520530346.451378 1.302754 0.011956
1520530346.551380 1.302502 0.011944
1520530346.651383 1.302433 0.011936
1520530346.751386 1.302437 0.011925
1520530346.851546 1.302778 0.011919
1520530346.951549 1.302912 0.011908
1520530347.051553 1.302438 0.011899
1520530347.151556 1.302439 0.011895
1520530347.251402 1.302448 0.011892
1520530347.351405 1.302573 0.011886
1520530347.401407 1.302553 0.011885
1520530347.501410 1.302305 0.011878
1520530347.601218 1.302122 0.011876
1520530347.701222 1.301864 0.011873
1520530347.801224 1.301848 0.011869
1520530347.901227 1.301846 0.011867
1520530348.001163 1.301946 0.011863
1520530348.101166 1.301984 0.011861
1520530348.201169 1.301903 0.011858
1520530348.301184 1.301895 0.011859
1520530348.401175 1.301732 0.011858
1520530348.451416 1.301843 0.011856
1520530348.551419 1.301823 0.011856
1520530348.651423 1.301693 0.011855
1520530348.751426 1.301715 0.011854
1520530348.801428 1.301735 0.011854
1520530348.901315 1.301665 0.011853
1520530348.951318 1.301802 0.011853
1520530349.051321 1.301878 0.011853
1520530349.101323 1.301827 0.011853
1520530349.201326 1.301804 0.011852
1520530349.301107 1.301941 0.011854
1520530349.401110 1.301977 0.011851
1520530349.501114 1.301958 0.011852
1520530349.601117 1.301834 0.011850
1520530349.700937 1.301933 0.011851
1520530349.800940 1.301993 0.011850
1520530349.900986 1.301938 0.011850
1520530349.950944 1.302000 0.011848
1520530350.051376 1.301979 0.011848
1520530350.101378 1.302019 0.011848
1520530350.201381 1.301995 0.011848
1520530350.301384 1.301989 0.011847
1520530350.401387 1.302011 0.011846
1520530350.501516 1.302124 0.011846
1520530350.551518 1.302121 0.011845
1520530350.651521 1.302194 0.011844
1520530350.751524 1.302110 0.011843
1520530350.801526 1.302208 0.011842
1520530350.901571 1.302197 0.011842
1520530351.001574 1.302180 0.011841
1520530351.101578 1.302223 0.011839
1520530351.201581 1.302284 0.011838
1520530351.301683 1.302314 0.011837
1520530351.401685 1.302300 0.011837
1520530351.501759 1.302237 0.011835
1520530351.601688 1.302197 0.011834
1520530351.701695 1.302105 0.011833
1520530351.801698 1.302170 0.011831
1520530351.901701 1.302178 0.011828
1520530352.001704 1.302106 0.011830
1520530352.101805 1.302098 0.011829
1520530352.201808 1.302138 0.011827
1520530352.301811 1.302160 0.011827
1520530352.401814 1.302154 0.011827
1520530352.501469 1.302083 0.011826
1520530352.601472 1.302028 0.011826
1520530352.701475 1.302015 0.011826
1520530352.801478 1.302145 0.011824
1520530352.901098 1.302179 0.011821
1520530353.001101 1.302060 0.011823
1520530353.101208 1.302010 0.011822
1520530353.201107 1.301977 0.011821
1520530353.301110 1.302004 0.011822
1520530353.351398 1.301913 0.011821
1520530353.451401 1.301905 0.011820
1520530353.501402 1.301964 0.011820
1520530353.601405 1.302003 0.011820
1520530353.701408 1.302340 0.011817
1520530353.801738 1.302064 0.011819
1520530353.901741 1.301832 0.011817
1520530354.001744 1.301711 0.011818
1520530354.101747 1.301781 0.011818
1520530354.201897 1.301899 0.011817
1520530354.301900 1.301775 0.011816
1520530354.351902 1.301601 0.011815
1520530354.451905 1.301660 0.011816
1520530354.551594 1.301755 0.011815
1520530354.601593 1.301773 0.011815
1520530354.701596 1.301844 0.011815
1520530354.801599 1.301868 0.011815
1520530354.951359 1.301880 0.011813
1520530355.051362 1.301798 0.011813
1520530355.151365 1.301731 0.011813
1520530355.251368 1.301719 0.011812
1520530355.351371 1.301750 0.011811
1520530355.451408 1.301720 0.011811
1520530355.551411 1.301654 0.011811
1520530355.651416 1.301555 0.011810
1520530355.751418 1.301517 0.011810
1520530355.851533 1.301635 0.011810
1520530355.901534 1.301678 0.011810
1520530356.001537 1.301632 0.011810
1520530356.051539 1.301609 0.011810
1520530356.151542 1.301721 0.011809
1520530356.251380 1.301586 0.011809
1520530356.301379 1.301510 0.011809
1520530356.401382 1.301635 0.011809
1520530356.451383 1.301575 0.011809
1520530356.551386 1.301600 0.011809
1520530356.651234 1.301553 0.011809
1520530356.751237 1.301578 0.011809
1520530356.801239 1.301509 0.011808
1520530356.901242 1.301540 0.011808
1520530357.001153 1.301547 0.011808
1520530357.101156 1.301546 0.011808
1520530357.201159 1.301462 0.011807
1520530357.251160 1.301494 0.011807
1520530357.351164 1.301490 0.011807
1520530357.401658 1.301478 0.011807
1520530357.501662 1.301494 0.011807
1520530357.551663 1.301446 0.011807
1520530357.651666 1.301488 0.011807
1520530357.751669 1.301537 0.011806
1520530357.851585 1.301521 0.011805
1520530357.951560 1.301577 0.011806
1520530358.001562 1.301583 0.011806
1520530358.101565 1.301534 0.011806
1520530358.201568 1.301489 0.011805
1520530358.301626 1.301500 0.011805
1520530358.401629 1.301530 0.011805
1520530358.501632 1.301567 0.011805
1520530358.601636 1.301592 0.011805
1520530358.701800 1.301577 0.011804
1520530358.801803 1.301546 0.011804
1520530358.901806 1.301585 0.011804
1520530359.001810 1.301544 0.011804
1520530359.101811 1.301534 0.011804
1520530359.201810 1.301553 0.011804
1520530359.301813 1.301515 0.011803
1520530359.401817 1.301557 0.011803
1520530359.501870 1.301625 0.011803
1520530359.601873 1.301678 0.011803
1520530359.701876 1.301603 0.011803
1520530359.801879 1.301587 0.011803
1520530359.901826 1.301635 0.011803
1520530360.001829 1.301822 0.011802
1520530360.101832 1.301952 0.011802
1520530360.201836 1.302006 0.011800
1520530360.301316 1.302015 0.011800
1520530360.351317 1.301880 0.011801
1520530360.451321 1.302007 0.011802
1520530360.551324 1.301956 0.011801
1520530360.651327 1.301912 0.011800
1520530360.700978 1.301955 0.011801
1520530360.800981 1.301928 0.011799
1520530360.900984 1.302162 0.011800
1520530361.000988 1.302227 0.011800
1520530361.101044 1.302607 0.011799
1520530361.201047 1.302561 0.011799
1520530361.301050 1.302404 0.011799
1520530361.401053 1.302311 0.011799
1520530361.501690 1.302281 0.011799
1520530361.551692 1.302312 0.011799
1520530361.651695 1.302272 0.011796
1520530361.751698 1.302239 0.011798
1520530361.801700 1.302297 0.011799
1520530361.901939 1.302311 0.011799
1520530361.951941 1.302294 0.011799
1520530362.051944 1.302430 0.011799
1520530362.151947 1.302409 0.011798
1520530362.251950 1.302561 0.011798
1520530362.351623 1.302611 0.011797
1520530362.451626 1.302728 0.011797
1520530362.551629 1.302925 0.011797
1520530362.651727 1.303099 0.011795
1520530362.751364 1.303227 0.011794
1520530362.801366 1.303141 0.011794
1520530362.901369 1.303145 0.011794
1520530363.001372 1.303130 0.011794
1520530363.101375 1.303128 0.011794
1520530363.201651 1.303149 0.011793
1520530363.301654 1.303141 0.011794
1520530363.401658 1.303207 0.011793
1520530363.501661 1.303212 0.011794
1520530363.601746 1.303327 0.011793
1520530363.651748 1.303243 0.011793
1520530363.751751 1.303438 0.011793
1520530363.851754 1.303589 0.011793
1520530363.901756 1.303518 0.011792
1520530364.001782 1.303311 0.011792
1520530364.051784 1.303313 0.011792
1520530364.151786 1.303324 0.011783
1520530364.201788 1.303380 0.011785
1520530364.301791 1.303386 0.011792
1520530364.351792 1.303414 0.011792
1520530364.451854 1.303501 0.011791
1520530364.501856 1.303411 0.011792
1520530364.601859 1.303407 0.011792
1520530364.651861 1.303334 0.011792
1520530364.751864 1.303387 0.011792
1520530364.852377 1.303425 0.011792
1520530364.952380 1.303412 0.011791
1520530365.052383 1.303396 0.011792
1520530365.201844 1.303506 0.011792
1520530365.301847 1.303478 0.011792
1520530365.401850 1.303522 0.011792
1520530365.501853 1.303524 0.011792
1520530365.601535 1.303581 0.011791
1520530365.701539 1.303507 0.011790
1520530365.801546 1.303531 0.011790
1520530365.901545 1.303481 0.011790
1520530366.001907 1.303515 0.011791
1520530366.051908 1.303510 0.011790
1520530366.151911 1.303437 0.011790
1520530366.201913 1.303442 0.011790
1520530366.301916 1.303528 0.011789
1520530366.351918 1.303539 0.011789
1520530366.452121 1.303513 0.011789
1520530366.552125 1.303559 0.011789
1520530366.652128 1.303564 0.011789
1520530366.702130 1.303561 0.011789
1520530366.802133 1.303612 0.011789
1520530366.852166 1.303630 0.011789
1520530366.952169 1.303577 0.011789
1520530367.052172 1.303586 0.011789
1520530367.102178 1.303572 0.011789
1520530367.202177 1.303599 0.011789
1520530367.252540 1.303623 0.011788
1520530367.352543 1.303620 0.011788
1520530367.452546 1.303553 0.011789
1520530367.552549 1.303565 0.011789
1520530367.652264 1.303596 0.011788
1520530367.752267 1.303695 0.011789
1520530367.852271 1.303719 0.011788
1520530367.952274 1.303714 0.011788
1520530368.052124 1.303669 0.011788
1520530368.152127 1.303699 0.011788
1520530368.252130 1.303670 0.011788
1520530368.352134 1.303544 0.011788
1520530368.402135 1.303587 0.011788
1520530368.502050 1.303656 0.011788
1520530368.552051 1.303664 0.011788
1520530368.652054 1.303636 0.011788
1520530368.752057 1.303743 0.011787
1520530368.802058 1.303789 0.011785
1520530368.901391 1.303865 0.011787
1520530368.951392 1.303714 0.011788
1520530369.051395 1.303672 0.011788
1520530369.101397 1.303638 0.011787
1520530369.201400 1.303657 0.011788
1520530369.251401 1.303675 0.011788
1520530369.351538 1.303811 0.011788
1520530369.451542 1.304053 0.011788
1520530369.551545 1.303905 0.011787
1520530369.651548 1.303859 0.011787
1520530369.751899 1.303777 0.011787
1520530369.851902 1.303880 0.011788
1520530369.951905 1.303890 0.011787
1520530370.051908 1.303771 0.011787
1520530370.201933 1.303860 0.011787
1520530370.351937 1.303860 0.011787
1520530370.551883 1.304034 0.011787
1520530370.701889 1.304075 0.011784
1520530370.901941 1.304022 0.011787
1520530371.051946 1.304080 0.011787
1520530371.151949 1.304112 0.011787
1520530371.301953 1.304136 0.011786
1520530371.401953 1.304105 0.011786
1520530371.501956 1.304073 0.011786
1520530371.651961 1.304042 0.011786
1520530371.801961 1.304003 0.011786
1520530371.851963 1.303963 0.011786
1520530371.951966 1.303818 0.011786
1520530372.001968 1.303993 0.011785
1520530372.101971 1.304023 0.011782
1520530372.251958 1.304021 0.011785
1520530372.401963 1.304117 0.011785
1520530372.551956 1.304029 0.011786
1520530372.651960 1.304115 0.011785
1520530372.751963 1.304117 0.011785
1520530372.851966 1.304083 0.011786
1520530372.951617 1.303974 0.011786
1520530373.051620 1.304015 0.011786
1520530373.201626 1.304106 0.011787
1520530373.301629 1.304040 0.011786
1520530373.401458 1.304066 0.011786
1520530373.451460 1.304020 0.011786
1520530373.551463 1.303953 0.011786
1520530373.601465 1.304004 0.011786
1520530373.701467 1.304019 0.011786
1520530373.801615 1.304052 0.011786
1520530373.901585 1.303976 0.011785
1520530374.001588 1.304002 0.011786
1520530374.101591 1.304004 0.011786
1520530374.201953 1.304107 0.011785
1520530374.301956 1.304032 0.011785
1520530374.401959 1.304020 0.011785
1520530374.501962 1.304061 0.011785
1520530374.652408 1.304083 0.011786
1520530374.802413 1.304109 0.011785
1520530374.902417 1.304012 0.011786
1520530375.002442 1.304123 0.011786
1520530375.102445 1.304129 0.011786
1520530375.202449 1.304128 0.011785
1520530375.302452 1.304015 0.011785
1520530375.402252 1.303890 0.011784
1520530375.502216 1.304055 0.011783
1520530375.602219 1.304127 0.011785
1520530375.702222 1.304194 0.011786
1520530375.752223 1.304072 0.011785
1520530375.852258 1.304006 0.011784
1520530375.952261 1.304084 0.011785
1520530376.052264 1.304187 0.011786
1520530376.102265 1.304022 0.011783
1520530376.202270 1.304039 0.011785
1520530376.251950 1.304269 0.011785
1520530376.351954 1.304227 0.011785
1520530376.451957 1.304230 0.011785
1520530376.501958 1.304230 0.011783
1520530376.601961 1.304234 0.011785
1520530376.702664 1.304230 0.011785
1520530376.752666 1.304269 0.011785
1520530376.852669 1.304246 0.011783
1520530376.902671 1.304186 0.011785
1520530377.002721 1.304194 0.011785
1520530377.102900 1.304152 0.011785
1520530377.202903 1.304189 0.011783
1520530377.302906 1.304178 0.011785
1520530377.402909 1.304250 0.011785
1520530377.451719 1.304299 0.011784
1520530377.551722 1.304238 0.011783
1520530377.651725 1.304335 0.011784
1520530377.751728 1.304259 0.011785
1520530377.851407 1.304270 0.011785
1520530377.901409 1.304236 0.011785
1520530378.001412 1.304222 0.011785
1520530378.101416 1.304230 0.011785
1520530378.201419 1.304271 0.011785
1520530378.251420 1.304268 0.011785
1520530378.351513 1.304186 0.011785
1520530378.401515 1.304192 0.011784
1520530378.501517 1.304223 0.011784
1520530378.551519 1.304226 0.011785
1520530378.651522 1.304299 0.011785
1520530378.702209 1.304318 0.011785
1520530378.802212 1.304311 0.011785
1520530378.902215 1.304289 0.011785
1520530379.002218 1.304164 0.011785
1520530379.102149 1.304197 0.011785
1520530379.202152 1.304182 0.011785
1520530379.302155 1.304170 0.011785
1520530379.352157 1.304194 0.011785
1520530379.452160 1.304186 0.011785
1520530379.551852 1.304164 0.011785
1520530379.651855 1.304137 0.011785
1520530379.751858 1.304167 0.011785
1520530379.851861 1.304146 0.011785
1520530379.951826 1.304127 0.011785
1520530380.051829 1.304185 0.011785
1520530380.151832 1.304246 0.011785
1520530380.201888 1.304295 0.011785
1520530380.301736 1.304007 0.011785
1520530380.402163 1.304127 0.011784
1520530380.502165 1.304224 0.011784
1520530380.552166 1.304280 0.011784
1520530380.652170 1.304278 0.011784
1520530380.752135 1.304367 0.011785
1520530380.852138 1.304217 0.011784
1520530380.902139 1.304159 0.011784
1520530381.002143 1.304146 0.011784
1520530381.052144 1.304110 0.011784
1520530381.152048 1.304238 0.011784
1520530381.202049 1.304189 0.011784
1520530381.302052 1.304096 0.011785
1520530381.402056 1.304035 0.011784
1520530381.502058 1.304028 0.011784
1520530381.602264 1.304032 0.011785
1520530381.702267 1.304024 0.011785
1520530381.802324 1.304081 0.011785
1520530381.902273 1.304110 0.011785
1520530382.002334 1.304160 0.011785
1520530382.102337 1.304130 0.011784
1520530382.202340 1.304130 0.011784
1520530382.302343 1.304177 0.011785
1520530382.402160 1.304191 0.011784
1520530382.502164 1.304137 0.011784
1520530382.602167 1.304160 0.011785
1520530382.702170 1.304205 0.011784
1520530382.802244 1.304334 0.011782
1520530382.902248 1.304164 0.011785
1520530383.002250 1.304207 0.011784
1520530383.102253 1.304161 0.011785
1520530383.252208 1.304203 0.011784
1520530383.352211 1.304225 0.011784
1520530383.452214 1.304207 0.011784
1520530383.552217 1.304255 0.011784
1520530383.652472 1.304231 0.011784
1520530383.752476 1.304233 0.011784
1520530383.852479 1.304271 0.011784
1520530383.952482 1.304302 0.011784
1520530384.052531 1.304647 0.011784
1520530384.152534 1.304707 0.011785
1520530384.252537 1.304845 0.011784
1520530384.352541 1.304602 0.011783
1520530384.452434 1.304320 0.011784
1520530384.552437 1.304291 0.011784
1520530384.652440 1.304724 0.011782
1520530384.702442 1.304435 0.011783
1520530384.802857 1.304360 0.011785
1520530384.852858 1.304211 0.011784
1520530384.952861 1.304335 0.011784
1520530385.002916 1.304391 0.011784
1520530385.102866 1.304445 0.011784
1520530385.152867 1.304339 0.011785
1520530385.252705 1.304340 0.011785
1520530385.302707 1.304369 0.011784
1520530385.402710 1.304400 0.011784
1520530385.452712 1.304444 0.011783
1520530385.552715 1.304319 0.011784
1520530385.602716 1.304241 0.011784
1520530385.702487 1.304303 0.011785
1520530385.802491 1.304320 0.011785
1520530385.852492 1.304301 0.011785
1520530385.952497 1.304320 0.011785
1520530386.002497 1.304291 0.011784
1520530386.102546 1.304285 0.011784
1520530386.202549 1.304311 0.011784
1520530386.302552 1.304280 0.011784
1520530386.402554 1.304305 0.011785
1520530386.502760 1.304323 0.011785
1520530386.602814 1.304336 0.011785
1520530386.702766 1.304303 0.011785
1520530386.802769 1.304290 0.011785
1520530386.902676 1.304268 0.011785
1520530387.002679 1.304076 0.011784
1520530387.102682 1.304274 0.011785
1520530387.202685 1.304263 0.011785
1520530387.302607 1.304297 0.011785
1520530387.402611 1.304252 0.011785
1520530387.452612 1.304167 0.011784
1520530387.552615 1.304246 0.011785
1520530387.602617 1.304218 0.011783
1520530387.702457 1.304236 0.011784
1520530387.752459 1.304226 0.011784
1520530387.852464 1.304213 0.011784
1520530387.902463 1.304244 0.011784
1520530388.002466 1.304248 0.011784
1520530388.052468 1.304288 0.011784
1520530388.152496 1.304381 0.011784
1520530388.202544 1.304327 0.011782
1520530388.302501 1.304283 0.011784
1520530388.402504 1.304239 0.011784
1520530388.502852 1.304185 0.011784
1520530388.602855 1.304275 0.011784
1520530388.702858 1.304307 0.011784
1520530388.802861 1.304266 0.011784
1520530388.902233 1.304265 0.011784
1520530388.952235 1.304296 0.011784
1520530389.052238 1.304269 0.011784
1520530389.152242 1.304296 0.011784
1520530389.252245 1.304266 0.011784
1520530389.352936 1.304357 0.011783
1520530389.402938 1.304310 0.011784
1520530389.502940 1.304272 0.011784
1520530389.602943 1.304282 0.011784
1520530389.702846 1.304106 0.011782
1520530389.753403 1.303710 0.011783
1520530389.853406 1.304128 0.011784
1520530389.903408 1.304209 0.011784
1520530390.003411 1.304290 0.011784
1520530390.053412 1.304374 0.011784
1520530390.152569 1.304295 0.011784
1520530390.202569 1.304271 0.011783
1520530390.302572 1.304318 0.011784
1520530390.352575 1.304272 0.011784
1520530390.452578 1.304209 0.011784
1520530390.502578 1.304216 0.011783
1520530390.603326 1.304358 0.011785
1520530390.653327 1.304311 0.011784
1520530390.753331 1.304310 0.011784
1520530390.803333 1.304267 0.011784
1520530390.903336 1.304243 0.011784
1520530391.003381 1.304256 0.011784
1520530391.053383 1.304270 0.011784
1520530391.153385 1.304265 0.011784
1520530391.253388 1.304285 0.011785
1520530391.352333 1.304373 0.011783
1520530391.452336 1.304337 0.011785
1520530391.502338 1.304255 0.011784
1520530391.602341 1.304272 0.011784
1520530391.702344 1.304207 0.011784
1520530391.752424 1.304193 0.011784
1520530391.852427 1.304154 0.011784
1520530391.952430 1.304248 0.011784
1520530392.052433 1.304389 0.011784
1520530392.152436 1.304372 0.011784
1520530392.203142 1.304488 0.011784
1520530392.303145 1.304311 0.011784
1520530392.353147 1.304222 0.011784
1520530392.453150 1.304106 0.011784
1520530392.553153 1.304075 0.011784
1520530392.602235 1.304215 0.011784
1520530392.702237 1.304013 0.011783
1520530392.802241 1.304170 0.011784
1520530392.852242 1.304205 0.011783
1520530392.952245 1.304083 0.011784
1520530393.052154 1.304178 0.011784
1520530393.152157 1.304225 0.011784
1520530393.252160 1.304312 0.011784
1520530393.352164 1.304325 0.011784
1520530393.402921 1.304412 0.011785
1520530393.502924 1.304509 0.011785
1520530393.552926 1.304444 0.011784
1520530393.652929 1.304350 0.011784
1520530393.702931 1.304289 0.011784
1520530393.802958 1.304127 0.011784
1520530393.902961 1.304325 0.011784
1520530394.052965 1.304947 0.011750
1520530394.152969 1.304354 0.011784
1520530394.202165 1.304295 0.011782
1520530394.302169 1.304147 0.011780
1520530394.352170 1.304169 0.011782
1520530394.452173 1.304101 0.011783
1520530394.552176 1.304121 0.011784
1520530394.652876 1.304284 0.011784
1520530394.752879 1.304349 0.011779
1520530394.852882 1.304263 0.011784
1520530394.952885 1.304172 0.011784
1520530395.053731 1.304392 0.011784
1520530395.103732 1.304251 0.011784
1520530395.203735 1.304416 0.011784
1520530395.303738 1.304440 0.011785
1520530395.403742 1.304391 0.011784
1520530395.502707 1.304265 0.011784
1520530395.602710 1.304208 0.011784
1520530395.702713 1.304223 0.011784
1520530395.853078 1.304412 0.011783
1520530395.953081 1.304403 0.011783
1520530396.053084 1.304395 0.011785
1520530396.153087 1.304302 0.011784
1520530396.253235 1.304269 0.011784
1520530396.353238 1.304224 0.011783
1520530396.403240 1.304213 0.011784
1520530396.503243 1.304227 0.011784
1520530396.553244 1.304195 0.011783
1520530396.653248 1.304181 0.011783
1520530396.753147 1.304208 0.011784
1520530396.853150 1.304237 0.011784
1520530396.953153 1.304295 0.011784
1520530397.053156 1.304224 0.011784
1520530397.152784 1.304158 0.011783
1520530397.252787 1.304180 0.011783
1520530397.352790 1.304205 0.011783
1520530397.452793 1.304213 0.011783
1520530397.502304 1.304236 0.011782
1520530397.602308 1.304252 0.011784
1520530397.652309 1.304250 0.011783
1520530397.752312 1.304192 0.011783
1520530397.852315 1.304268 0.011784
1520530397.952586 1.304249 0.011784
1520530398.002588 1.304218 0.011784
1520530398.102591 1.304200 0.011784
1520530398.202594 1.304179 0.011784
1520530398.303365 1.304180 0.011783
1520530398.403368 1.304302 0.011784
1520530398.453370 1.304211 0.011784
1520530398.553373 1.304248 0.011785
1520530398.603375 1.304202 0.011785
1520530398.703221 1.304206 0.011784
1520530398.753223 1.304148 0.011784
1520530398.853226 1.304149 0.011784
1520530398.903227 1.304093 0.011784
1520530399.003230 1.304183 0.011784
1520530399.053232 1.304127 0.011783
1520530399.152330 1.304176 0.011781
1520530399.202332 1.304109 0.011781
1520530399.302335 1.304131 0.011784
1520530399.352336 1.304172 0.011784
1520530399.452339 1.304177 0.011784
1520530399.502341 1.304160 0.011783
1520530399.603008 1.304249 0.011783
1520530399.703011 1.304324 0.011783
1520530399.803014 1.304322 0.011784
1520530399.903017 1.304282 0.011784
1520530399.953275 1.304160 0.011784
1520530400.053278 1.304188 0.011784
1520530400.103279 1.304115 0.011784
1520530400.203283 1.304161 0.011784
1520530400.253284 1.304183 0.011784
1520530400.352494 1.304166 0.011783
1520530400.402496 1.304161 0.011783
1520530400.502500 1.304185 0.011783
1520530400.552501 1.304229 0.011782
1520530400.652504 1.304218 0.011783
1520530400.752291 1.304234 0.011783
1520530400.802292 1.304188 0.011782
1520530400.902295 1.304116 0.011782
1520530401.002299 1.304143 0.011784
1520530401.052300 1.304167 0.011783
1520530401.152303 1.304208 0.011783
1520530401.202755 1.304274 0.011783
1520530401.302758 1.304182 0.011784
1520530401.352759 1.304269 0.011783
1520530401.452763 1.304324 0.011784
1520530401.502764 1.304194 0.011784
1520530401.603037 1.304204 0.011784
1520530401.653039 1.304238 0.011784
1520530401.753042 1.304351 0.011783
1520530401.853045 1.304315 0.011784
1520530401.953048 1.304216 0.011784
1520530402.002281 1.304183 0.011783
1520530402.102285 1.304164 0.011784
1520530402.152286 1.304166 0.011784
1520530402.252289 1.304178 0.011784
1520530402.302290 1.304156 0.011784
1520530402.402567 1.304174 0.011783
1520530402.452569 1.304174 0.011782
1520530402.552572 1.304178 0.011784
1520530402.652672 1.304206 0.011784
1520530402.752578 1.304147 0.011783
1520530402.803416 1.304049 0.011782
1520530402.903419 1.304055 0.011783
1520530402.953420 1.304140 0.011784
1520530403.053424 1.304284 0.011783
1520530403.103425 1.304535 0.011784
1520530403.202933 1.304338 0.011784
1520530403.252935 1.304160 0.011784
1520530403.352938 1.304102 0.011783
1520530403.452941 1.303939 0.011783
1520530403.502943 1.303984 0.011783
1520530403.602946 1.303918 0.011783
1520530403.652254 1.304138 0.011783
1520530403.752257 1.304194 0.011783
1520530403.802258 1.304109 0.011779
1520530403.902261 1.304072 0.011783
1520530403.952263 1.304152 0.011784
1520530404.052745 1.304844 0.011782
1520530404.152748 1.304482 0.011783
1520530404.252829 1.304228 0.011784
1520530404.352754 1.304302 0.011784
1520530404.453112 1.304132 0.011783
1520530404.553115 1.304148 0.011783
1520530404.653119 1.304156 0.011783
1520530404.703120 1.304181 0.011783
1520530404.803123 1.304178 0.011784
1520530404.852642 1.304141 0.011784
1520530404.952645 1.304158 0.011784
1520530405.002647 1.304154 0.011783
1520530405.102650 1.304158 0.011783
1520530405.152651 1.304148 0.011783
1520530405.252327 1.304164 0.011783
1520530405.302330 1.304189 0.011783
1520530405.402333 1.304171 0.011783
1520530405.452334 1.304181 0.011783
1520530405.552337 1.304184 0.011783
1520530405.602339 1.304195 0.011783
1520530405.702792 1.304189 0.011782
1520530405.752795 1.304148 0.011783
1520530405.852855 1.304164 0.011782
1520530405.902800 1.304196 0.011783
1520530406.002803 1.304167 0.011783
1520530406.103570 1.304193 0.011783
1520530406.203573 1.304237 0.011784
1520530406.253574 1.304186 0.011783
1520530406.353577 1.304260 0.011784
1520530406.403579 1.304298 0.011784
1520530406.503485 1.304338 0.011783
1520530406.603489 1.304398 0.011783
1520530406.703492 1.304278 0.011784
1520530406.803495 1.304169 0.011783
1520530406.902692 1.303999 0.011783
1520530406.952693 1.304031 0.011782
1520530407.052696 1.304009 0.011781
1520530407.152699 1.304203 0.011783
1520530407.202701 1.304343 0.011783
1520530407.303185 1.304485 0.011782
1520530407.353185 1.304515 0.011783
1520530407.453221 1.304216 0.011783
1520530407.503190 1.304168 0.011784
1520530407.603193 1.304186 0.011783
1520530407.653194 1.304195 0.011783
1520530407.753511 1.304234 0.011783
1520530407.803513 1.304206 0.011783
1520530407.903516 1.304192 0.011783
1520530407.953518 1.304202 0.011783
1520530408.053521 1.304196 0.011783
1520530408.103522 1.304202 0.011783
1520530408.203605 1.304189 0.011783
1520530408.303608 1.304159 0.011783
1520530408.403612 1.304155 0.011784
1520530408.503614 1.304154 0.011783
1520530408.553374 1.304162 0.011783
1520530408.653377 1.304117 0.011783
1520530408.753380 1.304059 0.011783
1520530408.853383 1.304089 0.011783
1520530408.952878 1.304139 0.011784
1520530409.052890 1.304148 0.011783
1520530409.152884 1.304092 0.011783
1520530409.202886 1.304097 0.011783
1520530409.302889 1.304135 0.011783
1520530409.402904 1.304080 0.011783
1520530409.502907 1.304147 0.011783
1520530409.602910 1.304237 0.011784
1520530409.702913 1.304106 0.011783
1520530409.802656 1.304101 0.011784
1520530409.902659 1.304098 0.011783
1520530410.002662 1.304084 0.011783
1520530410.102666 1.304147 0.011783
1520530410.153223 1.304206 0.011783
1520530410.253226 1.304178 0.011782
1520530410.353231 1.304186 0.011784
1520530410.453232 1.304200 0.011783
1520530410.553235 1.304171 0.011783
1520530410.653876 1.304147 0.011784
1520530410.753879 1.304117 0.011783
1520530410.853882 1.304097 0.011783
1520530410.953885 1.304119 0.011783
1520530411.053420 1.304132 0.011784
1520530411.153423 1.304151 0.011783
1520530411.303427 1.304179 0.011783
1520530411.403009 1.304108 0.011783
1520530411.453010 1.304179 0.011783
1520530411.553013 1.304212 0.011783
1520530411.653017 1.304174 0.011783
1520530411.753020 1.304168 0.011783
1520530411.852907 1.304185 0.011784
1520530411.902909 1.304161 0.011783
1520530412.002912 1.304163 0.011783
1520530412.052913 1.304137 0.011782
1520530412.152916 1.304149 0.011784
1520530412.203416 1.304134 0.011783
1520530412.303419 1.304185 0.011783
1520530412.403422 1.304213 0.011783
1520530412.503425 1.304157 0.011784
1520530412.553426 1.304137 0.011783
1520530412.653630 1.304184 0.011783
1520530412.753633 1.304245 0.011784
1520530412.853636 1.304234 0.011783
1520530412.903637 1.304182 0.011783
1520530413.003641 1.304160 0.011784
1520530413.053009 1.304141 0.011783
1520530413.153012 1.304185 0.011783
1520530413.253016 1.304139 0.011784
1520530413.353019 1.304094 0.011783
1520530413.452940 1.304043 0.011783
1520530413.552943 1.304106 0.011783
1520530413.652946 1.304128 0.011783
1520530413.853107 1.304686 0.011735
1520530413.953110 1.304156 0.011762
1520530414.053113 1.304157 0.011783
1520530414.153116 1.304106 0.011784
1520530414.252894 1.304187 0.011783
1520530414.352897 1.304193 0.011783
1520530414.452900 1.304144 0.011784
1520530414.552903 1.304278 0.011783
1520530414.652705 1.304339 0.011782
1520530414.752708 1.304251 0.011783
1520530414.852712 1.304302 0.011782
1520530414.952715 1.304120 0.011783
1520530415.052718 1.304204 0.011783
1520530415.103195 1.304188 0.011781
1520530415.203199 1.304208 0.011783
1520530415.303202 1.304161 0.011783
1520530415.453206 1.304197 0.011783
1520530415.553069 1.304224 0.011783
1520530415.653072 1.304147 0.011782
1520530415.803077 1.304164 0.011783
1520530415.953363 1.304206 0.011783
1520530416.153369 1.304191 0.011783
1520530416.553383 1.304239 0.011782
1520530416.653386 1.304137 0.011783
1520530416.753274 1.304106 0.011783
1520530416.853277 1.304211 0.011783
1520530416.953280 1.304166 0.011783
1520530417.053283 1.304160 0.011783
1520530417.153371 1.304144 0.011783
1520530417.253374 1.304167 0.011783
1520530417.553464 1.304195 0.011784
1520530417.653467 1.304186 0.011783
1520530417.753470 1.304231 0.011780
1520530417.853473 1.304313 0.011781
1520530417.953455 1.304213 0.011783
1520530418.053458 1.304164 0.011783
1520530418.153462 1.304154 0.011782
1520530418.253465 1.304144 0.011783
1520530418.403432 1.304157 0.011784
1520530418.553437 1.304147 0.011783
1520530418.653440 1.304113 0.011783
1520530418.753343 1.304115 0.011783
1520530418.853346 1.304131 0.011783
1520530418.953350 1.304172 0.011783
1520530419.053353 1.304142 0.011783
1520530419.153533 1.304133 0.011783
1520530419.253536 1.304148 0.011783
1520530419.353539 1.304155 0.011783
1520530419.453542 1.304150 0.011783
1520530419.603729 1.304075 0.011783
1520530419.753734 1.304170 0.011783
1520530419.853738 1.304145 0.011783
1520530419.953740 1.304201 0.011782
1520530420.053599 1.304180 0.011782
1520530420.153602 1.304164 0.011782
1520530420.253605 1.304157 0.011783
1520530420.353608 1.304170 0.011782
1520530420.453700 1.304140 0.011783
1520530420.603705 1.304169 0.011782
1520530420.803356 1.304199 0.011781
1520530420.903359 1.304099 0.011782
1520530421.003363 1.304166 0.011783
1520530421.103366 1.304145 0.011782
1520530421.153367 1.304090 0.011781
1520530421.253431 1.304087 0.011782
1520530421.303432 1.304156 0.011784
1520530421.403435 1.304143 0.011784
1520530421.503439 1.304130 0.011782
1520530421.603611 1.304078 0.011783
1520530421.703614 1.304085 0.011784
1520530421.853618 1.304082 0.011783
1520530422.003623 1.304121 0.011783
1520530422.103474 1.304125 0.011783
1520530422.203477 1.304089 0.011783
1520530422.303480 1.304139 0.011783
1520530422.403483 1.304254 0.011784
1520530422.503396 1.304083 0.011783
1520530422.603400 1.304118 0.011782
1520530422.703403 1.304148 0.011783
1520530422.803406 1.304122 0.011783
1520530422.903583 1.304174 0.011784
1520530423.053588 1.304227 0.011783
1520530423.153591 1.304180 0.011784
1520530423.253316 1.304131 0.011783
1520530423.303317 1.304158 0.011783
1520530423.403322 1.304100 0.011783
1520530423.503324 1.304117 0.011783
1520530423.652983 1.304150 0.011783
1520530423.752986 1.304169 0.011781
1520530423.802988 1.304182 0.011783
1520530423.902991 1.304125 0.011783
1520530424.002994 1.304132 0.011783
1520530424.103253 1.304169 0.011783
1520530424.153255 1.304131 0.011783
1520530424.253258 1.304116 0.011783
1520530424.353261 1.304496 0.011751
1520530424.453264 1.304052 0.011782
1520530424.504722 1.303960 0.011784
1520530424.604726 1.304240 0.011784
1520530424.704729 1.304240 0.011784
1520530424.854733 1.305850 0.011477
1520530424.903374 1.303960 0.011266
1520530425.003378 1.303499 0.011754
1520530425.103381 1.303448 0.011772
1520530425.203384 1.303655 0.011757
1520530425.303732 1.302263 0.011780
1520530425.403735 1.304224 0.011725
1520530425.603741 1.304355 0.011784
1520530425.703675 1.304373 0.011784
1520530425.753677 1.304267 0.011784
1520530425.853680 1.304243 0.011784
1520530425.903682 1.304154 0.011782
1520530426.003685 1.304236 0.011783
1520530426.103474 1.304265 0.011783
1520530426.203477 1.304281 0.011783
1520530426.303480 1.304233 0.011783
1520530426.353481 1.304186 0.011780
1520530426.453484 1.304129 0.011780
1520530426.503486 1.304093 0.011783
1520530426.653554 1.304418 0.011784
1520530426.753558 1.304422 0.011784
1520530426.803559 1.304243 0.011783
1520530426.903562 1.304209 0.011780
1520530426.953598 1.304213 0.011781
1520530427.053602 1.304231 0.011782
1520530427.153605 1.304278 0.011782
1520530427.253608 1.304237 0.011782
1520530427.353592 1.304234 0.011783
1520530427.453595 1.304120 0.011783
1520530427.803679 1.304437 0.011782
1520530427.903683 1.304610 0.011783
1520530428.003686 1.304446 0.011775
1520530428.053687 1.304374 0.011780
1520530428.153535 1.304256 0.011783
1520530428.203537 1.304208 0.011782
1520530428.303540 1.304210 0.011782
1520530428.353542 1.304240 0.011783
1520530428.453544 1.304258 0.011783
1520530428.503546 1.304208 0.011781
1520530428.603452 1.304203 0.011783
1520530428.703455 1.304222 0.011783
1520530428.753457 1.304222 0.011783
1520530428.853460 1.304242 0.011783
1520530428.903461 1.304272 0.011783
1520530429.003444 1.304315 0.011783
1520530429.053445 1.304371 0.011783
1520530429.153448 1.304372 0.011783
1520530429.203450 1.304310 0.011783
1520530429.303453 1.304275 0.011783
1520530429.353455 1.304291 0.011783
1520530429.453553 1.304309 0.011783
1520530429.503555 1.304330 0.011783
1520530429.603558 1.304308 0.011783
1520530429.653559 1.304273 0.011783
1520530429.753562 1.304276 0.011783
1520530429.803622 1.304279 0.011783
1520530429.903625 1.304264 0.011783
1520530429.953626 1.304260 0.011783
1520530430.053629 1.304254 0.011783
1520530430.103631 1.304275 0.011783
1520530430.203344 1.304234 0.011783
1520530430.253346 1.304217 0.011783
1520530430.353349 1.304206 0.011783
1520530430.403350 1.304237 0.011783
1520530430.503353 1.304203 0.011783
1520530430.603527 1.304133 0.011783
1520530430.703530 1.304202 0.011783
1520530430.753532 1.304207 0.011783
1520530430.853534 1.304257 0.011783
1520530430.953538 1.304234 0.011783
1520530431.053698 1.304247 0.011783
1520530431.153701 1.304256 0.011783
1520530431.203703 1.304270 0.011783
1520530431.303706 1.304293 0.011783
1520530431.353708 1.304326 0.011783
1520530431.453562 1.304345 0.011783
1520530431.503564 1.304331 0.011783
1520530431.603567 1.304143 0.011783
1520530431.653568 1.304164 0.011783
1520530431.753571 1.304243 0.011783
1520530431.803573 1.304299 0.011783
1520530431.903526 1.304405 0.011783
1520530431.953527 1.304356 0.011783
1520530432.053530 1.304262 0.011783
1520530432.103532 1.304205 0.011783
1520530432.203536 1.304219 0.011783
1520530432.253696 1.304120 0.011783
1520530432.353700 1.304117 0.011783
1520530432.453702 1.304125 0.011783
1520530432.503704 1.304130 0.011783
1520530432.603708 1.304244 0.011783
1520530432.653548 1.304229 0.011783
1520530432.753551 1.304317 0.011782
1520530432.803553 1.304244 0.011783
1520530432.903556 1.304362 0.011783
1520530433.003559 1.304563 0.011783
1520530433.053690 1.304696 0.011783
1520530433.153693 1.304623 0.011783
1520530433.203694 1.304411 0.011783
1520530433.303697 1.304440 0.011783
1520530433.403700 1.304348 0.011783
1520530433.503793 1.304229 0.011783
1520530433.603796 1.304157 0.011783
1520530433.653798 1.304157 0.011783
1520530433.753801 1.304137 0.011783
1520530433.853804 1.304158 0.011784
1520530433.953632 1.304136 0.011783
1520530434.003634 1.304128 0.011783
1520530434.103637 1.304125 0.011783
1520530434.153638 1.304117 0.011784
1520530434.253642 1.304084 0.011784
1520530434.303478 1.304116 0.011783
1520530434.403481 1.304126 0.011783
1520530434.503485 1.304096 0.011783
1520530434.553486 1.304128 0.011784
1520530434.653489 1.304158 0.011783
1520530434.703655 1.304092 0.011783
1520530434.803658 1.304112 0.011784
1520530434.853723 1.304113 0.011782
1520530434.953663 1.304108 0.011783
1520530435.053667 1.304082 0.011783
1520530435.103796 1.304074 0.011783
1520530435.203799 1.304067 0.011783
1520530435.253801 1.304084 0.011784
1520530435.353804 1.304108 0.011783
1520530435.403806 1.304086 0.011783
1520530435.504086 1.304120 0.011783
1520530435.554088 1.304126 0.011783
1520530435.654091 1.304125 0.011783
1520530435.704092 1.304141 0.011783
1520530435.804096 1.304115 0.011783
1520530435.854097 1.304104 0.011783
1520530435.953835 1.304105 0.011783
1520530436.003837 1.304105 0.011783
1520530436.103839 1.304108 0.011783
1520530436.153841 1.304115 0.011783
1520530436.253844 1.304096 0.011783
1520530436.353956 1.304111 0.011783
1520530436.453978 1.304125 0.011784
1520530436.653965 1.304284 0.011783
1520530436.703966 1.304168 0.011783
1520530436.804032 1.304105 0.011783
1520530436.904035 1.304136 0.011783
1520530437.004039 1.304150 0.011783
1520530437.054040 1.304152 0.011783
1520530437.153533 1.304099 0.011783
1520530437.203536 1.304127 0.011771
1520530437.303539 1.304106 0.011779
1520530437.353539 1.304107 0.011783
1520530437.453545 1.304204 0.011783
1520530437.503545 1.304183 0.011782
1520530437.603872 1.304136 0.011783
1520530437.653873 1.304115 0.011782
1520530437.753876 1.304111 0.011783
1520530437.853879 1.304091 0.011783
1520530437.954482 1.304128 0.011783
1520530438.054484 1.304155 0.011783
1520530438.154486 1.304121 0.011783
1520530438.204487 1.304160 0.011784
1520530438.304490 1.304177 0.011783
1520530438.354492 1.304140 0.011782
1520530438.453623 1.304388 0.011783
1520530438.503624 1.304058 0.011783
1520530438.603628 1.304082 0.011783
1520530438.703631 1.304076 0.011783
1520530438.753632 1.304061 0.011781
1520530438.854392 1.304096 0.011783
1520530438.954395 1.304140 0.011783
1520530439.104398 1.304186 0.011784
1520530439.204654 1.304203 0.011783
1520530439.354659 1.304133 0.011783
1520530439.554665 1.303872 0.011783
1520530439.654178 1.303968 0.011783
1520530439.804183 1.304048 0.011783
1520530439.904186 1.304159 0.011783
1520530440.004099 1.304249 0.011783
1520530440.154104 1.304301 0.011783
1520530440.304109 1.304494 0.011782
1520530440.404112 1.304534 0.011782
1520530440.503979 1.304573 0.011781
1520530440.603982 1.304638 0.011783
1520530440.703986 1.304608 0.011783
1520530440.853871 1.304465 0.011783
1520530440.953874 1.304310 0.011783
1520530441.053876 1.304288 0.011782
1520530441.153883 1.304240 0.011783
1520530441.253889 1.304243 0.011783
1520530441.353892 1.304265 0.011783
1520530441.453895 1.304270 0.011783
1520530441.553898 1.304214 0.011783
1520530441.704084 1.304209 0.011783
1520530441.854089 1.304212 0.011783
1520530442.004094 1.304124 0.011783
1520530442.104032 1.304054 0.011782
1520530442.204035 1.304050 0.011782
1520530442.304038 1.304023 0.011780
1520530442.404042 1.303993 0.011781
1520530442.453714 1.303965 0.011779
1520530442.553717 1.303995 0.011780
1520530442.603719 1.304073 0.011782
1520530442.703722 1.304063 0.011782
1520530442.753723 1.304085 0.011783
1520530442.853726 1.304093 0.011783
1520530442.904376 1.304026 0.011782
1520530443.004379 1.304031 0.011783
1520530443.104382 1.304021 0.011783
1520530443.204385 1.303978 0.011783
1520530443.354468 1.304107 0.011783
1520530443.504473 1.304232 0.011783
1520530443.604476 1.304189 0.011783
1520530443.704013 1.304181 0.011779
1520530443.754014 1.304071 0.011783
1520530443.854018 1.304048 0.011783
1520530443.954022 1.304084 0.011782
1520530444.054024 1.304080 0.011783
1520530444.154403 1.304081 0.011781
1520530444.254406 1.304036 0.011783
1520530444.304409 1.304017 0.011782
1520530444.404412 1.304015 0.011781
1520530444.505161 1.304033 0.011783
1520530444.605164 1.304050 0.011783
1520530444.705167 1.304054 0.011783
1520530444.805170 1.304121 0.011783
1520530444.905173 1.304150 0.011784
1520530444.954962 1.304043 0.011783
1520530445.054965 1.304033 0.011783
1520530445.104967 1.304057 0.011782
1520530445.204970 1.304026 0.011783
1520530445.304973 1.304036 0.011783
1520530445.353892 1.304027 0.011783
1520530445.453896 1.303993 0.011780
1520530445.503898 1.304019 0.011782
1520530445.603900 1.304026 0.011782
1520530445.653902 1.304001 0.011782
1520530445.753751 1.304019 0.011783
1520530445.803752 1.304033 0.011782
1520530445.903755 1.304010 0.011781
1520530445.953757 1.304010 0.011783
1520530446.053761 1.304002 0.011783
1520530446.103761 1.303913 0.011783
1520530446.204900 1.303961 0.011783
1520530446.304903 1.303980 0.011783
1520530446.404906 1.303995 0.011783
1520530446.504909 1.304099 0.011783
1520530446.604785 1.304121 0.011782
1520530446.704788 1.304183 0.011782
1520530446.804791 1.304221 0.011782
1520530446.904794 1.304204 0.011781
1520530446.954330 1.304139 0.011782
1520530447.054334 1.304095 0.011781
1520530447.154337 1.304030 0.011783
1520530447.254340 1.304086 0.011782
1520530447.354343 1.304121 0.011783
1520530447.454125 1.304065 0.011783
1520530447.604130 1.303965 0.011780
1520530447.754142 1.303983 0.011783
1520530448.203885 1.304094 0.011783
1520530448.353889 1.304092 0.011782
