1520530315.699637 1.110427 0.247464
1520530315.849642 1.106322 0.198037
1520530315.999647 1.104650 0.185896
1520530316.100221 1.107063 0.182398
1520530316.300227 1.107619 0.165421
1520530316.450231 1.105668 0.153939
1520530316.650280 1.105283 0.148550
1520530316.850286 1.106609 0.145834
1520530316.949773 1.108208 0.141495
1520530317.149779 1.110296 0.126353
1520530317.299784 1.109644 0.113286
1520530317.449747 1.108831 0.103632
1520530317.649755 1.107649 0.096028
1520530317.750237 1.106906 0.092629
1520530317.900242 1.104648 0.089687
1520530318.050246 1.103497 0.088874
1520530318.150816 1.103974 0.088017
1520530318.300772 1.104380 0.085809
1520530318.450777 1.103950 0.082215
1520530318.600567 1.103455 0.078654
1520530318.750571 1.101848 0.075689
1520530318.900576 1.100055 0.073149
1520530318.999955 1.100023 0.070901
1520530319.149961 1.099872 0.065872
1520530319.299965 1.099055 0.060990
1520530319.399832 1.098200 0.058356
1520530319.549837 1.097519 0.055909
1520530319.699841 1.096786 0.055035
1520530319.800341 1.096943 0.054939
1520530319.900344 1.096755 0.054487
1520530320.000347 1.096589 0.053316
1520530320.100350 1.097105 0.051949
1520530320.200401 1.096744 0.050681
1520530320.300404 1.095768 0.049718
1520530320.450408 1.095157 0.048747
1520530320.599869 1.094994 0.047573
1520530320.749874 1.096025 0.045398
1520530320.899879 1.096910 0.042866
1520530321.049740 1.096687 0.041105
1520530321.199745 1.097139 0.039861
1520530321.349750 1.096578 0.038570
1520530321.499857 1.096490 0.037436
1520530321.599860 1.096902 0.036806
1520530321.699863 1.097463 0.036248
1520530321.850152 1.098322 0.035384
1520530322.000157 1.098965 0.034270
1520530322.100160 1.098546 0.033632
1520530322.250207 1.097942 0.033313
1520530322.450214 1.097956 0.033232
1520530322.650023 1.098059 0.032688
1520530322.850030 1.097860 0.031765
1520530323.000035 1.097865 0.031259
1520530323.150076 1.097912 0.030856
1520530323.300080 1.097858 0.030546
1520530323.450085 1.098261 0.029378
1520530323.550346 1.097772 0.028309
1520530323.650349 1.097390 0.027505
1520530323.750353 1.097571 0.027051
1520530323.900153 1.097500 0.026667
1520530324.050157 1.097469 0.026476
1520530324.200162 1.098351 0.026280
1520530324.299908 1.098933 0.026092
1520530324.399911 1.099283 0.025814
1520530324.499994 1.099384 0.025507
1520530324.599917 1.099366 0.025231
1520530324.750020 1.099369 0.024959
1520530324.900024 1.099457 0.024866
1520530325.100816 1.099503 0.024718
1520530325.300822 1.099276 0.024308
1520530325.500828 1.099077 0.023539
1520530325.700918 1.098662 0.022619
1520530325.900924 1.098041 0.022114
1520530326.000543 1.097739 0.021922
1520530326.150548 1.097211 0.021631
1520530326.300552 1.097001 0.021388
1520530326.400206 1.097111 0.021277
1520530326.600213 1.097014 0.021145
1520530326.750427 1.096947 0.021133
1520530326.950432 1.097416 0.020725
1520530327.050437 1.097526 0.020374
1520530327.150431 1.097328 0.020082
1520530327.250435 1.097432 0.019850
1520530327.400439 1.097519 0.019591
1520530327.500442 1.097829 0.019389
1520530327.550090 1.097745 0.019260
1520530327.650103 1.097862 0.019009
1520530327.750096 1.097891 0.018796
1520530327.850099 1.097207 0.018676
1520530327.950102 1.096926 0.018558
1520530328.000280 1.097108 0.018487
1520530328.100283 1.096844 0.018322
1520530328.250288 1.096249 0.018145
1520530328.350291 1.096159 0.018074
1520530328.450338 1.096007 0.018029
1520530328.550342 1.096106 0.018010
1520530328.650346 1.096196 0.017997
1520530328.750348 1.096176 0.017972
1520530328.800086 1.096289 0.017952
1520530329.000092 1.096918 0.017761
1520530329.100095 1.096960 0.017607
1520530329.200044 1.097086 0.017448
1520530329.300047 1.097368 0.017267
1520530329.400050 1.097085 0.017047
1520530329.600097 1.097051 0.016776
1520530329.700100 1.097290 0.016703
1520530329.800104 1.097402 0.016645
1520530329.900107 1.097770 0.016587
1520530330.000110 1.097730 0.016506
1520530330.100162 1.097882 0.016366
1520530330.200165 1.098334 0.016154
1520530330.300169 1.098815 0.015918
1520530330.400172 1.098873 0.015694
1520530330.450787 1.098921 0.015622
1520530330.550790 1.099222 0.015544
1520530330.650793 1.099320 0.015520
1520530330.750797 1.099623 0.015488
1520530330.850367 1.099365 0.015407
1520530330.950279 1.098783 0.015279
1520530331.050282 1.098526 0.015149
1520530331.150285 1.098472 0.015056
1520530331.250735 1.098423 0.014993
1520530331.350738 1.098471 0.014961
1520530331.450741 1.098298 0.014945
1520530331.500743 1.098046 0.014934
1520530331.600746 1.097926 0.014904
1520530331.650479 1.097979 0.014864
1520530331.750483 1.097612 0.014726
1520530331.850486 1.097361 0.014498
1520530331.900488 1.096912 0.014357
1520530332.000491 1.096479 0.014095
1520530332.100388 1.096554 0.013879
1520530332.200392 1.096829 0.013721
1520530332.300399 1.097085 0.013614
1520530332.400401 1.097187 0.013564
1520530332.500483 1.097259 0.013549
1520530332.550483 1.097497 0.013547
1520530332.650488 1.097519 0.013536
1520530332.750491 1.097505 0.013485
1520530332.850494 1.097259 0.013407
1520530332.900164 1.097366 0.013365
1520530333.000168 1.097786 0.013292
1520530333.100171 1.097797 0.013250
1520530333.200174 1.098108 0.013218
1520530333.300608 1.098436 0.013172
1520530333.400612 1.098582 0.013113
1520530333.500615 1.098680 0.013071
1520530333.650619 1.099283 0.013060
1520530333.700541 1.099402 0.013058
1520530333.800544 1.099476 0.013052
1520530333.850545 1.099484 0.013039
1520530333.950549 1.099315 0.013027
1520530334.000561 1.099451 0.013009
1520530334.100216 1.099904 0.012928
1520530334.350224 1.099665 0.012649
1520530334.450227 1.099713 0.012562
1520530334.550086 1.099748 0.012498
1520530334.650089 1.099796 0.012468
1520530334.750092 1.099960 0.012421
1520530334.850095 1.099934 0.012374
1520530334.950928 1.099729 0.012336
1520530335.100933 1.099623 0.012320
1520530335.200936 1.100201 0.012316
1520530335.300938 1.100160 0.012310
1520530335.401458 1.100234 0.012301
1520530335.501461 1.100263 0.012288
1520530335.601512 1.100023 0.012272
1520530335.750223 1.100038 0.012257
1520530335.900227 1.100297 0.012228
1520530336.000230 1.100336 0.012191
1520530336.100233 1.100239 0.012146
1520530336.200179 1.100159 0.012111
1520530336.300182 1.100357 0.012057
1520530336.400185 1.100373 0.011974
1520530336.500188 1.100104 0.011881
1520530336.550582 1.099975 0.011830
1520530336.650586 1.099872 0.011752
1520530336.750588 1.099667 0.011703
1520530336.850591 1.099725 0.011661
1520530336.950594 1.099696 0.011629
1520530337.050259 1.099816 0.011577
1520530337.150262 1.099954 0.011495
1520530337.250265 1.100201 0.011415
1520530337.350269 1.100372 0.011357
1520530337.450303 1.100591 0.011301
1520530337.550306 1.100915 0.011260
1520530337.650309 1.101321 0.011189
1520530337.750312 1.101511 0.011067
1520530337.800854 1.101649 0.010988
1520530337.900857 1.101633 0.010840
1520530338.000860 1.101575 0.010710
1520530338.100863 1.101347 0.010617
1520530338.200470 1.100887 0.010567
1520530338.300474 1.100764 0.010548
1520530338.400477 1.100765 0.010529
1520530338.500480 1.100944 0.010500
1520530338.600260 1.101088 0.010456
1520530338.700263 1.101177 0.010404
1520530338.800266 1.101233 0.010351
1520530338.900269 1.101496 0.010303
1520530339.000272 1.101723 0.010246
1520530339.100960 1.101781 0.010204
1520530339.150962 1.101813 0.010189
1520530339.250965 1.101999 0.010169
1520530339.350968 1.102115 0.010161
1520530339.451687 1.102092 0.010156
1520530339.551690 1.102067 0.010148
1520530339.651693 1.102008 0.010140
1520530339.751697 1.101973 0.010129
1520530339.851056 1.102014 0.010115
1520530339.951059 1.102046 0.010098
1520530340.051062 1.102150 0.010088
1520530340.151065 1.102317 0.010075
1520530340.250395 1.102494 0.010052
1520530340.350399 1.102459 0.010010
1520530340.450401 1.102531 0.009963
1520530340.550404 1.102649 0.009918
1520530340.650347 1.102665 0.009886
1520530340.750350 1.102724 0.009859
1520530340.900354 1.102786 0.009839
1520530341.050774 1.102906 0.009826
1520530341.300782 1.103127 0.009781
1520530341.500713 1.103080 0.009752
1520530341.750720 1.103107 0.009736
1520530341.900542 1.103018 0.009731
1520530342.100548 1.102863 0.009710
1520530342.200551 1.102878 0.009690
1520530342.350675 1.102855 0.009658
1520530342.500679 1.102898 0.009630
1520530342.650684 1.102799 0.009595
1520530342.750644 1.102749 0.009559
1520530342.850648 1.102468 0.009510
1520530342.950651 1.102226 0.009447
1520530343.050654 1.102033 0.009370
1520530343.151133 1.101849 0.009283
1520530343.251136 1.101614 0.009184
1520530343.351140 1.101381 0.009071
1520530343.401141 1.101219 0.009011
1520530343.501404 1.100942 0.008886
1520530343.601407 1.100676 0.008758
1520530343.701410 1.100498 0.008614
1520530343.751410 1.100297 0.008536
1520530343.851414 1.100059 0.008380
1520530343.951402 1.099770 0.008227
1520530344.051405 1.099354 0.008078
1520530344.151408 1.099131 0.007938
1520530344.251411 1.098800 0.007810
1520530344.351408 1.098509 0.007691
1520530344.451412 1.098337 0.007581
1520530344.551415 1.098299 0.007482
1520530344.651418 1.098013 0.007392
1520530344.751636 1.097798 0.007315
1520530344.851639 1.097708 0.007246
1520530344.951642 1.097692 0.007192
1520530345.051645 1.097636 0.007137
1520530345.151845 1.097558 0.007087
1520530345.251745 1.097527 0.007044
1520530345.351748 1.097494 0.007007
1520530345.451751 1.097496 0.006973
1520530345.551195 1.097507 0.006943
1520530345.651198 1.097535 0.006914
1520530345.701199 1.097517 0.006900
1520530345.801203 1.097442 0.006876
1520530345.851204 1.097378 0.006867
1520530345.951161 1.097293 0.006851
1520530346.001475 1.097303 0.006845
1520530346.101479 1.097327 0.006833
1520530346.201481 1.097359 0.006822
1520530346.301485 1.097345 0.006813
1520530346.401376 1.097315 0.006804
1520530346.501379 1.097311 0.006799
1520530346.551380 1.097321 0.006796
1520530346.651383 1.097313 0.006790
1520530346.701385 1.097279 0.006788
1520530346.801545 1.097294 0.006783
1520530346.851546 1.097329 0.006781
1520530346.951549 1.097320 0.006779
1520530347.001551 1.097274 0.006779
1520530347.101554 1.097248 0.006777
1520530347.151556 1.097251 0.006776
1520530347.251402 1.097237 0.006774
1520530347.301403 1.097195 0.006773
1520530347.401407 1.097201 0.006772
1520530347.451408 1.097207 0.006771
1520530347.551411 1.097221 0.006769
1520530347.601218 1.097227 0.006769
1520530347.701222 1.097190 0.006767
1520530347.801224 1.097199 0.006766
1520530347.901227 1.097181 0.006765
1520530348.001163 1.097187 0.006765
1520530348.051164 1.097177 0.006765
1520530348.151168 1.097182 0.006765
1520530348.201169 1.097190 0.006764
1520530348.301184 1.097193 0.006764
1520530348.401175 1.097181 0.006764
1520530348.451416 1.097191 0.006764
1520530348.551419 1.097203 0.006763
1520530348.651423 1.097226 0.006764
1520530348.751426 1.097198 0.006763
1520530348.801428 1.097197 0.006763
1520530348.901315 1.097225 0.006762
1520530348.951318 1.097232 0.006762
1520530349.051321 1.097301 0.006760
1520530349.101323 1.097314 0.006758
1520530349.201326 1.097376 0.006755
1520530349.251106 1.097401 0.006754
1520530349.351109 1.097395 0.006751
1520530349.451112 1.097424 0.006749
1520530349.551115 1.097452 0.006747
1520530349.650935 1.097499 0.006745
1520530349.700937 1.097512 0.006744
1520530349.800940 1.097552 0.006741
1520530349.900986 1.097594 0.006739
1520530349.950944 1.097631 0.006738
1520530350.051376 1.097684 0.006735
1520530350.101378 1.097720 0.006733
1520530350.201381 1.097784 0.006728
1520530350.251384 1.097814 0.006726
1520530350.351387 1.097902 0.006723
1520530350.451515 1.097930 0.006720
1520530350.551518 1.097979 0.006718
1520530350.651521 1.098023 0.006716
1520530350.751524 1.098039 0.006714
1520530350.851527 1.098036 0.006713
1520530350.951573 1.098050 0.006711
1520530351.051576 1.098112 0.006709
1520530351.151579 1.098152 0.006707
1520530351.251582 1.098228 0.006705
1520530351.351680 1.098315 0.006704
1520530351.451683 1.098325 0.006703
1520530351.551686 1.098341 0.006702
1520530351.651689 1.098386 0.006701
1520530351.751696 1.098399 0.006700
1520530351.851700 1.098346 0.006699
1520530351.951703 1.098277 0.006698
1520530352.051706 1.098235 0.006696
1520530352.151806 1.098245 0.006696
1520530352.251809 1.098254 0.006696
1520530352.351812 1.098266 0.006695
1520530352.451816 1.098250 0.006695
1520530352.501469 1.098250 0.006694
1520530352.601472 1.098264 0.006694
1520530352.701475 1.098274 0.006693
1520530352.801478 1.098288 0.006693
1520530352.901098 1.098283 0.006692
1520530353.001101 1.098279 0.006691
1520530353.101208 1.098305 0.006691
1520530353.201107 1.098342 0.006690
1520530353.301110 1.098379 0.006689
1520530353.351398 1.098368 0.006688
1520530353.451401 1.098361 0.006687
1520530353.501402 1.098381 0.006687
1520530353.601405 1.098425 0.006686
1520530353.701408 1.098432 0.006685
1520530353.801738 1.098421 0.006685
1520530353.901741 1.098435 0.006684
1520530353.951742 1.098428 0.006684
1520530354.051745 1.098424 0.006683
1520530354.101747 1.098454 0.006683
1520530354.201897 1.098501 0.006682
1520530354.251899 1.098520 0.006682
1520530354.351902 1.098504 0.006681
1520530354.401904 1.098476 0.006681
1520530354.501907 1.098476 0.006681
1520530354.551594 1.098489 0.006680
1520530354.651595 1.098523 0.006680
1520530354.751597 1.098538 0.006679
1520530354.851600 1.098559 0.006679
1520530354.951359 1.098559 0.006678
1520530355.051362 1.098550 0.006678
1520530355.151365 1.098535 0.006677
1520530355.251368 1.098549 0.006676
1520530355.351371 1.098583 0.006676
1520530355.401407 1.098570 0.006676
1520530355.501410 1.098562 0.006676
1520530355.601414 1.098540 0.006676
1520530355.701417 1.098522 0.006675
1520530355.801531 1.098535 0.006675
1520530355.901534 1.098553 0.006675
1520530355.951536 1.098555 0.006675
1520530356.051539 1.098530 0.006675
1520530356.151542 1.098530 0.006675
1520530356.201376 1.098519 0.006675
1520530356.301379 1.098539 0.006675
1520530356.351380 1.098588 0.006675
1520530356.451383 1.098608 0.006674
1520530356.551386 1.098637 0.006674
1520530356.601233 1.098653 0.006674
1520530356.701236 1.098652 0.006674
1520530356.801239 1.098687 0.006674
1520530356.901242 1.098705 0.006673
1520530357.001153 1.098702 0.006673
1520530357.101156 1.098721 0.006673
1520530357.151157 1.098704 0.006673
1520530357.251160 1.098725 0.006673
1520530357.301162 1.098727 0.006673
1520530357.401658 1.098762 0.006672
1520530357.501662 1.098789 0.006672
1520530357.551663 1.098796 0.006671
1520530357.651666 1.098827 0.006671
1520530357.751669 1.098859 0.006671
1520530357.851585 1.098897 0.006671
1520530357.951560 1.098909 0.006670
1520530358.051563 1.098897 0.006670
1520530358.151567 1.098886 0.006670
1520530358.251625 1.098887 0.006670
1520530358.351628 1.098880 0.006669
1520530358.451631 1.098881 0.006669
1520530358.551634 1.098880 0.006669
1520530358.651798 1.098866 0.006668
1520530358.751801 1.098872 0.006668
1520530358.851805 1.098861 0.006668
1520530358.951808 1.098868 0.006668
1520530359.051806 1.098871 0.006667
1520530359.151809 1.098877 0.006667
1520530359.251812 1.098865 0.006666
1520530359.351815 1.098859 0.006666
1520530359.451919 1.098873 0.006666
1520530359.551871 1.098880 0.006665
1520530359.651874 1.098886 0.006664
1520530359.751878 1.098897 0.006664
1520530359.851881 1.098921 0.006663
1520530359.951828 1.098934 0.006662
1520530360.051831 1.098990 0.006661
1520530360.151834 1.099051 0.006660
1520530360.201836 1.099089 0.006659
1520530360.301316 1.099148 0.006657
1520530360.401319 1.099186 0.006656
1520530360.501323 1.099219 0.006654
1520530360.601326 1.099232 0.006654
1520530360.700978 1.099287 0.006653
1520530360.800981 1.099357 0.006651
1520530360.900984 1.099460 0.006648
1520530361.000988 1.099565 0.006645
1520530361.101044 1.099587 0.006643
1520530361.201047 1.099632 0.006640
1520530361.301050 1.099674 0.006638
1520530361.401053 1.099747 0.006636
1520530361.501690 1.099793 0.006635
1520530361.601693 1.099824 0.006635
1520530361.651695 1.099802 0.006634
1520530361.751698 1.099843 0.006634
1520530361.801700 1.099840 0.006634
1520530361.901939 1.099883 0.006633
1520530361.951941 1.099869 0.006633
1520530362.051944 1.099875 0.006631
1520530362.151947 1.099915 0.006629
1520530362.251950 1.100045 0.006627
1520530362.351623 1.100115 0.006623
1520530362.451626 1.100229 0.006620
1520530362.551629 1.100337 0.006615
1520530362.651727 1.100474 0.006610
1520530362.751364 1.100605 0.006606
1520530362.851367 1.100655 0.006603
1520530362.951370 1.100685 0.006602
1520530363.051374 1.100705 0.006601
1520530363.151650 1.100675 0.006600
1520530363.251653 1.100661 0.006599
1520530363.351656 1.100647 0.006599
1520530363.451659 1.100645 0.006599
1520530363.501661 1.100649 0.006599
1520530363.601746 1.100667 0.006598
1520530363.651748 1.100701 0.006597
1520530363.751751 1.100761 0.006596
1520530363.801753 1.100767 0.006596
1520530363.901756 1.100794 0.006595
1520530363.951780 1.100831 0.006594
1520530364.051784 1.100926 0.006592
1520530364.101785 1.100940 0.006591
1520530364.201788 1.101017 0.006590
1520530364.251789 1.101044 0.006589
1520530364.351792 1.101115 0.006588
1520530364.451854 1.101187 0.006587
1520530364.551858 1.101189 0.006587
1520530364.601859 1.101203 0.006586
1520530364.701862 1.101204 0.006586
1520530364.802376 1.101185 0.006585
1520530364.902379 1.101183 0.006584
1520530365.002383 1.101183 0.006583
1520530365.102386 1.101222 0.006582
1520530365.201844 1.101246 0.006581
1520530365.351849 1.101325 0.006579
1520530365.451852 1.101414 0.006577
1520530365.551855 1.101509 0.006575
1520530365.601535 1.101547 0.006574
1520530365.701539 1.101605 0.006572
1520530365.801546 1.101646 0.006570
1520530365.901545 1.101661 0.006569
1520530366.001907 1.101664 0.006568
1520530366.101910 1.101646 0.006568
1520530366.151911 1.101641 0.006567
1520530366.251915 1.101609 0.006567
1520530366.301916 1.101614 0.006567
1520530366.402120 1.101635 0.006567
1520530366.452121 1.101637 0.006567
1520530366.552125 1.101672 0.006566
1520530366.602127 1.101671 0.006566
1520530366.702130 1.101697 0.006565
1520530366.752132 1.101718 0.006565
1520530366.852166 1.101739 0.006565
1520530366.902167 1.101747 0.006565
1520530367.002170 1.101731 0.006565
1520530367.102178 1.101712 0.006565
1520530367.202177 1.101717 0.006564
1520530367.252540 1.101723 0.006564
1520530367.352543 1.101737 0.006564
1520530367.452546 1.101741 0.006563
1520530367.552549 1.101771 0.006562
1520530367.652264 1.101811 0.006561
1520530367.752267 1.101885 0.006560
1520530367.852271 1.101950 0.006558
1520530367.952274 1.101988 0.006557
1520530368.052124 1.101962 0.006556
1520530368.152127 1.101938 0.006556
1520530368.252130 1.101922 0.006555
1520530368.352134 1.101908 0.006555
1520530368.452048 1.101892 0.006555
1520530368.502050 1.101889 0.006555
1520530368.602053 1.101885 0.006554
1520530368.652054 1.101887 0.006554
1520530368.752057 1.101892 0.006554
1520530368.802058 1.101949 0.006554
1520530368.901391 1.101916 0.006554
1520530368.951392 1.101913 0.006554
1520530369.051395 1.101933 0.006554
1520530369.101397 1.101950 0.006554
1520530369.201400 1.101955 0.006554
1520530369.251401 1.101932 0.006554
1520530369.351538 1.101961 0.006554
1520530369.451542 1.101970 0.006553
1520530369.551545 1.101973 0.006553
1520530369.601546 1.101973 0.006553
1520530369.701896 1.101952 0.006553
1520530369.801900 1.102000 0.006553
1520530369.901903 1.101991 0.006553
1520530370.051908 1.101973 0.006553
1520530370.201933 1.102022 0.006553
1520530370.351937 1.102045 0.006552
1520530370.501883 1.102072 0.006552
1520530370.651886 1.102099 0.006551
1520530370.851892 1.102101 0.006550
1520530371.001944 1.102153 0.006549
1520530371.101947 1.102179 0.006548
1520530371.251952 1.102222 0.006548
1520530371.401953 1.102207 0.006547
1520530371.501956 1.102241 0.006547
1520530371.651961 1.102267 0.006547
1520530371.801961 1.102207 0.006546
1520530371.901964 1.102192 0.006546
1520530372.001968 1.102186 0.006546
1520530372.101971 1.102182 0.006546
1520530372.251958 1.102218 0.006546
1520530372.401963 1.102267 0.006545
1520530372.551956 1.102302 0.006544
1520530372.651960 1.102309 0.006544
1520530372.751963 1.102302 0.006543
1520530372.851966 1.102273 0.006542
1520530372.951617 1.102279 0.006542
1520530373.051620 1.102253 0.006542
1520530373.201626 1.102246 0.006541
1520530373.301629 1.102251 0.006541
1520530373.351457 1.102228 0.006541
1520530373.451460 1.102229 0.006541
1520530373.551463 1.102211 0.006540
1520530373.601465 1.102215 0.006540
1520530373.701467 1.102206 0.006540
1520530373.751469 1.102199 0.006540
1520530373.851583 1.102200 0.006539
1520530373.901585 1.102201 0.006539
1520530374.001588 1.102192 0.006539
1520530374.101591 1.102184 0.006539
1520530374.201953 1.102176 0.006539
1520530374.301956 1.102161 0.006539
1520530374.401959 1.102163 0.006539
1520530374.501962 1.102188 0.006538
1520530374.602407 1.102211 0.006538
1520530374.752412 1.102261 0.006538
1520530374.852415 1.102275 0.006538
1520530374.952418 1.102305 0.006537
1520530375.052444 1.102335 0.006537
1520530375.152447 1.102320 0.006536
1520530375.252454 1.102321 0.006536
1520530375.402252 1.102321 0.006536
1520530375.502216 1.102335 0.006536
1520530375.602219 1.102308 0.006536
1520530375.652220 1.102324 0.006536
1520530375.752223 1.102316 0.006535
1520530375.802225 1.102308 0.006535
1520530375.902259 1.102305 0.006535
1520530376.002262 1.102308 0.006534
1520530376.052264 1.102318 0.006534
1520530376.152267 1.102313 0.006534
1520530376.202270 1.102345 0.006534
1520530376.301951 1.102353 0.006534
1520530376.401954 1.102321 0.006534
1520530376.451957 1.102304 0.006534
1520530376.551960 1.102287 0.006534
1520530376.601961 1.102289 0.006534
1520530376.702664 1.102289 0.006534
1520530376.752666 1.102281 0.006534
1520530376.852669 1.102286 0.006534
1520530376.902671 1.102309 0.006533
1520530377.002721 1.102320 0.006534
1520530377.052898 1.102317 0.006534
1520530377.152900 1.102328 0.006534
1520530377.252903 1.102342 0.006533
1520530377.352906 1.102389 0.006533
1520530377.451719 1.102400 0.006533
1520530377.551722 1.102444 0.006533
1520530377.651725 1.102473 0.006533
1520530377.751728 1.102478 0.006532
1520530377.851407 1.102444 0.006532
1520530377.951411 1.102458 0.006532
1520530378.051414 1.102439 0.006532
1520530378.151417 1.102413 0.006532
1520530378.201419 1.102416 0.006532
1520530378.301511 1.102423 0.006532
1520530378.351513 1.102427 0.006532
1520530378.451516 1.102439 0.006532
1520530378.501517 1.102460 0.006532
1520530378.601571 1.102464 0.006532
1520530378.651522 1.102462 0.006532
1520530378.752210 1.102465 0.006532
1520530378.802212 1.102458 0.006532
1520530378.902215 1.102473 0.006531
1520530379.002218 1.102484 0.006531
1520530379.102149 1.102483 0.006531
1520530379.202152 1.102494 0.006531
1520530379.302155 1.102524 0.006530
1520530379.402159 1.102564 0.006530
1520530379.501850 1.102574 0.006530
1520530379.601853 1.102592 0.006530
1520530379.701856 1.102591 0.006530
1520530379.801860 1.102599 0.006529
1520530379.901824 1.102604 0.006529
1520530380.001827 1.102603 0.006529
1520530380.101830 1.102598 0.006529
1520530380.201888 1.102603 0.006529
1520530380.251835 1.102595 0.006529
1520530380.352160 1.102595 0.006529
1520530380.452163 1.102596 0.006529
1520530380.552166 1.102615 0.006529
1520530380.602168 1.102625 0.006529
1520530380.702171 1.102638 0.006529
1520530380.802136 1.102657 0.006529
1520530380.852138 1.102632 0.006529
1520530380.952141 1.102669 0.006529
1520530381.002143 1.102617 0.006528
1520530381.102146 1.102637 0.006529
1520530381.152048 1.102640 0.006528
1520530381.252051 1.102661 0.006528
1520530381.352054 1.102650 0.006528
1520530381.452057 1.102640 0.006528
1520530381.552262 1.102627 0.006528
1520530381.652265 1.102623 0.006528
1520530381.752268 1.102635 0.006528
1520530381.852271 1.102652 0.006528
1520530381.952332 1.102694 0.006528
1520530382.052335 1.102719 0.006528
1520530382.152338 1.102743 0.006528
1520530382.252342 1.102739 0.006528
1520530382.352159 1.102750 0.006528
1520530382.452162 1.102764 0.006528
1520530382.552165 1.102769 0.006528
1520530382.652168 1.102787 0.006528
1520530382.752171 1.102785 0.006528
1520530382.852246 1.102776 0.006528
1520530383.002250 1.102765 0.006527
1520530383.102253 1.102762 0.006528
1520530383.202206 1.102773 0.006528
1520530383.302209 1.102767 0.006528
1520530383.402267 1.102759 0.006528
1520530383.502216 1.102763 0.006527
1520530383.602472 1.102749 0.006527
1520530383.702475 1.102662 0.006527
1520530383.802478 1.102692 0.006527
1520530383.902481 1.102769 0.006527
1520530383.952482 1.102758 0.006527
1520530384.052531 1.102848 0.006527
1520530384.102533 1.102883 0.006527
1520530384.202536 1.102918 0.006527
1520530384.252537 1.102908 0.006527
1520530384.352541 1.102943 0.006527
1520530384.402432 1.102938 0.006526
1520530384.502435 1.102918 0.006527
1520530384.602439 1.102925 0.006527
1520530384.702442 1.102847 0.006527
1520530384.802857 1.102811 0.006526
1520530384.902860 1.102789 0.006527
1520530384.952861 1.102774 0.006526
1520530385.052864 1.102860 0.006526
1520530385.102866 1.102878 0.006526
1520530385.202869 1.102912 0.006526
1520530385.252705 1.103035 0.006526
1520530385.352709 1.102948 0.006526
1520530385.402710 1.102949 0.006526
1520530385.502713 1.102968 0.006526
1520530385.552715 1.102970 0.006526
1520530385.652486 1.102999 0.006526
1520530385.702487 1.102987 0.006526
1520530385.802491 1.103000 0.006526
1520530385.852492 1.102986 0.006526
1520530385.952497 1.102994 0.006526
1520530386.052544 1.102988 0.006526
1520530386.152547 1.102988 0.006526
1520530386.252550 1.102996 0.006526
1520530386.352553 1.103009 0.006526
1520530386.452758 1.102995 0.006526
1520530386.552761 1.103005 0.006526
1520530386.652764 1.103007 0.006526
1520530386.752767 1.102988 0.006526
1520530386.852674 1.102978 0.006525
1520530386.952678 1.102972 0.006526
1520530387.052681 1.102982 0.006525
1520530387.152684 1.103015 0.006526
1520530387.252606 1.103029 0.006525
1520530387.352609 1.103075 0.006525
1520530387.402611 1.103080 0.006526
1520530387.502614 1.103100 0.006526
1520530387.602617 1.103110 0.006526
1520530387.652619 1.103108 0.006525
1520530387.752459 1.103133 0.006526
1520530387.802460 1.103136 0.006526
1520530387.902463 1.103159 0.006525
1520530387.952465 1.103166 0.006525
1520530388.052468 1.103156 0.006525
1520530388.102494 1.103146 0.006525
1520530388.202544 1.103140 0.006525
1520530388.252499 1.103141 0.006525
1520530388.352502 1.103139 0.006525
1520530388.452505 1.103118 0.006525
1520530388.552854 1.103101 0.006525
1520530388.702858 1.103094 0.006525
1520530388.852863 1.103101 0.006525
1520530388.902233 1.103108 0.006525
1520530389.002237 1.103102 0.006525
1520530389.102240 1.103128 0.006525
1520530389.202243 1.103125 0.006525
1520530389.302934 1.103123 0.006525
1520530389.402938 1.103131 0.006525
1520530389.502940 1.103149 0.006525
1520530389.602943 1.103172 0.006525
1520530389.702846 1.103179 0.006525
1520530389.803445 1.103191 0.006525
1520530389.853406 1.103209 0.006525
1520530389.953409 1.103207 0.006525
1520530390.003411 1.103205 0.006525
1520530390.103414 1.103197 0.006525
1520530390.152569 1.103184 0.006525
1520530390.252572 1.103182 0.006525
1520530390.302572 1.103177 0.006525
1520530390.402575 1.103123 0.006525
1520530390.452578 1.103093 0.006525
1520530390.553324 1.103081 0.006525
1520530390.653327 1.103086 0.006524
1520530390.753331 1.103081 0.006525
1520530390.853334 1.103078 0.006525
1520530390.953379 1.103079 0.006525
1520530391.003381 1.103071 0.006525
1520530391.103384 1.103074 0.006525
1520530391.203387 1.103091 0.006524
1520530391.352333 1.103114 0.006524
1520530391.452336 1.103148 0.006524
1520530391.552339 1.103142 0.006525
1520530391.652342 1.103123 0.006525
1520530391.752424 1.103096 0.006524
1520530391.852427 1.103081 0.006524
1520530391.952430 1.103093 0.006524
1520530392.052433 1.103106 0.006524
1520530392.102435 1.103112 0.006524
1520530392.203142 1.103091 0.006525
1520530392.253143 1.103076 0.006524
1520530392.353147 1.103050 0.006524
1520530392.403148 1.103034 0.006524
1520530392.503151 1.103042 0.006524
1520530392.602235 1.103042 0.006524
1520530392.702237 1.103049 0.006524
1520530392.802241 1.103071 0.006524
1520530392.852242 1.103062 0.006524
1520530392.952245 1.103087 0.006524
1520530393.052154 1.103098 0.006524
1520530393.152157 1.103101 0.006524
1520530393.252160 1.103114 0.006524
1520530393.352164 1.103131 0.006524
1520530393.402921 1.103148 0.006524
1520530393.502924 1.103185 0.006524
1520530393.602927 1.103196 0.006524
1520530393.652929 1.103136 0.006524
1520530393.752932 1.103067 0.006524
1520530393.852959 1.103076 0.006524
1520530394.002964 1.103075 0.006524
1520530394.102968 1.103051 0.006524
1520530394.202165 1.103074 0.006524
1520530394.302169 1.103091 0.006524
1520530394.402172 1.103083 0.006524
1520530394.502175 1.103107 0.006524
1520530394.602189 1.103107 0.006524
1520530394.652876 1.103100 0.006524
1520530394.752879 1.103144 0.006524
1520530394.852882 1.103097 0.006524
1520530394.952885 1.103131 0.006524
1520530395.053731 1.103115 0.006524
1520530395.153734 1.103112 0.006524
1520530395.253737 1.103082 0.006524
1520530395.353740 1.103130 0.006524
1520530395.452705 1.103150 0.006524
1520530395.552709 1.103151 0.006524
1520530395.652712 1.103151 0.006524
1520530395.752715 1.103133 0.006524
1520530395.853078 1.103124 0.006524
1520530395.953081 1.103124 0.006524
1520530396.053084 1.103120 0.006524
1520530396.153087 1.103098 0.006524
1520530396.203089 1.103095 0.006524
1520530396.303237 1.103101 0.006524
1520530396.353238 1.103089 0.006524
1520530396.453241 1.103086 0.006524
1520530396.503243 1.103070 0.006524
1520530396.603246 1.103061 0.006524
1520530396.703145 1.103050 0.006524
1520530396.803148 1.103052 0.006524
1520530396.903152 1.103069 0.006524
1520530397.003155 1.103073 0.006524
1520530397.102782 1.103078 0.006524
1520530397.202785 1.103112 0.006524
1520530397.302788 1.103116 0.006524
1520530397.402791 1.103136 0.006524
1520530397.502304 1.103132 0.006524
1520530397.602308 1.103135 0.006524
1520530397.652309 1.103162 0.006524
1520530397.752312 1.103155 0.006524
1520530397.852315 1.103141 0.006524
1520530397.952586 1.103118 0.006524
1520530398.002588 1.103113 0.006524
1520530398.102591 1.103082 0.006524
1520530398.202594 1.103065 0.006524
1520530398.303365 1.103055 0.006524
1520530398.403368 1.103039 0.006524
1520530398.503371 1.103051 0.006524
1520530398.603375 1.103058 0.006524
1520530398.653376 1.103060 0.006524
1520530398.753223 1.103042 0.006524
1520530398.803225 1.103048 0.006524
1520530398.903227 1.103051 0.006524
1520530398.953229 1.103010 0.006524
1520530399.053232 1.103009 0.006524
1520530399.103233 1.102997 0.006524
1520530399.202332 1.102986 0.006524
1520530399.252333 1.102983 0.006524
1520530399.352336 1.102982 0.006524
1520530399.402342 1.102989 0.006524
1520530399.502341 1.102991 0.006524
1520530399.553006 1.103000 0.006524
1520530399.653009 1.103007 0.006524
1520530399.753012 1.102992 0.006524
1520530399.853016 1.102984 0.006524
1520530399.953275 1.102995 0.006524
1520530400.003276 1.102998 0.006524
1520530400.103279 1.102991 0.006524
1520530400.153281 1.102995 0.006524
1520530400.253284 1.103003 0.006524
1520530400.352494 1.103009 0.006524
1520530400.402496 1.103003 0.006524
1520530400.502500 1.103013 0.006524
1520530400.552501 1.103027 0.006524
1520530400.652504 1.103023 0.006524
1520530400.752291 1.103026 0.006524
1520530400.852294 1.103023 0.006524
1520530400.952297 1.103024 0.006524
1520530401.052300 1.103028 0.006524
1520530401.152303 1.103017 0.006524
1520530401.202755 1.103018 0.006524
1520530401.302758 1.103031 0.006524
1520530401.352759 1.103026 0.006524
1520530401.452763 1.103016 0.006524
1520530401.502764 1.102994 0.006524
1520530401.603037 1.103020 0.006524
1520530401.703041 1.102997 0.006524
1520530401.803044 1.102985 0.006524
1520530401.903047 1.102981 0.006524
1520530401.953048 1.102964 0.006524
1520530402.052283 1.102966 0.006524
1520530402.102285 1.102958 0.006524
1520530402.202287 1.102959 0.006524
1520530402.252289 1.102964 0.006524
1520530402.352292 1.102961 0.006524
1520530402.402567 1.102959 0.006524
1520530402.502571 1.102949 0.006524
1520530402.552572 1.102944 0.006524
1520530402.652672 1.102930 0.006524
1520530402.752578 1.102909 0.006524
1520530402.853417 1.102888 0.006524
1520530402.953420 1.102899 0.006524
1520530403.003422 1.102917 0.006524
1520530403.103425 1.102932 0.006524
1520530403.202933 1.102947 0.006524
1520530403.302936 1.102927 0.006524
1520530403.352938 1.102902 0.006524
1520530403.452941 1.102896 0.006524
1520530403.502943 1.102893 0.006524
1520530403.602946 1.102889 0.006524
1520530403.652254 1.102885 0.006524
1520530403.752257 1.102875 0.006524
1520530403.802258 1.102879 0.006524
1520530403.902261 1.102859 0.006524
1520530403.952263 1.102857 0.006524
1520530404.052745 1.102852 0.006524
1520530404.102746 1.102853 0.006524
1520530404.202749 1.102841 0.006524
1520530404.302752 1.102839 0.006524
1520530404.402755 1.102827 0.006524
1520530404.453112 1.102824 0.006524
1520530404.553115 1.102822 0.006524
1520530404.653119 1.102818 0.006524
1520530404.753122 1.102829 0.006524
1520530404.852642 1.102829 0.006524
1520530404.902643 1.102827 0.006524
1520530405.002647 1.102830 0.006524
1520530405.052648 1.102819 0.006524
1520530405.152651 1.102802 0.006524
1520530405.202653 1.102806 0.006524
1520530405.302330 1.102798 0.006524
1520530405.352331 1.102809 0.006524
1520530405.452334 1.102820 0.006524
1520530405.502335 1.102811 0.006524
1520530405.602339 1.102808 0.006524
1520530405.652792 1.102812 0.006524
1520530405.752795 1.102814 0.006524
1520530405.802797 1.102801 0.006524
1520530405.902800 1.102790 0.006524
1520530405.952801 1.102789 0.006524
1520530406.052804 1.102779 0.006524
1520530406.103570 1.102835 0.006524
1520530406.203573 1.102825 0.006524
1520530406.253574 1.102767 0.006524
1520530406.353577 1.102794 0.006524
1520530406.403579 1.102762 0.006524
1520530406.503485 1.102748 0.006524
1520530406.603489 1.102766 0.006524
1520530406.703492 1.102790 0.006524
1520530406.803495 1.102818 0.006524
1520530406.902692 1.102796 0.006524
1520530406.952693 1.102800 0.006524
1520530407.052696 1.102794 0.006524
1520530407.102698 1.102799 0.006524
1520530407.202701 1.102828 0.006524
1520530407.252702 1.102818 0.006524
1520530407.353185 1.102809 0.006524
1520530407.403187 1.102801 0.006524
1520530407.503190 1.102838 0.006524
1520530407.553191 1.102803 0.006524
1520530407.653194 1.102776 0.006524
1520530407.703510 1.102740 0.006524
1520530407.803513 1.102701 0.006524
1520530407.853515 1.102702 0.006524
1520530407.953518 1.102713 0.006524
1520530408.003519 1.102728 0.006524
1520530408.103522 1.102724 0.006524
1520530408.153603 1.102731 0.006524
1520530408.253606 1.102720 0.006524
1520530408.353609 1.102725 0.006524
1520530408.453613 1.102729 0.006524
1520530408.553374 1.102722 0.006524
1520530408.653377 1.102709 0.006524
1520530408.753380 1.102698 0.006524
1520530408.853383 1.102706 0.006524
1520530408.952878 1.102724 0.006524
1520530409.052890 1.102731 0.006524
1520530409.152884 1.102718 0.006524
1520530409.252887 1.102739 0.006524
1520530409.352902 1.102744 0.006524
1520530409.452906 1.102736 0.006524
1520530409.552909 1.102734 0.006524
1520530409.652912 1.102736 0.006524
1520530409.752654 1.102746 0.006524
1520530409.852657 1.102747 0.006524
1520530409.952660 1.102736 0.006524
1520530410.052664 1.102736 0.006524
1520530410.153223 1.102726 0.006524
1520530410.253226 1.102722 0.006524
1520530410.353231 1.102706 0.006524
1520530410.453232 1.102706 0.006524
1520530410.553235 1.102698 0.006524
1520530410.603875 1.102694 0.006524
1520530410.703878 1.102693 0.006524
1520530410.803881 1.102710 0.006524
1520530410.903884 1.102696 0.006523
1520530411.003418 1.102712 0.006524
1520530411.103421 1.102713 0.006524
1520530411.253426 1.102699 0.006524
1520530411.403009 1.102687 0.006524
1520530411.503012 1.102692 0.006524
1520530411.603015 1.102674 0.006524
1520530411.703018 1.102664 0.006524
1520530411.802907 1.102669 0.006524
1520530411.852907 1.102672 0.006524
1520530411.952910 1.102685 0.006524
1520530412.002912 1.102690 0.006524
1520530412.102915 1.102689 0.006524
1520530412.152916 1.102686 0.006524
1520530412.253417 1.102680 0.006524
1520530412.303419 1.102678 0.006524
1520530412.403422 1.102681 0.006524
1520530412.453423 1.102682 0.006524
1520530412.553426 1.102682 0.006524
1520530412.653630 1.102676 0.006524
1520530412.753633 1.102677 0.006524
1520530412.853636 1.102663 0.006524
1520530412.903637 1.102651 0.006524
1520530413.003641 1.102651 0.006524
1520530413.103011 1.102665 0.006524
1520530413.153012 1.102690 0.006524
1520530413.253016 1.102682 0.006524
1520530413.353019 1.102675 0.006524
1520530413.452940 1.102656 0.006524
1520530413.552943 1.102656 0.006524
1520530413.652946 1.102661 0.006524
1520530413.853107 1.102664 0.006524
1520530413.953110 1.102656 0.006524
1520530414.053113 1.102645 0.006524
1520530414.153116 1.102645 0.006524
1520530414.252894 1.102630 0.006524
1520530414.352897 1.102637 0.006524
1520530414.452900 1.102647 0.006524
1520530414.552903 1.102655 0.006524
1520530414.652705 1.102644 0.006524
1520530414.752708 1.102639 0.006524
1520530414.852712 1.102628 0.006524
1520530414.952715 1.102613 0.006524
1520530415.052718 1.102600 0.006524
1520530415.153197 1.102611 0.006524
1520530415.253200 1.102591 0.006524
1520530415.353203 1.102589 0.006524
1520530415.453206 1.102591 0.006524
1520530415.553069 1.102620 0.006524
1520530415.653072 1.102608 0.006523
1520530415.753075 1.102597 0.006523
1520530415.903361 1.102584 0.006524
1520530416.053366 1.102586 0.006524
1520530416.453380 1.102606 0.006524
1520530416.603384 1.102622 0.006524
1520530416.703272 1.102619 0.006524
1520530416.753274 1.102549 0.006523
1520530416.853277 1.102586 0.006523
1520530416.953280 1.102589 0.006524
1520530417.053283 1.102585 0.006523
1520530417.153371 1.102571 0.006524
1520530417.253374 1.102576 0.006523
1520530417.603465 1.102548 0.006523
1520530417.703468 1.102556 0.006523
1520530417.803472 1.102568 0.006523
1520530417.903475 1.102574 0.006523
1520530418.003458 1.102576 0.006523
1520530418.103461 1.102567 0.006523
1520530418.203465 1.102572 0.006523
1520530418.303468 1.102576 0.006523
1520530418.453434 1.102563 0.006523
1520530418.653440 1.102546 0.006523
1520530418.753343 1.102546 0.006523
1520530418.853346 1.102554 0.006523
1520530418.953350 1.102566 0.006523
1520530419.053353 1.102568 0.006524
1520530419.153533 1.102560 0.006523
1520530419.253536 1.102556 0.006523
1520530419.353539 1.102550 0.006523
1520530419.503544 1.102554 0.006523
1520530419.703733 1.102552 0.006523
1520530419.803736 1.102553 0.006523
1520530419.903739 1.102551 0.006523
1520530420.003597 1.102549 0.006523
1520530420.103600 1.102545 0.006523
1520530420.203604 1.102540 0.006523
1520530420.303607 1.102528 0.006523
1520530420.403699 1.102516 0.006523
1520530420.503702 1.102511 0.006523
1520530420.653707 1.102502 0.006524
1520530420.803356 1.102500 0.006523
1520530420.953361 1.102507 0.006523
1520530421.053364 1.102505 0.006523
1520530421.153367 1.102502 0.006523
1520530421.253431 1.102514 0.006523
1520530421.353434 1.102522 0.006523
1520530421.453437 1.102526 0.006523
1520530421.553440 1.102522 0.006523
1520530421.653613 1.102517 0.006524
1520530421.803617 1.102505 0.006523
1520530422.003623 1.102503 0.006523
1520530422.103474 1.102509 0.006523
1520530422.203477 1.102510 0.006523
1520530422.303480 1.102510 0.006523
1520530422.403483 1.102509 0.006523
1520530422.453395 1.102507 0.006523
1520530422.553398 1.102501 0.006523
1520530422.653400 1.102493 0.006523
1520530422.753403 1.102483 0.006523
1520530422.853580 1.102470 0.006523
1520530423.003587 1.102463 0.006523
1520530423.103590 1.102465 0.006523
1520530423.153591 1.102461 0.006523
1520530423.253316 1.102451 0.006523
1520530423.353319 1.102453 0.006523
1520530423.453322 1.102466 0.006523
1520530423.603327 1.102470 0.006523
1520530423.702985 1.102463 0.006523
1520530423.752986 1.102458 0.006523
1520530423.852990 1.102463 0.006523
1520530423.902991 1.102449 0.006523
1520530424.002994 1.102440 0.006523
1520530424.052950 1.102445 0.006523
1520530424.153255 1.102439 0.006523
1520530424.253258 1.102418 0.006523
1520530424.353261 1.102396 0.006523
1520530424.453264 1.102451 0.006523
1520530424.504722 1.102461 0.006523
1520530424.604726 1.102441 0.006523
1520530424.704729 1.102472 0.006523
1520530424.854733 1.102489 0.006523
1520530424.953377 1.102477 0.006523
1520530425.003378 1.102498 0.006523
1520530425.103381 1.102501 0.006523
1520530425.203384 1.102466 0.006523
1520530425.303732 1.102404 0.006523
1520530425.403735 1.102411 0.006523
1520530425.603741 1.102407 0.006523
1520530425.653743 1.102391 0.006522
1520530425.753677 1.102406 0.006523
1520530425.803679 1.102399 0.006523
1520530425.903682 1.102438 0.006523
1520530426.003685 1.102433 0.006523
1520530426.103474 1.102414 0.006523
1520530426.203477 1.102429 0.006523
1520530426.253478 1.102414 0.006523
1520530426.353481 1.102427 0.006523
1520530426.403483 1.102417 0.006523
1520530426.503486 1.102424 0.006523
1520530426.703556 1.102415 0.006523
1520530426.803559 1.102440 0.006523
1520530426.853560 1.102456 0.006523
1520530426.953598 1.102446 0.006523
1520530427.053602 1.102455 0.006523
1520530427.153605 1.102448 0.006523
1520530427.203606 1.102442 0.006523
1520530427.303609 1.102440 0.006523
1520530427.403594 1.102441 0.006523
1520530427.503597 1.102510 0.006523
1520530427.803679 1.102430 0.006523
1520530427.903683 1.102393 0.006523
1520530428.003686 1.102412 0.006523
1520530428.053687 1.102415 0.006523
1520530428.153535 1.102401 0.006523
1520530428.203537 1.102406 0.006523
1520530428.303540 1.102416 0.006523
1520530428.353542 1.102412 0.006523
1520530428.453544 1.102398 0.006523
1520530428.503546 1.102405 0.006523
1520530428.603452 1.102409 0.006523
1520530428.653454 1.102402 0.006523
1520530428.753457 1.102409 0.006523
1520530428.853460 1.102405 0.006523
1520530428.903461 1.102418 0.006523
1520530429.003444 1.102391 0.006523
1520530429.053445 1.102403 0.006523
1520530429.153448 1.102402 0.006523
1520530429.203450 1.102416 0.006523
1520530429.303453 1.102409 0.006523
1520530429.353455 1.102397 0.006523
1520530429.453553 1.102398 0.006523
1520530429.503555 1.102391 0.006523
1520530429.603558 1.102405 0.006523
1520530429.653559 1.102414 0.006523
1520530429.753562 1.102403 0.006523
1520530429.853626 1.102402 0.006523
1520530429.903625 1.102407 0.006523
1520530430.003663 1.102407 0.006523
1520530430.053629 1.102399 0.006523
1520530430.153632 1.102394 0.006523
1520530430.203344 1.102391 0.006523
1520530430.303347 1.102384 0.006523
1520530430.353349 1.102383 0.006523
1520530430.453352 1.102386 0.006523
1520530430.553355 1.102392 0.006523
1520530430.603527 1.102389 0.006523
1520530430.703530 1.102384 0.006523
1520530430.753532 1.102384 0.006523
1520530430.853534 1.102381 0.006523
1520530430.953538 1.102379 0.006523
1520530431.053698 1.102372 0.006523
1520530431.103700 1.102373 0.006523
1520530431.203703 1.102375 0.006523
1520530431.253704 1.102359 0.006523
1520530431.353708 1.102358 0.006523
1520530431.403709 1.102356 0.006523
1520530431.503564 1.102363 0.006523
1520530431.553565 1.102368 0.006523
1520530431.653568 1.102361 0.006523
1520530431.703570 1.102357 0.006523
1520530431.803573 1.102361 0.006523
1520530431.853524 1.102387 0.006523
1520530431.953527 1.102377 0.006523
1520530432.003529 1.102371 0.006523
1520530432.103532 1.102359 0.006523
1520530432.153533 1.102353 0.006523
1520530432.253696 1.102351 0.006523
1520530432.303698 1.102349 0.006523
1520530432.403701 1.102362 0.006523
1520530432.453702 1.102370 0.006523
1520530432.553705 1.102373 0.006523
1520530432.603708 1.102366 0.006523
1520530432.703550 1.102347 0.006523
1520530432.753551 1.102344 0.006523
1520530432.853554 1.102341 0.006523
1520530432.953557 1.102339 0.006523
1520530433.003559 1.102326 0.006523
1520530433.103691 1.102323 0.006523
1520530433.153693 1.102332 0.006523
1520530433.253695 1.102338 0.006523
1520530433.353699 1.102349 0.006523
1520530433.453702 1.102356 0.006523
1520530433.553795 1.102357 0.006523
1520530433.653798 1.102346 0.006523
1520530433.703799 1.102350 0.006523
1520530433.803803 1.102344 0.006523
1520530433.903631 1.102341 0.006523
1520530433.953632 1.102337 0.006523
1520530434.053635 1.102324 0.006523
1520530434.103637 1.102325 0.006523
1520530434.203641 1.102326 0.006523
1520530434.253642 1.102312 0.006523
1520530434.353481 1.102320 0.006523
1520530434.403481 1.102324 0.006523
1520530434.503485 1.102320 0.006523
1520530434.553486 1.102323 0.006523
1520530434.653489 1.102323 0.006523
1520530434.703655 1.102328 0.006523
1520530434.803658 1.102326 0.006523
1520530434.853723 1.102328 0.006523
1520530434.953663 1.102331 0.006523
1520530435.053667 1.102340 0.006523
1520530435.103796 1.102337 0.006523
1520530435.203799 1.102333 0.006523
1520530435.253801 1.102332 0.006523
1520530435.353804 1.102334 0.006523
1520530435.403806 1.102334 0.006523
1520530435.504086 1.102351 0.006523
1520530435.554088 1.102336 0.006523
1520530435.654091 1.102322 0.006523
1520530435.704092 1.102336 0.006523
1520530435.804096 1.102324 0.006523
1520530435.854097 1.102326 0.006523
1520530435.953835 1.102324 0.006523
1520530436.003837 1.102318 0.006523
1520530436.103839 1.102312 0.006523
1520530436.153841 1.102306 0.006523
1520530436.253844 1.102304 0.006523
1520530436.353956 1.102316 0.006523
1520530436.453978 1.102312 0.006523
1520530436.653965 1.102294 0.006523
1520530436.754031 1.102291 0.006523
1520530436.854034 1.102303 0.006523
1520530436.904035 1.102302 0.006523
1520530437.004039 1.102310 0.006523
1520530437.054040 1.102320 0.006523
1520530437.153533 1.102327 0.006523
1520530437.203536 1.102324 0.006523
1520530437.303539 1.102345 0.006523
1520530437.353539 1.102351 0.006523
1520530437.453545 1.102366 0.006523
1520530437.503545 1.102369 0.006523
1520530437.603872 1.102346 0.006523
1520530437.653873 1.102322 0.006523
1520530437.753876 1.102309 0.006523
1520530437.853879 1.102317 0.006523
1520530437.954482 1.102321 0.006523
1520530438.104484 1.102329 0.006523
1520530438.204487 1.102338 0.006523
1520530438.304490 1.102350 0.006523
1520530438.354492 1.102332 0.006523
1520530438.453623 1.102313 0.006523
1520530438.503624 1.102312 0.006523
1520530438.603628 1.102330 0.006523
1520530438.703631 1.102333 0.006523
1520530438.804389 1.102328 0.006523
1520530438.904392 1.102336 0.006523
1520530439.004395 1.102331 0.006523
1520530439.154401 1.102326 0.006523
1520530439.254655 1.102325 0.006523
1520530439.404660 1.102309 0.006523
1520530439.604177 1.102305 0.006523
1520530439.754182 1.102311 0.006523
1520530439.854185 1.102312 0.006523
1520530439.954188 1.102324 0.006523
1520530440.054101 1.102335 0.006523
1520530440.154104 1.102326 0.006523
1520530440.254107 1.102326 0.006523
1520530440.354110 1.102319 0.006523
1520530440.453977 1.102310 0.006523
1520530440.553980 1.102310 0.006523
1520530440.653984 1.102318 0.006523
1520530440.803989 1.102336 0.006523
1520530440.903872 1.102342 0.006523
1520530441.003875 1.102337 0.006523
1520530441.103878 1.102327 0.006523
1520530441.203881 1.102322 0.006523
1520530441.303927 1.102321 0.006523
1520530441.353892 1.102313 0.006523
1520530441.453895 1.102311 0.006523
1520530441.553898 1.102308 0.006523
1520530441.654083 1.102317 0.006523
1520530441.804088 1.102312 0.006523
1520530441.904091 1.102332 0.006523
1520530442.004094 1.102336 0.006523
1520530442.104032 1.102347 0.006523
1520530442.204035 1.102361 0.006523
1520530442.304038 1.102369 0.006523
1520530442.404042 1.102366 0.006523
1520530442.503716 1.102360 0.006523
1520530442.553717 1.102359 0.006523
1520530442.653721 1.102352 0.006523
1520530442.703722 1.102351 0.006523
1520530442.803725 1.102354 0.006523
1520530442.853726 1.102354 0.006523
1520530442.954377 1.102354 0.006523
1520530443.054381 1.102369 0.006523
1520530443.154384 1.102365 0.006523
1520530443.254387 1.102360 0.006523
1520530443.454471 1.102359 0.006523
1520530443.554474 1.102354 0.006523
1520530443.654478 1.102353 0.006523
1520530443.704013 1.102345 0.006523
1520530443.804016 1.102344 0.006523
1520530443.904020 1.102352 0.006523
1520530444.004023 1.102352 0.006523
1520530444.104403 1.102345 0.006523
1520530444.204406 1.102333 0.006523
1520530444.254406 1.102331 0.006523
1520530444.354410 1.102335 0.006523
1520530444.454413 1.102336 0.006523
1520530444.505161 1.102323 0.006523
1520530444.605164 1.102358 0.006523
1520530444.705167 1.102325 0.006522
1520530444.805170 1.102322 0.006522
1520530444.905173 1.102331 0.006523
1520530445.004964 1.102336 0.006523
1520530445.104967 1.102355 0.006523
1520530445.154968 1.102349 0.006523
1520530445.254971 1.102330 0.006523
1520530445.353892 1.102337 0.006523
1520530445.453896 1.102337 0.006523
1520530445.503898 1.102335 0.006523
1520530445.603900 1.102330 0.006523
1520530445.703904 1.102336 0.006523
1520530445.753751 1.102343 0.006523
1520530445.853755 1.102344 0.006523
1520530445.903755 1.102341 0.006523
1520530446.003758 1.102343 0.006523
1520530446.103761 1.102337 0.006523
1520530446.154954 1.102345 0.006523
1520530446.254902 1.102359 0.006523
1520530446.354905 1.102359 0.006523
1520530446.454908 1.102362 0.006523
1520530446.554783 1.102358 0.006523
1520530446.654786 1.102352 0.006523
1520530446.754789 1.102351 0.006523
1520530446.854792 1.102355 0.006523
1520530446.954330 1.102346 0.006523
1520530447.054334 1.102332 0.006523
1520530447.154337 1.102335 0.006523
1520530447.254340 1.102335 0.006523
1520530447.354343 1.102336 0.006523
1520530447.454125 1.102342 0.006523
1520530447.604130 1.102339 0.006523
1520530447.754142 1.102332 0.006523
1520530448.203885 1.102330 0.006523
