DelayedMarginalization 0.00093892 2.31195e-08 0.00143176 1374
DelayedMarginalizationOnly 0.000444992 1.57645e-08 0.000766195 1374
EF-marginalizeFrame 0.00132202 3.14353e-08 0.00209004 1374
FullSystem::trackNewCoarse 0.00225275 1.56372e-07 0.00551445 2670
FullSystem::trackNewCoarseNoIMU 0.00129619 8.34282e-08 0.00224846 113
FullSystemOptimize 0.0294178 5.71518e-05 0.0623604 1380
GraphUnrolling 0.000695552 -nan 0.000695552 1
IMUInitAddPose 2.24871e-05 8.30394e-12 5.8765e-05 1380
IMUInitOptimize 0.00442207 1.58857e-06 0.00567759 3
IMUIntegration::finishKeyframeOperations 6.04322e-05 1.10929e-10 0.000141249 1372
InitializerFirstFrame 0.0328075 -nan 0.0328075 1
InitializerOtherFrames 0.0581465 0.000105513 0.0831558 35
MainMarginalization 0.00116725 2.71986e-08 0.00177865 1374
MarginalizeMainGraph 0.000493588 5.46503e-09 0.000829905 1374
PGBA 0.015672 -nan 0.015672 1
PGBAFull 0.0167597 -nan 0.0167597 1
PrepareGraphForMainOptimization 0.00072034 -nan 0.00072034 1
VisualMarginalization 3.97702e-05 8.94475e-11 0.000144091 1374
activatePointsMT 0.00346758 9.47267e-07 0.00866653 1380
addActiveFrame 0.0347307 0.000650655 0.107707 2819
addIMUData 0.000656209 2.38284e-08 0.00321632 2670
addIMUDataToBA 3.53711e-05 1.4707e-10 0.000124813 2818
addKeyframeToBA 3.234e-05 7.40168e-11 0.000297547 1380
afterCoarseTracking 2.55685e-07 3.28809e-15 7.3e-07 2783
baIteration 0.00660662 1.61295e-06 0.011522 5030
baMatrixInversion 0.000220436 1.1739e-09 0.000595074 5030
baUpdateBuildHessians 0.000500789 6.51426e-09 0.00373122 5030
coarseTrackingIteration 0.000210065 5.21752e-09 0.000750519 22695
computeBAUpdate 0.000804785 1.19438e-08 0.00406953 5030
computeCoarseUpdate 9.3071e-05 4.6448e-10 0.000657447 21006
computeFactorForCoarseGraphAndMarginalCovariances 0.00291567 2.15999e-07 0.00645667 1372
convertHAndBFromDSO 0.000139525 3.31025e-09 0.000414813 10530
debugPlot 7.86667e-08 4.37694e-14 7.711e-06 1380
debugPlotIDepthMap 3.63937e-07 4.86434e-14 8.244e-06 1380
debugPlotIDepthMapFloat 7.78812e-08 9.43441e-16 3.25e-07 1380
deliverTrackedFrame 0.0294045 0.000643463 0.10224 2784
flagFramesForMarginalization 1.58268e-06 4.01081e-13 1.2864e-05 1380
fullCoarseTracking 0.00295546 3.15129e-07 0.00755538 2783
initObjectsAndMakeImage 0.00203691 2.47052e-08 0.00388605 2819
makeKeyframe 0.0541894 7.60277e-05 0.102237 1380
makeKeyframeChangeTrackingRef 0.00226109 1.04554e-07 0.00478041 1380
makeNewTraces 0.00515273 4.12112e-07 0.00940316 1380
makeNonKeyframe 0.00503952 3.28783e-06 0.00882529 1404
marginalizeAndRemovePoints 0.00340427 9.90153e-07 0.00717143 1380
marginalizeFrame 0.00257544 1.16537e-07 0.00393043 1374
marginalizeFrameOverhead 0.00125124 5.80939e-08 0.00222292 1374
marginalizeFrames 0.00257188 3.22573e-07 0.00616747 1380
newFrameAndNewResidualsForOldPoints 0.000992573 3.51623e-08 0.00208154 1380
printBiases 3.68622e-05 1.46701e-10 0.000261539 1380
printEigenValLine 1.05222e-07 2.99274e-16 3.53e-07 1380
printLogLine 2.33755e-07 3.45862e-15 5.69e-07 1380
publishInMakeKeyframe 2.00415e-07 4.5072e-15 6.03e-07 1380
removeOutliers 0.000186737 2.13722e-09 0.000495045 1380
swapTrackingRef 2.10857e-05 1.34201e-11 9.3326e-05 1380
timeMeasurement 7.00573e-07 4.47213e-14 7.07e-06 2819
traceNewCoarse 0.00419964 3.14517e-06 0.00881015 2784
updateBAValues 5.99975e-06 3.84111e-12 2.8913e-05 9843
zero 9.04062e-08 1.43015e-14 6.401e-06 2819
