DelayedMarginalization 0.000953746 2.51262e-08 0.00155289 1388
DelayedMarginalizationOnly 0.000459537 1.67664e-08 0.000753644 1388
EF-marginalizeFrame 0.00141137 3.70744e-08 0.00229139 1388
FullSystem::trackNewCoarse 0.00310099 7.1846e-07 0.0124582 2676
FullSystem::trackNewCoarseNoIMU 0.00204241 3.05962e-07 0.00588376 107
FullSystemOptimize 0.0385069 4.34388e-05 0.0668436 1394
GraphUnrolling 0.00811676 0.000150094 0.0365547 8
IMUInitAddPose 2.65262e-05 1.59734e-11 5.3211e-05 1394
IMUInitOptimize 0.00211916 2.97567e-07 0.00251 3
IMUIntegration::finishKeyframeOperations 5.61193e-05 1.51542e-10 0.000135011 1386
InitializerFirstFrame 0.0340634 -nan 0.0340634 1
InitializerOtherFrames 0.0635568 0.000131186 0.0879499 35
MainMarginalization 0.00119543 3.00083e-08 0.00193866 1388
MarginalizationReplacementBuildGraph 0.000825498 5.68495e-07 0.00195075 7
MarginalizationReplacementReplaceGraph 0.0106461 0.00018311 0.0367478 6
MarginalizeMainGraph 0.000493589 6.13667e-09 0.000838848 1388
PGBA 0.0133817 2.40339e-05 0.0168482 2
PGBAFull 0.00351742 4.23011e-05 0.0180973 9
PrepareGraphForMainOptimization 0.00818174 0.000151046 0.0367124 8
VisualMarginalization 3.97666e-05 6.42886e-11 0.000117004 1388
activatePointsMT 0.00335798 7.8001e-07 0.00964768 1394
addActiveFrame 0.0433106 0.000995385 0.115716 2819
addIMUData 0.000695183 2.75104e-08 0.00138212 2676
addIMUDataToBA 3.63149e-05 2.66252e-10 0.000575901 2818
addKeyframeToBA 3.68061e-05 3.52477e-11 0.000129975 1394
afterCoarseTracking 0.000119073 1.86204e-07 0.00408157 2783
baIteration 0.00589247 1.24006e-06 0.0109288 8030
baMatrixInversion 0.000225413 1.46213e-09 0.000604582 8030
baUpdateBuildHessians 0.000503086 4.54037e-09 0.00208994 8030
coarseTrackingIteration 0.000196988 4.48204e-09 0.00313246 27734
computeBAUpdate 0.000814436 1.10221e-08 0.00239732 8030
computeCoarseUpdate 9.4358e-05 7.76135e-10 0.00298285 26144
computeFactorForCoarseGraphAndMarginalCovariances 0.0029782 2.50413e-07 0.00564479 1386
convertHAndBFromDSO 0.000148901 3.26131e-09 0.00047119 13586
debugPlot 8.44232e-08 9.33508e-16 3.86e-07 1394
debugPlotIDepthMap 0.00282743 2.63761e-07 0.00619452 1394
debugPlotIDepthMapFloat 1.50775e-07 3.28887e-14 6.822e-06 1394
deliverTrackedFrame 0.0369259 0.000983664 0.109144 2784
flagFramesForMarginalization 1.78987e-06 4.94447e-13 1.3711e-05 1394
fullCoarseTracking 0.00396539 1.09844e-06 0.0130645 2783
initObjectsAndMakeImage 0.00212299 3.96815e-08 0.00420885 2819
makeKeyframe 0.0665878 6.83109e-05 0.108074 1394
makeKeyframeChangeTrackingRef 0.00507154 6.77592e-07 0.00964297 1394
makeNewTraces 0.00527042 5.1288e-07 0.0103335 1394
makeNonKeyframe 0.0050199 2.89997e-06 0.00960367 1390
marginalizeAndRemovePoints 0.00326226 9.49927e-07 0.00787507 1394
marginalizeFrame 0.0026381 3.64634e-07 0.00646174 1388
marginalizeFrameOverhead 0.00122434 3.02966e-07 0.00500219 1388
marginalizeFrames 0.00263492 5.36944e-07 0.00685483 1394
newFrameAndNewResidualsForOldPoints 0.00105274 5.6044e-08 0.00186095 1394
printBiases 3.73445e-05 2.33028e-10 0.000418344 1394
printEigenValLine 1.03787e-07 5.16841e-16 4.16e-07 1394
printLogLine 1.53423e-07 2.06953e-15 4.86e-07 1394
publishInMakeKeyframe 0.000312301 6.03701e-08 0.00252397 1394
removeOutliers 0.000180371 2.23845e-09 0.000506935 1394
swapTrackingRef 2.52227e-05 1.87402e-11 7.5501e-05 1394
timeMeasurement 9.06931e-07 6.34197e-13 1.2592e-05 2819
traceNewCoarse 0.00418726 2.83168e-06 0.00958993 2784
updateBAValues 6.23823e-06 7.15618e-12 0.000140653 13205
zero 1.13917e-07 2.34751e-15 5.09e-07 2819
