1413394889.855760  0.391005 -0.133756  0.205700 0.185762 0.199476 0.182653
1413394890.005760  0.137110 -0.132602  0.100047 0.166660 0.182857 0.172657
1413394890.305761 -0.608023 -0.061992 -0.053503 0.153720 0.162271 0.155115
1413394890.405761 -0.685668 -0.004638 -0.086029 0.157027 0.155502 0.152566
1413394890.505760 -0.619924  0.082012 -0.130468 0.162796 0.149868 0.149573
1413394890.655760 -0.337579  0.174271 -0.100256 0.166029 0.140627 0.146469
1413394890.905761  0.238582  0.227586 -0.155681 0.146072 0.133952 0.135989
1413394891.005760  0.294183  0.228010 -0.116162 0.134869 0.130038 0.132809
1413394891.105761  0.201993  0.222000 -0.093683 0.127864 0.127465 0.130856
1413394891.255760 -0.120892  0.209405 -0.065827 0.122515 0.124942 0.128909
1413394891.455760 -0.645130  0.162641  0.065666 0.123686 0.123123 0.127460
1413394891.555760 -0.795264  0.131613  0.055924 0.125958 0.121255 0.127688
1413394891.655760 -0.859751  0.097561  0.040653 0.129947 0.119104 0.128614
1413394891.805761 -0.880582  0.033644  0.117296 0.140611 0.118120 0.130621
1413394891.955760 -0.834626 -0.051403  0.303237 0.158208 0.126787 0.132118
1413394892.055760 -0.746778 -0.126050  0.330956 0.164973 0.127935 0.132536
1413394892.205760 -0.549687 -0.238665  0.334500 0.168962 0.126562 0.132099
1413394892.355760 -0.345366 -0.309104  0.156342 0.161483 0.116186 0.131101
1413394892.505760 -0.147565 -0.352570 -0.036071 0.169537 0.125125 0.125365
1413394892.655760  0.051880 -0.388395  0.006814 0.201755 0.162325 0.116021
1413394892.755760  0.124079 -0.405405  0.065304 0.241576 0.203969 0.110818
1413394892.855760  0.191524 -0.409175  0.096543 0.289469 0.254460 0.106107
1413394892.905761  0.217020 -0.406702  0.092393 0.312737 0.278254 0.103818
1413394893.005760  0.232896 -0.424504  0.116960 0.362652 0.326972 0.100615
1413394893.105761  0.216018 -0.455743  0.145404 0.403541 0.364682 0.098881
1413394893.255760  0.193760 -0.525134  0.142613 0.428567 0.397927 0.096980
1413394893.355760  0.178598 -0.585743  0.184486 0.428350 0.408369 0.096375
1413394893.505760  0.227940 -0.633901  0.136285 0.406240 0.404328 0.095129
1413394893.655760  0.341600 -0.672761 -0.008659 0.375752 0.384849 0.093458
1413394893.805761  0.530234 -0.735700 -0.074030 0.355293 0.367280 0.092233
1413394893.955760  0.785523 -0.800406 -0.099094 0.348191 0.352874 0.091797
1413394894.105761  1.025623 -0.818484 -0.150328 0.359340 0.342148 0.091860
1413394894.205760  1.160569 -0.788608 -0.206691 0.377104 0.334769 0.092006
1413394894.305761  1.241088 -0.731039 -0.227101 0.403213 0.327066 0.091839
1413394894.405761  1.269380 -0.643981 -0.245345 0.427304 0.312611 0.091247
1413394894.505760  1.252044 -0.574838 -0.288982 0.452867 0.300754 0.091072
1413394894.605761  1.230845 -0.506055 -0.318693 0.473459 0.284457 0.090890
1413394894.705760  1.193647 -0.453226 -0.329887 0.486967 0.268528 0.090702
1413394894.805761  1.174916 -0.410321 -0.331325 0.498685 0.252846 0.090523
1413394894.905761  1.162906 -0.356356 -0.323593 0.498367 0.237664 0.090408
1413394895.005760  1.144583 -0.342339 -0.305464 0.491281 0.224048 0.090070
1413394895.105761  1.099411 -0.304345 -0.277796 0.475350 0.211675 0.089582
1413394895.205760  1.035988 -0.262246 -0.197620 0.455819 0.201097 0.089111
1413394895.355760  0.918525 -0.261561 -0.092882 0.416294 0.188206 0.087818
1413394895.455760  0.915473 -0.245185 -0.026595 0.388386 0.180580 0.087149
1413394895.555760  0.957436 -0.231365  0.100444 0.368561 0.174054 0.086390
1413394895.655760  1.006920 -0.241633  0.235557 0.353397 0.168750 0.085390
1413394895.755760  1.040548 -0.244234  0.361787 0.338997 0.163916 0.084317
1413394895.855760  1.019958 -0.269256  0.332772 0.323694 0.158749 0.083314
1413394895.955760  1.003621 -0.278971  0.208122 0.309357 0.153585 0.082674
1413394896.055760  0.984365 -0.292708  0.074502 0.296495 0.149108 0.082242
1413394896.205760  0.944973 -0.325505 -0.096640 0.279113 0.143126 0.081732
1413394896.305761  0.892562 -0.317729 -0.172510 0.268447 0.139740 0.081401
1413394896.455760  0.727516 -0.308215 -0.172764 0.251446 0.135475 0.080895
1413394896.605761  0.479272 -0.284595 -0.293464 0.228804 0.130874 0.080424
1413394896.755760  0.131338 -0.229518 -0.422594 0.200852 0.126235 0.080033
1413394896.955760 -0.523652 -0.074561 -0.382185 0.159723 0.121184 0.079633
1413394897.105761 -1.108177  0.088431 -0.281559 0.133591 0.118120 0.079399
1413394897.205760 -1.482287  0.168096 -0.215276 0.121203 0.116383 0.079323
1413394897.305761 -1.784754  0.243671 -0.122064 0.113658 0.115013 0.079277
1413394897.355760 -1.881745  0.263310 -0.109096 0.111411 0.114328 0.079222
1413394897.455760 -1.960102  0.288444 -0.068582 0.109518 0.112843 0.079026
1413394897.505760 -1.982678  0.304499 -0.048966 0.109524 0.112182 0.078875
1413394897.605761 -1.960227  0.304619 -0.018653 0.110902 0.110742 0.078537
1413394897.655760 -1.946785  0.313562  0.007724 0.111989 0.110024 0.078370
1413394897.755760 -1.899667  0.332916  0.055200 0.114691 0.108639 0.078027
1413394897.855760 -1.836598  0.359110  0.118000 0.117811 0.107416 0.077685
1413394897.955760 -1.774089  0.399400  0.151698 0.120982 0.106146 0.077357
1413394898.005760 -1.750128  0.425875  0.160450 0.122560 0.105575 0.077212
1413394898.105761 -1.667728  0.459872  0.194767 0.125696 0.104664 0.076934
1413394898.205760 -1.579459  0.487455  0.223227 0.128423 0.103945 0.076671
1413394898.305761 -1.446061  0.494007  0.239674 0.130548 0.103218 0.076405
1413394898.405761 -1.278554  0.493065  0.248584 0.132083 0.102572 0.076148
1413394898.505760 -1.063976  0.482613  0.262320 0.132814 0.102128 0.075913
1413394898.605761 -0.857181  0.464286  0.279322 0.132589 0.101862 0.075722
1413394898.755760 -0.543931  0.412204  0.298042 0.130348 0.101708 0.075538
1413394898.955760 -0.141320  0.290408  0.338395 0.124565 0.101393 0.075450
1413394899.205760 0.381700 0.056997 0.103697 0.113291 0.099626 0.075370
1413394899.455760  0.832212 -0.199966 -0.143770 0.102588 0.097124 0.075049
1413394899.605761  0.983880 -0.346776 -0.233066 0.098193 0.095720 0.074745
1413394899.755760  1.101978 -0.481831 -0.174862 0.095862 0.094990 0.074471
1413394899.855760  1.146075 -0.542832 -0.127122 0.095070 0.094696 0.074313
1413394899.955760  1.209111 -0.603656 -0.048163 0.094969 0.094818 0.074197
1413394900.055760  1.244837 -0.639023  0.115030 0.095597 0.095489 0.074113
1413394900.155760  1.250831 -0.633182  0.202186 0.096364 0.096200 0.074038
1413394900.255760  1.208230 -0.618824  0.143316 0.097191 0.096642 0.073945
1413394900.355760  1.168384 -0.567877  0.065688 0.098100 0.097194 0.073836
1413394900.455760  1.137648 -0.517355 -0.018785 0.099202 0.097908 0.073720
1413394900.605761  1.133035 -0.399016 -0.105477 0.100890 0.099193 0.073532
1413394900.705760  1.189799 -0.282077 -0.092176 0.102223 0.100290 0.073428
1413394900.805761  1.272358 -0.090493  0.025455 0.103952 0.101781 0.073370
1413394900.905761 1.392715 0.091869 0.184893 0.106306 0.103813 0.073355
1413394901.005760 1.501418 0.259728 0.352190 0.109742 0.106584 0.073412
1413394901.105761 1.557857 0.431602 0.347286 0.111965 0.108082 0.073457
1413394901.205760 1.549561 0.586649 0.266591 0.114235 0.109373 0.073485
1413394901.255760 1.534517 0.648296 0.213687 0.115280 0.109926 0.073458
1413394901.355760 1.470804 0.738074 0.146936 0.117527 0.111488 0.073417
1413394901.455760 1.346767 0.797466 0.079924 0.119312 0.112984 0.073253
1413394901.555760  1.193226  0.806672 -0.040608 0.120832 0.114253 0.073083
1413394901.655760  1.041351  0.804047 -0.156259 0.121798 0.115656 0.072903
1413394901.755760  0.908209  0.807274 -0.166521 0.122553 0.117543 0.072762
1413394901.855760  0.778097  0.837273 -0.086414 0.122885 0.119614 0.072640
1413394901.955760  0.662128  0.888578 -0.012511 0.123527 0.121907 0.072590
1413394902.055760 0.557348 0.964970 0.053725 0.124093 0.124778 0.072586
1413394902.155760 0.442298 1.018310 0.053015 0.123992 0.126953 0.072574
1413394902.255760  0.339969  1.075916 -0.001606 0.123444 0.128911 0.072576
1413394902.355760  0.205531  1.116394 -0.068759 0.122210 0.130432 0.072527
1413394902.455760  0.033044  1.145593 -0.109037 0.121293 0.131932 0.072559
1413394902.555760 -0.148270  1.114699 -0.095459 0.120525 0.133598 0.072542
1413394902.655760 -0.277339  1.019742 -0.058173 0.120230 0.135211 0.072460
1413394902.755760 -0.352922  0.857044 -0.047393 0.119954 0.135826 0.072314
1413394902.855760 -0.379277  0.645452 -0.027521 0.119943 0.135705 0.072146
1413394902.955760 -0.395357  0.477117 -0.089822 0.119308 0.134201 0.071964
1413394903.155760 -0.402643  0.197684 -0.360871 0.117913 0.128959 0.071800
1413394903.255760 -0.343063  0.081433 -0.464104 0.117695 0.126313 0.071712
1413394903.455760 -0.139649 -0.110929 -0.318600 0.119241 0.122142 0.071536
1413394903.605761 -0.044316 -0.186366 -0.123122 0.120074 0.119346 0.071412
1413394903.755760 -0.053950 -0.226710  0.100733 0.120298 0.116818 0.071270
1413394903.955760 -0.116248 -0.193886  0.104088 0.118187 0.112546 0.071083
1413394904.155760 -0.105054 -0.157387 -0.112021 0.114911 0.108416 0.070967
1413394904.305761 -0.021640 -0.194741 -0.222205 0.112833 0.105807 0.070861
1413394904.455760  0.123361 -0.263244 -0.309650 0.110699 0.103354 0.070762
1413394904.555760  0.208253 -0.301781 -0.242762 0.110055 0.102133 0.070706
1413394904.655760  0.280280 -0.323375 -0.205272 0.109417 0.100803 0.070666
1413394904.755760  0.320349 -0.322366 -0.158452 0.108956 0.099439 0.070659
1413394904.855760  0.320386 -0.334491 -0.099852 0.108036 0.098104 0.070630
1413394904.955760  0.295589 -0.292426 -0.052324 0.107544 0.096821 0.070593
1413394905.055760  0.230451 -0.214124 -0.002517 0.107091 0.095562 0.070574
1413394905.205760  0.051704 -0.066085 -0.044267 0.107384 0.093585 0.070553
1413394905.305761 -0.041271 -0.002026 -0.086601 0.107302 0.092749 0.070562
1413394905.355760 -0.077903 -0.006494 -0.087291 0.107249 0.092349 0.070552
1413394905.455760 -0.062405 -0.122900 -0.046918 0.108211 0.091908 0.070466
1413394905.555760  0.018811 -0.365628  0.004868 0.108555 0.091572 0.070313
1413394905.705760  0.255602 -0.807163  0.213400 0.110200 0.092112 0.070158
1413394905.755760  0.310590 -0.879624  0.240098 0.110221 0.092137 0.070129
1413394905.855760  0.356224 -0.883785  0.260311 0.110417 0.092676 0.070112
1413394905.955760  0.304186 -0.748046  0.252233 0.110406 0.093125 0.070089
1413394906.055760  0.186961 -0.511855  0.259755 0.110873 0.094116 0.070144
1413394906.105761  0.095127 -0.389291  0.271943 0.110988 0.094510 0.070157
1413394906.255760 -0.227782 -0.052813  0.293989 0.111744 0.095764 0.070506
1413394906.355760 -0.439481  0.063609  0.243017 0.111347 0.096196 0.070675
1413394906.455760 -0.580280  0.073690  0.143815 0.109836 0.095428 0.070592
1413394906.555760 -0.601016 -0.002061  0.050930 0.108444 0.094847 0.070348
1413394906.655760 -0.526184 -0.177905  0.038838 0.107636 0.094483 0.070089
1413394906.755760 -0.411373 -0.353835  0.046709 0.107340 0.094468 0.069872
1413394906.855760 -0.319824 -0.401265  0.001846 0.107232 0.094425 0.069752
1413394906.955760 -0.273416 -0.297024  0.015006 0.107499 0.094745 0.069694
1413394907.055760 -0.253326 -0.046608  0.033798 0.108378 0.095264 0.069661
1413394907.305761 -0.353679  0.722211 -0.064839 0.110734 0.094387 0.069905
1413394907.405761 -0.399308  0.834015 -0.124757 0.112596 0.094810 0.069869
1413394907.455760 -0.438657  0.801714 -0.149865 0.111815 0.094611 0.069765
1413394907.555760 -0.571701  0.633002 -0.192669 0.111446 0.095601 0.069688
1413394907.655760 -0.764623  0.316822 -0.189353 0.110950 0.096581 0.069614
1413394907.755760 -0.897041 -0.024854 -0.118302 0.111499 0.097638 0.069584
1413394907.855760 -0.906319 -0.161908 -0.176414 0.112343 0.097449 0.069593
1413394907.905761 -0.871222 -0.173240 -0.238748 0.112723 0.097063 0.069590
1413394908.005760 -0.805027 -0.073325 -0.306538 0.114406 0.096468 0.069596
1413394908.105761 -0.725570  0.073146 -0.426796 0.115142 0.095658 0.069643
1413394908.205760 -0.639507  0.193591 -0.477186 0.115540 0.094985 0.069719
1413394908.305761 -0.552048  0.205844 -0.433061 0.116160 0.095419 0.069866
1413394908.355760 -0.504562  0.156103 -0.392847 0.116347 0.096026 0.069915
1413394908.455760 -0.411844 -0.061516 -0.233648 0.116314 0.097111 0.069782
1413394908.605761 -0.327718 -0.513189  0.165257 0.115986 0.098461 0.069497
1413394908.705760 -0.263411 -0.589770  0.337713 0.115121 0.098516 0.069224
1413394908.805761 -0.188329 -0.508002  0.421222 0.113133 0.098000 0.069020
1413394908.905761 -0.130725 -0.288979  0.529907 0.111906 0.098029 0.068900
1413394908.955760 -0.100917 -0.194360  0.557665 0.111176 0.097924 0.068902
1413394909.105761 -0.119094  0.166622  0.540081 0.109165 0.097049 0.069059
1413394909.205760 -0.186065  0.317035  0.439680 0.107997 0.096215 0.069180
1413394909.305761 -0.248060  0.344194  0.358463 0.106536 0.095231 0.069174
1413394909.405761 -0.290356  0.229835  0.312643 0.104895 0.094897 0.069130
1413394909.555760 -0.377222  0.000497  0.303729 0.103264 0.095269 0.069160
1413394909.655760 -0.463478 -0.070364  0.338631 0.102220 0.094773 0.069237
1413394909.755760 -0.539627 -0.042145  0.387210 0.102591 0.095440 0.069387
1413394909.855760 -0.583343  0.088420  0.418401 0.103281 0.096036 0.069609
1413394910.055760 -0.532357  0.440420  0.244645 0.104760 0.096135 0.070007
1413394910.155760 -0.491740  0.479267  0.142462 0.104761 0.095891 0.069843
1413394910.255760 -0.459492  0.409319  0.070405 0.103831 0.094799 0.069501
1413394910.355760 -0.450076  0.252752 -0.008550 0.102776 0.094147 0.069271
1413394910.605761 -0.491681 -0.309738 -0.027573 0.100456 0.093419 0.068818
1413394910.705760 -0.457079 -0.332502 -0.036567 0.100007 0.093137 0.068782
1413394910.755760 -0.434089 -0.274814 -0.053605 0.099988 0.093602 0.068763
1413394910.855760 -0.402290 -0.083967 -0.070742 0.100115 0.093960 0.068737
1413394911.005760 -0.382276  0.293547 -0.134305 0.100177 0.093966 0.068727
1413394911.105761 -0.418587  0.538948 -0.196854 0.100174 0.093830 0.068758
1413394911.205760 -0.438308  0.639240 -0.220267 0.099707 0.093152 0.068625
1413394911.305761 -0.444894  0.594213 -0.271774 0.098708 0.091744 0.068485
1413394911.405761 -0.432343  0.414867 -0.296510 0.097259 0.091031 0.068365
1413394911.505760 -0.411759  0.191279 -0.349812 0.095886 0.090476 0.068306
1413394911.655760 -0.381786 -0.127718 -0.299423 0.094446 0.089581 0.068313
1413394911.755760 -0.306071 -0.168428 -0.244133 0.093972 0.089156 0.068322
1413394911.855760 -0.225902  0.010422 -0.142315 0.094046 0.089243 0.068357
1413394912.105761 -0.026886  0.350342  0.029725 0.093802 0.089577 0.068368
1413394912.205760 0.007392 0.320676 0.065077 0.092620 0.089846 0.068327
1413394912.305761 0.029302 0.176924 0.124067 0.091454 0.090008 0.068229
1413394912.455760  0.009610 -0.147564  0.199304 0.089949 0.090016 0.068093
1413394912.605761 -0.038118 -0.354659  0.233481 0.088939 0.090052 0.068007
1413394912.705760 -0.080751 -0.418101  0.271109 0.088600 0.089938 0.067979
1413394912.855760 -0.133811 -0.443394  0.256910 0.088213 0.089563 0.067964
1413394913.005760 -0.176355 -0.436004  0.257804 0.087999 0.089363 0.067964
1413394913.205760 -0.112927 -0.477127  0.272981 0.087794 0.089219 0.067988
1413394913.355760 -0.020376 -0.515231  0.306917 0.087281 0.088866 0.068019
1413394913.505760  0.102706 -0.507723  0.154368 0.086578 0.088321 0.068061
1413394913.655760  0.252166 -0.475450 -0.030881 0.085260 0.087602 0.068039
1413394913.805761  0.435648 -0.461053 -0.235936 0.083728 0.086761 0.067959
1413394913.905761  0.534259 -0.484069 -0.324871 0.082736 0.086239 0.067885
1413394914.005760  0.582353 -0.491607 -0.388173 0.081968 0.085701 0.067844
1413394914.155760  0.643117 -0.523121 -0.298074 0.081473 0.085402 0.067855
1413394914.305761  0.732974 -0.511069 -0.073376 0.081233 0.085176 0.067850
1413394914.455760  0.864219 -0.481518  0.157016 0.081365 0.085356 0.067831
1413394914.555760  0.960432 -0.435448  0.247749 0.081561 0.085439 0.067809
1413394914.655760  1.010459 -0.394543  0.134056 0.081562 0.085103 0.067800
1413394914.755760  1.052930 -0.356638  0.037848 0.081732 0.084696 0.067798
1413394914.905761  1.062899 -0.318790 -0.099994 0.082120 0.084025 0.067781
1413394915.055760  1.096979 -0.212664 -0.236609 0.083099 0.084420 0.067800
1413394915.205760  1.175538 -0.057759 -0.175520 0.084813 0.084890 0.067860
1413394915.305761  1.218670  0.102723 -0.148102 0.086033 0.085013 0.067890
1413394915.405761  1.291700  0.280418 -0.108112 0.087604 0.085251 0.067933
1413394915.505760  1.340011  0.487385 -0.074927 0.089537 0.085659 0.068008
1413394915.605761  1.362782  0.684219 -0.063999 0.091736 0.085976 0.068070
1413394915.705760  1.321712  0.858836 -0.059218 0.093885 0.085988 0.068057
1413394915.805761 1.199300 0.947519 0.004636 0.096103 0.086867 0.068100
1413394915.905761 1.050588 0.995784 0.034839 0.097725 0.087703 0.068105
1413394916.005760 0.876023 1.024897 0.027696 0.099087 0.088945 0.068117
1413394916.105761 0.684514 1.039365 0.069456 0.099928 0.090419 0.068098
1413394916.205760 0.498285 1.034468 0.044111 0.100558 0.091973 0.068122
1413394916.305761 0.385808 1.044273 0.080114 0.101045 0.093991 0.068114
1413394916.405761 0.316429 1.025055 0.024363 0.100809 0.095721 0.068093
1413394916.505760  0.299179  0.957875 -0.060648 0.100436 0.097842 0.068036
1413394916.605761  0.327221  0.844864 -0.148597 0.100063 0.099458 0.067905
1413394916.705760  0.358150  0.659330 -0.265887 0.099693 0.100450 0.067802
1413394916.755760  0.376869  0.552649 -0.325748 0.099499 0.100880 0.067744
1413394916.955760  0.500865  0.177367 -0.498409 0.100075 0.100847 0.067787
1413394917.055760  0.570107  0.100391 -0.508691 0.101325 0.101285 0.067903
1413394917.255760  0.647125  0.157609 -0.434169 0.104378 0.101546 0.068161
1413394917.455760  0.692791  0.351910 -0.384674 0.107360 0.102406 0.068339
1413394917.655760  0.683433  0.647018 -0.286061 0.111072 0.104374 0.068534
1413394917.855760  0.456550  0.895694 -0.045354 0.114659 0.107458 0.068502
1413394917.955760  0.286352  1.013437 -0.019779 0.115558 0.109056 0.068480
1413394918.155760 -0.045022  1.201308 -0.177434 0.114331 0.111807 0.068574
1413394918.255760 -0.119515  1.263255 -0.153527 0.114236 0.114240 0.068615
1413394918.455760 -0.054052  1.316021 -0.111437 0.113141 0.118509 0.068453
1413394918.555760  0.079173  1.333067 -0.058224 0.112909 0.120897 0.068297
1413394918.755760  0.247895  1.339062 -0.006700 0.112742 0.126599 0.068150
1413394918.855760 0.267675 1.345173 0.063521 0.112596 0.129284 0.068066
1413394919.055760 0.129801 1.203602 0.349439 0.112271 0.134979 0.067693
1413394919.155760 0.073256 1.047832 0.523377 0.112029 0.137755 0.067494
1413394919.355760 0.029528 0.722503 0.701643 0.110427 0.137587 0.067353
1413394919.455760 -0.014559  0.532795  0.718452 0.109473 0.135955 0.067462
1413394919.655760 -0.164713  0.179519  0.549344 0.106659 0.129009 0.067914
1413394919.755760 -0.250691  0.120036  0.438069 0.105437 0.125281 0.068116
1413394919.955760 -0.367083  0.172702  0.293853 0.103718 0.119715 0.068159
1413394920.055760 -0.409678  0.239751  0.162548 0.103005 0.117870 0.068081
1413394920.255760 -0.516727  0.404713 -0.068875 0.101876 0.114855 0.067777
1413394920.455760 -0.681071  0.479373 -0.083172 0.102186 0.115160 0.067508
1413394920.655760 -0.847978  0.361313 -0.008543 0.102787 0.115437 0.067386
1413394920.855760 -1.010669  0.098935 -0.051761 0.103414 0.114553 0.067341
1413394921.055760 -1.210401 -0.085082 -0.182705 0.105457 0.113530 0.067318
1413394921.155760 -1.270399 -0.117009 -0.247513 0.106946 0.112647 0.067270
1413394921.355760 -1.307012 -0.054752 -0.484150 0.110234 0.110724 0.067271
1413394921.555760 -1.235477  0.344517 -0.587702 0.113719 0.109144 0.067276
1413394921.655760 -1.227920  0.527910 -0.547777 0.115144 0.109200 0.067388
1413394921.855760 -1.260329  0.534080 -0.458986 0.118045 0.109563 0.067779
1413394921.955760 -1.242562  0.454599 -0.392320 0.119445 0.109661 0.067885
1413394922.155760 -0.989081  0.352226 -0.068921 0.121815 0.109463 0.067830
1413394922.255760 -0.847111  0.302930  0.070193 0.121349 0.108832 0.067683
1413394922.455760 -0.800141  0.198705  0.512507 0.120585 0.109380 0.067315
1413394922.555760 -0.813943  0.109034  0.640613 0.119793 0.109046 0.067098
1413394922.755760 -0.857993  0.065546  0.632852 0.117520 0.107422 0.066831
1413394922.855760 -0.892962  0.083084  0.628622 0.116690 0.106640 0.066781
1413394923.055760 -1.023873  0.130770  0.492485 0.115466 0.105108 0.066853
1413394923.155760 -1.112103  0.143922  0.447570 0.115555 0.104760 0.066938
1413394923.355760 -1.210010  0.063427  0.442458 0.116388 0.104035 0.067102
1413394923.455760 -1.239546 -0.006344  0.434832 0.117082 0.103405 0.067199
1413394923.655760 -1.379825 -0.064879  0.394331 0.118531 0.102589 0.067358
1413394923.755760 -1.419957 -0.108982  0.280171 0.119457 0.101770 0.067413
1413394923.955760 -1.428738 -0.224585  0.057211 0.121211 0.099919 0.067352
1413394924.055760 -1.399487 -0.299950 -0.026266 0.122608 0.099054 0.067276
1413394924.255760 -1.312433 -0.404483  0.009422 0.125406 0.098266 0.067281
1413394924.355760 -1.302464 -0.422025  0.041189 0.125610 0.097739 0.067147
1413394924.555760 -1.282162 -0.380744  0.075748 0.128000 0.097743 0.067119
1413394924.655760 -1.265023 -0.369098  0.104719 0.129501 0.097898 0.067060
1413394924.855760 -1.144930 -0.391507  0.173578 0.132142 0.098060 0.067151
1413394925.005760 -0.959328 -0.419380  0.219314 0.132018 0.097838 0.067102
1413394925.155760 -0.670871 -0.466684  0.191744 0.130910 0.096962 0.067147
1413394925.305761 -0.398054 -0.568741  0.188018 0.127455 0.096651 0.067187
1413394925.505760 -0.100171 -0.754375 -0.004247 0.120832 0.096628 0.067210
1413394925.605761  0.029901 -0.818035 -0.100169 0.116794 0.096849 0.067162
1413394925.755760  0.199898 -0.905352 -0.147966 0.112261 0.097937 0.067076
1413394925.905761  0.246558 -0.933746 -0.107347 0.109549 0.099690 0.066982
1413394926.055760  0.260328 -0.972277 -0.085584 0.106877 0.101041 0.066837
1413394926.205760  0.296714 -1.002008 -0.061827 0.105962 0.102953 0.066768
1413394926.355760  0.357096 -1.068263 -0.077975 0.106842 0.105250 0.066790
1413394926.505760  0.376641 -1.178090 -0.031962 0.106904 0.107137 0.066776
1413394926.605761  0.382550 -1.251667 -0.010692 0.107195 0.108841 0.066790
1413394926.655760  0.373476 -1.268099 -0.014865 0.107245 0.109406 0.066788
1413394926.755760  0.338487 -1.281233  0.005415 0.107382 0.110949 0.066776
1413394926.855760  0.234154 -1.255847  0.011678 0.107981 0.112406 0.066730
1413394926.955760  0.075803 -1.236653 -0.032206 0.107459 0.112876 0.066641
1413394927.055760 -0.119816 -1.235449 -0.113678 0.106803 0.113373 0.066572
1413394927.155760 -0.264508 -1.194693 -0.194113 0.105664 0.113444 0.066517
1413394927.255760 -0.339732 -1.185643 -0.115366 0.105599 0.114377 0.066499
1413394927.405761 -0.315159 -1.167037  0.093509 0.106003 0.116108 0.066480
1413394927.555760 -0.271234 -1.144927  0.272104 0.106170 0.117453 0.066458
1413394927.655760 -0.244753 -1.140725  0.347086 0.105942 0.117922 0.066454
1413394927.755760 -0.233401 -1.156111  0.367121 0.105588 0.118299 0.066472
1413394927.855760 -0.221665 -1.164868  0.265677 0.104816 0.118245 0.066509
1413394927.955760 -0.197007 -1.179587  0.160257 0.104145 0.118456 0.066557
1413394928.105761 -0.167869 -1.181742  0.050139 0.103246 0.118844 0.066582
1413394928.255760 -0.073123 -1.139304 -0.001019 0.102065 0.119422 0.066553
1413394928.405761  0.057343 -1.003721  0.013708 0.100558 0.119822 0.066543
1413394928.555760  0.153931 -0.854248  0.054604 0.098976 0.119257 0.066508
1413394928.755760  0.184429 -0.743831  0.081292 0.097823 0.117367 0.066483
1413394928.955760  0.203407 -0.680066 -0.103671 0.096402 0.114546 0.066433
1413394929.155760  0.284443 -0.566533 -0.147737 0.094970 0.111662 0.066355
1413394929.355760  0.298555 -0.387870 -0.105434 0.094019 0.108670 0.066317
1413394929.555760  0.236339 -0.229520 -0.051479 0.093336 0.105298 0.066290
1413394929.805761  0.160715 -0.224003 -0.064095 0.092292 0.101341 0.066247
1413394930.055760  0.166329 -0.169010 -0.293400 0.090328 0.097275 0.066230
1413394930.255760  0.211442 -0.012016 -0.213197 0.089740 0.095330 0.066260
1413394930.405761  0.205803  0.160137 -0.241899 0.089201 0.093081 0.066269
1413394930.505760  0.158767  0.209002 -0.287452 0.088726 0.091448 0.066298
1413394930.605761  0.095024  0.204104 -0.399813 0.087692 0.090457 0.066317
1413394930.705760 -0.004210  0.017872 -0.411261 0.086903 0.089621 0.066358
1413394930.855760 -0.075075 -0.308350 -0.348864 0.086204 0.088538 0.066408
1413394930.955760 -0.059805 -0.418736 -0.279915 0.085971 0.088353 0.066431
1413394931.005760 -0.046837 -0.415363 -0.235525 0.085854 0.088391 0.066420
1413394931.155760  0.029313 -0.295310 -0.043813 0.085554 0.088389 0.066370
1413394931.405761 0.165790 0.008140 0.351674 0.085783 0.088582 0.066209
1413394931.505760 0.202323 0.133509 0.258623 0.085184 0.087489 0.066135
1413394931.655760 0.250432 0.206171 0.135076 0.084500 0.086089 0.066091
1413394931.855760 0.426852 0.147210 0.018174 0.083748 0.085234 0.066068
1413394932.005760 0.597719 0.080450 0.047563 0.083729 0.085360 0.066070
1413394932.105761 0.679941 0.072788 0.196702 0.084220 0.085712 0.066100
1413394932.205760 0.709800 0.090312 0.344836 0.084464 0.085567 0.066071
1413394932.305761 0.676800 0.135671 0.434315 0.084925 0.084974 0.066081
1413394932.405761 0.600759 0.181195 0.424776 0.085292 0.084629 0.066110
1413394932.505760 0.498104 0.259686 0.313777 0.085464 0.084114 0.066159
1413394932.655760 0.353606 0.408092 0.137588 0.085454 0.083683 0.066205
1413394932.805761 0.227416 0.548339 0.121992 0.085811 0.084464 0.066231
1413394932.955760 0.163741 0.607831 0.104705 0.085990 0.085262 0.066245
1413394933.105761 0.186306 0.591320 0.013141 0.085633 0.085433 0.066196
1413394933.255760  0.207434  0.564858 -0.139956 0.084924 0.085519 0.066130
1413394933.405761  0.204014  0.545121 -0.311898 0.084680 0.085778 0.066074
1413394933.555760  0.207425  0.548002 -0.446892 0.084626 0.086253 0.066050
1413394933.705760  0.183785  0.535889 -0.360814 0.085406 0.087504 0.066069
1413394933.855760  0.088924  0.544569 -0.326865 0.085857 0.089992 0.066164
1413394934.005760  0.010614  0.565416 -0.306310 0.086116 0.091164 0.066224
1413394934.155760  0.025434  0.572951 -0.208946 0.086532 0.092395 0.066253
1413394934.305761 -0.021348  0.590890 -0.374777 0.086353 0.092985 0.066327
1413394934.405761 -0.068223  0.588072 -0.491598 0.086185 0.093416 0.066419
1413394934.505760 -0.080059  0.540878 -0.593277 0.085874 0.093682 0.066539
1413394934.605761 -0.087218  0.507620 -0.623990 0.085870 0.093949 0.066715
1413394934.755760 -0.144774  0.456630 -0.435916 0.086652 0.095150 0.066915
1413394935.005760 -0.128166  0.395765 -0.032508 0.088618 0.096735 0.066855
1413394935.255760 -0.204871  0.292911 -0.046152 0.089114 0.096580 0.066534
1413394935.455760 -0.301673  0.229554 -0.255523 0.088685 0.095577 0.066486
1413394935.655760 -0.415888  0.220096 -0.305543 0.088646 0.094851 0.066606
1413394935.905761 -0.463426  0.231198 -0.010933 0.089702 0.094695 0.066503
1413394936.055760 -0.502071  0.257877 -0.215151 0.089148 0.093539 0.066440
1413394936.205760 -0.442383  0.303244 -0.299500 0.089265 0.092589 0.066460
1413394936.305761 -0.410828  0.353833 -0.321319 0.089988 0.092718 0.066527
1413394936.505760 -0.403714  0.409744 -0.237165 0.090845 0.092681 0.066594
1413394936.605761 -0.433819  0.442953 -0.207409 0.091404 0.092945 0.066616
1413394936.805761 -0.480457  0.501300 -0.117374 0.092672 0.093589 0.066637
1413394936.905761 -0.505219  0.539757 -0.115895 0.093459 0.094008 0.066619
1413394937.105761 -0.540073  0.651393 -0.103103 0.095007 0.095009 0.066639
1413394937.205760 -0.530908  0.706866 -0.101616 0.095965 0.095639 0.066628
1413394937.305761 -0.516555  0.778639 -0.084229 0.097266 0.096480 0.066629
1413394937.455760 -0.450039  0.850166 -0.088882 0.098677 0.097821 0.066543
1413394937.655760 -0.360674  0.945192 -0.079941 0.099674 0.100952 0.066400
1413394937.755760 -0.321983  0.966972 -0.075891 0.099664 0.102575 0.066331
1413394937.955760 -0.178755  0.999191 -0.001583 0.099705 0.106780 0.066231
1413394938.055760 -0.117233  0.994099  0.061368 0.099603 0.109150 0.066171
1413394938.255760 0.190135 1.027007 0.409717 0.099827 0.114911 0.066055
1413394938.355760 0.328939 1.008789 0.587038 0.099680 0.118814 0.066095
1413394938.555760 0.475931 0.987588 0.592098 0.098364 0.123139 0.066406
1413394938.655760 0.516581 0.996256 0.458666 0.096466 0.123231 0.066553
1413394938.855760 0.561030 0.986562 0.222295 0.095453 0.124552 0.066720
1413394938.955760 0.610527 0.962970 0.154696 0.096717 0.126685 0.066749
1413394939.155760  0.754883  0.768408 -0.033077 0.096383 0.127261 0.066645
1413394939.255760  0.811202  0.641503 -0.106603 0.096624 0.125887 0.066524
1413394939.455760 0.894210 0.421381 0.015112 0.098726 0.123334 0.066266
1413394939.555760 0.901271 0.410512 0.142156 0.100669 0.122012 0.066192
1413394939.755760 0.889978 0.355477 0.341017 0.104215 0.119856 0.066274
1413394939.855760 0.907791 0.255127 0.331274 0.105514 0.118276 0.066396
1413394940.055760 0.953012 0.079346 0.095054 0.107074 0.112845 0.066430
1413394940.255760  1.061498  0.007054 -0.132924 0.109850 0.108589 0.066252
1413394940.455760  1.076879 -0.082900 -0.277762 0.112512 0.104417 0.066057
1413394940.555760  1.071684 -0.143738 -0.242154 0.113923 0.102940 0.065989
1413394940.755760  1.087599 -0.082037 -0.081818 0.116773 0.101570 0.065879
1413394940.955760 1.135950 0.038928 0.184024 0.120377 0.101954 0.065906
1413394941.055760 1.140772 0.021284 0.214989 0.121610 0.101261 0.065927
1413394941.205760  1.121980 -0.130511  0.255538 0.123917 0.100200 0.065999
1413394941.305761  1.120776 -0.287165  0.315907 0.125720 0.099645 0.066062
1413394941.505760  1.194960 -0.580641  0.410016 0.129594 0.099534 0.066292
1413394941.605761  1.257329 -0.630603  0.401133 0.131411 0.099986 0.066355
1413394941.755760  1.384110 -0.612611  0.379164 0.133117 0.100914 0.066496
1413394941.855760  1.424087 -0.582143  0.337226 0.134455 0.101404 0.066606
1413394941.955760  1.437106 -0.590350  0.343637 0.136597 0.101699 0.066788
1413394942.055760  1.387152 -0.696382  0.379078 0.139527 0.101888 0.066895
1413394942.155760  1.259183 -0.888539  0.419473 0.142616 0.101669 0.067086
1413394942.255760  1.060760 -1.146942  0.484839 0.145219 0.101740 0.067237
1413394942.355760  0.833528 -1.424638  0.527948 0.147097 0.102740 0.067474
1413394942.455760  0.635248 -1.707626  0.535532 0.148354 0.104821 0.067709
1413394942.555760  0.437727 -1.892640  0.362859 0.145395 0.107365 0.067818
1413394942.655760  0.261596 -2.032216  0.188286 0.142220 0.110789 0.067719
1413394942.755760  0.100006 -2.112251  0.036264 0.140534 0.116282 0.067747
1413394942.805761  0.012411 -2.128429 -0.023846 0.138029 0.118877 0.067739
1413394942.905761 -0.061437 -2.057648 -0.243076 0.131950 0.122523 0.067427
1413394942.955760 -0.086351 -2.002509 -0.345559 0.128403 0.124240 0.067293
1413394943.055760 -0.065921 -1.816517 -0.494140 0.122411 0.127016 0.066914
1413394943.155760 -0.019039 -1.568131 -0.574982 0.116491 0.129225 0.066606
1413394943.255760  0.042876 -1.274934 -0.660111 0.111331 0.130074 0.066398
1413394943.355760  0.151848 -0.950601 -0.618864 0.107795 0.130186 0.066253
1413394943.455760  0.272462 -0.603460 -0.503248 0.105835 0.129221 0.066227
1413394943.605761  0.515748 -0.218938 -0.322041 0.105178 0.125620 0.066163
1413394943.705760  0.644223 -0.058893 -0.308814 0.105037 0.121765 0.066141
1413394943.855760  0.758558  0.034193 -0.364838 0.104741 0.116217 0.066109
1413394944.005760  0.753344  0.125692 -0.417155 0.104841 0.111110 0.066154
1413394944.155760  0.699342  0.190943 -0.297177 0.105616 0.107497 0.066177
1413394944.355760  0.601428  0.189500 -0.029169 0.106736 0.104556 0.066117
1413394944.505760 0.516620 0.113065 0.052781 0.106373 0.102548 0.065980
1413394944.655760  0.418722 -0.005663 -0.118307 0.104473 0.099955 0.065873
1413394944.755760  0.307231 -0.112785 -0.212358 0.103436 0.098638 0.065842
1413394944.855760  0.174649 -0.254954 -0.262390 0.102419 0.097883 0.065828
1413394945.005760 -0.076727 -0.461966 -0.314031 0.101112 0.097659 0.065887
1413394945.105761 -0.233753 -0.571182 -0.337396 0.100649 0.098227 0.065974
1413394945.205760 -0.342632 -0.676309 -0.313307 0.099899 0.098773 0.066057
1413394945.305761 -0.414718 -0.769498 -0.252568 0.099672 0.099488 0.066131
1413394945.405761 -0.438755 -0.833228 -0.228135 0.099462 0.099903 0.066175
1413394945.505760 -0.418541 -0.853119 -0.233078 0.099209 0.100105 0.066184
1413394945.605761 -0.379020 -0.802132 -0.226276 0.098586 0.100159 0.066168
1413394945.705760 -0.353355 -0.690281 -0.173867 0.098046 0.100326 0.066125
1413394945.805761 -0.342731 -0.532354 -0.168691 0.097510 0.100217 0.066120
1413394945.905761 -0.288576 -0.354539 -0.166373 0.097078 0.099543 0.066081
1413394946.005760 -0.239951 -0.159609 -0.113075 0.097229 0.098897 0.066064
1413394946.155760 -0.137751  0.064309 -0.038388 0.097914 0.097638 0.066063
1413394946.255760 -0.089637  0.161104 -0.053230 0.098131 0.096737 0.066039
1413394946.355760 -0.018332  0.234661 -0.057476 0.098458 0.095944 0.066011
1413394946.555760  0.168253  0.393921 -0.007039 0.099129 0.095029 0.065980
1413394946.655760 0.261361 0.482777 0.028659 0.098964 0.094925 0.065966
1413394946.855760 0.390679 0.489395 0.032718 0.098488 0.095107 0.065943
1413394946.955760 0.422693 0.453349 0.058814 0.097957 0.095780 0.065922
1413394947.155760 0.448383 0.310799 0.225615 0.098809 0.097493 0.065847
1413394947.255760 0.425624 0.216432 0.383584 0.099304 0.098485 0.065778
1413394947.455760 0.310933 0.147906 0.662493 0.100753 0.099788 0.065855
1413394947.555760 0.248049 0.101561 0.650499 0.101154 0.100034 0.066123
1413394947.755760 0.167628 0.135431 0.392450 0.100440 0.099089 0.066561
1413394947.955760 0.136668 0.423992 0.521472 0.102994 0.101193 0.066867
1413394948.055760 0.120868 0.592853 0.562716 0.104490 0.102675 0.067202
1413394948.255760 0.121531 0.930790 0.466022 0.107651 0.105947 0.067842
1413394948.355760 0.090717 1.015377 0.405488 0.108455 0.107951 0.068033
1413394948.555760 0.018212 0.848925 0.313261 0.106476 0.113241 0.068472
1413394948.655760 -0.022302  0.606658  0.308602 0.103840 0.114267 0.068643
1413394948.955760 -0.151835 -0.151492  0.317684 0.101189 0.112132 0.069446
1413394949.155760 -0.241467 -0.248647  0.044560 0.099125 0.106215 0.068728
1413394949.355760 -0.365908  0.163055 -0.108057 0.099939 0.105858 0.067592
1413394949.555760 -0.489128  0.666460  0.039567 0.103101 0.107604 0.066960
1413394949.655760 -0.540496  0.733058  0.110114 0.104145 0.109106 0.066909
1413394949.855760 -0.638045  0.468681  0.039475 0.103874 0.111114 0.066885
1413394950.055760 -0.628473  0.122364  0.039921 0.105271 0.112565 0.066912
1413394950.155760 -0.543525 -0.025836  0.008628 0.105501 0.111183 0.066993
1413394950.355760 -0.274205 -0.082174  0.033767 0.106999 0.108662 0.066710
1413394950.555760 -0.252356  0.223364  0.115621 0.106371 0.106657 0.066265
1413394950.755760 -0.423115  0.588580  0.267545 0.107738 0.108771 0.066323
1413394950.855760 -0.498169  0.601251  0.287024 0.107870 0.109611 0.066462
1413394951.055760 -0.543898  0.195997  0.283773 0.107886 0.112250 0.067129
1413394951.155760 -0.507695 -0.127045  0.265734 0.108246 0.112416 0.067359
1413394951.355760 -0.299781 -0.615178  0.213506 0.109577 0.108805 0.067780
1413394951.455760 -0.227339 -0.660239  0.217441 0.110038 0.107090 0.067700
1413394951.655760 -0.332366 -0.266616  0.345722 0.109270 0.108706 0.067362
1413394951.855760 -0.606735  0.510721  0.585517 0.112890 0.112562 0.067818
1413394951.955760 -0.716096  0.687496  0.634566 0.113873 0.112408 0.068166
1413394952.155760 -0.710374  0.624665  0.412809 0.113308 0.111462 0.068812
1413394952.355760 -0.633037  0.381783  0.033281 0.110354 0.109501 0.068589
1413394952.455760 -0.590530  0.345067  0.012768 0.108695 0.106749 0.068101
1413394952.655760 -0.498273  0.463391  0.265744 0.111207 0.109659 0.067769
1413394952.855760 -0.523576  0.535472  0.300614 0.113252 0.111515 0.067812
1413394953.055760 -0.409105  0.301494  0.067850 0.111853 0.110189 0.068020
1413394953.355760  0.075553 -0.517987  0.465317 0.112544 0.109227 0.068277
1413394953.555760  0.313298 -0.930390 -0.016572 0.108175 0.105549 0.068632
1413394953.655760  0.328138 -0.996566 -0.383288 0.107411 0.105509 0.068222
1413394953.855760  0.159347 -0.827651 -0.970845 0.100187 0.102489 0.066577
1413394954.055760 -0.138927 -0.538315 -0.913841 0.096311 0.102917 0.065873
1413394954.155760 -0.211849 -0.510661 -0.871259 0.095529 0.102979 0.065850
1413394954.355760 -0.179040 -0.743470 -0.755328 0.097336 0.105074 0.066657
1413394954.555760 -0.002995 -1.088821 -0.520710 0.101470 0.110471 0.067734
1413394954.655760  0.033806 -1.129050 -0.518510 0.101516 0.113246 0.067969
1413394954.855760 -0.076919 -0.758898 -0.525239 0.097572 0.118505 0.068008
1413394954.955760 -0.174163 -0.521297 -0.551993 0.096054 0.118711 0.067960
1413394955.155760 -0.309896 -0.428312 -0.562153 0.096746 0.119223 0.068509
1413394955.255760 -0.301959 -0.529169 -0.494764 0.097563 0.119365 0.068838
1413394955.455760 -0.175784 -0.683513 -0.313628 0.099883 0.122696 0.069252
1413394955.555760 -0.068707 -0.555437 -0.159095 0.099456 0.125168 0.068964
1413394955.755760 -0.184392  0.039467  0.130494 0.099263 0.126072 0.067789
1413394955.855760 -0.340524  0.223307  0.195545 0.100428 0.125042 0.067324
1413394955.955760 -0.482105  0.325667  0.246097 0.100663 0.122031 0.066818
1413394956.105761 -0.568796  0.295096  0.286393 0.102917 0.120090 0.066315
1413394956.205760 -0.511210  0.166971  0.266475 0.102739 0.118353 0.066075
1413394956.405761 -0.279431 -0.101624  0.145988 0.102410 0.115208 0.065807
1413394956.505760 -0.143417 -0.172125  0.015814 0.100823 0.111513 0.065740
1413394956.655760 -0.058940 -0.149546 -0.084891 0.099008 0.110004 0.065649
1413394956.755760 -0.142924 -0.095344 -0.045430 0.098933 0.109273 0.065615
1413394957.005760 -0.590880  0.075426  0.140629 0.100092 0.110611 0.065547
1413394957.105761 -0.672073  0.087035  0.187211 0.100642 0.110905 0.065534
1413394957.205760 -0.657857  0.070366  0.214908 0.100087 0.108478 0.065465
1413394957.305761 -0.543441  0.030334  0.243945 0.100690 0.107647 0.065452
1413394957.405761 -0.335267 -0.022515  0.243643 0.101198 0.106377 0.065469
1413394957.605761  0.126151 -0.126782  0.180639 0.100236 0.103808 0.065620
1413394957.705760  0.217345 -0.121483  0.105102 0.098926 0.102671 0.065590
1413394957.805761  0.174627 -0.085348  0.044251 0.097749 0.101684 0.065527
1413394958.055760 -0.127255  0.058872  0.004820 0.096804 0.100413 0.065395
1413394958.155760 -0.126111  0.103161  0.012127 0.096848 0.099999 0.065406
1413394958.255760 -0.001328  0.127316  0.028893 0.097053 0.099456 0.065470
1413394958.355760 0.200085 0.159369 0.024877 0.097026 0.099560 0.065583
1413394958.505760  0.486276  0.216545 -0.038213 0.096628 0.099473 0.065780
1413394958.605761  0.527903  0.247329 -0.026969 0.095737 0.097883 0.065726
1413394958.705760 0.380639 0.258930 0.043573 0.095632 0.096844 0.065587
1413394958.905761 -0.171290  0.183640  0.173443 0.095960 0.096004 0.065369
1413394959.005760 -0.368964  0.107999  0.208118 0.095819 0.096356 0.065377
1413394959.105761 -0.457698  0.003760  0.214385 0.095713 0.096289 0.065454
1413394959.205760 -0.403295 -0.048904  0.236696 0.096684 0.096604 0.065566
1413394959.305761 -0.266761 -0.031606  0.234385 0.097693 0.096226 0.065733
1413394959.455760 -0.012451  0.034693  0.127288 0.098158 0.094999 0.066004
1413394959.555760 0.038306 0.030172 0.120850 0.098580 0.094759 0.065921
1413394959.655760 -0.056697 -0.014948  0.181513 0.099856 0.095421 0.065807
1413394959.755760 -0.238076 -0.149829  0.187133 0.101602 0.096127 0.065788
1413394959.905761 -0.461786 -0.404839  0.143980 0.103736 0.097011 0.065877
1413394960.005760 -0.483905 -0.536908  0.071786 0.104507 0.096189 0.065982
1413394960.055760 -0.461482 -0.552344  0.021627 0.104444 0.095675 0.065978
1413394960.155760 -0.354352 -0.523666 -0.023487 0.104428 0.094973 0.065851
1413394960.255760 -0.216180 -0.435235 -0.034879 0.104637 0.095110 0.065839
1413394960.405761 -0.051284 -0.284526 -0.125144 0.103420 0.094734 0.065744
1413394960.505760 -0.010174 -0.246823 -0.251863 0.103214 0.094787 0.065677
1413394960.605761 -0.039093 -0.318832 -0.323850 0.102933 0.094763 0.065549
1413394960.705760 -0.107254 -0.486505 -0.283091 0.103619 0.095208 0.065427
1413394960.805761 -0.177630 -0.703660 -0.161462 0.105364 0.096256 0.065421
1413394960.905761 -0.192251 -0.802994 -0.114617 0.105855 0.097017 0.065410
1413394960.955760 -0.191511 -0.807881 -0.080175 0.105955 0.097733 0.065405
1413394961.055760 -0.150938 -0.734603 -0.068478 0.105272 0.099075 0.065404
1413394961.255760 -0.068627 -0.497392 -0.179949 0.102642 0.100378 0.065419
1413394961.355760 -0.041167 -0.501402 -0.184619 0.102134 0.100585 0.065419
1413394961.455760 -0.044050 -0.619907 -0.098683 0.102753 0.101304 0.065416
1413394961.605761  0.038935 -0.826670 -0.022114 0.103830 0.103250 0.065473
1413394961.705760  0.133723 -0.850568 -0.012598 0.103392 0.104875 0.065476
1413394961.805761  0.217285 -0.762601 -0.024456 0.101965 0.106571 0.065469
1413394961.905761  0.286574 -0.603402 -0.029725 0.100518 0.108263 0.065483
1413394962.055760  0.342377 -0.327316 -0.073043 0.098482 0.108122 0.065467
1413394962.155760  0.338130 -0.236092 -0.042377 0.097772 0.107194 0.065461
1413394962.305761  0.338373 -0.246529  0.040667 0.097550 0.105780 0.065421
1413394962.455760  0.374889 -0.283611  0.217609 0.098261 0.106440 0.065412
1413394962.555760  0.437414 -0.158961  0.209693 0.097971 0.105377 0.065404
1413394962.655760 0.512123 0.035686 0.131426 0.097743 0.104165 0.065503
1413394962.755760 0.553379 0.223409 0.075518 0.098117 0.102093 0.065563
1413394962.855760 0.555397 0.284667 0.002469 0.098406 0.099987 0.065526
1413394962.955760  0.545801  0.277791 -0.005804 0.098175 0.097886 0.065417
1413394963.105761  0.546005  0.223979 -0.016046 0.098220 0.096447 0.065382
1413394963.205760  0.576895  0.333898 -0.156794 0.098537 0.095432 0.065418
1413394963.355760  0.628513  0.519769 -0.409101 0.099195 0.093818 0.065481
1413394963.455760  0.645197  0.543989 -0.478323 0.099334 0.092784 0.065471
1413394963.555760  0.654520  0.501845 -0.489212 0.099153 0.091848 0.065572
1413394963.655760  0.648364  0.327232 -0.329465 0.099190 0.091862 0.065733
1413394963.755760  0.668590  0.228030 -0.273328 0.099560 0.091756 0.065837
1413394963.855760  0.697359  0.266048 -0.316066 0.100175 0.091521 0.065897
1413394963.955760  0.728322  0.368766 -0.403229 0.100977 0.091374 0.066041
1413394964.055760  0.738510  0.428109 -0.404617 0.101871 0.091308 0.066333
1413394964.105761  0.729385  0.417702 -0.387583 0.102164 0.091285 0.066468
1413394964.205760  0.696437  0.292481 -0.260710 0.102592 0.091338 0.066568
1413394964.305761  0.683063  0.105116 -0.099185 0.103148 0.091495 0.066600
1413394964.405761  0.691786  0.032271 -0.008229 0.103681 0.091461 0.066504
1413394964.505760  0.706831  0.112806 -0.043226 0.104190 0.091085 0.066267
1413394964.605761  0.711110  0.228226 -0.106990 0.104865 0.090777 0.066203
1413394964.705760  0.672436  0.286400 -0.091010 0.105715 0.090528 0.066197
1413394964.805761  0.566926  0.241800 -0.045339 0.105715 0.089950 0.066097
1413394964.905761 0.419610 0.081161 0.028303 0.105086 0.089174 0.065933
1413394965.105761  0.059630 -0.344903  0.280662 0.102859 0.087787 0.065528
1413394965.155760  0.032009 -0.366107  0.309362 0.101618 0.087319 0.065442
1413394965.255760  0.008877 -0.327311  0.292183 0.099284 0.086740 0.065291
1413394965.355760  0.027323 -0.207429  0.206942 0.096900 0.086143 0.065234
1413394965.505760  0.073516 -0.093013  0.232392 0.094775 0.086000 0.065202
1413394965.655760 0.114316 0.003184 0.332395 0.093295 0.086158 0.065195
1413394965.755760 0.099555 0.129582 0.234794 0.092039 0.085757 0.065231
1413394965.905761 0.056251 0.276294 0.061305 0.090753 0.085272 0.065239
1413394966.055760 0.038115 0.420970 0.030406 0.090269 0.085235 0.065246
1413394966.205760 -0.030055  0.629745 -0.189832 0.090147 0.085076 0.065268
1413394966.305761 -0.049088  0.709260 -0.289288 0.089921 0.085376 0.065249
1413394966.355760 -0.038127  0.697541 -0.309744 0.089597 0.085676 0.065231
1413394966.455760  0.042692  0.563261 -0.246989 0.088189 0.086392 0.065207
1413394966.555760  0.175498  0.323488 -0.091146 0.087052 0.087566 0.065188
1413394966.655760  0.256511  0.180374 -0.002680 0.086815 0.087978 0.065190
1413394966.755760  0.256704  0.190779 -0.018881 0.087019 0.088053 0.065183
1413394966.805761  0.220136  0.214587 -0.042981 0.087184 0.087909 0.065204
1413394966.955760  0.097275  0.329654 -0.110260 0.087563 0.087715 0.065226
1413394967.055760  0.077637  0.348881 -0.097665 0.087705 0.087975 0.065252
1413394967.155760 0.133129 0.326410 0.019187 0.087712 0.088633 0.065252
1413394967.305761 0.282891 0.266643 0.183941 0.088619 0.089786 0.065248
1413394967.405761 0.251653 0.293486 0.233932 0.089368 0.090002 0.065301
1413394967.505760 0.127802 0.374744 0.168662 0.090371 0.089877 0.065373
1413394967.605761 -0.014661  0.430128  0.128526 0.091103 0.090018 0.065451
1413394967.705760 -0.059369  0.434626  0.183934 0.091669 0.090718 0.065437
1413394967.855760 0.023102 0.398264 0.328950 0.092367 0.091709 0.065433
1413394967.955760 0.020260 0.394874 0.378889 0.093299 0.092178 0.065508
1413394968.055760 -0.057777  0.411349  0.263187 0.093741 0.092163 0.065622
1413394968.205760 -0.106042  0.404829  0.042597 0.093666 0.092189 0.065658
1413394968.455760  0.035071  0.389835 -0.087837 0.094255 0.092260 0.065491
1413394968.705760  0.195190  0.367121 -0.051365 0.096327 0.093102 0.065378
1413394968.955760 0.344083 0.485573 0.020237 0.100227 0.094750 0.065337
1413394969.055760 0.349896 0.511658 0.008678 0.100855 0.095356 0.065338
1413394969.255760  0.307211  0.460696 -0.285165 0.100776 0.094829 0.065291
1413394969.455760  0.165612  0.380348 -0.440759 0.100469 0.094054 0.065307
1413394969.655760 -0.019854  0.365405 -0.414177 0.101568 0.093902 0.065544
1413394969.855760 -0.077397  0.579267 -0.299010 0.103281 0.094866 0.065772
1413394970.055760 -0.007439  0.791454 -0.033179 0.106702 0.097297 0.065817
1413394970.255760 0.128265 0.843910 0.150150 0.108890 0.100235 0.065632
1413394970.355760 0.151183 0.833951 0.089208 0.107395 0.101086 0.065522
1413394970.555760  0.030579  0.646351 -0.162036 0.105362 0.102491 0.065462
1413394970.755760 -0.098432  0.268193 -0.188168 0.102681 0.102392 0.065443
1413394970.955760 -0.229923  0.031613 -0.035170 0.102421 0.100360 0.065518
1413394971.255760 -0.151739  0.170595  0.119327 0.102422 0.096932 0.065290
1413394971.455760 0.171246 0.291982 0.001302 0.101455 0.094670 0.065169
1413394971.655760 0.617741 0.346595 0.134291 0.102257 0.095473 0.065171
1413394971.755760 0.759334 0.289339 0.159751 0.102467 0.095997 0.065195
1413394971.955760 0.801102 0.050643 0.121697 0.102382 0.094299 0.065247
1413394972.055760  0.720857 -0.083682  0.037837 0.102857 0.092556 0.065245
1413394972.255760  0.440500 -0.311440 -0.166505 0.101895 0.088396 0.065265
1413394972.355760  0.277015 -0.424165 -0.211678 0.102922 0.087307 0.065275
1413394972.555760 -0.021034 -0.597680 -0.283451 0.103341 0.086432 0.065416
1413394972.655760 -0.111895 -0.679038 -0.236069 0.102803 0.086723 0.065460
1413394972.855760 -0.129756 -0.727310 -0.083617 0.103736 0.087998 0.065500
1413394972.955760 -0.089354 -0.672473 -0.076246 0.099452 0.087993 0.065410
1413394973.055760 -0.065413 -0.630803 -0.091986 0.099002 0.087926 0.065392
1413394973.155760 -0.016869 -0.580084 -0.100211 0.103138 0.089581 0.065439
1413394973.255760  0.002545 -0.560847 -0.091282 0.106276 0.090928 0.065452
1413394973.355760  0.004431 -0.552831 -0.068824 0.107063 0.094423 0.065459
1413394973.405761  0.009852 -0.560388 -0.057894 0.108130 0.095075 0.065461
1413394973.505760 -0.009494 -0.568130 -0.044169 0.108828 0.096784 0.065461
1413394973.605761 -0.028470 -0.588532 -0.017860 0.109450 0.098718 0.065445
1413394973.705760 -0.050750 -0.589949  0.028515 0.110022 0.100681 0.065406
1413394973.805761 -0.061837 -0.596148  0.030162 0.110399 0.102576 0.065382
1413394973.905761 -0.068875 -0.569788  0.030738 0.110494 0.104237 0.065368
1413394974.005760 -0.082950 -0.549238  0.065960 0.110691 0.106024 0.065341
1413394974.105761 -0.089851 -0.518516  0.083313 0.110782 0.107934 0.065308
1413394974.205760 -0.116578 -0.485766  0.086579 0.110536 0.109341 0.065283
1413394974.305761 -0.149253 -0.434520  0.095640 0.110209 0.110451 0.065253
1413394974.405761 -0.202167 -0.382227  0.140016 0.110265 0.111519 0.065245
1413394974.505760 -0.280922 -0.319940  0.162473 0.110168 0.112271 0.065251
1413394974.605761 -0.333991 -0.231470  0.179787 0.110162 0.112489 0.065255
1413394974.705760 -0.368943 -0.156945  0.177318 0.110091 0.112024 0.065270
1413394974.855760 -0.370849 -0.064657  0.110222 0.109916 0.110045 0.065283
1413394975.005760 -0.365927 -0.036502 -0.086468 0.108804 0.106920 0.065236
1413394975.105761 -0.328619 -0.029149 -0.189668 0.108263 0.104826 0.065188
1413394975.255760 -0.260922 -0.037226 -0.343768 0.107107 0.102124 0.065160
1413394975.405761 -0.158145 -0.043159 -0.345408 0.106216 0.100182 0.065236
1413394975.605761 -0.073755 -0.101739 -0.270723 0.104861 0.098718 0.065445
1413394975.855760 -0.128923 -0.203854 -0.109291 0.104236 0.098886 0.065663
1413394976.055760 -0.130359 -0.272428 -0.050832 0.103413 0.098909 0.065635
1413394976.355760  0.021959 -0.366686 -0.049448 0.101199 0.098226 0.065571
1413394976.605761  0.262839 -0.459343 -0.018619 0.098972 0.098657 0.065513
1413394976.705760  0.417572 -0.470661 -0.028576 0.097794 0.099210 0.065467
1413394976.855760  0.587553 -0.431972 -0.043881 0.096078 0.100473 0.065465
1413394976.955760  0.597010 -0.332647 -0.014504 0.095262 0.100470 0.065409
1413394977.105761  0.399433 -0.143560  0.072926 0.095051 0.098881 0.065273
1413394977.205760 0.135980 0.037532 0.169558 0.095241 0.097443 0.065169
1413394977.405761 -0.462246  0.296701  0.350196 0.095458 0.096604 0.065077
1413394977.605761 -1.044571  0.283005  0.460221 0.094219 0.100118 0.065220
1413394977.705760 -1.355119  0.259073  0.505543 0.094434 0.104208 0.065391
1413394977.905761 -1.779347  0.156378  0.563754 0.098297 0.111954 0.065824
1413394978.005760 -1.866521  0.086938  0.539836 0.101285 0.113444 0.066016
1413394978.155760 -1.897370 -0.020958  0.454487 0.106502 0.113147 0.066277
1413394978.255760 -1.877018 -0.106017  0.327659 0.110040 0.111997 0.066379
1413394978.355760 -1.842208 -0.198049  0.209737 0.114891 0.110649 0.066393
1413394978.455760 -1.800506 -0.293514  0.070672 0.118830 0.108996 0.066354
1413394978.555760 -1.778865 -0.384179  0.040424 0.124623 0.109111 0.066289
1413394978.655760 -1.737982 -0.447388  0.045542 0.129174 0.108180 0.066210
1413394978.755760 -1.696795 -0.476726  0.085566 0.133518 0.107415 0.066160
1413394978.855760 -1.665036 -0.474216  0.129006 0.137405 0.106854 0.066129
1413394978.955760 -1.625352 -0.456375  0.103046 0.140636 0.105865 0.066066
1413394979.055760 -1.575385 -0.427674  0.011319 0.144010 0.104725 0.066012
1413394979.155760 -1.476112 -0.400848 -0.090896 0.146408 0.102489 0.066001
1413394979.255760 -1.338348 -0.366059 -0.166666 0.147944 0.099772 0.065919
1413394979.305761 -1.264772 -0.325348 -0.184835 0.148520 0.098624 0.065907
1413394979.405761 -1.034183 -0.248244 -0.128163 0.148794 0.095442 0.065911
1413394979.505760 -0.716831 -0.137709 -0.011803 0.147358 0.092247 0.066022
1413394979.705760 0.025046 0.074565 0.191745 0.137278 0.089393 0.066486
1413394979.805761 0.409113 0.143219 0.284744 0.129364 0.090557 0.066763
1413394979.905761 0.635910 0.133339 0.355039 0.121476 0.091988 0.066802
1413394980.005760 0.729791 0.054987 0.358670 0.114274 0.092186 0.066620
1413394980.255760  0.818286 -0.195482  0.148222 0.102034 0.091666 0.066236
1413394980.505760  0.978837 -0.405697 -0.011702 0.096055 0.092301 0.065993
1413394980.655760  1.023710 -0.445954  0.053225 0.093905 0.092907 0.065729
1413394980.855760  0.990474 -0.421366  0.118750 0.092832 0.092462 0.065576
1413394981.105761  0.898076 -0.339253 -0.074853 0.091351 0.090399 0.065389
1413394981.355760  0.812778 -0.176139 -0.226314 0.090813 0.088457 0.065248
1413394981.605761  0.698079 -0.104147 -0.160268 0.091544 0.086666 0.065181
1413394981.855760  0.556803 -0.040709 -0.175208 0.091875 0.084712 0.065161
1413394982.105761  0.368674  0.141649 -0.088391 0.090683 0.082834 0.065109
1413394982.305761  0.305803  0.383476 -0.028156 0.090541 0.082185 0.065097
1413394982.455760 0.336842 0.620004 0.051203 0.091046 0.082022 0.065099
1413394982.555760 0.390768 0.765164 0.096691 0.092340 0.082166 0.065118
1413394982.655760 0.441474 0.913637 0.144207 0.093535 0.082483 0.065140
1413394982.755760 0.501058 1.049842 0.170820 0.095358 0.083024 0.065159
1413394982.855760 0.557549 1.166641 0.178582 0.096007 0.083754 0.065178
1413394983.005760 0.623766 1.301757 0.195618 0.098033 0.085689 0.065241
1413394983.205760 0.639081 1.393300 0.220817 0.099626 0.087344 0.065330
1413394983.305761 0.647011 1.392084 0.216704 0.100525 0.088377 0.065365
1413394983.505760 0.624117 1.361448 0.192881 0.101088 0.091204 0.065443
1413394983.605761 0.572537 1.312486 0.104236 0.100389 0.091961 0.065462
1413394983.805761  0.442132  1.174935 -0.135834 0.097935 0.094212 0.065363
1413394984.005760  0.283182  1.014008 -0.341155 0.095170 0.094999 0.065224
1413394984.205760  0.124832  0.833435 -0.331356 0.092240 0.095488 0.065138
1413394984.405761 -0.020092  0.693153 -0.290697 0.089918 0.096085 0.065140
1413394984.605761 -0.212149  0.564143 -0.234071 0.087809 0.096221 0.065148
1413394984.805761 -0.437431  0.472555 -0.160280 0.086091 0.096215 0.065155
1413394985.005760 -0.614361  0.398869 -0.080525 0.084871 0.096277 0.065159
1413394985.205760 -0.738636  0.303053  0.015962 0.083793 0.095984 0.065134
1413394985.405761 -0.832332  0.227202  0.265819 0.083981 0.096486 0.065107
1413394985.605761 -0.907950  0.395916  0.567417 0.085538 0.097083 0.065089
1413394985.705760 -0.927747  0.438746  0.526853 0.085698 0.096369 0.065117
1413394985.905761 -1.005207  0.387443  0.217973 0.085125 0.095357 0.065197
1413394986.105761 -1.092118  0.267242  0.131102 0.085201 0.095333 0.065212
1413394986.205760 -1.150653  0.208010  0.150303 0.085574 0.095839 0.065228
1413394986.405761 -1.184691  0.237969  0.263948 0.087486 0.095983 0.065276
1413394986.505760 -1.183825  0.287406  0.301790 0.088445 0.095765 0.065303
1413394986.705760 -1.225820  0.303453  0.310670 0.090189 0.096003 0.065419
1413394986.805761 -1.267572  0.260198  0.322756 0.090927 0.096299 0.065470
1413394987.005760 -1.291408  0.145076  0.198575 0.093665 0.096269 0.065616
1413394987.205760 -1.240753  0.155484 -0.037465 0.095390 0.094230 0.065614
1413394987.405761 -1.150687  0.143659 -0.085240 0.097426 0.092275 0.065556
1413394987.605761 -1.103342 -0.061873 -0.004753 0.099923 0.091335 0.065506
1413394987.805761 -1.001553 -0.365173  0.079759 0.102982 0.089680 0.065521
1413394987.905761 -0.925553 -0.536693  0.122077 0.104436 0.088547 0.065524
1413394988.105761 -0.736872 -0.850312  0.171357 0.108969 0.086819 0.065704
1413394988.205760 -0.615363 -0.975478  0.198474 0.111148 0.086297 0.065832
1413394988.405761 -0.311139 -1.043641  0.096568 0.111146 0.085459 0.066008
1413394988.505760 -0.144798 -0.991453  0.020088 0.109017 0.085365 0.065965
1413394988.705760  0.171873 -0.873597 -0.085567 0.105420 0.086652 0.065984
1413394988.805761  0.266125 -0.836416 -0.145830 0.104230 0.087457 0.065905
1413394989.005760  0.418551 -0.896834 -0.211729 0.101563 0.088433 0.065780
1413394989.205760  0.442445 -0.986642 -0.168240 0.100589 0.089147 0.065659
1413394989.405761  0.452408 -1.054792 -0.124594 0.100349 0.091067 0.065684
1413394989.605761  0.480489 -1.051291 -0.247240 0.099759 0.093410 0.065770
1413394989.805761  0.494939 -0.994256 -0.442919 0.098500 0.095519 0.065918
1413394989.905761  0.495356 -0.926584 -0.497200 0.097911 0.096496 0.065840
1413394990.105761  0.519785 -0.766619 -0.608447 0.092960 0.095268 0.065734
1413394990.205760  0.484874 -0.735774 -0.670375 0.091725 0.095517 0.065785
1413394990.355760  0.409426 -0.697446 -0.663711 0.092778 0.096137 0.066088
1413394990.455760  0.347848 -0.682268 -0.636404 0.095248 0.097460 0.066198
1413394990.555760  0.274444 -0.669324 -0.588984 0.098207 0.098448 0.066282
1413394990.705760  0.140760 -0.650850 -0.537690 0.099993 0.099538 0.066351
1413394990.855760 -0.004308 -0.625684 -0.480279 0.100243 0.100238 0.066365
1413394991.055760 -0.172240 -0.591646 -0.373059 0.101388 0.104632 0.066364
1413394991.255760 -0.306722 -0.543419 -0.310681 0.100779 0.105356 0.066220
1413394991.405761 -0.397841 -0.468960 -0.248579 0.100006 0.105819 0.066108
1413394991.555760 -0.424669 -0.372580 -0.235727 0.098973 0.105524 0.065989
1413394991.705760 -0.486356 -0.290173 -0.154689 0.098830 0.105300 0.065876
1413394991.855760 -0.496867 -0.265966 -0.135255 0.098366 0.104344 0.065779
1413394992.055760 -0.404039 -0.240197 -0.150688 0.097277 0.102060 0.065632
1413394992.255760 -0.247449 -0.121056 -0.080067 0.096030 0.100689 0.065508
1413394992.455760 -0.153712  0.029841  0.008567 0.095296 0.099333 0.065398
1413394992.655760 -0.168485  0.023203  0.035097 0.095064 0.098830 0.065293
1413394993.255760 -0.058238  0.067756 -0.299953 0.090798 0.094045 0.065339
1413394993.555760 -0.114314 -0.003339 -0.298422 0.088639 0.091103 0.065415
1413394993.805761 -0.151777 -0.053174 -0.393827 0.086880 0.089481 0.065475
1413394993.955760 -0.128894 -0.039046 -0.501122 0.087051 0.088484 0.065563
1413394994.105761 -0.036612 -0.022537 -0.418809 0.087512 0.088727 0.065670
