1413394889.855760 2.373725 0.493688
1413394890.005760 2.386480 0.443770
1413394890.305761 2.366379 0.414584
1413394890.405761 2.382574 0.373492
1413394890.505760 2.385969 0.341266
1413394890.655760 2.386733 0.322899
1413394890.905761 2.380338 0.290925
1413394891.005760 2.374890 0.267114
1413394891.105761 2.374019 0.253660
1413394891.255760 2.371817 0.249977
1413394891.455760 2.373328 0.235200
1413394891.555760 2.370924 0.214017
1413394891.655760 2.363029 0.195318
1413394891.805761 2.352498 0.175771
1413394891.955760 2.342966 0.160283
1413394892.055760 2.340888 0.153034
1413394892.205760 2.333024 0.145517
1413394892.355760 2.328667 0.139404
1413394892.505760 2.318045 0.137618
1413394892.655760 2.312838 0.128089
1413394892.755760 2.323262 0.123727
1413394892.855760 2.309110 0.118932
1413394892.905761 2.319401 0.118197
1413394893.005760 2.313943 0.116760
1413394893.105761 2.313261 0.116508
1413394893.255760 2.313946 0.116082
1413394893.355760 2.314563 0.115271
1413394893.505760 2.307769 0.113770
1413394893.655760 2.301123 0.112987
1413394893.805761 2.295805 0.112363
1413394893.955760 2.292253 0.112184
1413394894.105761 2.289356 0.111965
1413394894.205760 2.289746 0.111533
1413394894.305761 2.289054 0.111015
1413394894.405761 2.288868 0.109810
1413394894.505760 2.287288 0.108541
1413394894.605761 2.285788 0.106452
1413394894.705760 2.284585 0.103932
1413394894.805761 2.285978 0.101523
1413394894.905761 2.287924 0.098335
1413394895.005760 2.291421 0.094842
1413394895.105761 2.296560 0.091211
1413394895.205760 2.299739 0.087554
1413394895.355760 2.306878 0.081793
1413394895.455760 2.310543 0.078272
1413394895.555760 2.314607 0.075630
1413394895.655760 2.317003 0.073330
1413394895.755760 2.317575 0.070899
1413394895.855760 2.318062 0.068623
1413394895.955760 2.316613 0.066904
1413394896.055760 2.315581 0.065577
1413394896.205760 2.315765 0.063960
1413394896.305761 2.317111 0.062981
1413394896.455760 2.318838 0.061305
1413394896.605761 2.324868 0.058963
1413394896.755760 2.334571 0.055510
1413394896.955760 2.348941 0.048613
1413394897.105761 2.357461 0.042454
1413394897.205760 2.363281 0.038405
1413394897.305761 2.369111 0.034817
1413394897.355760 2.371118 0.033310
1413394897.455760 2.374555 0.030901
1413394897.505760 2.378229 0.029992
1413394897.605761 2.379874 0.027502
1413394897.655760 2.381211 0.027010
1413394897.755760 2.382450 0.026281
1413394897.855760 2.383842 0.025783
1413394897.955760 2.386848 0.025387
1413394898.005760 2.387665 0.025209
1413394898.105761 2.387978 0.025015
1413394898.205760 2.384987 0.024894
1413394898.305761 2.381524 0.024819
1413394898.405761 2.377848 0.024763
1413394898.505760 2.374981 0.024735
1413394898.605761 2.373863 0.024665
1413394898.755760 2.372276 0.024447
1413394898.955760 2.371011 0.023921
1413394899.205760 2.370655 0.022883
1413394899.455760 2.374225 0.021537
1413394899.605761 2.375337 0.020718
1413394899.755760 2.377279 0.020059
1413394899.855760 2.379045 0.019678
1413394899.955760 2.379632 0.019335
1413394900.055760 2.382395 0.019051
1413394900.155760 2.383735 0.018799
1413394900.255760 2.384966 0.018624
1413394900.355760 2.384911 0.018507
1413394900.455760 2.385811 0.018415
1413394900.605761 2.386313 0.018321
1413394900.705760 2.386611 0.018269
1413394900.805761 2.386021 0.018228
1413394900.905761 2.386794 0.018165
1413394901.005760 2.390207 0.018107
1413394901.105761 2.390908 0.018024
1413394901.205760 2.390160 0.017937
1413394901.255760 2.389257 0.017896
1413394901.355760 2.388590 0.017828
1413394901.455760 2.386595 0.017764
1413394901.555760 2.385955 0.017737
1413394901.655760 2.385775 0.017711
1413394901.755760 2.384705 0.017682
1413394901.855760 2.383398 0.017649
1413394901.955760 2.383622 0.017630
1413394902.055760 2.382848 0.017596
1413394902.155760 2.382446 0.017565
1413394902.255760 2.381376 0.017523
1413394902.355760 2.379768 0.017471
1413394902.455760 2.379479 0.017427
1413394902.555760 2.379520 0.017376
1413394902.655760 2.379393 0.017322
1413394902.755760 2.380172 0.017277
1413394902.855760 2.380342 0.017227
1413394902.955760 2.379995 0.017173
1413394903.155760 2.381535 0.017073
1413394903.255760 2.381447 0.017014
1413394903.455760 2.384136 0.016909
1413394903.605761 2.384708 0.016832
1413394903.755760 2.384276 0.016757
1413394903.955760 2.384135 0.016693
1413394904.155760 2.383061 0.016651
1413394904.305761 2.382200 0.016633
1413394904.455760 2.381745 0.016604
1413394904.555760 2.381604 0.016577
1413394904.655760 2.381424 0.016547
1413394904.755760 2.380909 0.016520
1413394904.855760 2.380616 0.016493
1413394904.955760 2.380805 0.016480
1413394905.055760 2.381328 0.016473
1413394905.205760 2.380790 0.016465
1413394905.305761 2.380419 0.016465
1413394905.355760 2.380660 0.016463
1413394905.455760 2.381504 0.016464
1413394905.555760 2.381501 0.016463
1413394905.705760 2.382634 0.016443
1413394905.755760 2.382859 0.016423
1413394905.855760 2.382653 0.016380
1413394905.955760 2.382498 0.016359
1413394906.055760 2.381005 0.016340
1413394906.105761 2.381099 0.016338
1413394906.255760 2.381108 0.016331
1413394906.355760 2.381551 0.016314
1413394906.455760 2.381781 0.016291
1413394906.555760 2.381922 0.016266
1413394906.655760 2.382194 0.016252
1413394906.755760 2.381059 0.016242
1413394906.855760 2.381315 0.016239
1413394906.955760 2.381764 0.016237
1413394907.055760 2.380446 0.016236
1413394907.305761 2.380387 0.016198
1413394907.405761 2.380149 0.016168
1413394907.455760 2.379529 0.016150
1413394907.555760 2.379327 0.016130
1413394907.655760 2.378367 0.016120
1413394907.755760 2.378409 0.016104
1413394907.855760 2.378191 0.016087
1413394907.905761 2.378764 0.016074
1413394908.005760 2.379861 0.016065
1413394908.105761 2.381186 0.016059
1413394908.205760 2.382018 0.016054
1413394908.305761 2.381769 0.016051
1413394908.355760 2.381492 0.016047
1413394908.455760 2.381249 0.016045
1413394908.605761 2.381649 0.016029
1413394908.705760 2.381289 0.015999
1413394908.805761 2.379818 0.015967
1413394908.905761 2.377669 0.015945
1413394908.955760 2.377719 0.015932
1413394909.105761 2.376452 0.015917
1413394909.205760 2.376877 0.015908
1413394909.305761 2.377062 0.015903
1413394909.405761 2.377193 0.015900
1413394909.555760 2.377445 0.015897
1413394909.655760 2.377422 0.015895
1413394909.755760 2.377743 0.015894
1413394909.855760 2.377343 0.015889
1413394910.055760 2.377286 0.015885
1413394910.155760 2.377339 0.015880
1413394910.255760 2.377225 0.015876
1413394910.355760 2.376928 0.015874
1413394910.605761 2.376923 0.015866
1413394910.705760 2.376953 0.015860
1413394910.755760 2.377017 0.015857
1413394910.855760 2.377180 0.015855
1413394911.005760 2.377181 0.015853
1413394911.105761 2.377238 0.015850
1413394911.205760 2.376862 0.015840
1413394911.305761 2.376929 0.015831
1413394911.405761 2.376674 0.015825
1413394911.505760 2.376332 0.015824
1413394911.655760 2.376710 0.015817
1413394911.755760 2.376765 0.015810
1413394911.855760 2.376751 0.015809
1413394912.105761 2.376553 0.015805
1413394912.205760 2.376618 0.015805
1413394912.305761 2.376770 0.015804
1413394912.455760 2.377243 0.015798
1413394912.605761 2.377975 0.015786
1413394912.705760 2.378486 0.015778
1413394912.855760 2.378987 0.015765
1413394913.005760 2.379546 0.015757
1413394913.205760 2.380039 0.015750
1413394913.355760 2.380596 0.015745
1413394913.505760 2.380802 0.015741
1413394913.655760 2.381245 0.015737
1413394913.805761 2.381307 0.015732
1413394913.905761 2.381295 0.015726
1413394914.005760 2.381137 0.015717
1413394914.155760 2.381008 0.015701
1413394914.305761 2.380797 0.015692
1413394914.455760 2.381438 0.015687
1413394914.555760 2.381948 0.015680
1413394914.655760 2.382551 0.015674
1413394914.755760 2.382973 0.015669
1413394914.905761 2.383460 0.015660
1413394915.055760 2.384238 0.015652
1413394915.205760 2.384695 0.015642
1413394915.305761 2.385073 0.015632
1413394915.405761 2.385295 0.015622
1413394915.505760 2.385601 0.015607
1413394915.605761 2.385937 0.015591
1413394915.705760 2.385855 0.015564
1413394915.805761 2.386189 0.015551
1413394915.905761 2.386362 0.015536
1413394916.005760 2.386613 0.015526
1413394916.105761 2.386678 0.015512
1413394916.205760 2.386887 0.015504
1413394916.305761 2.386531 0.015494
1413394916.405761 2.386787 0.015488
1413394916.505760 2.387199 0.015482
1413394916.605761 2.387384 0.015479
1413394916.705760 2.387558 0.015478
1413394916.755760 2.387303 0.015474
1413394916.955760 2.386846 0.015471
1413394917.055760 2.386841 0.015469
1413394917.255760 2.386971 0.015463
1413394917.455760 2.387364 0.015459
1413394917.655760 2.387729 0.015455
1413394917.855760 2.387627 0.015444
1413394917.955760 2.388117 0.015437
1413394918.155760 2.388646 0.015420
1413394918.255760 2.389143 0.015411
1413394918.455760 2.390020 0.015391
1413394918.555760 2.389997 0.015381
1413394918.755760 2.389546 0.015369
1413394918.855760 2.390069 0.015359
1413394919.055760 2.390152 0.015352
1413394919.155760 2.390192 0.015350
1413394919.355760 2.389568 0.015338
1413394919.455760 2.389776 0.015334
1413394919.655760 2.390020 0.015331
1413394919.755760 2.390798 0.015328
1413394919.955760 2.391708 0.015325
1413394920.055760 2.391593 0.015325
1413394920.255760 2.392170 0.015324
1413394920.455760 2.393223 0.015321
1413394920.655760 2.394565 0.015314
1413394920.855760 2.393112 0.015300
1413394921.055760 2.393761 0.015292
1413394921.155760 2.393992 0.015290
1413394921.355760 2.393902 0.015277
1413394921.555760 2.392328 0.015275
1413394921.655760 2.391623 0.015270
1413394921.855760 2.389710 0.015261
1413394921.955760 2.389636 0.015260
1413394922.155760 2.389269 0.015259
1413394922.255760 2.388669 0.015258
1413394922.455760 2.388053 0.015257
1413394922.555760 2.389292 0.015257
1413394922.755760 2.391628 0.015252
1413394922.855760 2.392589 0.015251
1413394923.055760 2.393489 0.015248
1413394923.155760 2.393823 0.015248
1413394923.355760 2.393647 0.015247
1413394923.455760 2.393502 0.015246
1413394923.655760 2.393935 0.015246
1413394923.755760 2.394543 0.015245
1413394923.955760 2.394774 0.015242
1413394924.055760 2.394412 0.015242
1413394924.255760 2.394199 0.015239
1413394924.355760 2.393533 0.015239
1413394924.555760 2.393526 0.015236
1413394924.655760 2.393869 0.015237
1413394924.855760 2.393754 0.015235
1413394925.005760 2.393359 0.015235
1413394925.155760 2.393395 0.015233
1413394925.305761 2.393400 0.015234
1413394925.505760 2.393853 0.015229
1413394925.605761 2.394089 0.015225
1413394925.755760 2.393769 0.015218
1413394925.905761 2.394259 0.015211
1413394926.055760 2.393296 0.015206
1413394926.205760 2.393669 0.015205
1413394926.355760 2.393545 0.015201
1413394926.505760 2.393473 0.015199
1413394926.605761 2.393838 0.015198
1413394926.655760 2.394409 0.015198
1413394926.755760 2.394210 0.015197
1413394926.855760 2.394306 0.015196
1413394926.955760 2.393897 0.015194
1413394927.055760 2.393903 0.015193
1413394927.155760 2.393915 0.015193
1413394927.255760 2.393953 0.015191
1413394927.405761 2.394078 0.015188
1413394927.555760 2.394308 0.015188
1413394927.655760 2.394195 0.015186
1413394927.755760 2.394107 0.015185
1413394927.855760 2.393907 0.015184
1413394927.955760 2.393818 0.015185
1413394928.105761 2.393885 0.015184
1413394928.255760 2.393901 0.015182
1413394928.405761 2.394070 0.015184
1413394928.555760 2.394089 0.015184
1413394928.755760 2.394156 0.015182
1413394928.955760 2.394191 0.015182
1413394929.155760 2.394233 0.015181
1413394929.355760 2.394486 0.015182
1413394929.555760 2.394414 0.015182
1413394929.805761 2.394071 0.015179
1413394930.055760 2.393759 0.015179
1413394930.255760 2.393789 0.015179
1413394930.405761 2.393863 0.015178
1413394930.505760 2.393957 0.015174
1413394930.605761 2.394272 0.015176
1413394930.705760 2.394160 0.015177
1413394930.855760 2.394240 0.015175
1413394930.955760 2.393767 0.015173
1413394931.005760 2.393447 0.015176
1413394931.155760 2.393399 0.015173
1413394931.405761 2.393135 0.015174
1413394931.505760 2.393145 0.015174
1413394931.655760 2.392504 0.015172
1413394931.855760 2.392140 0.015171
1413394932.005760 2.391962 0.015168
1413394932.105761 2.392218 0.015170
1413394932.205760 2.392965 0.015168
1413394932.305761 2.393226 0.015171
1413394932.405761 2.393023 0.015167
1413394932.505760 2.393001 0.015167
1413394932.655760 2.392991 0.015168
1413394932.805761 2.392734 0.015167
1413394932.955760 2.392472 0.015168
1413394933.105761 2.392490 0.015168
1413394933.255760 2.392452 0.015168
1413394933.405761 2.392656 0.015166
1413394933.555760 2.393233 0.015166
1413394933.705760 2.392969 0.015166
1413394933.855760 2.392959 0.015165
1413394934.005760 2.393106 0.015165
1413394934.155760 2.393244 0.015165
1413394934.305761 2.393373 0.015166
1413394934.405761 2.393381 0.015165
1413394934.505760 2.393364 0.015164
1413394934.605761 2.393313 0.015164
1413394934.755760 2.393252 0.015163
1413394935.005760 2.393495 0.015161
1413394935.255760 2.393207 0.015160
1413394935.455760 2.393193 0.015159
1413394935.655760 2.393617 0.015159
1413394935.905761 2.393750 0.015159
1413394936.055760 2.393453 0.015157
1413394936.205760 2.393101 0.015157
1413394936.305761 2.393984 0.015158
1413394936.505760 2.393873 0.015157
1413394936.605761 2.393270 0.015156
1413394936.805761 2.393066 0.015157
1413394936.905761 2.393156 0.015154
1413394937.105761 2.392907 0.015154
1413394937.205760 2.392757 0.015154
1413394937.305761 2.392361 0.015152
1413394937.455760 2.391992 0.015149
1413394937.655760 2.390801 0.015147
1413394937.755760 2.389510 0.015145
1413394937.955760 2.387367 0.015140
1413394938.055760 2.387259 0.015137
1413394938.255760 2.385865 0.015136
1413394938.355760 2.385517 0.015133
1413394938.555760 2.384440 0.015123
1413394938.655760 2.384957 0.015122
1413394938.855760 2.384928 0.015121
1413394938.955760 2.385607 0.015120
1413394939.155760 2.385438 0.015118
1413394939.255760 2.385562 0.015117
1413394939.455760 2.385655 0.015115
1413394939.555760 2.385048 0.015114
1413394939.755760 2.384556 0.015111
1413394939.855760 2.384776 0.015112
1413394940.055760 2.384484 0.015112
1413394940.255760 2.384022 0.015112
1413394940.455760 2.384454 0.015112
1413394940.555760 2.384382 0.015110
1413394940.755760 2.385372 0.015110
1413394940.955760 2.385608 0.015109
1413394941.055760 2.385839 0.015109
1413394941.205760 2.385952 0.015107
1413394941.305761 2.385808 0.015108
1413394941.505760 2.386134 0.015108
1413394941.605761 2.386515 0.015107
1413394941.755760 2.386857 0.015108
1413394941.855760 2.386877 0.015107
1413394941.955760 2.386103 0.015106
1413394942.055760 2.386103 0.015106
1413394942.155760 2.385975 0.015107
1413394942.255760 2.386055 0.015106
1413394942.355760 2.385805 0.015105
1413394942.455760 2.386581 0.015105
1413394942.555760 2.384098 0.015098
1413394942.655760 2.384344 0.015099
1413394942.755760 2.386866 0.015101
1413394942.805761 2.384513 0.015095
1413394942.905761 2.386114 0.015098
1413394942.955760 2.385331 0.015096
1413394943.055760 2.385571 0.015096
1413394943.155760 2.385118 0.015095
1413394943.255760 2.385447 0.015094
1413394943.355760 2.385802 0.015094
1413394943.455760 2.386254 0.015093
1413394943.605761 2.386902 0.015092
1413394943.705760 2.387158 0.015093
1413394943.855760 2.387576 0.015091
1413394944.005760 2.387974 0.015090
1413394944.155760 2.387862 0.015092
1413394944.355760 2.387146 0.015091
1413394944.505760 2.386817 0.015093
1413394944.655760 2.386671 0.015090
1413394944.755760 2.386894 0.015092
1413394944.855760 2.386617 0.015091
1413394945.005760 2.386819 0.015088
1413394945.105761 2.386139 0.015089
1413394945.205760 2.386517 0.015089
1413394945.305761 2.386659 0.015088
1413394945.405761 2.386328 0.015088
1413394945.505760 2.386376 0.015087
1413394945.605761 2.386410 0.015087
1413394945.705760 2.386309 0.015086
1413394945.805761 2.386505 0.015086
1413394945.905761 2.386548 0.015085
1413394946.005760 2.386420 0.015085
1413394946.155760 2.386308 0.015084
1413394946.255760 2.386267 0.015084
1413394946.355760 2.386244 0.015084
1413394946.555760 2.386063 0.015082
1413394946.655760 2.385714 0.015081
1413394946.855760 2.385564 0.015081
1413394946.955760 2.385425 0.015081
1413394947.155760 2.385506 0.015079
1413394947.255760 2.385478 0.015080
1413394947.455760 2.386061 0.015079
1413394947.555760 2.386189 0.015080
1413394947.755760 2.386428 0.015081
1413394947.955760 2.386769 0.015080
1413394948.055760 2.386320 0.015079
1413394948.255760 2.386615 0.015078
1413394948.355760 2.386232 0.015077
1413394948.555760 2.386282 0.015076
1413394948.655760 2.386207 0.015076
1413394948.955760 2.385900 0.015075
1413394949.155760 2.385789 0.015075
1413394949.355760 2.386102 0.015075
1413394949.555760 2.386316 0.015075
1413394949.655760 2.386221 0.015075
1413394949.855760 2.386175 0.015074
1413394950.055760 2.386277 0.015073
1413394950.155760 2.386337 0.015074
1413394950.355760 2.386942 0.015073
1413394950.555760 2.387093 0.015074
1413394950.755760 2.386329 0.015073
1413394950.855760 2.386316 0.015073
1413394951.055760 2.386194 0.015074
1413394951.155760 2.386441 0.015074
1413394951.355760 2.386278 0.015074
1413394951.455760 2.386011 0.015071
1413394951.655760 2.386091 0.015073
1413394951.855760 2.385808 0.015072
1413394951.955760 2.385900 0.015071
1413394952.155760 2.385342 0.015071
1413394952.355760 2.385274 0.015070
1413394952.455760 2.385108 0.015071
1413394952.655760 2.384926 0.015070
1413394952.855760 2.385959 0.015071
1413394953.055760 2.385833 0.015068
1413394953.355760 2.386100 0.015068
1413394953.555760 2.385850 0.015068
1413394953.655760 2.386032 0.015069
1413394953.855760 2.386101 0.015069
1413394954.055760 2.386194 0.015069
1413394954.155760 2.386299 0.015068
1413394954.355760 2.386198 0.015069
1413394954.555760 2.386146 0.015069
1413394954.655760 2.385796 0.015069
1413394954.855760 2.385468 0.015068
1413394954.955760 2.385561 0.015067
1413394955.155760 2.385740 0.015070
1413394955.255760 2.385953 0.015070
1413394955.455760 2.385700 0.015070
1413394955.555760 2.385247 0.015068
1413394955.755760 2.385264 0.015069
1413394955.855760 2.385401 0.015068
1413394955.955760 2.385165 0.015069
1413394956.105761 2.385012 0.015068
1413394956.205760 2.385144 0.015068
1413394956.405761 2.385335 0.015069
1413394956.505760 2.385417 0.015069
1413394956.655760 2.385411 0.015068
1413394956.755760 2.385499 0.015068
1413394957.005760 2.385425 0.015068
1413394957.105761 2.385044 0.015068
1413394957.205760 2.384919 0.015068
1413394957.305761 2.385080 0.015068
1413394957.405761 2.385367 0.015068
1413394957.605761 2.385410 0.015067
1413394957.705760 2.385419 0.015067
1413394957.805761 2.385599 0.015067
1413394958.055760 2.385741 0.015067
1413394958.155760 2.385645 0.015067
1413394958.255760 2.385572 0.015066
1413394958.355760 2.385366 0.015067
1413394958.505760 2.385623 0.015066
1413394958.605761 2.385601 0.015065
1413394958.705760 2.385679 0.015066
1413394958.905761 2.385522 0.015067
1413394959.005760 2.385445 0.015067
1413394959.105761 2.385442 0.015066
1413394959.205760 2.385658 0.015066
1413394959.305761 2.385582 0.015066
1413394959.455760 2.385469 0.015066
1413394959.555760 2.385390 0.015066
1413394959.655760 2.385386 0.015066
1413394959.755760 2.385021 0.015065
1413394959.905761 2.384767 0.015065
1413394960.005760 2.384831 0.015065
1413394960.055760 2.385143 0.015064
1413394960.155760 2.385384 0.015065
1413394960.255760 2.385895 0.015065
1413394960.405761 2.385657 0.015064
1413394960.505760 2.385396 0.015063
1413394960.605761 2.385241 0.015064
1413394960.705760 2.385303 0.015064
1413394960.805761 2.385344 0.015064
1413394960.905761 2.385050 0.015063
1413394960.955760 2.385317 0.015063
1413394961.055760 2.385498 0.015063
1413394961.255760 2.385520 0.015063
1413394961.355760 2.385228 0.015063
1413394961.455760 2.384902 0.015063
1413394961.605761 2.384868 0.015062
1413394961.705760 2.385041 0.015062
1413394961.805761 2.385139 0.015062
1413394961.905761 2.385106 0.015062
1413394962.055760 2.385199 0.015061
1413394962.155760 2.385072 0.015060
1413394962.305761 2.385203 0.015060
1413394962.455760 2.385247 0.015061
1413394962.555760 2.385172 0.015061
1413394962.655760 2.385160 0.015060
1413394962.755760 2.385117 0.015059
1413394962.855760 2.384853 0.015058
1413394962.955760 2.384861 0.015060
1413394963.105761 2.385377 0.015059
1413394963.205760 2.385687 0.015059
1413394963.355760 2.385710 0.015059
1413394963.455760 2.385469 0.015059
1413394963.555760 2.385232 0.015058
1413394963.655760 2.385019 0.015057
1413394963.755760 2.385503 0.015059
1413394963.855760 2.385202 0.015057
1413394963.955760 2.385150 0.015056
1413394964.055760 2.385285 0.015058
1413394964.105761 2.385419 0.015059
1413394964.205760 2.385681 0.015057
1413394964.305761 2.385971 0.015058
1413394964.405761 2.385846 0.015054
1413394964.505760 2.385762 0.015062
1413394964.605761 2.385756 0.015056
1413394964.705760 2.385772 0.015056
1413394964.805761 2.385847 0.015057
1413394964.905761 2.386260 0.015054
1413394965.105761 2.387204 0.015057
1413394965.155760 2.386681 0.015054
1413394965.255760 2.386968 0.015057
1413394965.355760 2.387854 0.015052
1413394965.505760 2.387046 0.015055
1413394965.655760 2.386728 0.015053
1413394965.755760 2.386741 0.015050
1413394965.905761 2.386714 0.015056
1413394966.055760 2.386831 0.015056
1413394966.205760 2.386621 0.015055
1413394966.305761 2.386596 0.015055
1413394966.355760 2.386445 0.015055
1413394966.455760 2.386767 0.015053
1413394966.555760 2.386938 0.015055
1413394966.655760 2.387012 0.015054
1413394966.755760 2.386774 0.015054
1413394966.805761 2.386579 0.015052
1413394966.955760 2.386343 0.015052
1413394967.055760 2.386175 0.015053
1413394967.155760 2.386175 0.015053
1413394967.305761 2.386429 0.015054
1413394967.405761 2.385835 0.015053
1413394967.505760 2.385526 0.015052
1413394967.605761 2.385436 0.015052
1413394967.705760 2.385277 0.015052
1413394967.855760 2.385369 0.015051
1413394967.955760 2.385116 0.015050
1413394968.055760 2.385264 0.015051
1413394968.205760 2.385730 0.015051
1413394968.455760 2.385388 0.015051
1413394968.705760 2.385349 0.015051
1413394968.955760 2.384846 0.015051
1413394969.055760 2.385137 0.015050
1413394969.255760 2.384860 0.015051
1413394969.455760 2.384743 0.015049
1413394969.655760 2.384699 0.015049
1413394969.855760 2.384989 0.015050
1413394970.055760 2.385342 0.015049
1413394970.255760 2.385522 0.015048
1413394970.355760 2.385098 0.015047
1413394970.555760 2.384673 0.015047
1413394970.755760 2.384932 0.015048
1413394970.955760 2.385660 0.015046
1413394971.255760 2.385869 0.015051
1413394971.455760 2.385610 0.015047
1413394971.655760 2.386578 0.015046
1413394971.755760 2.386011 0.015046
1413394971.955760 2.386022 0.015049
1413394972.055760 2.385661 0.015050
1413394972.255760 2.385853 0.015047
1413394972.355760 2.385769 0.015048
1413394972.555760 2.386093 0.015048
1413394972.655760 2.385517 0.015046
1413394972.855760 2.385238 0.015047
1413394972.955760 2.385238 0.015047
1413394973.055760 2.384438 0.015046
1413394973.155760 2.384090 0.015047
1413394973.255760 2.384040 0.015047
1413394973.355760 2.383759 0.015047
1413394973.405761 2.384064 0.015046
1413394973.505760 2.383904 0.015046
1413394973.605761 2.383930 0.015047
1413394973.705760 2.383757 0.015047
1413394973.805761 2.383658 0.015047
1413394973.905761 2.384010 0.015047
1413394974.005760 2.384333 0.015047
1413394974.105761 2.384203 0.015047
1413394974.205760 2.384210 0.015047
1413394974.305761 2.384194 0.015047
1413394974.405761 2.384231 0.015047
1413394974.505760 2.384216 0.015047
1413394974.605761 2.384365 0.015047
1413394974.705760 2.384414 0.015047
1413394974.855760 2.384518 0.015046
1413394975.005760 2.384419 0.015047
1413394975.105761 2.384394 0.015046
1413394975.255760 2.384294 0.015046
1413394975.405761 2.384246 0.015046
1413394975.605761 2.384186 0.015045
1413394975.855760 2.384242 0.015046
1413394976.055760 2.384366 0.015045
1413394976.355760 2.383971 0.015045
1413394976.605761 2.383997 0.015045
1413394976.705760 2.384128 0.015044
1413394976.855760 2.384170 0.015044
1413394976.955760 2.384187 0.015044
1413394977.105761 2.383870 0.015044
1413394977.205760 2.383701 0.015043
1413394977.405761 2.383761 0.015044
1413394977.605761 2.383768 0.015045
1413394977.705760 2.383866 0.015044
1413394977.905761 2.383929 0.015044
1413394978.005760 2.383866 0.015043
1413394978.155760 2.383495 0.015042
1413394978.255760 2.383467 0.015043
1413394978.355760 2.383401 0.015042
1413394978.455760 2.383463 0.015043
1413394978.555760 2.383633 0.015042
1413394978.655760 2.383730 0.015043
1413394978.755760 2.383763 0.015043
1413394978.855760 2.383698 0.015042
1413394978.955760 2.383785 0.015043
1413394979.055760 2.383755 0.015042
1413394979.155760 2.383757 0.015041
1413394979.255760 2.383792 0.015042
1413394979.305761 2.383805 0.015041
1413394979.405761 2.383780 0.015042
1413394979.505760 2.383750 0.015045
1413394979.705760 2.383771 0.015043
1413394979.805761 2.383864 0.015039
1413394979.905761 2.383901 0.015040
1413394980.005760 2.383885 0.015041
1413394980.255760 2.383766 0.015041
1413394980.505760 2.384648 0.015042
1413394980.655760 2.383626 0.015041
1413394980.855760 2.383617 0.015043
1413394981.105761 2.383657 0.015044
1413394981.355760 2.383711 0.015042
1413394981.605761 2.383653 0.015042
1413394981.855760 2.383767 0.015041
1413394982.105761 2.383741 0.015041
1413394982.305761 2.383899 0.015040
1413394982.455760 2.383988 0.015041
1413394982.555760 2.384114 0.015040
1413394982.655760 2.383869 0.015040
1413394982.755760 2.383867 0.015040
1413394982.855760 2.383873 0.015041
1413394983.005760 2.383826 0.015041
1413394983.205760 2.384014 0.015042
1413394983.305761 2.383547 0.015041
1413394983.505760 2.383558 0.015041
1413394983.605761 2.383819 0.015037
1413394983.805761 2.383099 0.015041
1413394984.005760 2.382358 0.015041
1413394984.205760 2.382163 0.015043
1413394984.405761 2.383118 0.015044
1413394984.605761 2.383296 0.015041
1413394984.805761 2.383254 0.015043
1413394985.005760 2.383113 0.015041
1413394985.205760 2.383650 0.015043
1413394985.405761 2.384670 0.015044
1413394985.605761 2.384306 0.015043
1413394985.705760 2.384145 0.015043
1413394985.905761 2.384051 0.015042
1413394986.105761 2.384204 0.015044
1413394986.205760 2.384061 0.015041
1413394986.405761 2.383848 0.015044
1413394986.505760 2.384046 0.015041
1413394986.705760 2.384537 0.015042
1413394986.805761 2.384919 0.015043
1413394987.005760 2.384895 0.015042
1413394987.205760 2.384857 0.015041
1413394987.405761 2.384526 0.015042
1413394987.605761 2.384241 0.015043
1413394987.805761 2.383989 0.015041
1413394987.905761 2.384222 0.015036
1413394988.105761 2.384700 0.015037
1413394988.205760 2.384729 0.015039
1413394988.405761 2.384734 0.015034
1413394988.505760 2.384586 0.015032
1413394988.705760 2.385305 0.015037
1413394988.805761 2.384844 0.015040
1413394989.005760 2.384998 0.015039
1413394989.205760 2.385055 0.015040
1413394989.405761 2.384695 0.015033
1413394989.605761 2.384527 0.015038
1413394989.805761 2.385491 0.015038
1413394989.905761 2.385585 0.015045
1413394990.105761 2.384620 0.015030
1413394990.205760 2.384506 0.015039
1413394990.355760 2.384662 0.015043
1413394990.455760 2.384677 0.015037
1413394990.555760 2.384959 0.015039
1413394990.705760 2.384778 0.015035
1413394990.855760 2.384408 0.015038
1413394991.055760 2.384390 0.015038
1413394991.255760 2.384378 0.015039
1413394991.405761 2.384290 0.015035
1413394991.555760 2.384322 0.015037
1413394991.705760 2.384560 0.015038
1413394991.855760 2.384722 0.015041
1413394992.055760 2.384443 0.015037
1413394992.255760 2.384276 0.015037
1413394992.455760 2.384195 0.015038
1413394992.655760 2.383964 0.015038
1413394993.255760 2.383969 0.015037
1413394993.555760 2.383878 0.015040
1413394993.805761 2.383969 0.015036
1413394993.955760 2.383926 0.015037
1413394994.105761 2.384013 0.015036
