DelayedMarginalization 0.000968869 4.27789e-08 0.00177023 772
DelayedMarginalizationOnly 0.000445194 2.95257e-08 0.000812711 772
EF-marginalizeFrame 0.00145525 5.82658e-08 0.00239948 772
FullSystem::trackNewCoarse 0.00390085 7.65029e-07 0.0118991 1713
FullSystem::trackNewCoarseNoIMU 0.00409291 0.000108516 0.0707789 43
FullSystemOptimize 0.0411701 8.7381e-05 0.0976939 778
GraphUnrolling 0.0124026 0.000191932 0.0319756 4
IMUInitAddPose 2.80995e-05 1.32971e-09 0.00102427 778
IMUInitOptimize 0.003119 3.07759e-06 0.00695671 7
IMUIntegration::finishKeyframeOperations 5.82825e-05 3.07008e-10 0.0003827 766
InitializerFirstFrame 0.0465781 -nan 0.0465781 1
InitializerOtherFrames 0.139438 0.000460649 0.160374 8
MainMarginalization 0.00122025 4.88577e-08 0.00206091 772
MarginalizationReplacementBuildGraph 0.0015233 5.88443e-07 0.00206573 2
MarginalizationReplacementReplaceGraph 0.0223709 0.00019231 0.0321767 2
MarginalizeMainGraph 0.000522994 7.39054e-09 0.000959379 772
PGBA 0.0126446 0.000104811 0.0198838 2
PGBAFull 0.00768824 0.000101554 0.0220688 4
PrepareGraphForMainOptimization 0.0124832 0.000193674 0.0321443 4
VisualMarginalization 4.1986e-05 7.31506e-11 0.000125895 772
activatePointsMT 0.00391078 1.68783e-06 0.0168488 778
addActiveFrame 0.0450005 0.00129084 0.193799 1765
addIMUData 0.000722877 3.9964e-08 0.00146889 1713
addIMUDataToBA 4.06445e-05 7.68714e-10 0.000940749 1764
addKeyframeToBA 3.61111e-05 3.24845e-11 5.4771e-05 778
afterCoarseTracking 4.10555e-05 4.46726e-08 0.00302999 1756
baIteration 0.00684672 1.57252e-06 0.0171394 4064
baMatrixInversion 0.000240199 2.57945e-09 0.000707422 4064
baUpdateBuildHessians 0.000530434 9.2089e-09 0.00332412 4064
coarseTrackingIteration 0.000272279 5.87295e-09 0.000927294 15544
computeBAUpdate 0.000859683 2.03494e-08 0.00366696 4064
computeCoarseUpdate 0.000103651 6.13362e-10 0.000638098 14669
computeFactorForCoarseGraphAndMarginalCovariances 0.00334547 5.58874e-07 0.00795487 766
convertHAndBFromDSO 0.000158371 4.21267e-09 0.000617347 7152
debugPlot 1.00411e-07 2.31867e-15 4.31e-07 778
debugPlotIDepthMap 0.00369168 7.78185e-07 0.00901641 778
debugPlotIDepthMapFloat 1.58157e-07 1.33841e-15 4.36e-07 778
deliverTrackedFrame 0.0371725 0.00123095 0.1722 1757
flagFramesForMarginalization 1.89738e-06 3.31361e-12 5.037e-05 778
fullCoarseTracking 0.00478853 3.46053e-06 0.0708428 1756
initObjectsAndMakeImage 0.00256996 7.79841e-08 0.00438506 1765
makeKeyframe 0.0742782 0.000155007 0.171121 778
makeKeyframeChangeTrackingRef 0.00663287 2.19548e-06 0.0161818 778
makeNewTraces 0.00655122 1.08097e-06 0.0113431 778
makeNonKeyframe 0.00573945 4.63063e-06 0.0132324 979
marginalizeAndRemovePoints 0.00381759 1.632e-06 0.0148365 778
marginalizeFrame 0.00282437 2.98728e-07 0.00587453 772
marginalizeFrameOverhead 0.00136665 1.99477e-07 0.00442905 772
marginalizeFrames 0.00281052 4.57476e-07 0.00615515 778
newFrameAndNewResidualsForOldPoints 0.00104239 5.53404e-08 0.00233213 778
printBiases 3.15568e-05 1.60333e-10 0.000288447 778
printEigenValLine 1.22888e-07 9.52269e-16 4.05e-07 778
printLogLine 1.87425e-05 8.83235e-12 4.3051e-05 778
publishInMakeKeyframe 0.00036491 1.77363e-08 0.00174897 778
removeOutliers 0.000203382 4.98395e-09 0.000889815 778
swapTrackingRef 3.60012e-05 4.32986e-11 6.8483e-05 778
timeMeasurement 1.11531e-06 1.5065e-12 1.246e-05 1765
traceNewCoarse 0.00487032 4.55148e-06 0.0132178 1757
updateBAValues 6.63049e-06 8.79337e-12 0.000162343 6889
zero 1.24504e-07 7.04242e-14 1.1137e-05 1765
