1520530315.549643 1.157444 0.315538
1520530315.699637 1.167485 0.244786
1520530315.799640 1.159242 0.204510
1520530315.949645 1.164679 0.186072
1520530316.100221 1.158829 0.182676
1520530316.250226 1.158282 0.171507
1520530316.400230 1.163707 0.158451
1520530316.600278 1.164024 0.149561
1520530316.800284 1.162623 0.146907
1520530316.949773 1.169418 0.143005
1520530317.049776 1.183353 0.139817
1520530317.249782 1.192320 0.119042
1520530317.399745 1.187356 0.107690
1520530317.599752 1.180681 0.098495
1520530317.750237 1.175495 0.094447
1520530317.900242 1.171774 0.092745
1520530318.050246 1.169310 0.092035
1520530318.150816 1.172197 0.091687
1520530318.300772 1.174756 0.090749
1520530318.450777 1.186630 0.088438
1520530318.600567 1.194178 0.086047
1520530318.750571 1.197687 0.083595
1520530318.900576 1.200225 0.081711
1520530318.999955 1.207774 0.080323
1520530319.049958 1.212477 0.076466
1520530319.199962 1.222772 0.071965
1520530319.349967 1.223929 0.067410
1520530319.449833 1.218962 0.064550
1520530319.599838 1.218062 0.062288
1520530319.749942 1.212897 0.061594
1520530319.850343 1.211754 0.061431
1520530319.950346 1.212116 0.060685
1520530320.050349 1.213310 0.059192
1520530320.150352 1.214578 0.057762
1520530320.250402 1.213703 0.056535
1520530320.400407 1.210780 0.055281
1520530320.550412 1.208702 0.054142
1520530320.649871 1.209294 0.053121
1520530320.799876 1.212874 0.051037
1520530320.949880 1.217480 0.048792
1520530321.099742 1.216493 0.047023
1520530321.199745 1.217044 0.046198
1520530321.299749 1.212318 0.044923
1520530321.449856 1.210776 0.043676
1520530321.599860 1.210104 0.042719
1520530321.699863 1.209997 0.042255
1520530321.850152 1.213950 0.041708
1520530322.000157 1.218162 0.040906
1520530322.150162 1.221976 0.040252
1520530322.350210 1.218226 0.040006
1520530322.550216 1.220144 0.039768
1520530322.700026 1.227150 0.039344
1520530322.900065 1.227468 0.038309
1520530323.050036 1.224582 0.037751
1520530323.200077 1.224233 0.037348
1520530323.350082 1.225143 0.036933
1520530323.450085 1.230853 0.036231
1520530323.550346 1.230385 0.035220
1520530323.650349 1.228334 0.034420
1520530323.800354 1.228019 0.033800
1520530323.950154 1.228583 0.033431
1520530324.150160 1.228925 0.033141
1520530324.299908 1.229440 0.032797
1520530324.399911 1.232433 0.032595
1520530324.499994 1.231603 0.031137
1520530324.649919 1.229852 0.030789
1520530324.750020 1.230890 0.030630
1520530324.900024 1.231739 0.030517
1520530325.050029 1.232426 0.030407
1520530325.150817 1.233010 0.030265
1520530325.300822 1.231536 0.029824
1520530325.450827 1.234852 0.029402
1520530325.600915 1.238058 0.028629
1520530325.800921 1.239815 0.027911
1520530325.950541 1.238036 0.027523
1520530326.100546 1.240657 0.027263
1520530326.250551 1.237892 0.026936
1520530326.400206 1.236778 0.026751
1520530326.600213 1.236445 0.026585
1520530326.800428 1.236944 0.026567
1520530327.000434 1.237720 0.025951
1520530327.150431 1.239228 0.025425
1520530327.300436 1.239374 0.025039
1520530327.450441 1.239843 0.024772
1520530327.550090 1.241233 0.024583
1520530327.650103 1.240598 0.024291
1520530327.750096 1.240316 0.024030
1520530327.800097 1.240340 0.023917
1520530327.900100 1.240178 0.023778
1520530328.000280 1.240593 0.023601
1520530328.100283 1.241031 0.023390
1520530328.300290 1.242762 0.023220
1520530328.400337 1.242349 0.023132
1520530328.450338 1.243109 0.023109
1520530328.550342 1.242757 0.023067
1520530328.600344 1.243934 0.023057
1520530328.700347 1.243883 0.023033
1520530328.800086 1.244224 0.023000
1520530328.900089 1.245368 0.022927
1520530329.050093 1.246134 0.022720
1520530329.150097 1.245996 0.022567
1520530329.250095 1.246086 0.022382
1520530329.350049 1.247024 0.022177
1520530329.500053 1.245400 0.021848
1520530329.600097 1.245535 0.021732
1520530329.700100 1.245699 0.021652
1520530329.800104 1.246374 0.021592
1520530329.900107 1.246168 0.021541
1520530330.000110 1.246447 0.021452
1520530330.100162 1.246697 0.021297
1520530330.200165 1.247416 0.021096
1520530330.250167 1.247551 0.020986
1520530330.350170 1.247969 0.020743
1520530330.400172 1.248292 0.020631
1520530330.500788 1.247746 0.020494
1520530330.600792 1.247923 0.020453
1520530330.650793 1.248013 0.020440
1520530330.750797 1.248391 0.020410
1520530330.800798 1.248819 0.020370
1520530330.900277 1.248963 0.020280
1520530331.000280 1.249319 0.020159
1520530331.100283 1.249562 0.020057
1520530331.200286 1.252052 0.019987
1520530331.250735 1.251522 0.019940
1520530331.350738 1.251655 0.019899
1520530331.450741 1.250714 0.019892
1520530331.550744 1.249836 0.019886
1520530331.600746 1.250052 0.019868
1520530331.700481 1.249903 0.019776
1520530331.750483 1.250137 0.019683
1520530331.850486 1.250114 0.019448
1520530331.900488 1.250119 0.019308
1520530332.000491 1.250298 0.019045
1520530332.100388 1.250218 0.018827
1520530332.200392 1.250369 0.018668
1520530332.300399 1.249768 0.018559
1520530332.400401 1.249928 0.018515
1520530332.500483 1.249634 0.018496
1520530332.550483 1.249843 0.018491
1520530332.650488 1.249519 0.018485
1520530332.750491 1.250240 0.018447
1520530332.850494 1.250603 0.018382
1520530332.950166 1.251107 0.018316
1520530333.050169 1.251520 0.018263
1520530333.100171 1.251743 0.018243
1520530333.200174 1.252596 0.018211
1520530333.300608 1.252812 0.018152
1520530333.350610 1.253167 0.018120
1520530333.450613 1.253204 0.018069
1520530333.650619 1.252637 0.018042
1520530333.750542 1.253018 0.018016
1520530333.800544 1.253164 0.018017
1520530333.900547 1.252836 0.018013
1520530333.950549 1.252816 0.018005
1520530334.050551 1.252438 0.017961
1520530334.150218 1.254331 0.017832
1520530334.300222 1.255123 0.017665
1520530334.400225 1.255671 0.017586
1520530334.500228 1.255707 0.017520
1520530334.600088 1.255871 0.017465
1520530334.700091 1.256698 0.017433
1520530334.800094 1.256923 0.017396
1520530334.900097 1.256703 0.017349
1520530334.950928 1.256803 0.017332
1520530335.050931 1.256302 0.017306
1520530335.150934 1.256645 0.017294
1520530335.250937 1.256876 0.017280
1520530335.351457 1.257201 0.017270
1520530335.451459 1.256835 0.017263
1520530335.551462 1.256826 0.017250
1520530335.651465 1.257573 0.017242
1520530335.750223 1.257695 0.017241
1520530335.850226 1.258022 0.017234
1520530335.950229 1.258048 0.017209
1520530336.050232 1.258064 0.017181
1520530336.150177 1.257868 0.017154
1520530336.250180 1.258394 0.017113
1520530336.350183 1.258746 0.017047
1520530336.450186 1.259209 0.016975
1520530336.550582 1.259312 0.016884
1520530336.650586 1.259455 0.016822
1520530336.750588 1.259793 0.016781
1520530336.850591 1.259490 0.016745
1520530336.950594 1.259386 0.016722
1520530337.000258 1.259091 0.016707
1520530337.100266 1.259534 0.016662
1520530337.200351 1.259751 0.016631
1520530337.300267 1.259739 0.016602
1520530337.400301 1.259810 0.016581
1520530337.500304 1.259820 0.016556
1520530337.600307 1.260352 0.016531
1520530337.700310 1.261085 0.016487
1520530337.800854 1.261371 0.016398
1520530337.900857 1.262254 0.016310
1520530338.000860 1.263034 0.016225
1520530338.100863 1.263283 0.016161
1520530338.200470 1.262548 0.016111
1520530338.250473 1.262079 0.016101
1520530338.350476 1.261507 0.016084
1520530338.450479 1.261313 0.016069
1520530338.550482 1.261597 0.016057
1520530338.650261 1.261607 0.016032
1520530338.750266 1.261217 0.016002
1520530338.850267 1.260722 0.015971
1520530338.950270 1.260475 0.015945
1520530339.050959 1.259903 0.015907
1520530339.150962 1.260154 0.015887
1520530339.250965 1.260280 0.015870
1520530339.350968 1.260356 0.015861
1520530339.451687 1.260408 0.015856
1520530339.551690 1.260291 0.015857
1520530339.651693 1.260201 0.015846
1520530339.751697 1.260144 0.015833
1520530339.801698 1.260339 0.015823
1520530339.901057 1.261045 0.015810
1520530340.001061 1.261410 0.015788
1520530340.101063 1.261730 0.015774
1520530340.201067 1.262401 0.015753
1520530340.250395 1.262625 0.015738
1520530340.350399 1.262738 0.015707
1520530340.450401 1.262816 0.015670
1520530340.550404 1.263129 0.015639
1520530340.650347 1.263313 0.015611
1520530340.750350 1.263236 0.015599
1520530340.900354 1.263517 0.015588
1520530341.050774 1.263706 0.015581
1520530341.300782 1.264180 0.015563
1520530341.500713 1.264212 0.015558
1520530341.700719 1.264218 0.015550
1520530341.900542 1.264484 0.015534
1520530342.050546 1.264326 0.015514
1520530342.200551 1.264196 0.015493
1520530342.350675 1.264069 0.015457
1520530342.500679 1.264275 0.015430
1520530342.650684 1.264329 0.015396
1520530342.750644 1.264407 0.015368
1520530342.900649 1.264160 0.015300
1520530343.000653 1.264310 0.015242
1520530343.101131 1.264397 0.015168
1520530343.201134 1.264545 0.015089
1520530343.301138 1.264581 0.014982
1520530343.401141 1.264954 0.014890
1520530343.451144 1.265058 0.014833
1520530343.551476 1.264697 0.014716
1520530343.651407 1.265079 0.014601
1520530343.751410 1.265233 0.014461
1520530343.851414 1.265257 0.014321
1520530343.951402 1.265097 0.014182
1520530344.051405 1.265077 0.014041
1520530344.151408 1.265589 0.013922
1520530344.251411 1.265655 0.013775
1520530344.351408 1.265788 0.013652
1520530344.451412 1.266093 0.013543
1520530344.551415 1.266612 0.013447
1520530344.651418 1.266803 0.013346
1520530344.751636 1.266649 0.013244
1520530344.851639 1.266640 0.013165
1520530344.951642 1.267086 0.013111
1520530345.051645 1.267282 0.013039
1520530345.151845 1.267385 0.012981
1520530345.251745 1.267438 0.012922
1520530345.351748 1.267479 0.012877
1520530345.451751 1.267741 0.012834
1520530345.551195 1.267515 0.012794
1520530345.651198 1.267612 0.012761
1520530345.751201 1.267393 0.012726
1520530345.851204 1.267187 0.012701
1520530345.901206 1.267399 0.012691
1520530346.001475 1.267616 0.012672
1520530346.051476 1.267407 0.012658
1520530346.151479 1.267575 0.012637
1520530346.251483 1.267981 0.012624
1520530346.351486 1.268064 0.012604
1520530346.451378 1.268207 0.012593
1520530346.501379 1.268174 0.012586
1520530346.601382 1.267865 0.012575
1520530346.701385 1.267696 0.012564
1520530346.801545 1.267817 0.012556
1520530346.901548 1.268184 0.012549
1520530346.951549 1.268225 0.012544
1520530347.051553 1.268000 0.012540
1520530347.151556 1.268002 0.012533
1520530347.251402 1.268044 0.012529
1520530347.351405 1.268168 0.012523
1520530347.451408 1.268084 0.012519
1520530347.551411 1.267935 0.012515
1520530347.651220 1.267698 0.012512
1520530347.751223 1.267378 0.012509
1520530347.851226 1.267470 0.012504
1520530347.951229 1.267435 0.012501
1520530348.051164 1.267419 0.012498
1520530348.151168 1.267354 0.012496
1520530348.251170 1.267440 0.012495
1520530348.351173 1.267424 0.012495
1520530348.451416 1.267418 0.012493
1520530348.551419 1.267275 0.012493
1520530348.651423 1.267272 0.012491
1520530348.701425 1.267353 0.012491
1520530348.801428 1.267324 0.012490
1520530348.851315 1.267299 0.012490
1520530348.951318 1.267300 0.012489
1520530349.001320 1.267271 0.012489
1520530349.101323 1.267330 0.012490
1520530349.151325 1.267361 0.012489
1520530349.251106 1.267424 0.012488
1520530349.301107 1.267314 0.012488
1520530349.401110 1.267417 0.012487
1520530349.501114 1.267379 0.012487
1520530349.601117 1.267452 0.012484
1520530349.700937 1.267530 0.012486
1520530349.800940 1.267600 0.012484
1520530349.850941 1.267497 0.012485
1520530349.950944 1.267491 0.012484
1520530350.051376 1.267493 0.012484
1520530350.101378 1.267492 0.012481
1520530350.201381 1.267441 0.012483
1520530350.301384 1.267483 0.012482
1520530350.401387 1.267527 0.012480
1520530350.501516 1.267565 0.012479
1520530350.551518 1.267644 0.012479
1520530350.651521 1.267767 0.012478
1520530350.751524 1.267803 0.012478
1520530350.851527 1.267799 0.012477
1520530350.951573 1.267780 0.012476
1520530351.051576 1.267814 0.012474
1520530351.151579 1.267888 0.012474
1520530351.201581 1.267940 0.012473
1520530351.301683 1.268029 0.012472
1520530351.401685 1.268021 0.012471
1520530351.501759 1.267981 0.012470
1520530351.601688 1.268084 0.012469
1520530351.701695 1.267909 0.012467
1520530351.801698 1.268016 0.012466
1520530351.901701 1.267941 0.012465
1520530352.001704 1.267874 0.012466
1520530352.101805 1.267878 0.012464
1520530352.201808 1.267896 0.012463
1520530352.301811 1.267986 0.012462
1520530352.401814 1.267933 0.012463
1520530352.501469 1.267967 0.012460
1520530352.601472 1.267891 0.012462
1520530352.701475 1.267890 0.012459
1520530352.801478 1.268007 0.012459
1520530352.901098 1.268077 0.012455
1520530353.001101 1.267937 0.012458
1520530353.101208 1.267930 0.012456
1520530353.201107 1.267917 0.012456
1520530353.301110 1.267964 0.012456
1520530353.351398 1.267905 0.012456
1520530353.451401 1.267885 0.012455
1520530353.551404 1.268005 0.012454
1520530353.651407 1.267909 0.012455
1520530353.751736 1.268035 0.012454
1520530353.851739 1.267965 0.012454
1520530353.951742 1.268016 0.012452
1520530354.051745 1.267856 0.012452
1520530354.101747 1.267920 0.012452
1520530354.201897 1.267975 0.012452
1520530354.301900 1.267838 0.012450
1520530354.401904 1.267730 0.012450
1520530354.501907 1.267818 0.012450
1520530354.601593 1.267789 0.012450
1520530354.651595 1.267797 0.012449
1520530354.751597 1.267856 0.012448
1520530354.901602 1.267855 0.012449
1520530355.001360 1.267841 0.012446
1520530355.101363 1.267789 0.012446
1520530355.201366 1.267751 0.012447
1520530355.301370 1.267729 0.012446
1520530355.401407 1.267771 0.012446
1520530355.501410 1.267764 0.012446
1520530355.601414 1.267444 0.012444
1520530355.701417 1.267510 0.012444
1520530355.801531 1.267536 0.012443
1520530355.901534 1.267614 0.012445
1520530355.951536 1.267592 0.012444
1520530356.051539 1.267633 0.012444
1520530356.151542 1.267706 0.012444
1520530356.201376 1.267700 0.012443
1520530356.301379 1.267656 0.012444
1520530356.351380 1.267624 0.012444
1520530356.451383 1.267679 0.012444
1520530356.551386 1.267577 0.012443
1520530356.651234 1.267520 0.012443
1520530356.701236 1.267582 0.012443
1520530356.801239 1.267584 0.012443
1520530356.851240 1.267609 0.012443
1520530356.951243 1.267611 0.012443
1520530357.051154 1.267609 0.012442
1520530357.151157 1.267636 0.012443
1520530357.251160 1.267609 0.012442
1520530357.301162 1.267613 0.012442
1520530357.401658 1.267639 0.012442
1520530357.451660 1.267648 0.012441
1520530357.551663 1.267579 0.012442
1520530357.601666 1.267602 0.012442
1520530357.701667 1.267593 0.012442
1520530357.801671 1.267619 0.012441
1520530357.901559 1.267649 0.012441
1520530357.951560 1.267649 0.012441
1520530358.051563 1.267660 0.012441
1520530358.151567 1.267644 0.012441
1520530358.251625 1.267602 0.012441
1520530358.351628 1.267637 0.012440
1520530358.451631 1.267667 0.012440
1520530358.551634 1.267684 0.012439
1520530358.651798 1.267655 0.012440
1520530358.751801 1.267676 0.012439
1520530358.851805 1.267658 0.012439
1520530358.951808 1.267653 0.012438
1520530359.051806 1.267620 0.012439
1520530359.151809 1.267659 0.012439
1520530359.251812 1.267643 0.012438
1520530359.351815 1.267778 0.012438
1520530359.451919 1.267661 0.012437
1520530359.551871 1.267661 0.012438
1520530359.651874 1.267633 0.012437
1520530359.751878 1.267635 0.012438
1520530359.851881 1.267601 0.012438
1520530359.951828 1.267729 0.012437
1520530360.051831 1.267725 0.012437
1520530360.151834 1.267858 0.012436
1520530360.251837 1.267910 0.012436
1520530360.301316 1.267986 0.012435
1520530360.401319 1.267777 0.012436
1520530360.501323 1.267844 0.012436
1520530360.601326 1.267883 0.012435
1520530360.700978 1.268003 0.012435
1520530360.750980 1.267918 0.012436
1520530360.850983 1.268024 0.012434
1520530360.950988 1.268112 0.012435
1520530361.051064 1.268432 0.012432
1520530361.151045 1.268249 0.012434
1520530361.251048 1.268165 0.012433
1520530361.351051 1.268112 0.012434
1520530361.451055 1.268003 0.012434
1520530361.501690 1.267883 0.012431
1520530361.601693 1.267928 0.012431
1520530361.651695 1.267883 0.012427
1520530361.751698 1.267943 0.012433
1520530361.801700 1.268003 0.012434
1520530361.901939 1.267996 0.012434
1520530361.951941 1.268037 0.012433
1520530362.051944 1.268236 0.012433
1520530362.151947 1.268029 0.012432
1520530362.251950 1.268115 0.012433
1520530362.351623 1.268227 0.012432
1520530362.451626 1.268400 0.012431
1520530362.551629 1.268505 0.012431
1520530362.651727 1.268585 0.012430
1520530362.751364 1.268680 0.012429
1520530362.851367 1.268564 0.012428
1520530362.951370 1.268554 0.012429
1520530363.051374 1.268550 0.012429
1520530363.151650 1.268535 0.012428
1520530363.251653 1.268531 0.012427
1520530363.351656 1.268680 0.012427
1520530363.451659 1.268748 0.012428
1520530363.551745 1.268765 0.012427
1520530363.601746 1.268713 0.012428
1520530363.701749 1.268512 0.012428
1520530363.751751 1.268564 0.012428
1520530363.851754 1.268178 0.012424
1520530363.901756 1.268485 0.012426
1520530364.001782 1.268708 0.012427
1520530364.051784 1.268758 0.012427
1520530364.151786 1.268793 0.012427
1520530364.201788 1.268697 0.012423
1520530364.301791 1.268729 0.012427
1520530364.351792 1.268668 0.012427
1520530364.451854 1.268669 0.012426
1520530364.501856 1.268817 0.012424
1520530364.601859 1.268712 0.012426
1520530364.651861 1.268616 0.012427
1520530364.751864 1.268639 0.012427
1520530364.852377 1.268658 0.012427
1520530364.952380 1.268676 0.012427
1520530365.052383 1.268649 0.012427
1520530365.152386 1.268710 0.012427
1520530365.251846 1.268686 0.012427
1520530365.351849 1.268662 0.012426
1520530365.451852 1.268763 0.012426
1520530365.551855 1.268788 0.012426
1520530365.601535 1.268832 0.012425
1520530365.701539 1.268756 0.012426
1520530365.801546 1.268704 0.012424
1520530365.901545 1.268697 0.012425
1520530366.001907 1.268707 0.012425
1520530366.051908 1.268663 0.012424
1520530366.151911 1.268659 0.012425
1520530366.201913 1.268641 0.012425
1520530366.301916 1.268702 0.012425
1520530366.351918 1.268718 0.012424
1520530366.452121 1.268746 0.012425
1520530366.552125 1.268811 0.012424
1520530366.652128 1.268827 0.012424
1520530366.752132 1.268887 0.012424
1520530366.802133 1.268894 0.012424
1520530366.902167 1.268864 0.012424
1520530367.002170 1.268801 0.012424
1520530367.102178 1.268782 0.012424
1520530367.152175 1.268838 0.012424
1520530367.252540 1.268900 0.012424
1520530367.352543 1.268820 0.012423
1520530367.452546 1.268755 0.012423
1520530367.552549 1.268734 0.012424
1520530367.652264 1.268757 0.012424
1520530367.752267 1.268871 0.012423
1520530367.852271 1.268865 0.012424
1520530367.952274 1.268897 0.012423
1520530368.052124 1.268861 0.012423
1520530368.152127 1.268887 0.012423
1520530368.252130 1.268967 0.012422
1520530368.352134 1.268865 0.012423
1520530368.452048 1.268813 0.012423
1520530368.502050 1.268906 0.012422
1520530368.602053 1.268943 0.012423
1520530368.652054 1.268876 0.012422
1520530368.752057 1.268754 0.012423
1520530368.851389 1.269134 0.012419
1520530368.901391 1.268855 0.012422
1520530369.001394 1.268815 0.012422
1520530369.051395 1.268796 0.012422
1520530369.151398 1.268856 0.012422
1520530369.201400 1.268787 0.012422
1520530369.301537 1.268736 0.012422
1520530369.351538 1.268920 0.012423
1520530369.451542 1.269022 0.012422
1520530369.551545 1.269020 0.012422
1520530369.651548 1.268948 0.012422
1520530369.701896 1.268897 0.012421
1520530369.801900 1.268971 0.012422
1520530369.901903 1.269003 0.012422
1520530370.001906 1.268969 0.012422
1520530370.101930 1.268958 0.012422
1520530370.251934 1.269003 0.012422
1520530370.401938 1.269051 0.012422
1520530370.601899 1.269146 0.012422
1520530370.851892 1.269044 0.012421
1520530371.001944 1.269112 0.012422
1520530371.101947 1.269154 0.012422
1520530371.251952 1.269236 0.012421
1520530371.401953 1.269191 0.012421
1520530371.501956 1.269173 0.012421
1520530371.651961 1.269142 0.012421
1520530371.801961 1.269101 0.012421
1520530371.901964 1.269090 0.012421
1520530372.001968 1.269112 0.012421
1520530372.101971 1.269059 0.012419
1520530372.251958 1.269126 0.012420
1520530372.401963 1.269206 0.012420
1520530372.551956 1.269141 0.012421
1520530372.651960 1.269157 0.012421
1520530372.751963 1.269189 0.012421
1520530372.851966 1.269236 0.012420
1520530372.951617 1.269159 0.012421
1520530373.051620 1.269164 0.012421
1520530373.201626 1.269185 0.012422
1520530373.301629 1.269073 0.012421
1520530373.401458 1.268990 0.012420
1520530373.501461 1.268957 0.012420
1520530373.551463 1.268887 0.012419
1520530373.651466 1.268940 0.012420
1520530373.751469 1.268956 0.012420
1520530373.851583 1.268996 0.012420
1520530373.951586 1.269003 0.012420
1520530374.051589 1.269029 0.012420
1520530374.151592 1.269025 0.012420
1520530374.251955 1.269061 0.012420
1520530374.351958 1.269065 0.012420
1520530374.451961 1.269064 0.012419
1520530374.551964 1.269096 0.012420
1520530374.652408 1.269081 0.012420
1520530374.802413 1.269120 0.012419
1520530374.902417 1.269119 0.012420
1520530375.002442 1.269143 0.012420
1520530375.102445 1.269202 0.012420
1520530375.202449 1.269159 0.012420
1520530375.302452 1.269104 0.012420
1520530375.402252 1.269078 0.012420
1520530375.502216 1.269079 0.012418
1520530375.602219 1.269122 0.012420
1520530375.702222 1.269100 0.012418
1520530375.752223 1.269087 0.012419
1520530375.852258 1.269055 0.012420
1520530375.952261 1.269061 0.012419
1520530376.052264 1.269101 0.012420
1520530376.102265 1.269029 0.012419
1520530376.202270 1.269101 0.012420
1520530376.251950 1.269162 0.012418
1520530376.351954 1.269202 0.012419
1520530376.451957 1.269182 0.012420
1520530376.551960 1.269204 0.012419
1520530376.601961 1.269197 0.012419
1520530376.702664 1.269213 0.012419
1520530376.752666 1.269202 0.012420
1520530376.852669 1.269205 0.012420
1520530376.902671 1.269179 0.012420
1520530377.002721 1.269174 0.012420
1520530377.102900 1.269161 0.012419
1520530377.202903 1.269170 0.012419
1520530377.302906 1.269201 0.012420
1520530377.402909 1.269219 0.012420
1520530377.451719 1.269121 0.012419
1520530377.551722 1.269226 0.012418
1520530377.651725 1.269163 0.012419
1520530377.751728 1.269150 0.012419
1520530377.851407 1.269269 0.012419
1520530377.901409 1.269300 0.012419
1520530378.001412 1.269307 0.012419
1520530378.101416 1.269324 0.012419
1520530378.201419 1.269298 0.012419
1520530378.251420 1.269341 0.012419
1520530378.351513 1.269249 0.012419
1520530378.401515 1.269250 0.012419
1520530378.501517 1.269284 0.012418
1520530378.551519 1.269258 0.012419
1520530378.651522 1.269325 0.012419
1520530378.702209 1.269368 0.012419
1520530378.802212 1.269325 0.012419
1520530378.902215 1.269266 0.012418
1520530379.002218 1.269213 0.012419
1520530379.102149 1.269208 0.012419
1520530379.202152 1.269209 0.012419
1520530379.302155 1.269211 0.012419
1520530379.402159 1.269234 0.012419
1520530379.501850 1.269202 0.012419
1520530379.601853 1.269158 0.012419
1520530379.701856 1.269156 0.012419
1520530379.801860 1.269185 0.012419
1520530379.901824 1.269136 0.012419
1520530380.001827 1.269120 0.012419
1520530380.101830 1.269160 0.012419
1520530380.201888 1.269383 0.012419
1520530380.251835 1.269360 0.012418
1520530380.352160 1.269321 0.012419
1520530380.452163 1.269302 0.012418
1520530380.552166 1.269354 0.012418
1520530380.602168 1.269323 0.012418
1520530380.702171 1.269313 0.012418
1520530380.802136 1.269384 0.012418
1520530380.902139 1.269264 0.012418
1520530380.952141 1.269207 0.012418
1520530381.052144 1.269234 0.012418
1520530381.102146 1.269232 0.012418
1520530381.202049 1.269283 0.012418
1520530381.252051 1.269200 0.012418
1520530381.352054 1.269148 0.012419
1520530381.452057 1.269148 0.012419
1520530381.552262 1.269118 0.012419
1520530381.652265 1.269096 0.012418
1520530381.752268 1.269141 0.012419
1520530381.852271 1.269170 0.012419
1520530381.952332 1.269202 0.012419
1520530382.052335 1.269204 0.012419
1520530382.102337 1.269132 0.012419
1520530382.202340 1.269157 0.012419
1520530382.302343 1.269254 0.012419
1520530382.402160 1.269203 0.012419
1520530382.502164 1.269228 0.012419
1520530382.602167 1.269224 0.012419
1520530382.702170 1.269264 0.012418
1520530382.802244 1.269473 0.012419
1520530382.902248 1.269263 0.012419
1520530383.002250 1.269214 0.012419
1520530383.102253 1.269180 0.012419
1520530383.202206 1.269206 0.012418
1520530383.302209 1.269207 0.012419
1520530383.402267 1.269296 0.012419
1520530383.502216 1.269245 0.012419
1520530383.602472 1.269312 0.012418
1520530383.702475 1.269253 0.012419
1520530383.802478 1.269355 0.012419
1520530383.902481 1.269338 0.012419
1520530384.002530 1.269526 0.012419
1520530384.102533 1.269746 0.012419
1520530384.202536 1.269841 0.012419
1520530384.302539 1.269829 0.012419
1520530384.402432 1.269661 0.012418
1520530384.502435 1.269762 0.012417
1520530384.602439 1.269693 0.012418
1520530384.702442 1.269591 0.012418
1520530384.802857 1.269436 0.012419
1520530384.852858 1.269491 0.012418
1520530384.952861 1.269500 0.012419
1520530385.002916 1.269381 0.012419
1520530385.102866 1.269368 0.012419
1520530385.152867 1.269236 0.012419
1520530385.252705 1.269335 0.012419
1520530385.302707 1.269414 0.012419
1520530385.402710 1.269483 0.012419
1520530385.452712 1.269493 0.012418
1520530385.552715 1.269437 0.012419
1520530385.652486 1.269421 0.012419
1520530385.702487 1.269370 0.012419
1520530385.802491 1.269341 0.012419
1520530385.902494 1.269438 0.012419
1520530386.002497 1.269381 0.012419
1520530386.102546 1.269349 0.012419
1520530386.152547 1.269363 0.012419
1520530386.252550 1.269386 0.012419
1520530386.352553 1.269363 0.012419
1520530386.452758 1.269384 0.012419
1520530386.552761 1.269436 0.012419
1520530386.702766 1.269390 0.012419
1520530386.802769 1.269377 0.012419
1520530386.902676 1.269388 0.012419
1520530387.002679 1.269347 0.012419
1520530387.102682 1.269421 0.012418
1520530387.202685 1.269463 0.012419
1520530387.252606 1.269465 0.012419
1520530387.352609 1.269378 0.012419
1520530387.402611 1.269282 0.012419
1520530387.502614 1.269342 0.012419
1520530387.602617 1.269388 0.012419
1520530387.652619 1.269451 0.012417
1520530387.752459 1.269591 0.012419
1520530387.802460 1.269514 0.012419
1520530387.902463 1.269398 0.012419
1520530387.952465 1.269383 0.012418
1520530388.052468 1.269385 0.012419
1520530388.102494 1.269359 0.012419
1520530388.202544 1.269345 0.012419
1520530388.252499 1.269308 0.012419
1520530388.352502 1.269345 0.012419
1520530388.452505 1.269381 0.012419
1520530388.552854 1.269359 0.012419
1520530388.652857 1.269385 0.012419
1520530388.802861 1.269464 0.012420
1520530388.902233 1.269408 0.012420
1520530388.952235 1.269254 0.012416
1520530389.052238 1.269245 0.012418
1520530389.152242 1.269273 0.012418
1520530389.252245 1.269354 0.012418
1520530389.352936 1.269332 0.012419
1520530389.402938 1.269411 0.012419
1520530389.502940 1.269489 0.012419
1520530389.602943 1.269492 0.012419
1520530389.652948 1.269270 0.012418
1520530389.753403 1.269295 0.012419
1520530389.853406 1.269359 0.012419
1520530389.903408 1.269366 0.012419
1520530390.003411 1.269284 0.012419
1520530390.053412 1.269291 0.012418
1520530390.152569 1.269435 0.012419
1520530390.202569 1.269393 0.012418
1520530390.302572 1.269400 0.012419
1520530390.352575 1.269306 0.012419
1520530390.452578 1.269260 0.012418
1520530390.502578 1.269295 0.012418
1520530390.603326 1.269370 0.012420
1520530390.653327 1.269409 0.012419
1520530390.753331 1.269377 0.012419
1520530390.803333 1.269315 0.012419
1520530390.903336 1.269308 0.012419
1520530390.953379 1.269321 0.012419
1520530391.053383 1.269307 0.012419
1520530391.153385 1.269341 0.012419
1520530391.253388 1.269376 0.012419
1520530391.352333 1.269424 0.012418
1520530391.452336 1.269403 0.012420
1520530391.502338 1.269398 0.012419
1520530391.602341 1.269357 0.012419
1520530391.702344 1.269322 0.012419
1520530391.802426 1.269301 0.012419
1520530391.902429 1.269356 0.012418
1520530392.002432 1.269345 0.012419
1520530392.052433 1.269399 0.012419
1520530392.152436 1.269371 0.012419
1520530392.203142 1.269612 0.012419
1520530392.303145 1.269381 0.012419
1520530392.353147 1.269328 0.012419
1520530392.453150 1.269338 0.012419
1520530392.553153 1.269214 0.012419
1520530392.602235 1.269278 0.012418
1520530392.702237 1.269100 0.012419
1520530392.752239 1.269153 0.012419
1520530392.852242 1.269158 0.012419
1520530392.902243 1.269156 0.012419
1520530393.002174 1.269086 0.012419
1520530393.102156 1.269183 0.012418
1520530393.202159 1.269286 0.012419
1520530393.302161 1.269300 0.012419
1520530393.402921 1.269510 0.012419
1520530393.502924 1.269343 0.012420
1520530393.602927 1.269365 0.012420
1520530393.652929 1.269376 0.012419
1520530393.752932 1.269391 0.012417
1520530393.852959 1.269442 0.012419
1520530394.002964 1.269435 0.012419
1520530394.102968 1.269449 0.012419
1520530394.152969 1.269465 0.012419
1520530394.252167 1.269415 0.012418
1520530394.302169 1.269319 0.012419
1520530394.402172 1.269288 0.012419
1520530394.452173 1.269164 0.012418
1520530394.552176 1.269228 0.012419
1520530394.652876 1.269272 0.012419
1520530394.752879 1.269457 0.012417
1520530394.852882 1.269358 0.012419
1520530394.952885 1.269170 0.012417
1520530395.053731 1.269332 0.012419
1520530395.103732 1.269310 0.012418
1520530395.203735 1.269387 0.012417
1520530395.303738 1.269421 0.012420
1520530395.403742 1.269401 0.012419
1520530395.502707 1.269319 0.012419
1520530395.602710 1.269278 0.012418
1520530395.702713 1.269271 0.012418
1520530395.802716 1.269369 0.012419
1520530395.903079 1.269406 0.012419
1520530396.003083 1.269411 0.012419
1520530396.103085 1.269367 0.012419
1520530396.203089 1.269332 0.012419
1520530396.303237 1.269320 0.012419
1520530396.353238 1.269295 0.012419
1520530396.453241 1.269287 0.012419
1520530396.503243 1.269266 0.012418
1520530396.603246 1.269297 0.012419
1520530396.703145 1.269287 0.012419
1520530396.803148 1.269246 0.012419
1520530396.903152 1.269245 0.012419
1520530397.003155 1.269295 0.012418
1520530397.102782 1.269378 0.012418
1520530397.202785 1.269255 0.012418
1520530397.302788 1.269268 0.012417
1520530397.402791 1.269297 0.012418
1520530397.502304 1.269295 0.012418
1520530397.552306 1.269328 0.012418
1520530397.652309 1.269307 0.012419
1520530397.752312 1.269245 0.012418
1520530397.852315 1.269258 0.012418
1520530397.902585 1.269258 0.012418
1520530398.002588 1.269261 0.012419
1520530398.052589 1.269253 0.012418
1520530398.152592 1.269226 0.012419
1520530398.252596 1.269216 0.012418
1520530398.303365 1.269214 0.012419
1520530398.403368 1.269327 0.012420
1520530398.453370 1.269333 0.012420
1520530398.553373 1.269303 0.012420
1520530398.603375 1.269235 0.012419
1520530398.703221 1.269234 0.012419
1520530398.753223 1.269116 0.012419
1520530398.853226 1.269200 0.012419
1520530398.903227 1.269257 0.012419
1520530399.003230 1.269195 0.012418
1520530399.053232 1.269079 0.012418
1520530399.152330 1.269233 0.012417
1520530399.202332 1.269185 0.012417
1520530399.302335 1.269221 0.012419
1520530399.352336 1.269244 0.012418
1520530399.452339 1.269236 0.012419
1520530399.502341 1.269221 0.012418
1520530399.603008 1.269312 0.012419
1520530399.703011 1.269333 0.012418
1520530399.803014 1.269321 0.012419
1520530399.903017 1.269296 0.012419
1520530399.953275 1.269221 0.012419
1520530400.053278 1.269219 0.012419
1520530400.103279 1.269131 0.012419
1520530400.203283 1.269198 0.012419
1520530400.253284 1.269226 0.012419
1520530400.352494 1.269219 0.012419
1520530400.402496 1.269264 0.012417
1520530400.502500 1.269241 0.012417
1520530400.552501 1.269224 0.012416
1520530400.652504 1.269218 0.012417
1520530400.752291 1.269258 0.012419
1520530400.852294 1.269234 0.012418
1520530400.902295 1.269186 0.012414
1520530401.002299 1.269190 0.012419
1520530401.102302 1.269276 0.012418
1520530401.152303 1.269256 0.012419
1520530401.252756 1.269240 0.012419
1520530401.302758 1.269300 0.012419
1520530401.402761 1.269412 0.012419
1520530401.452763 1.269309 0.012419
1520530401.552766 1.269274 0.012419
1520530401.653039 1.269306 0.012419
1520530401.753042 1.269389 0.012418
1520530401.853045 1.269314 0.012419
1520530401.903047 1.269215 0.012419
1520530402.002281 1.269196 0.012419
1520530402.052283 1.269203 0.012419
1520530402.152286 1.269207 0.012419
1520530402.202287 1.269215 0.012419
1520530402.302290 1.269216 0.012419
1520530402.352292 1.269213 0.012419
1520530402.452569 1.269220 0.012419
1520530402.502571 1.269225 0.012419
1520530402.602574 1.269156 0.012420
1520530402.702577 1.269199 0.012419
1520530402.803416 1.269194 0.012419
1520530402.853417 1.269124 0.012418
1520530402.953420 1.269159 0.012419
1520530403.003422 1.269166 0.012418
1520530403.103425 1.269374 0.012419
1520530403.202933 1.269462 0.012419
1520530403.252935 1.269267 0.012418
1520530403.352938 1.269296 0.012419
1520530403.452941 1.269186 0.012419
1520530403.502943 1.269031 0.012418
1520530403.602946 1.269009 0.012419
1520530403.652254 1.269235 0.012418
1520530403.752257 1.269232 0.012419
1520530403.802258 1.269213 0.012417
1520530403.902261 1.269164 0.012419
1520530403.952263 1.269213 0.012418
1520530404.052745 1.269540 0.012419
1520530404.152748 1.269288 0.012419
1520530404.202749 1.269168 0.012413
1520530404.302752 1.269252 0.012419
1520530404.402755 1.269183 0.012419
1520530404.453112 1.269171 0.012418
1520530404.553115 1.269222 0.012420
1520530404.653119 1.269230 0.012419
1520530404.703120 1.269189 0.012419
1520530404.803123 1.269186 0.012419
1520530404.852642 1.269174 0.012419
1520530404.952645 1.269195 0.012419
1520530405.002647 1.269239 0.012419
1520530405.102650 1.269219 0.012419
1520530405.152651 1.269171 0.012418
1520530405.252327 1.269201 0.012419
1520530405.302330 1.269216 0.012419
1520530405.402333 1.269206 0.012419
1520530405.452334 1.269221 0.012419
1520530405.552337 1.269243 0.012419
1520530405.602339 1.269247 0.012418
1520530405.702792 1.269214 0.012418
1520530405.752795 1.269200 0.012419
1520530405.852855 1.269167 0.012416
1520530405.902800 1.269219 0.012419
1520530406.002803 1.269193 0.012419
1520530406.103570 1.269224 0.012419
1520530406.153570 1.269279 0.012419
1520530406.253574 1.269306 0.012419
1520530406.303576 1.269350 0.012419
1520530406.403579 1.269348 0.012419
1520530406.453580 1.269296 0.012419
1520530406.553487 1.269273 0.012418
1520530406.653490 1.269272 0.012418
1520530406.753493 1.269155 0.012419
1520530406.853497 1.268970 0.012418
1520530406.902692 1.269042 0.012419
1520530407.002694 1.269075 0.012414
1520530407.052696 1.269095 0.012418
1520530407.152699 1.269226 0.012418
1520530407.202701 1.269289 0.012418
1520530407.303185 1.269236 0.012419
1520530407.353185 1.269161 0.012418
1520530407.453221 1.269132 0.012419
1520530407.503190 1.269237 0.012418
1520530407.603193 1.269198 0.012418
1520530407.653194 1.269245 0.012418
1520530407.753511 1.269260 0.012418
1520530407.803513 1.269243 0.012418
1520530407.903516 1.269237 0.012418
1520530407.953518 1.269248 0.012418
1520530408.053521 1.269241 0.012418
1520530408.103522 1.269240 0.012419
1520530408.203605 1.269199 0.012419
1520530408.303608 1.269162 0.012418
1520530408.403612 1.269171 0.012418
1520530408.503614 1.269182 0.012418
1520530408.553374 1.269185 0.012418
1520530408.653377 1.269109 0.012417
1520530408.753380 1.269036 0.012417
1520530408.853383 1.269051 0.012417
1520530408.952878 1.269102 0.012418
1520530409.002880 1.269142 0.012417
1520530409.102883 1.268997 0.012415
1520530409.202886 1.269069 0.012418
1520530409.302889 1.269116 0.012416
1520530409.402904 1.269236 0.012418
1520530409.502907 1.269316 0.012417
1520530409.602910 1.269590 0.012417
1520530409.702913 1.269600 0.012418
1520530409.802656 1.269315 0.012418
1520530409.902659 1.269130 0.012418
1520530410.002662 1.269301 0.012386
1520530410.102666 1.269345 0.012404
1520530410.153223 1.269312 0.012413
1520530410.253226 1.269233 0.012416
1520530410.353231 1.269245 0.012417
1520530410.453232 1.269193 0.012418
1520530410.553235 1.269151 0.012417
1520530410.653876 1.269108 0.012418
1520530410.753879 1.269161 0.012418
1520530410.853882 1.269175 0.012418
1520530410.953885 1.269202 0.012418
1520530411.053420 1.269184 0.012418
1520530411.203424 1.269206 0.012419
1520530411.353429 1.269184 0.012419
1520530411.453010 1.269114 0.012418
1520530411.553013 1.269176 0.012418
1520530411.653017 1.269140 0.012417
1520530411.703018 1.269124 0.012418
1520530411.802907 1.269151 0.012417
1520530411.852907 1.269081 0.012417
1520530411.952910 1.269136 0.012418
1520530412.002912 1.269187 0.012418
1520530412.102915 1.269167 0.012418
1520530412.152916 1.269138 0.012418
1520530412.253417 1.269163 0.012418
1520530412.353420 1.269188 0.012418
1520530412.453423 1.269206 0.012418
1520530412.503425 1.269229 0.012418
1520530412.603428 1.269181 0.012418
1520530412.703631 1.269194 0.012418
1520530412.803634 1.269131 0.012418
1520530412.853636 1.269130 0.012418
1520530412.953639 1.269214 0.012418
1520530413.003641 1.269168 0.012417
1520530413.103011 1.269180 0.012418
1520530413.153012 1.269157 0.012418
1520530413.253016 1.269135 0.012417
1520530413.353019 1.269021 0.012417
1520530413.452940 1.269137 0.012417
1520530413.552943 1.269197 0.012416
1520530413.652946 1.269185 0.012418
1520530413.903189 1.269188 0.012419
1520530414.003112 1.269192 0.012419
1520530414.103115 1.269192 0.012417
1520530414.203118 1.269305 0.012418
1520530414.302896 1.269080 0.012418
1520530414.402899 1.269182 0.012418
1520530414.502902 1.269238 0.012418
1520530414.602906 1.269307 0.012418
1520530414.702707 1.269364 0.012418
1520530414.802710 1.269139 0.012418
1520530414.902714 1.269259 0.012418
1520530415.002717 1.269260 0.012417
1520530415.103195 1.269194 0.012418
1520530415.203199 1.269234 0.012418
1520530415.303202 1.269156 0.012417
1520530415.403205 1.269136 0.012417
1520530415.503115 1.269178 0.012418
1520530415.603071 1.269192 0.012418
1520530415.703074 1.269193 0.012417
1520530415.853079 1.269380 0.012410
1520530415.953363 1.269184 0.012412
1520530416.103368 1.269243 0.012416
1520530416.453380 1.269155 0.012418
1520530416.603384 1.269297 0.012419
1520530416.703272 1.269208 0.012418
1520530416.753274 1.269224 0.012417
1520530416.853277 1.269169 0.012418
1520530416.953280 1.269227 0.012417
1520530417.053283 1.269199 0.012417
1520530417.153371 1.269071 0.012418
1520530417.253374 1.268975 0.012418
1520530417.503382 1.269140 0.012418
1520530417.603465 1.269118 0.012418
1520530417.703468 1.269178 0.012418
1520530417.803472 1.269244 0.012418
1520530417.903475 1.269261 0.012418
1520530418.003458 1.269275 0.012418
1520530418.103461 1.269216 0.012418
1520530418.203465 1.269207 0.012418
1520530418.303468 1.269214 0.012418
1520530418.453434 1.269196 0.012418
1520530418.603439 1.269221 0.012418
1520530418.703442 1.269210 0.012418
1520530418.803345 1.269202 0.012418
1520530418.903348 1.269215 0.012418
1520530419.003351 1.269252 0.012417
1520530419.103354 1.269253 0.012418
1520530419.203534 1.269196 0.012418
1520530419.303537 1.269241 0.012418
1520530419.403541 1.269230 0.012418
1520530419.553545 1.269198 0.012418
1520530419.753734 1.269306 0.012419
1520530419.853738 1.269265 0.012418
1520530419.953740 1.269260 0.012418
1520530420.053599 1.269272 0.012418
1520530420.153602 1.269248 0.012418
1520530420.253605 1.269245 0.012419
1520530420.353608 1.269240 0.012418
1520530420.453700 1.269239 0.012418
1520530420.603705 1.269247 0.012418
1520530420.803356 1.269237 0.012417
1520530420.903359 1.269195 0.012417
1520530421.003363 1.269259 0.012417
1520530421.103366 1.269328 0.012416
1520530421.153367 1.269305 0.012411
1520530421.253431 1.269312 0.012416
1520530421.303432 1.269229 0.012415
1520530421.403435 1.269203 0.012418
1520530421.503439 1.269226 0.012418
1520530421.603611 1.269307 0.012418
1520530421.703614 1.269103 0.012418
1520530421.853618 1.269098 0.012418
1520530422.003623 1.269220 0.012417
1520530422.103474 1.269182 0.012418
1520530422.203477 1.269162 0.012418
1520530422.303480 1.269073 0.012418
1520530422.403483 1.269142 0.012418
1520530422.503396 1.269151 0.012418
1520530422.553398 1.269131 0.012417
1520530422.653400 1.269086 0.012417
1520530422.753403 1.269127 0.012418
1520530422.853580 1.269088 0.012417
1520530423.053588 1.269149 0.012418
1520530423.153591 1.269212 0.012418
1520530423.253316 1.269151 0.012418
1520530423.353319 1.269151 0.012418
1520530423.453322 1.269174 0.012418
1520530423.603327 1.269133 0.012418
1520530423.652983 1.269208 0.012418
1520530423.752986 1.269245 0.012418
1520530423.802988 1.269175 0.012418
1520530423.902991 1.269164 0.012418
1520530424.002994 1.269210 0.012418
1520530424.103253 1.269220 0.012417
1520530424.153255 1.269192 0.012418
1520530424.253258 1.269173 0.012418
1520530424.353261 1.269560 0.012387
1520530424.453264 1.269176 0.012416
1520530424.504722 1.268961 0.012419
1520530424.604726 1.269291 0.012418
1520530424.704729 1.269202 0.012418
1520530424.854733 1.270768 0.012208
1520530424.903374 1.269262 0.012162
1520530425.003378 1.269367 0.012409
1520530425.053379 1.269162 0.012409
1520530425.153383 1.269086 0.012412
1520530425.253385 1.269235 0.012393
1520530425.353734 1.268950 0.012407
1520530425.453737 1.269208 0.012418
1520530425.603741 1.269272 0.012419
1520530425.703675 1.269294 0.012419
1520530425.753677 1.269278 0.012418
1520530425.853680 1.269235 0.012418
1520530425.903682 1.269182 0.012416
1520530426.003685 1.269268 0.012418
1520530426.103474 1.269298 0.012418
1520530426.203477 1.269271 0.012418
1520530426.253478 1.269235 0.012417
1520530426.353481 1.269218 0.012418
1520530426.403483 1.269212 0.012417
1520530426.503486 1.269201 0.012418
1520530426.703556 1.269398 0.012418
1520530426.753558 1.269336 0.012418
1520530426.853560 1.269295 0.012417
1520530426.903562 1.269279 0.012418
1520530427.003600 1.269287 0.012418
1520530427.103603 1.269319 0.012418
1520530427.203606 1.269316 0.012418
1520530427.303609 1.269316 0.012418
1520530427.403594 1.269356 0.012417
1520530427.503597 1.269304 0.012418
1520530427.803679 1.269240 0.012418
1520530427.903683 1.269089 0.012418
1520530427.953684 1.269250 0.012416
1520530428.053687 1.269307 0.012418
1520530428.103692 1.269316 0.012418
1520530428.203537 1.269263 0.012418
1520530428.253538 1.269270 0.012418
1520530428.353542 1.269278 0.012418
1520530428.403618 1.269292 0.012418
1520530428.503546 1.269273 0.012418
1520530428.553451 1.269210 0.012417
1520530428.653454 1.269226 0.012418
1520530428.703455 1.269238 0.012418
1520530428.803458 1.269235 0.012418
1520530428.853460 1.269240 0.012418
1520530428.953463 1.269308 0.012418
1520530429.003444 1.269362 0.012418
1520530429.103447 1.269382 0.012418
1520530429.153448 1.269386 0.012418
1520530429.253451 1.269338 0.012418
1520530429.303453 1.269267 0.012418
1520530429.403551 1.269250 0.012418
1520530429.453553 1.269267 0.012418
1520530429.553556 1.269301 0.012418
1520530429.603558 1.269306 0.012418
1520530429.703560 1.269284 0.012418
1520530429.753562 1.269258 0.012418
1520530429.853626 1.269276 0.012418
1520530429.903625 1.269315 0.012418
1520530430.003663 1.269248 0.012418
1520530430.053629 1.269211 0.012417
1520530430.153632 1.269206 0.012418
1520530430.203344 1.269162 0.012418
1520530430.303347 1.269196 0.012418
1520530430.353349 1.269237 0.012418
1520530430.453352 1.269233 0.012418
1520530430.553355 1.269173 0.012418
1520530430.653528 1.269204 0.012418
1520530430.753532 1.269224 0.012418
1520530430.803533 1.269214 0.012418
1520530430.903536 1.269234 0.012418
1520530431.003696 1.269280 0.012418
1520530431.053698 1.269264 0.012417
1520530431.153701 1.269265 0.012418
1520530431.203703 1.269282 0.012418
1520530431.303706 1.269222 0.012418
1520530431.353708 1.269268 0.012417
1520530431.453562 1.269217 0.012418
1520530431.503564 1.269229 0.012417
1520530431.603567 1.269129 0.012417
1520530431.653568 1.269095 0.012418
1520530431.753571 1.269041 0.012417
1520530431.803573 1.269308 0.012418
1520530431.903526 1.269414 0.012418
1520530431.953527 1.269356 0.012417
1520530432.053530 1.269237 0.012418
1520530432.103532 1.269207 0.012418
1520530432.203536 1.269199 0.012417
1520530432.253696 1.269183 0.012418
1520530432.353700 1.269118 0.012418
1520530432.453702 1.269101 0.012418
1520530432.503704 1.269104 0.012418
1520530432.603708 1.269204 0.012418
1520530432.653548 1.269177 0.012418
1520530432.753551 1.269290 0.012417
1520530432.803553 1.269200 0.012418
1520530432.903556 1.269290 0.012418
1520530432.953557 1.269363 0.012416
1520530433.053690 1.269733 0.012418
1520530433.103691 1.269572 0.012418
1520530433.203694 1.269516 0.012417
1520530433.303697 1.269439 0.012417
1520530433.403700 1.269365 0.012417
1520530433.503793 1.269263 0.012417
1520530433.603796 1.269209 0.012417
1520530433.653798 1.269162 0.012418
1520530433.753801 1.269167 0.012418
1520530433.853804 1.269192 0.012418
1520530433.903631 1.269174 0.012417
1520530434.003634 1.269168 0.012418
1520530434.053635 1.269218 0.012417
1520530434.153638 1.269140 0.012418
1520530434.203641 1.269108 0.012418
1520530434.303478 1.269158 0.012418
1520530434.353481 1.269140 0.012418
1520530434.453483 1.269084 0.012418
1520530434.503485 1.269117 0.012418
1520530434.603488 1.269135 0.012417
1520530434.653489 1.269137 0.012416
1520530434.753658 1.269128 0.012417
1520530434.803658 1.269135 0.012417
1520530434.903661 1.269130 0.012417
1520530434.953663 1.269117 0.012417
1520530435.053667 1.269112 0.012418
1520530435.153798 1.269094 0.012417
1520530435.203799 1.269091 0.012417
1520530435.303802 1.269084 0.012417
1520530435.353804 1.269087 0.012418
1520530435.453807 1.269120 0.012418
1520530435.504086 1.269116 0.012417
1520530435.604089 1.269112 0.012417
1520530435.654091 1.269111 0.012417
1520530435.754094 1.269111 0.012418
1520530435.804096 1.269101 0.012418
1520530435.904099 1.269111 0.012418
1520530435.953835 1.269107 0.012417
1520530436.053838 1.269095 0.012417
1520530436.103839 1.269092 0.012418
1520530436.203843 1.269111 0.012418
1520530436.303846 1.269100 0.012418
1520530436.403957 1.269100 0.012418
1520530436.553962 1.269091 0.012418
1520530436.703966 1.269190 0.012418
1520530436.804032 1.269158 0.012418
1520530436.854034 1.269190 0.012418
1520530436.954037 1.269146 0.012418
1520530437.004039 1.269195 0.012417
1520530437.104042 1.269186 0.012417
1520530437.153533 1.269160 0.012415
1520530437.253536 1.269117 0.012417
1520530437.303539 1.269130 0.012417
1520530437.403543 1.269138 0.012418
1520530437.453545 1.269203 0.012417
1520530437.553870 1.269177 0.012417
1520530437.603872 1.269111 0.012418
1520530437.703875 1.269130 0.012417
1520530437.803878 1.269109 0.012418
1520530437.903881 1.269071 0.012417
1520530438.004481 1.269123 0.012418
1520530438.104484 1.269131 0.012418
1520530438.204487 1.269117 0.012418
1520530438.254489 1.269109 0.012418
1520530438.354492 1.269103 0.012418
1520530438.403621 1.269080 0.012416
1520530438.503624 1.269051 0.012417
1520530438.553626 1.269057 0.012417
1520530438.653629 1.269061 0.012417
1520530438.703631 1.269061 0.012416
1520530438.804389 1.269001 0.012417
1520530438.854392 1.269147 0.012418
1520530438.954395 1.269158 0.012418
1520530439.104398 1.269192 0.012418
1520530439.204654 1.269151 0.012418
1520530439.354659 1.269081 0.012417
1520530439.554665 1.268892 0.012418
1520530439.654178 1.268973 0.012418
1520530439.754182 1.269031 0.012417
1520530439.854185 1.269074 0.012417
1520530439.954188 1.269165 0.012417
1520530440.054101 1.269120 0.012417
1520530440.154104 1.269225 0.012417
1520530440.254107 1.269290 0.012417
1520530440.354110 1.269349 0.012417
1520530440.453977 1.269492 0.012417
1520530440.553980 1.269519 0.012417
1520530440.653984 1.269533 0.012418
1520530440.753987 1.269453 0.012417
1520530440.903872 1.269264 0.012418
1520530441.003875 1.269238 0.012418
1520530441.103878 1.269207 0.012418
1520530441.203881 1.269156 0.012418
1520530441.303927 1.269213 0.012418
1520530441.403893 1.269162 0.012417
1520530441.503896 1.269102 0.012418
1520530441.603899 1.269101 0.012418
1520530441.754086 1.269129 0.012418
1520530441.904091 1.269119 0.012418
1520530442.054030 1.269091 0.012417
1520530442.154034 1.269025 0.012416
1520530442.254038 1.269028 0.012417
1520530442.354040 1.269043 0.012416
1520530442.453714 1.269035 0.012415
1520530442.553717 1.269040 0.012415
1520530442.603719 1.269121 0.012414
1520530442.703722 1.269061 0.012417
1520530442.753723 1.268984 0.012417
1520530442.853726 1.268950 0.012417
1520530442.904376 1.269014 0.012417
1520530443.004379 1.269020 0.012416
1520530443.104382 1.269062 0.012417
1520530443.204385 1.268958 0.012417
1520530443.354468 1.269129 0.012418
1520530443.504473 1.269259 0.012417
1520530443.604476 1.269130 0.012418
1520530443.704013 1.269142 0.012412
1520530443.754014 1.268874 0.012416
1520530443.854018 1.268679 0.012418
1520530443.954022 1.268803 0.012417
1520530444.054024 1.268991 0.012417
1520530444.154403 1.269028 0.012417
1520530444.204406 1.269050 0.012415
1520530444.304409 1.269028 0.012418
1520530444.404412 1.269018 0.012418
1520530444.505161 1.269065 0.012418
1520530444.605164 1.268950 0.012416
1520530444.705167 1.269045 0.012418
1520530444.805170 1.269070 0.012418
1520530444.905173 1.269094 0.012418
1520530444.954962 1.269026 0.012418
1520530445.054965 1.269020 0.012417
1520530445.104967 1.269012 0.012418
1520530445.204970 1.269003 0.012418
1520530445.254971 1.269009 0.012418
1520530445.353892 1.268991 0.012418
1520530445.453896 1.268967 0.012415
1520530445.503898 1.269030 0.012417
1520530445.603900 1.269024 0.012413
1520530445.653902 1.268988 0.012411
1520530445.753751 1.268990 0.012417
1520530445.803752 1.269000 0.012417
1520530445.903755 1.269012 0.012418
1520530445.953757 1.269017 0.012417
1520530446.053761 1.269009 0.012418
1520530446.154954 1.269081 0.012417
1520530446.204900 1.269030 0.012418
1520530446.304903 1.269047 0.012418
1520530446.404906 1.268974 0.012418
1520530446.504909 1.269054 0.012418
1520530446.604785 1.269105 0.012418
1520530446.704788 1.269218 0.012415
1520530446.804791 1.269248 0.012415
1520530446.904794 1.269152 0.012415
1520530446.954330 1.269081 0.012417
1520530447.054334 1.269057 0.012416
1520530447.154337 1.269024 0.012418
1520530447.254340 1.269007 0.012417
1520530447.354343 1.269137 0.012418
1520530447.454125 1.269137 0.012417
1520530447.554128 1.269107 0.012416
1520530447.704133 1.269153 0.012418
1520530447.954077 1.269224 0.012418
1520530448.253886 1.269245 0.012418
1520530449.153910 1.269089 0.012417
