DelayedMarginalization 0.000942868 2.64093e-08 0.00147103 1406
DelayedMarginalizationOnly 0.000456303 1.66599e-08 0.000835255 1406
EF-marginalizeFrame 0.00131772 3.95133e-08 0.00232428 1406
FullSystem::trackNewCoarse 0.00228219 5.94997e-07 0.00761473 2671
FullSystem::trackNewCoarseNoIMU 0.00308141 7.40631e-05 0.0556708 101
FullSystemOptimize 0.0359751 4.92508e-05 0.0791699 1412
GraphUnrolling 0.00732457 6.55442e-05 0.0289956 10
IMUInitAddPose 2.42972e-05 1.69536e-11 0.000102087 1412
IMUInitOptimize 0.0047584 4.05017e-06 0.00689496 5
IMUIntegration::finishKeyframeOperations 5.72277e-05 1.77071e-10 0.000332776 1402
InitializerFirstFrame 0.0343333 -nan 0.0343333 1
InitializerOtherFrames 0.0626053 7.47643e-05 0.0820254 46
MainMarginalization 0.00117157 3.24638e-08 0.00185537 1406
MarginalizationReplacementBuildGraph 0.000555666 1.33226e-07 0.0014241 8
MarginalizationReplacementReplaceGraph 0.00883569 7.33525e-05 0.029159 8
MarginalizeMainGraph 0.000485878 6.14158e-09 0.00083612 1406
PGBA 0.01678 1.99548e-05 0.0199387 2
PGBAFull 0.00408921 6.74833e-05 0.0227607 10
PrepareGraphForMainOptimization 0.0073872 6.60214e-05 0.0291299 10
VisualMarginalization 3.88652e-05 5.9775e-11 8.4539e-05 1406
activatePointsMT 0.00303694 5.0534e-07 0.00636123 1412
addActiveFrame 0.0379108 0.000791017 0.120975 2819
addIMUData 0.000669405 3.8433e-08 0.00710455 2671
addIMUDataToBA 3.59292e-05 1.37586e-10 0.000106894 2818
addKeyframeToBA 3.30362e-05 3.16751e-11 8.0469e-05 1412
afterCoarseTracking 2.82477e-07 7.54051e-15 1.791e-06 2772
baIteration 0.00538761 1.64032e-06 0.0265996 8421
baMatrixInversion 0.000220729 1.35847e-09 0.000621361 8421
baUpdateBuildHessians 0.000487294 5.30164e-08 0.0204824 8421
coarseTrackingIteration 0.000180858 4.45253e-09 0.000543109 28752
computeBAUpdate 0.000789538 6.03835e-08 0.0209625 8421
computeCoarseUpdate 9.59014e-05 4.43482e-10 0.000329286 25292
computeFactorForCoarseGraphAndMarginalCovariances 0.00291348 2.79719e-07 0.00648762 1402
convertHAndBFromDSO 0.000143303 2.92006e-09 0.00046758 14047
debugPlot 1.11447e-07 2.62314e-15 4.68e-07 1412
debugPlotIDepthMap 3.64108e-07 4.37417e-14 7.701e-06 1412
debugPlotIDepthMapFloat 7.40021e-08 6.83166e-16 3.81e-07 1412
deliverTrackedFrame 0.0322797 0.000774232 0.114245 2773
flagFramesForMarginalization 1.68333e-06 4.13849e-13 1.2234e-05 1412
fullCoarseTracking 0.00307831 3.41524e-06 0.0557856 2772
initObjectsAndMakeImage 0.0020931 4.58047e-08 0.00395511 2819
makeKeyframe 0.0587967 8.4599e-05 0.114238 1412
makeKeyframeChangeTrackingRef 0.00215769 1.44978e-07 0.00393114 1412
makeNewTraces 0.00533797 6.74167e-07 0.00992681 1412
makeNonKeyframe 0.00476472 2.55445e-06 0.00989483 1361
marginalizeAndRemovePoints 0.00251031 8.51118e-07 0.00749684 1412
marginalizeFrame 0.00216519 1.45113e-07 0.00407164 1406
marginalizeFrameOverhead 0.000845127 6.88716e-08 0.00200605 1406
marginalizeFrames 0.00216362 2.6522e-07 0.00413236 1412
newFrameAndNewResidualsForOldPoints 0.000939904 6.57323e-08 0.0020911 1412
printBiases 3.66973e-05 9.52781e-11 9.1908e-05 1412
printEigenValLine 1.0689e-07 3.52661e-16 3.73e-07 1412
printLogLine 1.61535e-07 2.99108e-15 4.4e-07 1412
publishInMakeKeyframe 1.99751e-07 4.53122e-15 7.86e-07 1412
removeOutliers 0.000142602 2.59417e-09 0.000627959 1412
swapTrackingRef 2.30008e-05 3.03802e-11 0.000117149 1411
timeMeasurement 8.54126e-07 2.58541e-13 1.6123e-05 2819
traceNewCoarse 0.00391856 2.67758e-06 0.00988079 2773
updateBAValues 5.55226e-06 3.72543e-12 4.6261e-05 14158
zero 1.0646e-07 3.9011e-14 1.0371e-05 2819
