1520530315.549643 1.265018 0.404097
1520530315.699637 1.224307 0.260535
1520530315.849642 1.189389 0.213554
1520530315.999647 1.181446 0.206957
1520530316.150223 1.188766 0.207684
1520530316.300227 1.185640 0.187392
1520530316.500233 1.191945 0.172253
1520530316.700281 1.202240 0.166609
1520530316.900287 1.209355 0.164132
1520530316.999775 1.224878 0.159114
1520530317.149779 1.244343 0.139656
1520530317.299784 1.245201 0.125194
1520530317.449747 1.232531 0.113765
1520530317.649755 1.223637 0.104772
1520530317.800239 1.215013 0.100464
1520530317.950243 1.207073 0.098610
1520530318.100248 1.204649 0.097985
1520530318.200769 1.205671 0.097474
1520530318.350774 1.212004 0.095627
1520530318.500778 1.222988 0.091856
1520530318.650568 1.239495 0.088459
1520530318.850574 1.250000 0.085316
1520530318.999955 1.268809 0.081732
1520530319.049958 1.274721 0.080899
1520530319.149961 1.280591 0.077917
1520530319.299965 1.281656 0.069242
1520530319.449833 1.281676 0.065707
1520530319.549837 1.279390 0.064285
1520530319.699841 1.277512 0.063219
1520530319.800341 1.273983 0.062619
1520530319.900344 1.275128 0.062259
1520530320.000347 1.278221 0.061234
1520530320.100350 1.284488 0.060193
1520530320.200401 1.283859 0.058943
1520530320.350405 1.285256 0.057976
1520530320.500410 1.285154 0.057298
1520530320.599869 1.285163 0.056641
1520530320.699873 1.289735 0.055838
1520530320.849877 1.296438 0.054013
1520530320.999882 1.302199 0.052187
1520530321.099742 1.300564 0.051294
1520530321.199745 1.303106 0.050664
1520530321.349750 1.298502 0.049433
1520530321.499857 1.297188 0.048589
1520530321.599860 1.302222 0.048170
1520530321.699863 1.304028 0.047790
1520530321.850152 1.308246 0.047351
1520530322.000157 1.311175 0.044859
1520530322.100160 1.313007 0.044372
1520530322.250207 1.314270 0.044127
1520530322.450214 1.311739 0.043919
1520530322.600218 1.315313 0.043555
1520530322.700026 1.317451 0.043338
1520530322.850030 1.316026 0.042681
1520530323.050036 1.318091 0.041998
1520530323.200077 1.319597 0.041643
1520530323.350082 1.319584 0.041256
1520530323.450085 1.322588 0.040638
1520530323.550346 1.324565 0.039747
1520530323.650349 1.322443 0.038987
1520530323.750353 1.325134 0.038568
1520530323.900153 1.326798 0.038176
1520530324.050157 1.327421 0.037971
1520530324.200162 1.324118 0.037578
1520530324.299908 1.328921 0.037354
1520530324.399911 1.332844 0.037121
1520530324.499994 1.335851 0.036784
1520530324.599917 1.333484 0.035300
1520530324.700018 1.329836 0.035032
1520530324.850023 1.325493 0.034836
1520530325.000028 1.319556 0.034728
1520530325.100816 1.318864 0.034623
1520530325.300822 1.318840 0.034255
1520530325.500828 1.325940 0.033747
1520530325.700918 1.326987 0.032959
1520530325.850922 1.324269 0.032563
1520530326.000543 1.321436 0.032311
1520530326.150548 1.323352 0.032066
1520530326.300552 1.325954 0.031790
1520530326.400206 1.325040 0.031672
1520530326.600213 1.324418 0.031558
1520530326.750427 1.324830 0.031540
1520530327.000434 1.328938 0.031184
1520530327.150431 1.328688 0.030747
1520530327.300436 1.329879 0.030456
1520530327.450441 1.331161 0.030249
1520530327.550090 1.332138 0.030122
1520530327.600091 1.330954 0.029984
1520530327.700094 1.332931 0.029809
1520530327.800097 1.333244 0.029686
1520530327.850099 1.332582 0.029637
1520530327.950102 1.333593 0.029532
1520530328.050282 1.334131 0.029395
1520530328.150285 1.334038 0.029257
1520530328.300290 1.333170 0.029081
1520530328.400337 1.333933 0.029025
1520530328.450338 1.334399 0.028999
1520530328.550342 1.334477 0.028963
1520530328.600344 1.335237 0.028950
1520530328.700347 1.334816 0.028918
1520530328.800086 1.334833 0.028886
1520530328.900089 1.335790 0.028828
1520530329.050093 1.336516 0.028642
1520530329.150097 1.336404 0.028510
1520530329.250095 1.337237 0.028352
1520530329.350049 1.338727 0.028193
1520530329.500053 1.337623 0.027915
1520530329.600097 1.338108 0.027811
1520530329.700100 1.338609 0.027731
1520530329.800104 1.339142 0.027676
1520530329.900107 1.338811 0.027620
1520530330.000110 1.338988 0.027559
1520530330.050161 1.338938 0.027509
1520530330.150164 1.339535 0.027381
1520530330.250167 1.340605 0.027192
1520530330.300169 1.341024 0.027072
1520530330.400172 1.340817 0.026838
1520530330.450787 1.340986 0.026762
1520530330.550790 1.340404 0.026658
1520530330.650793 1.340587 0.026619
1520530330.700795 1.340371 0.026608
1520530330.800798 1.340821 0.026587
1520530330.850367 1.341231 0.026563
1520530330.950279 1.341842 0.026487
1520530331.050282 1.341883 0.026410
1520530331.150285 1.342588 0.026349
1520530331.250735 1.343480 0.026299
1520530331.350738 1.343564 0.026278
1520530331.450741 1.343540 0.026272
1520530331.500743 1.343698 0.026269
1520530331.600746 1.343047 0.026241
1520530331.650479 1.342624 0.026210
1520530331.750483 1.342246 0.026073
1520530331.800484 1.342097 0.025976
1520530331.900488 1.341543 0.025723
1520530331.950489 1.341642 0.025596
1520530332.050387 1.341531 0.025380
1520530332.150390 1.341092 0.025206
1520530332.250393 1.340121 0.025047
1520530332.350396 1.340309 0.024968
1520530332.450399 1.339505 0.024916
1520530332.550483 1.338597 0.024901
1520530332.650488 1.338375 0.024899
1520530332.750491 1.338576 0.024868
1520530332.850494 1.338968 0.024812
1520530332.950166 1.340506 0.024760
1520530333.050169 1.340683 0.024706
1520530333.100171 1.340292 0.024693
1520530333.200174 1.340101 0.024667
1520530333.300608 1.340222 0.024615
1520530333.350610 1.340513 0.024592
1520530333.450613 1.340800 0.024544
1520530333.650619 1.340797 0.024508
1520530333.700541 1.340899 0.024507
1520530333.800544 1.340719 0.024492
1520530333.850545 1.340952 0.024479
1520530333.950549 1.341509 0.024463
1520530334.000561 1.341742 0.024442
1520530334.100216 1.342926 0.024370
1520530334.200219 1.343505 0.024247
1520530334.300222 1.343741 0.024123
1520530334.350224 1.343645 0.024086
1520530334.450227 1.343972 0.024013
1520530334.550086 1.343902 0.023961
1520530334.650089 1.344316 0.023921
1520530334.750092 1.345259 0.023891
1520530334.850095 1.346272 0.023846
1520530334.950928 1.346257 0.023793
1520530335.050931 1.344992 0.023768
1520530335.150934 1.344487 0.023765
1520530335.250937 1.344391 0.023747
1520530335.351457 1.344454 0.023737
1520530335.451459 1.344489 0.023734
1520530335.551462 1.345015 0.023722
1520530335.651465 1.345138 0.023709
1520530335.750223 1.345015 0.023703
1520530335.800224 1.345465 0.023698
1520530335.900227 1.345607 0.023687
1520530336.000230 1.346067 0.023673
1520530336.100233 1.346349 0.023651
1520530336.200179 1.347059 0.023627
1520530336.300182 1.347847 0.023581
1520530336.400185 1.349314 0.023511
1520530336.500188 1.350284 0.023417
1520530336.550582 1.350785 0.023366
1520530336.650586 1.351512 0.023308
1520530336.750588 1.352444 0.023268
1520530336.850591 1.352951 0.023239
1520530336.950594 1.353771 0.023222
1520530337.050259 1.355111 0.023196
1520530337.150262 1.356971 0.023160
1520530337.250265 1.358454 0.023114
1520530337.350269 1.358998 0.023082
1520530337.450303 1.359889 0.023055
1520530337.550306 1.359944 0.023030
1520530337.650309 1.361507 0.022982
1520530337.750312 1.362895 0.022898
1520530337.850855 1.364381 0.022780
1520530337.950858 1.366312 0.022660
1520530338.050862 1.367269 0.022556
1520530338.150864 1.367273 0.022492
1520530338.250473 1.366216 0.022447
1520530338.350476 1.366211 0.022437
1520530338.450479 1.366080 0.022423
1520530338.550482 1.366306 0.022403
1520530338.650261 1.367068 0.022370
1520530338.750266 1.367482 0.022338
1520530338.850267 1.367626 0.022294
1520530338.950270 1.368151 0.022262
1520530339.050959 1.367944 0.022217
1520530339.100960 1.368497 0.022203
1520530339.200963 1.368894 0.022172
1520530339.300966 1.368948 0.022153
1520530339.400970 1.368880 0.022146
1520530339.501689 1.368614 0.022146
1520530339.601692 1.368763 0.022139
1520530339.701695 1.368748 0.022134
1520530339.801698 1.369005 0.022118
1520530339.851056 1.369154 0.022115
1520530339.951059 1.369248 0.022099
1520530340.051062 1.369119 0.022078
1520530340.151065 1.369511 0.022067
1520530340.250395 1.370190 0.022043
1520530340.300397 1.370285 0.022023
1520530340.400400 1.370514 0.021987
1520530340.500403 1.370935 0.021946
1520530340.600406 1.371571 0.021912
1520530340.700348 1.371687 0.021879
1520530340.850353 1.372152 0.021866
1520530341.050774 1.372511 0.021847
1520530341.300782 1.373593 0.021817
1520530341.500713 1.373682 0.021807
1520530341.750720 1.373486 0.021791
1520530341.900542 1.373224 0.021778
1520530342.050546 1.373133 0.021756
1520530342.150549 1.373051 0.021747
1520530342.250553 1.373528 0.021730
1520530342.400676 1.373816 0.021691
1520530342.550681 1.373855 0.021660
1520530342.700643 1.373845 0.021619
1520530342.850648 1.374309 0.021564
1520530342.950651 1.374652 0.021506
1520530343.050654 1.374737 0.021422
1520530343.151133 1.375024 0.021341
1520530343.251136 1.375563 0.021245
1520530343.351140 1.375665 0.021115
1520530343.451144 1.375801 0.021008
1520530343.551476 1.376000 0.020897
1520530343.651407 1.376498 0.020767
1520530343.751410 1.377428 0.020621
1520530343.851414 1.377714 0.020459
1520530343.951402 1.377920 0.020314
1520530344.051405 1.377720 0.020163
1520530344.151408 1.378029 0.020023
1520530344.251411 1.378000 0.019888
1520530344.351408 1.378168 0.019761
1520530344.451412 1.378509 0.019651
1520530344.551415 1.378909 0.019540
1520530344.651418 1.378696 0.019429
1520530344.751636 1.378333 0.019333
1520530344.851639 1.378350 0.019259
1520530344.951642 1.378736 0.019201
1520530345.051645 1.378713 0.019125
1520530345.151845 1.378703 0.019070
1520530345.251745 1.378681 0.019009
1520530345.351748 1.378673 0.018969
1520530345.451751 1.378978 0.018932
1520530345.551195 1.378612 0.018893
1520530345.601196 1.378779 0.018877
1520530345.701199 1.378567 0.018837
1520530345.801203 1.378131 0.018808
1520530345.851204 1.378083 0.018804
1520530345.951161 1.378127 0.018781
1520530346.001475 1.377997 0.018772
1520530346.101479 1.377798 0.018743
1520530346.201481 1.378278 0.018739
1520530346.301485 1.378523 0.018717
1520530346.351486 1.378602 0.018709
1520530346.451378 1.378542 0.018702
1520530346.551380 1.378289 0.018692
1520530346.651383 1.378080 0.018686
1520530346.751386 1.377988 0.018676
1520530346.801545 1.378055 0.018673
1520530346.901548 1.378299 0.018664
1520530347.001551 1.378113 0.018654
1520530347.101554 1.377824 0.018652
1520530347.201400 1.377837 0.018645
1520530347.301403 1.377878 0.018646
1520530347.351405 1.377918 0.018645
1520530347.451408 1.377812 0.018643
1520530347.551411 1.377670 0.018638
1520530347.651220 1.377351 0.018635
1520530347.751223 1.377145 0.018634
1520530347.851226 1.377449 0.018630
1520530347.951229 1.377373 0.018628
1520530348.051164 1.377412 0.018625
1520530348.151168 1.377266 0.018626
1520530348.251170 1.377440 0.018623
1520530348.351173 1.377351 0.018623
1520530348.451416 1.377867 0.018614
1520530348.551419 1.377362 0.018619
1520530348.651423 1.377222 0.018621
1520530348.701425 1.377276 0.018622
1520530348.801428 1.377129 0.018621
1520530348.851315 1.377309 0.018621
1520530348.951318 1.377277 0.018620
1520530349.001320 1.377182 0.018621
1520530349.101323 1.377466 0.018619
1520530349.201326 1.377657 0.018618
1520530349.301107 1.377816 0.018619
1520530349.351109 1.377852 0.018617
1520530349.451112 1.378103 0.018614
1520530349.501114 1.377670 0.018618
1520530349.601117 1.377608 0.018617
1520530349.700937 1.377712 0.018618
1520530349.800940 1.377810 0.018617
1520530349.900986 1.377668 0.018616
1520530350.000946 1.377789 0.018614
1520530350.101378 1.377943 0.018613
1520530350.151379 1.377941 0.018613
1520530350.251384 1.377934 0.018612
1520530350.351387 1.377998 0.018610
1520530350.451515 1.378103 0.018610
1520530350.551518 1.378134 0.018609
1520530350.601520 1.378165 0.018608
1520530350.701523 1.378270 0.018607
1520530350.801526 1.378206 0.018605
1520530350.901571 1.378142 0.018605
1520530351.001574 1.378138 0.018604
1520530351.101578 1.378129 0.018602
1520530351.201581 1.378189 0.018601
1520530351.301683 1.378294 0.018601
1520530351.401685 1.378327 0.018600
1520530351.501759 1.378301 0.018599
1520530351.601688 1.378485 0.018598
1520530351.701695 1.378236 0.018597
1520530351.801698 1.378313 0.018593
1520530351.901701 1.378301 0.018592
1520530352.001704 1.378152 0.018594
1520530352.101805 1.378131 0.018592
1520530352.201808 1.378147 0.018592
1520530352.301811 1.378194 0.018591
1520530352.401814 1.378244 0.018592
1520530352.501469 1.378217 0.018589
1520530352.601472 1.378059 0.018590
1520530352.701475 1.378097 0.018589
1520530352.801478 1.378150 0.018589
1520530352.901098 1.378223 0.018583
1520530353.001101 1.377970 0.018588
1520530353.101208 1.378004 0.018584
1520530353.201107 1.377860 0.018584
1520530353.251108 1.377790 0.018584
1520530353.351398 1.377821 0.018586
1520530353.401399 1.377889 0.018585
1520530353.501402 1.377817 0.018585
1520530353.551404 1.377943 0.018584
1520530353.651407 1.377932 0.018585
1520530353.751736 1.378046 0.018583
1520530353.851739 1.377995 0.018583
1520530353.951742 1.377916 0.018582
1520530354.051745 1.377801 0.018583
1520530354.151896 1.377796 0.018581
1520530354.251899 1.377888 0.018581
1520530354.351902 1.378221 0.018580
1520530354.451905 1.377998 0.018578
1520530354.501907 1.377800 0.018579
1520530354.601593 1.377784 0.018579
1520530354.651595 1.377725 0.018579
1520530354.751597 1.377762 0.018577
1520530354.851600 1.377737 0.018578
1520530355.001360 1.377781 0.018574
1520530355.101363 1.377736 0.018572
1520530355.201366 1.377571 0.018575
1520530355.301370 1.377555 0.018574
1520530355.401407 1.377562 0.018574
1520530355.501410 1.377512 0.018573
1520530355.601414 1.377312 0.018575
1520530355.701417 1.377078 0.018567
1520530355.801531 1.377205 0.018570
1520530355.901534 1.377507 0.018573
1520530355.951536 1.377476 0.018572
1520530356.051539 1.377415 0.018573
1520530356.101541 1.377731 0.018572
1520530356.201376 1.377656 0.018571
1520530356.251380 1.377574 0.018571
1520530356.351380 1.377545 0.018573
1520530356.401382 1.377564 0.018571
1520530356.501385 1.377488 0.018569
1520530356.601233 1.377271 0.018571
1520530356.701236 1.377315 0.018571
1520530356.801239 1.377406 0.018569
1520530356.851240 1.377384 0.018571
1520530356.951243 1.377450 0.018571
1520530357.051154 1.377467 0.018570
1520530357.151157 1.377447 0.018571
1520530357.251160 1.377460 0.018570
1520530357.301162 1.377441 0.018569
1520530357.401658 1.377414 0.018569
1520530357.451660 1.377505 0.018570
1520530357.551663 1.377468 0.018570
1520530357.651666 1.377510 0.018570
1520530357.751669 1.377528 0.018569
1520530357.851585 1.377597 0.018569
1520530357.901559 1.377567 0.018569
1520530358.001562 1.377510 0.018567
1520530358.101565 1.377505 0.018569
1520530358.201568 1.377486 0.018568
1520530358.301626 1.377504 0.018568
1520530358.451631 1.377549 0.018568
1520530358.551634 1.377530 0.018567
1520530358.651798 1.377504 0.018567
1520530358.751801 1.377511 0.018567
1520530358.851805 1.377521 0.018566
1520530358.951808 1.377563 0.018566
1520530359.051806 1.377539 0.018567
1520530359.151809 1.377613 0.018566
1520530359.251812 1.377557 0.018566
1520530359.351815 1.377567 0.018564
1520530359.451919 1.377513 0.018565
1520530359.551871 1.377534 0.018565
1520530359.651874 1.377461 0.018565
1520530359.751878 1.377437 0.018563
1520530359.851881 1.377371 0.018565
1520530359.951828 1.377541 0.018564
1520530360.051831 1.377640 0.018564
1520530360.151834 1.377898 0.018562
1520530360.201836 1.377868 0.018560
1520530360.301316 1.378223 0.018558
1520530360.351317 1.377781 0.018560
1520530360.451321 1.377852 0.018563
1520530360.551324 1.377923 0.018562
1520530360.651327 1.377878 0.018562
1520530360.700978 1.377978 0.018559
1520530360.800981 1.378145 0.018560
1520530360.900984 1.378507 0.018557
1520530361.000988 1.378265 0.018560
1520530361.101044 1.378700 0.018555
1520530361.201047 1.378635 0.018555
1520530361.301050 1.378625 0.018558
1520530361.401053 1.378577 0.018559
1520530361.501690 1.378391 0.018558
1520530361.551692 1.378544 0.018555
1520530361.651695 1.378449 0.018551
1520530361.751698 1.378454 0.018552
1520530361.801700 1.378410 0.018557
1520530361.901939 1.378501 0.018557
1520530361.951941 1.378511 0.018557
1520530362.051944 1.378958 0.018557
1520530362.151947 1.379052 0.018556
1520530362.251950 1.378820 0.018551
1520530362.351623 1.378973 0.018555
1520530362.451626 1.379211 0.018553
1520530362.551629 1.379384 0.018554
1520530362.651727 1.379511 0.018550
1520530362.751364 1.379862 0.018548
1520530362.801366 1.379538 0.018546
1520530362.901369 1.379480 0.018548
1520530363.001372 1.379420 0.018549
1520530363.101375 1.379424 0.018548
1520530363.201651 1.379568 0.018546
1520530363.301654 1.379677 0.018545
1520530363.401658 1.379806 0.018544
1520530363.501661 1.379857 0.018546
1520530363.601746 1.379720 0.018546
1520530363.701749 1.379577 0.018547
1520530363.751751 1.379719 0.018547
1520530363.851754 1.380075 0.018547
1520530363.901756 1.380010 0.018544
1520530364.001782 1.380291 0.018543
1520530364.051784 1.379899 0.018540
1520530364.151786 1.380145 0.018539
1520530364.201788 1.380055 0.018544
1520530364.301791 1.380109 0.018544
1520530364.351792 1.379347 0.018520
1520530364.451854 1.379859 0.018542
1520530364.501856 1.379759 0.018543
1520530364.601859 1.379667 0.018544
1520530364.651861 1.379662 0.018544
1520530364.751864 1.379593 0.018545
1520530364.852377 1.379552 0.018545
1520530364.952380 1.379502 0.018543
1520530365.052383 1.379579 0.018545
1520530365.201844 1.379759 0.018545
1520530365.301847 1.379710 0.018543
1520530365.401850 1.379773 0.018544
1520530365.501853 1.379818 0.018544
1520530365.601535 1.379907 0.018542
1520530365.701539 1.379843 0.018542
1520530365.801546 1.379855 0.018541
1520530365.901545 1.379767 0.018541
1520530366.001907 1.379888 0.018542
1520530366.051908 1.379837 0.018540
1520530366.151911 1.379804 0.018541
1520530366.201913 1.379761 0.018539
1520530366.301916 1.379771 0.018541
1520530366.351918 1.379754 0.018540
1520530366.452121 1.379749 0.018540
1520530366.552125 1.379830 0.018539
1520530366.652128 1.379884 0.018539
1520530366.702130 1.379893 0.018538
1520530366.802133 1.379942 0.018540
1520530366.902167 1.379901 0.018539
1520530367.002170 1.379864 0.018539
1520530367.052172 1.379851 0.018539
1520530367.152175 1.379815 0.018540
1520530367.252540 1.379859 0.018539
1520530367.352543 1.379855 0.018539
1520530367.452546 1.379856 0.018538
1520530367.602551 1.379888 0.018539
1520530367.702266 1.379981 0.018539
1520530367.802269 1.379970 0.018538
1520530367.902272 1.379975 0.018538
1520530368.002275 1.380033 0.018538
1520530368.102125 1.379960 0.018537
1520530368.202129 1.379956 0.018537
1520530368.302132 1.379923 0.018537
1520530368.402135 1.379892 0.018537
1520530368.452048 1.379975 0.018536
1520530368.552051 1.379939 0.018538
1520530368.602053 1.379786 0.018537
1520530368.702056 1.379806 0.018537
1520530368.802058 1.380111 0.018535
1520530368.851389 1.380284 0.018525
1520530368.951392 1.380216 0.018535
1520530369.001394 1.379820 0.018535
1520530369.101397 1.379768 0.018535
1520530369.151398 1.379817 0.018536
1520530369.251401 1.379945 0.018537
1520530369.301537 1.379706 0.018536
1520530369.401540 1.379901 0.018537
1520530369.501543 1.379849 0.018536
1520530369.601546 1.379966 0.018537
1520530369.651548 1.380009 0.018536
1520530369.751899 1.380078 0.018537
1520530369.851902 1.380042 0.018536
1520530369.951905 1.380098 0.018536
1520530370.101930 1.380049 0.018536
1520530370.251934 1.380031 0.018536
1520530370.401938 1.380134 0.018536
1520530370.601899 1.380208 0.018536
1520530370.851892 1.380132 0.018536
1520530371.001944 1.380194 0.018535
1520530371.101947 1.380353 0.018534
1520530371.251952 1.380299 0.018535
1520530371.401953 1.380130 0.018531
1520530371.501956 1.380292 0.018533
1520530371.651961 1.380425 0.018535
1520530371.801961 1.380321 0.018535
1520530371.901964 1.380270 0.018533
1520530372.001968 1.380199 0.018534
1520530372.101971 1.380211 0.018533
1520530372.251958 1.380262 0.018533
1520530372.401963 1.380267 0.018534
1520530372.551956 1.380361 0.018534
1520530372.651960 1.380319 0.018533
1520530372.751963 1.380330 0.018532
1520530372.851966 1.380420 0.018532
1520530372.951617 1.380241 0.018533
1520530373.051620 1.380260 0.018533
1520530373.201626 1.380605 0.018534
1520530373.251627 1.380725 0.018533
1520530373.351457 1.381000 0.018533
1520530373.451460 1.381260 0.018532
1520530373.501461 1.380894 0.018531
1520530373.601465 1.380633 0.018533
1520530373.701467 1.380461 0.018531
1520530373.801615 1.380565 0.018533
1520530373.901585 1.380356 0.018532
1520530374.001588 1.380431 0.018533
1520530374.101591 1.380373 0.018532
1520530374.151592 1.380373 0.018532
1520530374.251955 1.380435 0.018531
1520530374.351958 1.380427 0.018532
1520530374.451961 1.380513 0.018524
1520530374.602407 1.380537 0.018532
1520530374.752412 1.380431 0.018531
1520530374.852415 1.380514 0.018534
1520530374.952418 1.380832 0.018528
1520530375.052444 1.381022 0.018529
1520530375.152447 1.380619 0.018528
1520530375.252454 1.380597 0.018532
1520530375.352453 1.380526 0.018532
1520530375.452214 1.380525 0.018531
1520530375.552217 1.380535 0.018532
1520530375.652220 1.380700 0.018531
1520530375.702222 1.380677 0.018529
1520530375.802225 1.380631 0.018532
1520530375.902259 1.380534 0.018531
1520530376.002262 1.380627 0.018530
1520530376.102265 1.380729 0.018532
1520530376.152267 1.380656 0.018532
1520530376.251950 1.380743 0.018531
1520530376.301951 1.380687 0.018527
1520530376.401954 1.380724 0.018531
1520530376.451957 1.380693 0.018531
1520530376.551960 1.380704 0.018531
1520530376.652663 1.380704 0.018531
1520530376.702664 1.380715 0.018531
1520530376.802668 1.380760 0.018530
1520530376.852669 1.380833 0.018532
1520530376.952672 1.380694 0.018531
1520530377.002721 1.380638 0.018531
1520530377.102900 1.380618 0.018531
1520530377.202903 1.380696 0.018527
1520530377.302906 1.380697 0.018531
1520530377.402909 1.380746 0.018531
1520530377.501720 1.380644 0.018530
1520530377.601723 1.380748 0.018530
1520530377.701726 1.380820 0.018528
1520530377.801730 1.380840 0.018530
1520530377.851407 1.380883 0.018530
1520530377.951411 1.380743 0.018530
1520530378.051414 1.380783 0.018531
1520530378.101416 1.380798 0.018530
1520530378.201419 1.380787 0.018530
1520530378.251420 1.380796 0.018531
1520530378.351513 1.380748 0.018530
1520530378.401515 1.380742 0.018528
1520530378.501517 1.380817 0.018528
1520530378.551519 1.380821 0.018530
1520530378.651522 1.380861 0.018531
1520530378.702209 1.381005 0.018530
1520530378.802212 1.380848 0.018528
1520530378.902215 1.380781 0.018530
1520530379.002218 1.380790 0.018530
1520530379.102149 1.380824 0.018531
1520530379.202152 1.380821 0.018529
1520530379.302155 1.380761 0.018531
1520530379.352157 1.380891 0.018531
1520530379.452160 1.380803 0.018531
1520530379.551852 1.380868 0.018531
1520530379.651855 1.380893 0.018530
1520530379.751858 1.380889 0.018530
1520530379.851861 1.380807 0.018530
1520530379.951826 1.380790 0.018531
1520530380.051829 1.380897 0.018530
1520530380.101830 1.380982 0.018530
1520530380.201888 1.381255 0.018530
1520530380.301736 1.381246 0.018530
1520530380.402163 1.381115 0.018527
1520530380.502165 1.381527 0.018529
1520530380.552166 1.381508 0.018526
1520530380.652170 1.381966 0.018527
1520530380.752135 1.382064 0.018527
1520530380.802136 1.381465 0.018527
1520530380.902139 1.381483 0.018528
1520530380.952141 1.381310 0.018531
1520530381.052144 1.381378 0.018528
1520530381.102146 1.381161 0.018524
1520530381.202049 1.381261 0.018527
1520530381.252051 1.381114 0.018526
1520530381.352054 1.381020 0.018528
1520530381.452057 1.380852 0.018529
1520530381.552262 1.380840 0.018530
1520530381.652265 1.380749 0.018530
1520530381.752268 1.380739 0.018531
1520530381.852271 1.380771 0.018531
1520530381.952332 1.380806 0.018531
1520530382.052335 1.380775 0.018531
1520530382.152338 1.380790 0.018530
1520530382.252342 1.380818 0.018530
1520530382.352159 1.380860 0.018530
1520530382.452162 1.380823 0.018530
1520530382.552165 1.380817 0.018530
1520530382.652168 1.380836 0.018530
1520530382.752171 1.380850 0.018529
1520530382.902248 1.380827 0.018530
1520530383.052252 1.380832 0.018531
1520530383.152255 1.380864 0.018530
1520530383.252208 1.380895 0.018530
1520530383.352211 1.380922 0.018531
1520530383.452214 1.380921 0.018530
1520530383.552217 1.380915 0.018530
1520530383.652472 1.380930 0.018530
1520530383.752476 1.380961 0.018530
1520530383.852479 1.380986 0.018530
1520530383.952482 1.380932 0.018530
1520530384.052531 1.381169 0.018529
1520530384.152534 1.381262 0.018530
1520530384.252537 1.381505 0.018528
1520530384.352541 1.381512 0.018525
1520530384.452434 1.381150 0.018528
1520530384.552437 1.381294 0.018528
1520530384.652440 1.381077 0.018528
1520530384.752443 1.381012 0.018529
1520530384.852858 1.381146 0.018530
1520530384.902860 1.381112 0.018530
1520530385.002916 1.381102 0.018529
1520530385.102866 1.381066 0.018530
1520530385.152867 1.380970 0.018530
1520530385.252705 1.380890 0.018530
1520530385.302707 1.381045 0.018530
1520530385.402710 1.381110 0.018530
1520530385.452712 1.381112 0.018529
1520530385.552715 1.381110 0.018530
1520530385.602716 1.381069 0.018530
1520530385.702487 1.381057 0.018530
1520530385.752489 1.381103 0.018530
1520530385.852492 1.381068 0.018530
1520530385.952497 1.381085 0.018530
1520530386.052544 1.381118 0.018529
1520530386.152547 1.381070 0.018530
1520530386.252550 1.381069 0.018530
1520530386.352553 1.381037 0.018530
1520530386.452758 1.381078 0.018530
1520530386.552761 1.381124 0.018530
1520530386.652764 1.381070 0.018529
1520530386.752767 1.381069 0.018530
1520530386.852674 1.381024 0.018529
1520530386.952678 1.380960 0.018530
1520530387.052681 1.380954 0.018530
1520530387.152684 1.380964 0.018530
1520530387.252606 1.381196 0.018529
1520530387.302607 1.381156 0.018529
1520530387.402611 1.381241 0.018531
1520530387.452612 1.381085 0.018530
1520530387.552615 1.381084 0.018529
1520530387.602617 1.381261 0.018527
1520530387.702457 1.381618 0.018527
1520530387.752459 1.381628 0.018529
1520530387.852464 1.381118 0.018530
1520530387.902463 1.380999 0.018529
1520530388.002466 1.381006 0.018528
1520530388.052468 1.381140 0.018527
1520530388.152496 1.381079 0.018530
1520530388.202544 1.381182 0.018523
1520530388.302501 1.381110 0.018530
1520530388.352502 1.381030 0.018529
1520530388.452505 1.381052 0.018530
1520530388.552854 1.381067 0.018531
1520530388.702858 1.381084 0.018530
1520530388.802861 1.381070 0.018530
1520530388.902233 1.381066 0.018529
1520530388.952235 1.381096 0.018528
1520530389.052238 1.381101 0.018530
1520530389.152242 1.381069 0.018530
1520530389.252245 1.381120 0.018529
1520530389.352936 1.381263 0.018528
1520530389.452939 1.381230 0.018530
1520530389.552942 1.381151 0.018530
1520530389.652948 1.381195 0.018530
1520530389.702846 1.381169 0.018529
1520530389.803445 1.381180 0.018530
1520530389.853406 1.381151 0.018529
1520530389.953409 1.381229 0.018530
1520530390.003411 1.381150 0.018529
1520530390.103414 1.381222 0.018530
1520530390.152569 1.381117 0.018529
1520530390.252572 1.380999 0.018528
1520530390.302572 1.381161 0.018529
1520530390.402575 1.381201 0.018530
1520530390.452578 1.381098 0.018528
1520530390.553324 1.383046 0.018529
1520530390.603326 1.381169 0.018530
1520530390.703329 1.381279 0.018530
1520530390.753331 1.381134 0.018529
1520530390.853334 1.381073 0.018530
1520530390.953379 1.381130 0.018529
1520530391.003381 1.381089 0.018529
1520530391.103384 1.381083 0.018529
1520530391.203387 1.381086 0.018530
1520530391.303389 1.381268 0.018530
1520530391.352333 1.381217 0.018529
1520530391.452336 1.381203 0.018530
1520530391.552339 1.381099 0.018529
1520530391.602341 1.381125 0.018529
1520530391.702344 1.381094 0.018530
1520530391.802426 1.381063 0.018530
1520530391.902429 1.381093 0.018529
1520530392.002432 1.381133 0.018530
1520530392.102435 1.381108 0.018530
1520530392.152436 1.381151 0.018530
1520530392.253143 1.381429 0.018529
1520530392.303145 1.381289 0.018529
1520530392.403148 1.381209 0.018530
1520530392.453150 1.381232 0.018528
1520530392.553153 1.381245 0.018529
1520530392.652236 1.381242 0.018531
1520530392.752239 1.380808 0.018527
1520530392.802241 1.380935 0.018530
1520530392.902243 1.381007 0.018529
1520530392.952245 1.381049 0.018529
1520530393.052154 1.381380 0.018527
1520530393.152157 1.381356 0.018529
1520530393.252160 1.381373 0.018528
1520530393.402921 1.381345 0.018528
1520530393.502924 1.381438 0.018525
1520530393.552926 1.381378 0.018524
1520530393.652929 1.381286 0.018526
1520530393.702931 1.381329 0.018526
1520530393.802958 1.381115 0.018528
1520530393.902961 1.381333 0.018529
1520530394.052965 1.383171 0.018462
1520530394.152969 1.381318 0.018526
1520530394.202165 1.381368 0.018525
1520530394.302169 1.381325 0.018530
1520530394.402172 1.381144 0.018528
1520530394.502175 1.381172 0.018529
1520530394.602189 1.381231 0.018527
1520530394.652876 1.381352 0.018523
1520530394.752879 1.381241 0.018522
1520530394.852882 1.381162 0.018529
1520530394.952885 1.381041 0.018530
1520530395.053731 1.381051 0.018530
1520530395.103732 1.381217 0.018529
1520530395.203735 1.381301 0.018530
1520530395.303738 1.381360 0.018530
1520530395.403742 1.381345 0.018529
1520530395.502707 1.381210 0.018530
1520530395.602710 1.381133 0.018529
1520530395.702713 1.381154 0.018530
1520530395.853078 1.381518 0.018525
1520530395.953081 1.381423 0.018525
1520530396.053084 1.381351 0.018530
1520530396.153087 1.381237 0.018529
1520530396.253235 1.381199 0.018529
1520530396.353238 1.381090 0.018529
1520530396.403240 1.381063 0.018529
1520530396.503243 1.381075 0.018529
1520530396.603246 1.381083 0.018528
1520530396.703145 1.381109 0.018530
1520530396.803148 1.381080 0.018530
1520530396.903152 1.381489 0.018529
1520530397.003155 1.381299 0.018530
1520530397.102782 1.381120 0.018530
1520530397.202785 1.381046 0.018529
1520530397.302788 1.381033 0.018524
1520530397.402791 1.381061 0.018528
1520530397.502304 1.380926 0.018528
1520530397.552306 1.381351 0.018525
1520530397.652309 1.381116 0.018529
1520530397.752312 1.381157 0.018529
1520530397.852315 1.381069 0.018528
1520530397.902585 1.381093 0.018528
1520530398.002588 1.381100 0.018530
1520530398.052589 1.381053 0.018528
1520530398.152592 1.381071 0.018529
1520530398.252596 1.381048 0.018529
1520530398.303365 1.381298 0.018529
1520530398.403368 1.381339 0.018530
1520530398.453370 1.381244 0.018530
1520530398.553373 1.381222 0.018530
1520530398.603375 1.381079 0.018529
1520530398.703221 1.381088 0.018530
1520530398.753223 1.380946 0.018530
1520530398.853226 1.381071 0.018528
1520530398.903227 1.381087 0.018530
1520530399.003230 1.380967 0.018530
1520530399.053232 1.380952 0.018527
1520530399.152330 1.381068 0.018521
1520530399.202332 1.380922 0.018520
1520530399.302335 1.381020 0.018529
1520530399.352336 1.381087 0.018528
1520530399.452339 1.381079 0.018529
1520530399.502341 1.381082 0.018528
1520530399.603008 1.381185 0.018529
1520530399.703011 1.381233 0.018530
1520530399.803014 1.381231 0.018528
1520530399.903017 1.381206 0.018529
1520530399.953275 1.381082 0.018529
1520530400.053278 1.381117 0.018530
1520530400.103279 1.380970 0.018529
1520530400.203283 1.381074 0.018529
1520530400.253284 1.381059 0.018530
1520530400.352494 1.381100 0.018528
1520530400.452498 1.381140 0.018528
1520530400.502500 1.380997 0.018527
1520530400.602502 1.381024 0.018529
1520530400.702505 1.381080 0.018529
1520530400.802292 1.381045 0.018529
1520530400.852294 1.381090 0.018529
1520530400.952297 1.380971 0.018529
1520530401.002299 1.381025 0.018529
1520530401.102302 1.381084 0.018529
1520530401.202755 1.381194 0.018529
1520530401.252756 1.381150 0.018529
1520530401.352759 1.381246 0.018529
1520530401.402761 1.381217 0.018529
1520530401.502764 1.381161 0.018529
1520530401.603037 1.381182 0.018529
1520530401.703041 1.381162 0.018529
1520530401.803044 1.381236 0.018528
1520530401.903047 1.381155 0.018529
1520530401.953048 1.381029 0.018529
1520530402.052283 1.381054 0.018529
1520530402.102285 1.381066 0.018529
1520530402.202287 1.381060 0.018529
1520530402.252289 1.381056 0.018529
1520530402.352292 1.381052 0.018529
1520530402.402567 1.381039 0.018526
1520530402.502571 1.381024 0.018529
1520530402.552572 1.381034 0.018529
1520530402.652672 1.381056 0.018529
1520530402.752578 1.381028 0.018529
1520530402.803416 1.381017 0.018528
1520530402.903419 1.381041 0.018527
1520530402.953420 1.381234 0.018529
1520530403.053424 1.381306 0.018528
1520530403.103425 1.381228 0.018528
1520530403.202933 1.381249 0.018529
1520530403.252935 1.381081 0.018528
1520530403.352938 1.381161 0.018527
1520530403.452941 1.380956 0.018527
1520530403.502943 1.380908 0.018528
1520530403.602946 1.380856 0.018528
1520530403.652254 1.381025 0.018528
1520530403.752257 1.381099 0.018529
1520530403.802258 1.381044 0.018526
1520530403.902261 1.380983 0.018528
1520530403.952263 1.380988 0.018527
1520530404.052745 1.381299 0.018528
1520530404.102746 1.381039 0.018528
1520530404.202749 1.381014 0.018528
1520530404.302752 1.381117 0.018527
1520530404.402755 1.381059 0.018528
1520530404.503114 1.381086 0.018528
1520530404.553115 1.381084 0.018528
1520530404.653119 1.381089 0.018528
1520530404.703120 1.381219 0.018528
1520530404.803123 1.381120 0.018528
1520530404.852642 1.381135 0.018528
1520530404.952645 1.381054 0.018529
1520530405.002647 1.381070 0.018529
1520530405.102650 1.381049 0.018528
1520530405.152651 1.380883 0.018525
1520530405.252327 1.381033 0.018529
1520530405.302330 1.381082 0.018528
1520530405.402333 1.381136 0.018528
1520530405.452334 1.381051 0.018528
1520530405.552337 1.381060 0.018528
1520530405.602339 1.381109 0.018528
1520530405.702792 1.381137 0.018528
1520530405.752795 1.381084 0.018528
1520530405.852855 1.381043 0.018528
1520530405.902800 1.381006 0.018528
1520530406.002803 1.380999 0.018528
1520530406.103570 1.381047 0.018528
1520530406.203573 1.381207 0.018529
1520530406.253574 1.381191 0.018527
1520530406.353577 1.381178 0.018528
1520530406.403579 1.381193 0.018528
1520530406.503485 1.381215 0.018528
1520530406.603489 1.380979 0.018526
1520530406.703492 1.381109 0.018529
1520530406.803495 1.380842 0.018527
1520530406.902692 1.380702 0.018528
1520530406.952693 1.380677 0.018526
1520530407.052696 1.380708 0.018523
1520530407.102698 1.380931 0.018528
1520530407.202701 1.381413 0.018527
1520530407.252702 1.381613 0.018526
1520530407.353185 1.381588 0.018527
1520530407.403187 1.381400 0.018528
1520530407.503190 1.381040 0.018527
1520530407.553191 1.381099 0.018528
1520530407.653194 1.381122 0.018528
1520530407.703510 1.381197 0.018528
1520530407.803513 1.381133 0.018528
1520530407.853515 1.381097 0.018528
1520530407.953518 1.381106 0.018528
1520530408.003519 1.381115 0.018528
1520530408.103522 1.381131 0.018527
1520530408.153603 1.381159 0.018528
1520530408.253606 1.381112 0.018528
1520530408.353609 1.381123 0.018528
1520530408.453613 1.381071 0.018528
1520530408.553374 1.381046 0.018528
1520530408.653377 1.380977 0.018525
1520530408.753380 1.380984 0.018527
1520530408.853383 1.381019 0.018527
1520530408.952878 1.381139 0.018528
1520530409.052890 1.381115 0.018527
1520530409.152884 1.381102 0.018524
1520530409.252887 1.380998 0.018525
1520530409.352902 1.381261 0.018527
1520530409.452906 1.381163 0.018527
1520530409.552909 1.381639 0.018524
1520530409.652912 1.381919 0.018524
1520530409.752654 1.381481 0.018527
1520530409.802656 1.381313 0.018525
1520530409.902659 1.381141 0.018527
1520530410.002662 1.381048 0.018526
1520530410.102666 1.381078 0.018523
1520530410.203224 1.381042 0.018525
1520530410.303227 1.381075 0.018527
1520530410.403230 1.381066 0.018528
1520530410.453232 1.381007 0.018528
1520530410.553235 1.381046 0.018526
1520530410.653876 1.381060 0.018527
1520530410.753879 1.380985 0.018528
1520530410.853882 1.380920 0.018527
1520530410.953885 1.381213 0.018527
1520530411.053420 1.381275 0.018527
1520530411.153423 1.381164 0.018528
1520530411.303427 1.381196 0.018527
1520530411.403009 1.381224 0.018528
1520530411.453010 1.381154 0.018525
1520530411.553013 1.381101 0.018528
1520530411.653017 1.381043 0.018527
1520530411.753020 1.381163 0.018526
1520530411.852907 1.381047 0.018528
1520530411.902909 1.381030 0.018527
1520530412.002912 1.381015 0.018528
1520530412.052913 1.381014 0.018528
1520530412.152916 1.381015 0.018528
1520530412.203416 1.381063 0.018526
1520530412.303419 1.381026 0.018527
1520530412.403422 1.380990 0.018528
1520530412.453423 1.380989 0.018527
1520530412.553426 1.381174 0.018528
1520530412.653630 1.381246 0.018528
1520530412.753633 1.381113 0.018528
1520530412.803634 1.381019 0.018527
1520530412.903637 1.381119 0.018527
1520530412.953639 1.381146 0.018527
1520530413.053009 1.380996 0.018526
1520530413.103011 1.381065 0.018528
1520530413.203014 1.381231 0.018527
1520530413.303017 1.381082 0.018528
1520530413.403021 1.380958 0.018527
1520530413.502941 1.381034 0.018527
1520530413.602944 1.381062 0.018528
1520530413.802951 1.380999 0.018527
1520530413.903189 1.381093 0.018528
1520530414.003112 1.381074 0.018521
1520530414.103115 1.381045 0.018528
1520530414.203118 1.381036 0.018528
1520530414.302896 1.381028 0.018526
1520530414.402899 1.380969 0.018527
1520530414.502902 1.381008 0.018527
1520530414.602906 1.381173 0.018527
1520530414.702707 1.381142 0.018526
1520530414.802710 1.381235 0.018527
1520530414.902714 1.381085 0.018527
1520530415.002717 1.381013 0.018528
1520530415.103195 1.380965 0.018526
1520530415.153197 1.381026 0.018523
1520530415.253200 1.380913 0.018528
1520530415.353203 1.381006 0.018526
1520530415.503115 1.381556 0.018526
1520530415.603071 1.381095 0.018528
1520530415.703074 1.381028 0.018527
1520530415.803077 1.381061 0.018527
1520530415.953363 1.381095 0.018528
1520530416.153369 1.381097 0.018527
1520530416.553383 1.381195 0.018527
1520530416.653386 1.381242 0.018525
1520530416.753274 1.381122 0.018526
1520530416.853277 1.381102 0.018528
1520530416.953280 1.381115 0.018525
1520530417.053283 1.381000 0.018526
1520530417.153371 1.380937 0.018524
1520530417.253374 1.381062 0.018526
1520530417.503382 1.381222 0.018527
1520530417.603465 1.381200 0.018527
1520530417.703468 1.381189 0.018526
1520530417.803472 1.381194 0.018527
1520530417.903475 1.381221 0.018525
1520530418.003458 1.381123 0.018523
1520530418.103461 1.380973 0.018526
1520530418.203465 1.380839 0.018525
1520530418.303468 1.380938 0.018528
1520530418.453434 1.381006 0.018528
1520530418.603439 1.381067 0.018527
1520530418.753343 1.380946 0.018527
1520530418.853346 1.380956 0.018525
1520530418.953350 1.380983 0.018527
1520530419.053353 1.380955 0.018524
1520530419.153533 1.380922 0.018526
1520530419.253536 1.380967 0.018523
1520530419.403541 1.380992 0.018528
1520530419.553545 1.381052 0.018529
1520530419.703733 1.381072 0.018528
1520530419.803736 1.380991 0.018528
1520530419.903739 1.380941 0.018528
1520530420.003597 1.380972 0.018529
1520530420.103600 1.381017 0.018528
1520530420.203604 1.380982 0.018529
1520530420.253605 1.380967 0.018525
1520530420.353608 1.380983 0.018526
1520530420.453700 1.380882 0.018527
1520530420.553704 1.380899 0.018529
1520530420.753710 1.381064 0.018524
1520530420.853358 1.381045 0.018528
1520530420.953361 1.381065 0.018530
1520530421.053364 1.381061 0.018529
1520530421.153367 1.381047 0.018529
1520530421.203429 1.381089 0.018519
1520530421.303432 1.381031 0.018525
1520530421.403435 1.380960 0.018526
1520530421.503439 1.380952 0.018529
1520530421.603611 1.381035 0.018528
1520530421.703614 1.380975 0.018528
1520530421.853618 1.381033 0.018529
1520530422.003623 1.381070 0.018529
1520530422.103474 1.381004 0.018530
1520530422.203477 1.380977 0.018530
1520530422.303480 1.380997 0.018530
1520530422.403483 1.380963 0.018529
1520530422.503396 1.380936 0.018529
1520530422.553398 1.380900 0.018528
1520530422.653400 1.380986 0.018529
1520530422.753403 1.381024 0.018529
1520530422.853580 1.380999 0.018529
1520530423.053588 1.381090 0.018530
1520530423.153591 1.381212 0.018530
1520530423.253316 1.381059 0.018529
1520530423.353319 1.381038 0.018530
1520530423.453322 1.381094 0.018529
1520530423.603327 1.381115 0.018529
1520530423.652983 1.381117 0.018529
1520530423.752986 1.381036 0.018527
1520530423.852990 1.381068 0.018528
1520530423.952993 1.381013 0.018528
1520530424.002994 1.380975 0.018529
1520530424.103253 1.380999 0.018528
1520530424.153255 1.381028 0.018528
1520530424.253258 1.381050 0.018529
1520530424.353261 1.381744 0.018517
1520530424.453264 1.381126 0.018526
1520530424.504722 1.381345 0.018528
1520530424.604726 1.381193 0.018530
1520530424.704729 1.381112 0.018529
1520530424.854733 1.386371 0.018118
1520530424.903374 1.381261 0.017700
1520530425.003378 1.379986 0.018359
1520530425.053379 1.379896 0.018374
1520530425.153383 1.379894 0.018374
1520530425.253385 1.380652 0.018373
1520530425.353734 1.380816 0.018506
1520530425.453737 1.380814 0.018527
1520530425.603741 1.381030 0.018528
1520530425.653743 1.381124 0.018527
1520530425.753677 1.381203 0.018530
1520530425.803679 1.381118 0.018530
1520530425.903682 1.381115 0.018528
1520530426.003685 1.381091 0.018529
1520530426.103474 1.381257 0.018529
1520530426.153475 1.381215 0.018529
1520530426.253478 1.381215 0.018529
1520530426.303480 1.381241 0.018526
1520530426.403483 1.381047 0.018528
1520530426.453484 1.381010 0.018527
1520530426.553551 1.381083 0.018526
1520530426.703556 1.381257 0.018527
1520530426.753558 1.381216 0.018529
1520530426.853560 1.381112 0.018529
1520530426.903562 1.381252 0.018526
1520530427.003600 1.381212 0.018528
1520530427.103603 1.381198 0.018527
1520530427.203606 1.381149 0.018527
1520530427.303609 1.381211 0.018529
1520530427.403594 1.381149 0.018528
1520530427.503597 1.381460 0.018527
1520530427.803679 1.381676 0.018529
1520530427.903683 1.381226 0.018529
1520530427.953684 1.381289 0.018525
1520530428.053687 1.381237 0.018528
1520530428.103692 1.381072 0.018528
1520530428.203537 1.381027 0.018528
1520530428.253538 1.381063 0.018528
1520530428.353542 1.381133 0.018528
1520530428.403618 1.381085 0.018528
1520530428.503546 1.380913 0.018528
1520530428.553451 1.380960 0.018528
1520530428.653454 1.381011 0.018529
1520530428.753457 1.380982 0.018528
1520530428.803458 1.380984 0.018530
1520530428.903461 1.381166 0.018530
1520530428.953463 1.381236 0.018530
1520530429.053445 1.381466 0.018530
1520530429.103447 1.381630 0.018529
1520530429.203450 1.381542 0.018529
1520530429.253451 1.381129 0.018528
1520530429.353455 1.381218 0.018530
1520530429.403551 1.381251 0.018530
1520530429.503555 1.381363 0.018529
1520530429.553556 1.381320 0.018530
1520530429.653559 1.381199 0.018530
1520530429.703560 1.381100 0.018530
1520530429.803622 1.381185 0.018530
1520530429.853626 1.381211 0.018529
1520530429.953626 1.381136 0.018530
1520530430.003663 1.381126 0.018530
1520530430.103631 1.381152 0.018530
1520530430.153632 1.381166 0.018530
1520530430.253346 1.381129 0.018531
1520530430.303347 1.381125 0.018530
1520530430.403350 1.381142 0.018531
1520530430.453352 1.381112 0.018531
1520530430.553355 1.381075 0.018531
1520530430.653528 1.381046 0.018530
1520530430.753532 1.380995 0.018531
1520530430.803533 1.381090 0.018530
1520530430.903536 1.381113 0.018530
1520530431.003696 1.381142 0.018530
1520530431.053698 1.381160 0.018529
1520530431.153701 1.381144 0.018531
1520530431.203703 1.381158 0.018529
1520530431.303706 1.381141 0.018531
1520530431.353708 1.381207 0.018529
1520530431.453562 1.381269 0.018530
1520530431.503564 1.381200 0.018530
1520530431.603567 1.381013 0.018528
1520530431.653568 1.380930 0.018529
1520530431.753571 1.381055 0.018530
1520530431.803573 1.381258 0.018530
1520530431.903526 1.381453 0.018531
1520530431.953527 1.381315 0.018529
1520530432.053530 1.381128 0.018530
1520530432.103532 1.381090 0.018531
1520530432.203536 1.381191 0.018529
1520530432.253696 1.381202 0.018530
1520530432.353700 1.381096 0.018530
1520530432.453702 1.381077 0.018531
1520530432.503704 1.381094 0.018530
1520530432.603708 1.381105 0.018530
1520530432.653548 1.381093 0.018530
1520530432.753551 1.381132 0.018528
1520530432.803553 1.381059 0.018530
1520530432.903556 1.381229 0.018530
1520530432.953557 1.381408 0.018527
1520530433.053690 1.381635 0.018531
1520530433.103691 1.381615 0.018531
1520530433.203694 1.381691 0.018530
1520530433.303697 1.382083 0.018530
1520530433.403700 1.381501 0.018527
1520530433.503793 1.381285 0.018528
1520530433.603796 1.381193 0.018528
1520530433.703799 1.381091 0.018530
1520530433.803803 1.381054 0.018531
1520530433.853804 1.381068 0.018531
1520530433.953632 1.381071 0.018530
1520530434.003634 1.381171 0.018528
1520530434.103637 1.381155 0.018530
1520530434.153638 1.381151 0.018530
1520530434.253642 1.381014 0.018531
1520530434.303478 1.381029 0.018530
1520530434.403481 1.381033 0.018531
1520530434.453483 1.381039 0.018531
1520530434.553486 1.381103 0.018531
1520530434.603488 1.381113 0.018530
1520530434.703655 1.381058 0.018529
1520530434.753658 1.381100 0.018530
1520530434.853723 1.381147 0.018531
1520530434.903661 1.381137 0.018529
1520530435.003664 1.381127 0.018531
1520530435.103796 1.381220 0.018529
1520530435.153798 1.381260 0.018529
1520530435.253801 1.381201 0.018530
1520530435.303802 1.381176 0.018530
1520530435.403806 1.381188 0.018530
1520530435.453807 1.381208 0.018529
1520530435.554088 1.381163 0.018531
1520530435.604089 1.381161 0.018529
1520530435.704092 1.381231 0.018529
1520530435.754094 1.381150 0.018530
1520530435.854097 1.381095 0.018530
1520530435.904099 1.381109 0.018530
1520530436.003837 1.381025 0.018530
1520530436.053838 1.381056 0.018531
1520530436.153841 1.381066 0.018531
1520530436.253844 1.381058 0.018531
1520530436.353956 1.381062 0.018531
1520530436.453978 1.381090 0.018531
1520530436.653965 1.381540 0.018530
1520530436.754031 1.381388 0.018528
1520530436.854034 1.381240 0.018531
1520530436.904035 1.381155 0.018528
1520530437.004039 1.381029 0.018530
1520530437.054040 1.381049 0.018530
1520530437.153533 1.381109 0.018528
1520530437.203536 1.381059 0.018517
1520530437.303539 1.381121 0.018528
1520530437.353539 1.381163 0.018528
1520530437.453545 1.381201 0.018531
1520530437.503545 1.381157 0.018529
1520530437.603872 1.381093 0.018526
1520530437.653873 1.381090 0.018529
1520530437.753876 1.381073 0.018530
1520530437.803878 1.381072 0.018530
1520530437.903881 1.381073 0.018530
1520530438.004481 1.381044 0.018531
1520530438.104484 1.381052 0.018531
1520530438.204487 1.381048 0.018531
1520530438.304490 1.381015 0.018531
1520530438.354492 1.381064 0.018530
1520530438.453623 1.381044 0.018529
1520530438.503624 1.380963 0.018530
1520530438.603628 1.381016 0.018531
1520530438.703631 1.381020 0.018530
1520530438.753632 1.381009 0.018527
1520530438.854392 1.381064 0.018529
1520530438.954395 1.381093 0.018529
1520530439.104398 1.381128 0.018531
1520530439.204654 1.381176 0.018531
1520530439.304657 1.381035 0.018531
1520530439.554665 1.380786 0.018530
1520530439.654178 1.380884 0.018531
1520530439.754182 1.380982 0.018531
1520530439.854185 1.381137 0.018528
1520530439.954188 1.381148 0.018529
1520530440.054101 1.381148 0.018528
1520530440.204106 1.381301 0.018529
1520530440.304109 1.381394 0.018529
1520530440.404112 1.381559 0.018529
1520530440.503979 1.381699 0.018529
1520530440.603982 1.381724 0.018530
1520530440.703986 1.381681 0.018530
1520530440.803989 1.381522 0.018530
1520530440.903872 1.381229 0.018528
1520530441.003875 1.381252 0.018529
1520530441.103878 1.381379 0.018530
1520530441.203881 1.381284 0.018530
1520530441.303927 1.381245 0.018529
1520530441.403893 1.381044 0.018530
1520530441.503896 1.381017 0.018530
1520530441.654083 1.381046 0.018531
1520530441.804088 1.381179 0.018531
1520530441.954092 1.381116 0.018530
1520530442.004094 1.381132 0.018524
1520530442.104032 1.380998 0.018529
1520530442.204035 1.381077 0.018523
1520530442.304038 1.381111 0.018521
1520530442.404042 1.381096 0.018527
1520530442.503716 1.381000 0.018522
1520530442.603719 1.380983 0.018527
1520530442.653721 1.381118 0.018529
1520530442.753723 1.381130 0.018530
1520530442.803725 1.381034 0.018529
1520530442.904376 1.381018 0.018528
1520530443.004379 1.380966 0.018528
1520530443.104382 1.381085 0.018526
1520530443.204385 1.381034 0.018530
1520530443.354468 1.381075 0.018531
1520530443.504473 1.381184 0.018531
1520530443.604476 1.381189 0.018529
1520530443.704013 1.381384 0.018520
1520530443.754014 1.381204 0.018529
1520530443.854018 1.381008 0.018528
1520530443.954022 1.381270 0.018528
1520530444.054024 1.381304 0.018524
1520530444.154403 1.381069 0.018523
1520530444.204406 1.381038 0.018527
1520530444.304409 1.381007 0.018530
1520530444.404412 1.380977 0.018530
1520530444.505161 1.381059 0.018530
1520530444.605164 1.380867 0.018528
1520530444.705167 1.381118 0.018529
1520530444.805170 1.381172 0.018530
1520530444.905173 1.381255 0.018531
1520530445.004964 1.381182 0.018530
1520530445.054965 1.381172 0.018529
1520530445.154968 1.381236 0.018530
1520530445.204970 1.381122 0.018529
1520530445.304973 1.381002 0.018530
1520530445.353892 1.381040 0.018531
1520530445.453896 1.381142 0.018523
1520530445.503898 1.381305 0.018519
1520530445.603900 1.381175 0.018526
1520530445.653902 1.381020 0.018523
1520530445.753751 1.381011 0.018528
1520530445.803752 1.380972 0.018528
1520530445.903755 1.380970 0.018530
1520530445.953757 1.380999 0.018528
1520530446.053761 1.380997 0.018530
1520530446.103761 1.380951 0.018529
1520530446.204900 1.381076 0.018531
1520530446.304903 1.381032 0.018530
1520530446.354905 1.380914 0.018530
1520530446.454908 1.381031 0.018530
1520530446.554783 1.381175 0.018527
1520530446.654786 1.381190 0.018527
1520530446.754789 1.381182 0.018525
1520530446.854792 1.381181 0.018520
1520530446.954330 1.381016 0.018526
1520530447.054334 1.380985 0.018529
1520530447.154337 1.380989 0.018528
1520530447.254340 1.381001 0.018528
1520530447.354343 1.381020 0.018530
1520530447.454125 1.380990 0.018530
1520530447.604130 1.380907 0.018523
1520530447.754142 1.380984 0.018529
1520530448.203885 1.381128 0.018530
1520530448.353889 1.381077 0.018525
