DelayedMarginalization 0.000955923 2.81713e-08 0.00193244 1388
DelayedMarginalizationOnly 0.000461814 1.83095e-08 0.00145713 1388
EF-marginalizeFrame 0.00135375 3.81661e-08 0.00238517 1388
FullSystem::trackNewCoarse 0.00250262 6.47605e-07 0.00741317 2673
FullSystem::trackNewCoarseNoIMU 0.00189152 2.5264e-05 0.054009 110
FullSystemOptimize 0.0382197 4.74013e-05 0.0579302 1394
GraphUnrolling 0.0104224 0.000116299 0.0314625 8
IMUInitAddPose 2.36735e-05 1.13366e-11 6.6835e-05 1394
IMUInitOptimize 0.00347459 2.73381e-06 0.00573039 4
IMUIntegration::finishKeyframeOperations 5.8375e-05 7.87825e-10 0.000945666 1385
InitializerFirstFrame 0.0332794 -nan 0.0332794 1
InitializerOtherFrames 0.0596778 0.000100172 0.0807747 35
MainMarginalization 0.0011892 3.37037e-08 0.0022282 1388
MarginalizationReplacementBuildGraph 0.00090164 3.69774e-07 0.00195444 8
MarginalizationReplacementReplaceGraph 0.0118523 0.000120287 0.0316384 7
MarginalizeMainGraph 0.000493496 6.29404e-09 0.000738504 1388
PGBA 0.0103566 -nan 0.0103566 1
PGBAFull 0.00167676 1.42998e-05 0.0117428 9
PrepareGraphForMainOptimization 0.0104957 0.000117098 0.0316064 8
VisualMarginalization 3.9564e-05 7.0318e-11 0.000103272 1388
activatePointsMT 0.00333589 7.37465e-07 0.00819195 1394
addActiveFrame 0.0393585 0.000878041 0.100772 2819
addIMUData 0.000659454 2.0858e-08 0.00118625 2673
addIMUDataToBA 3.63702e-05 1.51557e-10 0.000151157 2818
addKeyframeToBA 3.3161e-05 3.61176e-11 0.000108966 1394
afterCoarseTracking 2.87446e-07 3.42458e-14 9.46e-06 2783
baIteration 0.00586945 1.28813e-06 0.010586 8012
baMatrixInversion 0.000226071 1.76341e-09 0.00060127 8012
baUpdateBuildHessians 0.000502076 8.9604e-09 0.00472974 8012
coarseTrackingIteration 0.000196403 4.5599e-09 0.00122312 28458
computeBAUpdate 0.000812093 1.68381e-08 0.00503477 8012
computeCoarseUpdate 9.54584e-05 5.02118e-10 0.00117754 26172
computeFactorForCoarseGraphAndMarginalCovariances 0.0029933 3.37326e-07 0.00664435 1385
convertHAndBFromDSO 0.000147921 3.27358e-09 0.000494233 13567
debugPlot 6.80402e-08 2.47314e-15 1.493e-06 1394
debugPlotIDepthMap 3.47443e-07 6.34775e-15 1.322e-06 1394
debugPlotIDepthMapFloat 8.05624e-08 1.01738e-15 3.54e-07 1394
deliverTrackedFrame 0.033753 0.00086893 0.0945356 2784
flagFramesForMarginalization 1.59722e-06 4.22253e-13 1.2102e-05 1394
fullCoarseTracking 0.0032273 1.77958e-06 0.0540771 2783
initObjectsAndMakeImage 0.00208223 4.21935e-08 0.00401496 2819
makeKeyframe 0.0625504 7.06992e-05 0.0945331 1394
makeKeyframeChangeTrackingRef 0.00225305 1.59149e-07 0.00454817 1394
makeNewTraces 0.00534897 6.98172e-07 0.0114337 1394
makeNonKeyframe 0.00486876 2.83365e-06 0.00846912 1390
marginalizeAndRemovePoints 0.00306986 9.68325e-07 0.00696701 1394
marginalizeFrame 0.00240185 1.29984e-07 0.0042412 1388
marginalizeFrameOverhead 0.00104571 6.77932e-08 0.00290256 1388
marginalizeFrames 0.00239919 2.65433e-07 0.00535643 1394
newFrameAndNewResidualsForOldPoints 0.00101334 4.73608e-08 0.00172715 1394
printBiases 3.5623e-05 1.12002e-10 0.000128053 1394
printEigenValLine 1.16922e-07 8.45347e-14 1.094e-05 1394
printLogLine 1.56301e-07 1.20697e-14 3.813e-06 1394
publishInMakeKeyframe 1.86443e-07 8.16688e-14 1.0507e-05 1394
removeOutliers 0.00017293 1.92761e-09 0.000381185 1394
swapTrackingRef 2.20559e-05 2.16972e-11 5.2696e-05 1394
timeMeasurement 7.86352e-07 1.99001e-13 1.2545e-05 2819
traceNewCoarse 0.00404008 2.82275e-06 0.00845146 2784
updateBAValues 5.83053e-06 4.06614e-12 4.665e-05 13205
zero 9.69837e-08 1.89304e-15 1.388e-06 2819
