1520530315.549643 1.196844 0.384084
1520530315.699637 1.203226 0.259619
1520530315.849642 1.166533 0.194971
1520530315.999647 1.158607 0.188991
1520530316.150223 1.181357 0.192739
1520530316.300227 1.181317 0.174178
1520530316.450231 1.179050 0.162438
1520530316.650280 1.182395 0.156801
1520530316.900287 1.185257 0.151768
1520530316.999775 1.190889 0.146808
1520530317.149779 1.218900 0.135521
1520530317.299784 1.218472 0.116064
1520530317.499748 1.206526 0.103053
1520530317.699755 1.199978 0.095267
1520530317.800239 1.193903 0.091934
1520530317.950243 1.189592 0.093776
1520530318.100248 1.185865 0.093196
1520530318.200769 1.185743 0.093176
1520530318.350774 1.187327 0.090376
1520530318.500778 1.197077 0.086865
1520530318.650568 1.205784 0.083755
1520530318.850574 1.209832 0.080770
1520530318.999955 1.222725 0.079564
1520530319.049958 1.226309 0.075519
1520530319.199962 1.235481 0.070623
1520530319.349967 1.230693 0.065206
1520530319.449833 1.219227 0.062594
1520530319.599838 1.218781 0.060263
1520530319.749942 1.215482 0.059422
1520530319.850343 1.213900 0.059338
1520530319.950346 1.216271 0.058673
1520530320.050349 1.219060 0.057323
1520530320.150352 1.219811 0.056161
1520530320.250402 1.219753 0.055151
1520530320.400407 1.220953 0.054240
1520530320.550412 1.221014 0.053184
1520530320.649871 1.222156 0.052217
1520530320.799876 1.228959 0.050216
1520530320.949880 1.235404 0.048194
1520530321.099742 1.235821 0.046597
1520530321.199745 1.238536 0.045898
1520530321.349750 1.241969 0.045000
1520530321.499857 1.237972 0.043832
1520530321.599860 1.238442 0.043107
1520530321.699863 1.240029 0.042579
1520530321.850152 1.244752 0.042185
1520530322.000157 1.245346 0.041329
1520530322.150162 1.247861 0.040532
1520530322.300208 1.246987 0.038716
1520530322.550216 1.248801 0.038388
1520530322.700026 1.256023 0.037961
1520530322.850030 1.258404 0.037277
1520530323.000035 1.256677 0.036697
1520530323.150076 1.256168 0.036171
1520530323.300080 1.257841 0.035876
1520530323.450085 1.263858 0.035144
1520530323.550346 1.261360 0.034181
1520530323.650349 1.258724 0.033366
1520530323.800354 1.255340 0.032761
1520530323.950154 1.256114 0.032482
1520530324.150160 1.256934 0.032282
1520530324.299908 1.257194 0.032004
1520530324.399911 1.260032 0.031744
1520530324.499994 1.260337 0.031454
1520530324.599917 1.261001 0.031286
1520530324.700018 1.258608 0.031048
1520530324.850023 1.257223 0.030858
1520530325.000028 1.256620 0.030780
1520530325.100816 1.257894 0.030670
1520530325.250820 1.259171 0.030385
1520530325.450827 1.266206 0.029819
1520530325.650917 1.270737 0.028735
1520530325.850922 1.269907 0.028086
1520530326.000543 1.271239 0.027785
1520530326.150548 1.274363 0.027540
1520530326.350204 1.275951 0.026264
1520530326.500209 1.275710 0.026112
1520530326.650213 1.277327 0.026095
1520530326.800428 1.278497 0.026045
1520530327.000434 1.275627 0.025546
1520530327.150431 1.274467 0.025097
1520530327.300436 1.275684 0.024765
1520530327.450441 1.275631 0.024518
1520530327.550090 1.277062 0.024378
1520530327.650103 1.276055 0.024139
1520530327.750096 1.276739 0.023946
1520530327.800097 1.276893 0.023873
1520530327.900100 1.276373 0.023766
1520530327.950102 1.276408 0.023691
1520530328.050282 1.276473 0.023538
1520530328.150285 1.275708 0.023375
1520530328.300290 1.276491 0.023215
1520530328.400337 1.276085 0.023156
1520530328.450338 1.275987 0.023128
1520530328.550342 1.275490 0.023087
1520530328.650346 1.275400 0.023062
1520530328.750348 1.275738 0.023029
1520530328.850087 1.275774 0.022967
1520530329.000092 1.276563 0.022784
1520530329.100095 1.277149 0.022652
1520530329.150097 1.277354 0.022582
1520530329.250095 1.278417 0.022440
1520530329.350049 1.279423 0.022262
1520530329.500053 1.279459 0.021981
1520530329.600097 1.279733 0.021877
1520530329.700100 1.280145 0.021792
1520530329.800104 1.280199 0.021737
1520530329.900107 1.280603 0.021700
1520530330.000110 1.280950 0.021643
1520530330.100162 1.281697 0.021531
1520530330.200165 1.284491 0.021367
1520530330.250167 1.284473 0.021256
1520530330.350170 1.285567 0.021029
1520530330.450787 1.286019 0.020834
1520530330.500788 1.285687 0.020774
1520530330.600792 1.285431 0.020709
1520530330.700795 1.285750 0.020690
1520530330.750797 1.286251 0.020678
1520530330.850367 1.286707 0.020623
1520530330.900277 1.285893 0.020569
1520530331.000280 1.285721 0.020456
1520530331.100283 1.286772 0.020382
1520530331.200286 1.288536 0.020319
1520530331.300736 1.289097 0.020283
1520530331.400740 1.289144 0.020264
1520530331.450741 1.289534 0.020255
1520530331.550744 1.289281 0.020243
1520530331.600746 1.289461 0.020226
1520530331.700481 1.290369 0.020135
1520530331.750483 1.290310 0.020041
1520530331.850486 1.289854 0.019791
1520530331.900488 1.289948 0.019639
1520530332.000491 1.290720 0.019385
1520530332.100388 1.291467 0.019168
1520530332.200392 1.291823 0.019007
1520530332.300399 1.291260 0.018893
1520530332.400401 1.291470 0.018834
1520530332.450399 1.291605 0.018812
1520530332.550483 1.291272 0.018801
1520530332.600486 1.291053 0.018803
1520530332.700489 1.291521 0.018785
1520530332.800492 1.292116 0.018733
1520530332.900164 1.293860 0.018671
1520530332.950166 1.294177 0.018635
1520530333.050169 1.294670 0.018596
1520530333.150173 1.295154 0.018572
1520530333.250175 1.296741 0.018545
1520530333.350610 1.297122 0.018486
1520530333.450613 1.297493 0.018427
1520530333.650619 1.297991 0.018393
1520530333.700541 1.297998 0.018392
1520530333.800544 1.297479 0.018375
1520530333.850545 1.297416 0.018370
1520530333.950549 1.297832 0.018356
1520530334.000561 1.297923 0.018335
1520530334.100216 1.298901 0.018259
1520530334.200219 1.300130 0.018128
1520530334.250221 1.300709 0.018075
1520530334.350224 1.300591 0.017960
1520530334.450227 1.300684 0.017883
1520530334.550086 1.300300 0.017822
1520530334.600088 1.300207 0.017798
1520530334.700091 1.300987 0.017765
1520530334.800094 1.301517 0.017726
1520530334.900097 1.301722 0.017683
1520530335.000929 1.301434 0.017652
1520530335.100933 1.301453 0.017644
1520530335.200936 1.301458 0.017632
1520530335.300938 1.301391 0.017619
1520530335.401458 1.301399 0.017607
1520530335.501461 1.301211 0.017597
1520530335.601512 1.301424 0.017588
1520530335.750223 1.301522 0.017577
1520530335.800224 1.302133 0.017577
1520530335.900227 1.301875 0.017557
1520530336.000230 1.302463 0.017539
1520530336.050232 1.302623 0.017527
1520530336.150177 1.302668 0.017504
1520530336.250180 1.302787 0.017463
1520530336.350183 1.303583 0.017407
1520530336.450186 1.304408 0.017324
1520530336.550582 1.305033 0.017228
1520530336.650586 1.305433 0.017153
1520530336.750588 1.306619 0.017103
1520530336.850591 1.307505 0.017062
1520530336.950594 1.308187 0.017039
1520530337.050259 1.308264 0.017009
1520530337.150262 1.309140 0.016959
1520530337.250265 1.309410 0.016920
1520530337.350269 1.308586 0.016900
1520530337.450303 1.309442 0.016880
1520530337.550306 1.309222 0.016864
1520530337.650309 1.310246 0.016824
1520530337.750312 1.310885 0.016747
1520530337.850855 1.311885 0.016645
1520530337.950858 1.312718 0.016548
1520530338.050862 1.313279 0.016470
1520530338.150864 1.312876 0.016416
1520530338.250473 1.311702 0.016373
1520530338.350476 1.311470 0.016364
1520530338.450479 1.311717 0.016349
1520530338.550482 1.311600 0.016335
1520530338.650261 1.311800 0.016311
1520530338.750266 1.312215 0.016286
1520530338.850267 1.312315 0.016254
1520530338.950270 1.312521 0.016227
1520530339.050959 1.312347 0.016194
1520530339.100960 1.312579 0.016182
1520530339.200963 1.312834 0.016162
1520530339.300966 1.312735 0.016146
1520530339.400970 1.312554 0.016140
1520530339.501689 1.312383 0.016137
1520530339.601692 1.312284 0.016130
1520530339.701695 1.312184 0.016118
1520530339.751697 1.312366 0.016110
1520530339.851056 1.312583 0.016093
1520530339.901057 1.312653 0.016084
1520530340.001061 1.312847 0.016063
1520530340.101063 1.313185 0.016043
1520530340.201067 1.313912 0.016025
1520530340.300397 1.313855 0.015989
1520530340.400400 1.313920 0.015955
1520530340.500403 1.314134 0.015921
1520530340.600406 1.314603 0.015893
1520530340.700348 1.314494 0.015873
1520530340.850353 1.314542 0.015855
1520530341.000358 1.315015 0.015849
1520530341.100776 1.315497 0.015842
1520530341.300782 1.315852 0.015822
1520530341.450787 1.315708 0.015813
1520530341.650717 1.315623 0.015810
1520530341.800722 1.315333 0.015792
1520530341.950578 1.315293 0.015781
1520530342.100548 1.315044 0.015762
1520530342.200551 1.314836 0.015744
1520530342.300673 1.315554 0.015724
1520530342.450678 1.315550 0.015698
1520530342.600683 1.315273 0.015669
1520530342.700643 1.315324 0.015644
1520530342.800646 1.315797 0.015610
1520530342.950651 1.315985 0.015537
1520530343.050654 1.315813 0.015459
1520530343.151133 1.316289 0.015381
1520530343.251136 1.316239 0.015289
1520530343.351140 1.316366 0.015197
1520530343.401141 1.316645 0.015153
1520530343.501404 1.317058 0.015040
1520530343.601407 1.317122 0.014914
1520530343.701410 1.317907 0.014787
1520530343.801413 1.318275 0.014639
1520530343.901416 1.318612 0.014504
1520530344.001403 1.318535 0.014357
1520530344.101406 1.318767 0.014212
1520530344.201410 1.318798 0.014080
1520530344.301413 1.319172 0.013955
1520530344.401411 1.319270 0.013839
1520530344.501414 1.319219 0.013727
1520530344.601418 1.319505 0.013631
1520530344.701421 1.319605 0.013526
1520530344.801638 1.319451 0.013442
1520530344.901641 1.320058 0.013379
1520530345.001644 1.320091 0.013309
1520530345.101647 1.320266 0.013243
1520530345.201744 1.320513 0.013190
1520530345.301746 1.320695 0.013136
1520530345.401749 1.320641 0.013089
1520530345.501752 1.320891 0.013052
1520530345.551195 1.320730 0.013026
1520530345.651198 1.320860 0.013000
1520530345.751201 1.320326 0.012952
1520530345.851204 1.319952 0.012935
1520530345.901206 1.320044 0.012927
1520530346.001475 1.320192 0.012907
1520530346.101479 1.320072 0.012881
1520530346.201481 1.320340 0.012863
1520530346.301485 1.320710 0.012850
1520530346.351486 1.320783 0.012843
1520530346.451378 1.320805 0.012833
1520530346.551380 1.320652 0.012818
1520530346.651383 1.320553 0.012811
1520530346.701385 1.320491 0.012804
1520530346.801545 1.320561 0.012796
1520530346.851546 1.320722 0.012789
1520530346.951549 1.320860 0.012783
1520530347.001551 1.320663 0.012780
1520530347.101554 1.320688 0.012776
1520530347.201400 1.320805 0.012771
1520530347.301403 1.320918 0.012768
1520530347.401407 1.320846 0.012761
1520530347.451408 1.320881 0.012759
1520530347.551411 1.320585 0.012754
1520530347.651220 1.320339 0.012752
1520530347.751223 1.320143 0.012749
1520530347.851226 1.320222 0.012746
1520530347.951229 1.320268 0.012744
1520530348.051164 1.320322 0.012740
1520530348.151168 1.320255 0.012739
1520530348.251170 1.320317 0.012737
1520530348.351173 1.320274 0.012736
1520530348.451416 1.320254 0.012734
1520530348.551419 1.320201 0.012734
1520530348.651423 1.320058 0.012734
1520530348.701425 1.320011 0.012734
1520530348.801428 1.320194 0.012733
1520530348.851315 1.320192 0.012731
1520530348.951318 1.320058 0.012732
1520530349.001320 1.320128 0.012732
1520530349.101323 1.320322 0.012731
1520530349.201326 1.320516 0.012731
1520530349.301107 1.320448 0.012733
1520530349.351109 1.320370 0.012731
1520530349.451112 1.320343 0.012731
1520530349.501114 1.320329 0.012731
1520530349.601117 1.320341 0.012730
1520530349.700937 1.320487 0.012730
1520530349.800940 1.320472 0.012730
1520530349.900986 1.320485 0.012728
1520530350.000946 1.320558 0.012728
1520530350.051376 1.320596 0.012728
1520530350.151379 1.320591 0.012728
1520530350.201381 1.320547 0.012727
1520530350.301384 1.320601 0.012725
1520530350.351387 1.320636 0.012725
1520530350.451515 1.320651 0.012724
1520530350.551518 1.320649 0.012724
1520530350.601520 1.320756 0.012723
1520530350.701523 1.320834 0.012722
1520530350.801526 1.320816 0.012721
1520530350.901571 1.320815 0.012721
1520530351.001574 1.320809 0.012720
1520530351.101578 1.320848 0.012718
1520530351.201581 1.320883 0.012716
1520530351.301683 1.320919 0.012715
1520530351.401685 1.320906 0.012715
1520530351.501759 1.320887 0.012714
1520530351.601688 1.320893 0.012713
1520530351.701695 1.320872 0.012712
1520530351.801698 1.320929 0.012709
1520530351.901701 1.320895 0.012710
1520530352.001704 1.320814 0.012710
1520530352.101805 1.320823 0.012709
1520530352.201808 1.320827 0.012708
1520530352.301811 1.320920 0.012707
1520530352.401814 1.320929 0.012705
1520530352.501469 1.320905 0.012705
1520530352.601472 1.320888 0.012706
1520530352.701475 1.320993 0.012704
1520530352.801478 1.321036 0.012704
1520530352.901098 1.321132 0.012702
1520530353.001101 1.321002 0.012703
1520530353.101208 1.320978 0.012701
1520530353.201107 1.320924 0.012701
1520530353.301110 1.320892 0.012700
1520530353.351398 1.320844 0.012700
1520530353.451401 1.320820 0.012700
1520530353.501402 1.320794 0.012699
1520530353.601405 1.320935 0.012700
1520530353.701408 1.321177 0.012698
1520530353.801738 1.321010 0.012697
1520530353.901741 1.320999 0.012697
1520530354.001744 1.320847 0.012698
1520530354.101747 1.320632 0.012697
1520530354.201897 1.320876 0.012696
1520530354.301900 1.320794 0.012696
1520530354.351902 1.320719 0.012696
1520530354.451905 1.320793 0.012695
1520530354.551594 1.320795 0.012694
1520530354.601593 1.320839 0.012695
1520530354.701596 1.320954 0.012694
1520530354.851600 1.320945 0.012694
1520530354.951359 1.320993 0.012692
1520530355.051362 1.320929 0.012690
1520530355.151365 1.320876 0.012692
1520530355.251368 1.320794 0.012692
1520530355.351371 1.320784 0.012690
1520530355.451408 1.320834 0.012691
1520530355.551411 1.320819 0.012690
1520530355.651416 1.320837 0.012688
1520530355.751418 1.320944 0.012688
1520530355.851533 1.320867 0.012689
1520530355.901534 1.321018 0.012687
1520530356.001537 1.320848 0.012689
1520530356.051539 1.320732 0.012689
1520530356.151542 1.320862 0.012688
1520530356.201376 1.320878 0.012688
1520530356.301379 1.320835 0.012688
1520530356.351380 1.320832 0.012689
1520530356.451383 1.320875 0.012688
1520530356.551386 1.320877 0.012688
1520530356.651234 1.320758 0.012687
1520530356.701236 1.320785 0.012688
1520530356.801239 1.320782 0.012686
1520530356.851240 1.320816 0.012687
1520530356.951243 1.320880 0.012687
1520530357.051154 1.320847 0.012687
1520530357.151157 1.320854 0.012687
1520530357.251160 1.320841 0.012687
1520530357.301162 1.320837 0.012686
1520530357.401658 1.320773 0.012686
1520530357.451660 1.320837 0.012685
1520530357.551663 1.320797 0.012686
1520530357.651666 1.320829 0.012686
1520530357.751669 1.320840 0.012685
1520530357.851585 1.320865 0.012685
1520530357.901559 1.320871 0.012685
1520530358.001562 1.320900 0.012685
1520530358.101565 1.320837 0.012685
1520530358.201568 1.320781 0.012684
1520530358.301626 1.320756 0.012684
1520530358.451631 1.320797 0.012684
1520530358.551634 1.320819 0.012683
1520530358.651798 1.320809 0.012683
1520530358.751801 1.320799 0.012683
1520530358.851805 1.320812 0.012683
1520530358.951808 1.320842 0.012683
1520530359.051806 1.320785 0.012683
1520530359.151809 1.320811 0.012683
1520530359.251812 1.320751 0.012682
1520530359.351815 1.320794 0.012681
1520530359.451919 1.320787 0.012681
1520530359.551871 1.320769 0.012682
1520530359.651874 1.320745 0.012681
1520530359.751878 1.320752 0.012681
1520530359.851881 1.320720 0.012681
1520530359.951828 1.320932 0.012681
1520530360.051831 1.320947 0.012680
1520530360.151834 1.321063 0.012679
1520530360.201836 1.321104 0.012679
1520530360.301316 1.321310 0.012679
1520530360.351317 1.321046 0.012680
1520530360.451321 1.321171 0.012680
1520530360.551324 1.321150 0.012679
1520530360.651327 1.321147 0.012679
1520530360.700978 1.321205 0.012679
1520530360.800981 1.321199 0.012679
1520530360.900984 1.321421 0.012678
1520530361.000988 1.321418 0.012678
1520530361.101044 1.322021 0.012675
1520530361.201047 1.322009 0.012675
1520530361.301050 1.321682 0.012677
1520530361.401053 1.321630 0.012677
1520530361.501690 1.321471 0.012677
1520530361.551692 1.321605 0.012676
1520530361.651695 1.321521 0.012675
1520530361.751698 1.321485 0.012675
1520530361.801700 1.321570 0.012677
1520530361.901939 1.321582 0.012677
1520530361.951941 1.321553 0.012677
1520530362.051944 1.321776 0.012676
1520530362.151947 1.321752 0.012676
1520530362.251950 1.321936 0.012675
1520530362.351623 1.321929 0.012675
1520530362.451626 1.322201 0.012674
1520530362.551629 1.322385 0.012674
1520530362.651727 1.322436 0.012672
1520530362.751364 1.322609 0.012671
1520530362.851367 1.322547 0.012671
1520530362.951370 1.322513 0.012671
1520530363.051374 1.322478 0.012671
1520530363.151650 1.322475 0.012669
1520530363.251653 1.322449 0.012669
1520530363.351656 1.322465 0.012670
1520530363.451659 1.322468 0.012670
1520530363.551745 1.322379 0.012669
1520530363.601746 1.322424 0.012670
1520530363.701749 1.322514 0.012669
1520530363.751751 1.322651 0.012669
1520530363.851754 1.322606 0.012669
1520530363.901756 1.322765 0.012669
1520530364.001782 1.322742 0.012668
1520530364.051784 1.322578 0.012668
1520530364.151786 1.322610 0.012667
1520530364.201788 1.322663 0.012664
1520530364.301791 1.322653 0.012668
1520530364.351792 1.322635 0.012668
1520530364.451854 1.322694 0.012668
1520530364.501856 1.322693 0.012667
1520530364.601859 1.322486 0.012668
1520530364.651861 1.322578 0.012669
1520530364.751864 1.322574 0.012668
1520530364.852377 1.322589 0.012668
1520530364.952380 1.322582 0.012668
1520530365.052383 1.322560 0.012668
1520530365.201844 1.322671 0.012668
1520530365.301847 1.322678 0.012668
1520530365.401850 1.322736 0.012668
1520530365.501853 1.322811 0.012668
1520530365.551855 1.322821 0.012667
1520530365.651537 1.322843 0.012667
1520530365.751540 1.322813 0.012666
1520530365.851543 1.322786 0.012666
1520530365.951546 1.322776 0.012665
1520530366.051908 1.322817 0.012666
1520530366.101910 1.322772 0.012666
1520530366.201913 1.322806 0.012665
1520530366.251915 1.322771 0.012665
1520530366.351918 1.322805 0.012665
1520530366.402120 1.322812 0.012664
1520530366.502124 1.322839 0.012665
1520530366.602127 1.322903 0.012665
1520530366.652128 1.322886 0.012665
1520530366.752132 1.322901 0.012665
1520530366.802133 1.322981 0.012664
1520530366.902167 1.322929 0.012665
1520530367.002170 1.322886 0.012665
1520530367.052172 1.322871 0.012664
1520530367.152175 1.322877 0.012665
1520530367.252540 1.322942 0.012664
1520530367.352543 1.322919 0.012663
1520530367.452546 1.322885 0.012664
1520530367.602551 1.322932 0.012664
1520530367.702266 1.322993 0.012664
1520530367.802269 1.323011 0.012664
1520530367.902272 1.323013 0.012663
1520530368.002275 1.322997 0.012663
1520530368.102125 1.322975 0.012663
1520530368.202129 1.322847 0.012662
1520530368.302132 1.323002 0.012663
1520530368.402135 1.322929 0.012663
1520530368.452048 1.322903 0.012663
1520530368.552051 1.322926 0.012663
1520530368.602053 1.322865 0.012663
1520530368.702056 1.322920 0.012662
1520530368.802058 1.323112 0.012661
1520530368.851389 1.323417 0.012656
1520530368.951392 1.323078 0.012661
1520530369.001394 1.322898 0.012662
1520530369.101397 1.322914 0.012662
1520530369.151398 1.323012 0.012662
1520530369.251401 1.323047 0.012663
1520530369.301537 1.323360 0.012663
1520530369.401540 1.323203 0.012662
1520530369.501543 1.323108 0.012662
1520530369.551545 1.323217 0.012662
1520530369.651548 1.323135 0.012662
1520530369.701896 1.323059 0.012662
1520530369.801900 1.323076 0.012662
1520530369.901903 1.323112 0.012662
1520530370.051908 1.323152 0.012662
1520530370.201933 1.323150 0.012662
1520530370.401938 1.323223 0.012662
1520530370.551883 1.323309 0.012662
1520530370.751889 1.323235 0.012661
1520530370.901941 1.323167 0.012660
1520530371.051946 1.323241 0.012661
1520530371.151949 1.323329 0.012660
1520530371.301953 1.323356 0.012660
1520530371.401953 1.323300 0.012662
1520530371.501956 1.323324 0.012661
1520530371.651961 1.323280 0.012661
1520530371.801961 1.323253 0.012661
1520530371.901964 1.323205 0.012661
1520530372.001968 1.323234 0.012661
1520530372.101971 1.323277 0.012660
1520530372.251958 1.323284 0.012661
1520530372.351961 1.323379 0.012661
1520530372.501966 1.323388 0.012659
1520530372.601958 1.323376 0.012661
1520530372.701961 1.323379 0.012661
1520530372.801964 1.323360 0.012660
1520530372.901967 1.323388 0.012660
1520530373.001619 1.323272 0.012660
1520530373.201626 1.323345 0.012660
1520530373.301629 1.323246 0.012659
1520530373.401458 1.323349 0.012660
1520530373.451460 1.323469 0.012660
1520530373.551463 1.323411 0.012660
1520530373.651466 1.323357 0.012660
1520530373.701467 1.323484 0.012660
1520530373.801615 1.323647 0.012660
1520530373.901585 1.323432 0.012660
1520530374.001588 1.323396 0.012660
1520530374.101591 1.323336 0.012660
1520530374.201953 1.323353 0.012660
1520530374.251955 1.323380 0.012660
1520530374.351958 1.323358 0.012660
1520530374.451961 1.323371 0.012659
1520530374.602407 1.323457 0.012660
1520530374.752412 1.323421 0.012659
1520530374.852415 1.323400 0.012660
1520530374.952418 1.323435 0.012660
1520530375.052444 1.323647 0.012659
1520530375.152447 1.323615 0.012659
1520530375.252454 1.323412 0.012659
1520530375.352453 1.323078 0.012658
1520530375.452214 1.323312 0.012659
1520530375.552217 1.323428 0.012659
1520530375.652220 1.323476 0.012658
1520530375.752223 1.323377 0.012659
1520530375.852258 1.323457 0.012658
1520530375.952261 1.323476 0.012659
1520530376.052264 1.323511 0.012659
1520530376.102265 1.323390 0.012657
1520530376.202270 1.323432 0.012659
1520530376.251950 1.323442 0.012657
1520530376.351954 1.323421 0.012656
1520530376.451957 1.323498 0.012659
1520530376.551960 1.323501 0.012659
1520530376.601961 1.323506 0.012658
1520530376.702664 1.323513 0.012659
1520530376.752666 1.323509 0.012659
1520530376.852669 1.323503 0.012659
1520530376.902671 1.323476 0.012658
1520530377.002721 1.323492 0.012659
1520530377.052898 1.323484 0.012659
1520530377.152900 1.323471 0.012659
1520530377.252903 1.323499 0.012659
1520530377.352906 1.323529 0.012658
1520530377.451719 1.323511 0.012657
1520530377.551722 1.323585 0.012658
1520530377.651725 1.323529 0.012658
1520530377.751728 1.323534 0.012658
1520530377.851407 1.323492 0.012659
1520530377.901409 1.323502 0.012658
1520530378.001412 1.323556 0.012658
1520530378.101416 1.323527 0.012658
1520530378.201419 1.323556 0.012659
1520530378.251420 1.323555 0.012659
1520530378.351513 1.323417 0.012658
1520530378.401515 1.323360 0.012657
1520530378.501517 1.323494 0.012658
1520530378.551519 1.323497 0.012658
1520530378.651522 1.323558 0.012659
1520530378.702209 1.323591 0.012659
1520530378.802212 1.323584 0.012658
1520530378.902215 1.323530 0.012658
1520530379.002218 1.323476 0.012659
1520530379.102149 1.323531 0.012659
1520530379.202152 1.323555 0.012658
1520530379.302155 1.323515 0.012659
1520530379.352157 1.323531 0.012659
1520530379.452160 1.323522 0.012658
1520530379.551852 1.323514 0.012659
1520530379.651855 1.323510 0.012658
1520530379.751858 1.323517 0.012658
1520530379.851861 1.323507 0.012658
1520530379.951826 1.323491 0.012658
1520530380.051829 1.323541 0.012658
1520530380.101830 1.323568 0.012658
1520530380.201888 1.323582 0.012658
1520530380.301736 1.323372 0.012658
1520530380.402163 1.323458 0.012658
1520530380.502165 1.323626 0.012658
1520530380.602168 1.323620 0.012658
1520530380.652170 1.323656 0.012658
1520530380.752135 1.323568 0.012658
1520530380.852138 1.323549 0.012658
1520530380.952141 1.323537 0.012658
1520530381.002143 1.323511 0.012658
1520530381.102146 1.323508 0.012658
1520530381.152048 1.323576 0.012657
1520530381.252051 1.323577 0.012658
1520530381.352054 1.323494 0.012658
1520530381.452057 1.323504 0.012658
1520530381.552262 1.323524 0.012658
1520530381.652265 1.323509 0.012657
1520530381.752268 1.323494 0.012658
1520530381.852271 1.323523 0.012658
1520530381.952332 1.323573 0.012658
1520530382.052335 1.323537 0.012658
1520530382.152338 1.323522 0.012657
1520530382.252342 1.323512 0.012658
1520530382.352159 1.323531 0.012658
1520530382.452162 1.323545 0.012658
1520530382.552165 1.323583 0.012658
1520530382.702170 1.323587 0.012658
1520530382.852246 1.323559 0.012658
1520530383.002250 1.323569 0.012658
1520530383.152255 1.323556 0.012658
1520530383.252208 1.323626 0.012658
1520530383.352211 1.323574 0.012658
1520530383.452214 1.323641 0.012658
1520530383.552217 1.323677 0.012658
1520530383.602472 1.323630 0.012658
1520530383.702475 1.323638 0.012658
1520530383.802478 1.323692 0.012658
1520530383.902481 1.323745 0.012658
1520530384.002530 1.323809 0.012658
1520530384.102533 1.324102 0.012658
1520530384.202536 1.324597 0.012657
1520530384.302539 1.324493 0.012658
1520530384.402432 1.323997 0.012656
1520530384.502435 1.323855 0.012657
1520530384.602439 1.324021 0.012656
1520530384.702442 1.324014 0.012657
1520530384.802857 1.324309 0.012658
1520530384.902860 1.324007 0.012657
1520530384.952861 1.323844 0.012658
1520530385.052864 1.323761 0.012658
1520530385.152867 1.323719 0.012658
1520530385.202869 1.323792 0.012658
1520530385.302707 1.323837 0.012658
1520530385.352709 1.323881 0.012658
1520530385.452712 1.323849 0.012658
1520530385.502713 1.323892 0.012657
1520530385.602716 1.323876 0.012658
1520530385.652486 1.323813 0.012658
1520530385.752489 1.323882 0.012658
1520530385.802491 1.323810 0.012658
1520530385.902494 1.323796 0.012658
1520530385.952497 1.323852 0.012658
1520530386.052544 1.323819 0.012658
1520530386.152547 1.323812 0.012658
1520530386.252550 1.323790 0.012658
1520530386.352553 1.323739 0.012658
1520530386.452758 1.323791 0.012658
1520530386.552761 1.323879 0.012658
1520530386.652764 1.323851 0.012657
1520530386.752767 1.323780 0.012658
1520530386.852674 1.323749 0.012658
1520530386.952678 1.323737 0.012658
1520530387.052681 1.323730 0.012658
1520530387.152684 1.323761 0.012658
1520530387.252606 1.323832 0.012658
1520530387.352609 1.323875 0.012658
1520530387.402611 1.323814 0.012658
1520530387.502614 1.323873 0.012658
1520530387.602617 1.323984 0.012657
1520530387.652619 1.323836 0.012656
1520530387.752459 1.323906 0.012658
1520530387.802460 1.323830 0.012658
1520530387.902463 1.323874 0.012657
1520530387.952465 1.323805 0.012657
1520530388.052468 1.323832 0.012658
1520530388.102494 1.323801 0.012658
1520530388.202544 1.323803 0.012657
1520530388.252499 1.323766 0.012658
1520530388.352502 1.323786 0.012658
1520530388.452505 1.323810 0.012658
1520530388.552854 1.323769 0.012658
1520530388.702858 1.323820 0.012658
1520530388.852863 1.323843 0.012658
1520530388.952235 1.323773 0.012658
1520530389.052238 1.323721 0.012657
1520530389.152242 1.323748 0.012657
1520530389.252245 1.323757 0.012658
1520530389.352936 1.323801 0.012658
1520530389.402938 1.323811 0.012658
1520530389.502940 1.323793 0.012658
1520530389.552942 1.323857 0.012658
1520530389.652948 1.323909 0.012658
1520530389.753403 1.323947 0.012658
1520530389.803445 1.323959 0.012658
1520530389.903408 1.323916 0.012658
1520530389.953409 1.323849 0.012658
1520530390.053412 1.323864 0.012658
1520530390.103414 1.323913 0.012658
1520530390.202569 1.323913 0.012657
1520530390.252572 1.323729 0.012657
1520530390.352575 1.323834 0.012658
1520530390.402575 1.323818 0.012658
1520530390.502578 1.323827 0.012658
1520530390.553324 1.323809 0.012657
1520530390.653327 1.323910 0.012658
1520530390.753331 1.323959 0.012658
1520530390.803333 1.323827 0.012658
1520530390.903336 1.323878 0.012657
1520530391.003381 1.323843 0.012658
1520530391.053383 1.323876 0.012657
1520530391.153385 1.323930 0.012658
1520530391.253388 1.323879 0.012658
1520530391.352333 1.323932 0.012658
1520530391.452336 1.323946 0.012658
1520530391.552339 1.323845 0.012657
1520530391.602341 1.323795 0.012658
1520530391.702344 1.323776 0.012658
1520530391.802426 1.323647 0.012658
1520530391.902429 1.323856 0.012658
1520530392.002432 1.323884 0.012658
1520530392.102435 1.323951 0.012658
1520530392.152436 1.323877 0.012657
1520530392.253143 1.323963 0.012658
1520530392.303145 1.323846 0.012657
1520530392.403148 1.323731 0.012658
1520530392.453150 1.323661 0.012657
1520530392.553153 1.323660 0.012658
1520530392.652236 1.323766 0.012658
1520530392.752239 1.323822 0.012658
1520530392.802241 1.323782 0.012658
1520530392.902243 1.323830 0.012658
1520530392.952245 1.323784 0.012658
1520530393.052154 1.323795 0.012657
1520530393.152157 1.323961 0.012657
1520530393.252160 1.323955 0.012657
1520530393.352164 1.323915 0.012657
1520530393.402921 1.324116 0.012658
1520530393.502924 1.324071 0.012658
1520530393.552926 1.324012 0.012656
1520530393.652929 1.323971 0.012657
1520530393.702931 1.323966 0.012654
1520530393.802958 1.323781 0.012658
1520530393.902961 1.323990 0.012657
1520530394.052965 1.324700 0.012617
1520530394.152969 1.323857 0.012656
1520530394.202165 1.323892 0.012654
1520530394.302169 1.323804 0.012658
1520530394.402172 1.323773 0.012658
1520530394.502175 1.323800 0.012657
1520530394.602189 1.323844 0.012657
1520530394.652876 1.324089 0.012655
1520530394.752879 1.323908 0.012648
1520530394.852882 1.323806 0.012658
1520530394.952885 1.323832 0.012658
1520530395.053731 1.323823 0.012658
1520530395.103732 1.323808 0.012658
1520530395.203735 1.323909 0.012658
1520530395.303738 1.323964 0.012658
1520530395.403742 1.323921 0.012657
1520530395.502707 1.323817 0.012658
1520530395.602710 1.323755 0.012658
1520530395.702713 1.323774 0.012658
1520530395.853078 1.323965 0.012656
1520530395.953081 1.323922 0.012656
1520530396.053084 1.323906 0.012658
1520530396.153087 1.323876 0.012658
1520530396.253235 1.323828 0.012658
1520530396.353238 1.323780 0.012657
1520530396.453241 1.323786 0.012657
1520530396.553244 1.323796 0.012658
1520530396.653248 1.323805 0.012657
1520530396.753147 1.323845 0.012658
1520530396.853150 1.323854 0.012657
1520530396.953153 1.323804 0.012657
1520530397.053156 1.323815 0.012657
1520530397.102782 1.323794 0.012657
1520530397.202785 1.323619 0.012656
1520530397.302788 1.323747 0.012656
1520530397.402791 1.323753 0.012657
1520530397.502304 1.323819 0.012657
1520530397.602308 1.323827 0.012657
1520530397.652309 1.323695 0.012655
1520530397.752312 1.323807 0.012657
1520530397.852315 1.323812 0.012657
1520530397.952586 1.323826 0.012657
1520530398.052589 1.323758 0.012657
1520530398.152592 1.323735 0.012657
1520530398.252596 1.323653 0.012657
1520530398.303365 1.323688 0.012657
1520530398.403368 1.323921 0.012658
1520530398.453370 1.323903 0.012658
1520530398.553373 1.323986 0.012659
1520530398.603375 1.323973 0.012659
1520530398.703221 1.323930 0.012658
1520530398.753223 1.323727 0.012658
1520530398.853226 1.323714 0.012658
1520530398.903227 1.323656 0.012657
1520530399.003230 1.323685 0.012657
1520530399.053232 1.323659 0.012657
1520530399.152330 1.323703 0.012654
1520530399.202332 1.323646 0.012652
1520530399.302335 1.323724 0.012657
1520530399.352336 1.323746 0.012657
1520530399.452339 1.323741 0.012657
1520530399.502341 1.323730 0.012656
1520530399.603008 1.323805 0.012657
1520530399.703011 1.323871 0.012655
1520530399.803014 1.323852 0.012657
1520530399.903017 1.323854 0.012657
1520530399.953275 1.323770 0.012657
1520530400.053278 1.323773 0.012657
1520530400.103279 1.323615 0.012657
1520530400.203283 1.323702 0.012657
1520530400.253284 1.323746 0.012657
1520530400.352494 1.323824 0.012657
1520530400.452498 1.323769 0.012657
1520530400.502500 1.323739 0.012655
1520530400.602502 1.323730 0.012657
1520530400.702505 1.323783 0.012657
1520530400.802292 1.323783 0.012656
1520530400.852294 1.323782 0.012656
1520530400.952297 1.323734 0.012657
1520530401.052300 1.323798 0.012657
1520530401.152303 1.323811 0.012657
1520530401.202755 1.323848 0.012657
1520530401.302758 1.323824 0.012657
1520530401.352759 1.323813 0.012657
1520530401.452763 1.323918 0.012657
1520530401.502764 1.323837 0.012657
1520530401.603037 1.323818 0.012657
1520530401.653039 1.323809 0.012657
1520530401.753042 1.323830 0.012657
1520530401.853045 1.323817 0.012657
1520530401.953048 1.323738 0.012657
1520530402.002281 1.323754 0.012657
1520530402.102285 1.323742 0.012657
1520530402.152286 1.323730 0.012657
1520530402.252289 1.323725 0.012657
1520530402.302290 1.323732 0.012657
1520530402.402567 1.323738 0.012656
1520530402.452569 1.323736 0.012656
1520530402.552572 1.323745 0.012657
1520530402.652672 1.323768 0.012657
1520530402.752578 1.323728 0.012656
1520530402.803416 1.323597 0.012656
1520530402.903419 1.323605 0.012656
1520530402.953420 1.323538 0.012657
1520530403.053424 1.323792 0.012657
1520530403.153427 1.323897 0.012658
1520530403.202933 1.323965 0.012657
1520530403.302936 1.323914 0.012657
1520530403.352938 1.323804 0.012657
1520530403.452941 1.323645 0.012657
1520530403.502943 1.323567 0.012657
1520530403.602946 1.323553 0.012657
1520530403.652254 1.323716 0.012656
1520530403.752257 1.323699 0.012657
1520530403.802258 1.323679 0.012657
1520530403.902261 1.323620 0.012657
1520530403.952263 1.323651 0.012657
1520530404.052745 1.324037 0.012657
1520530404.102746 1.323745 0.012657
1520530404.202749 1.323701 0.012657
1520530404.302752 1.323813 0.012657
1520530404.402755 1.323712 0.012657
1520530404.503114 1.323709 0.012657
1520530404.553115 1.323713 0.012657
1520530404.653119 1.323698 0.012657
1520530404.703120 1.323723 0.012657
1520530404.803123 1.323738 0.012657
1520530404.852642 1.323711 0.012658
1520530404.952645 1.323703 0.012658
1520530405.002647 1.323685 0.012657
1520530405.102650 1.323716 0.012657
1520530405.152651 1.323696 0.012656
1520530405.252327 1.323718 0.012657
1520530405.302330 1.323760 0.012657
1520530405.402333 1.323769 0.012657
1520530405.452334 1.323731 0.012657
1520530405.552337 1.323756 0.012657
1520530405.602339 1.323742 0.012657
1520530405.702792 1.323761 0.012657
1520530405.752795 1.323734 0.012657
1520530405.852855 1.323722 0.012657
1520530405.902800 1.323719 0.012657
1520530406.002803 1.323700 0.012657
1520530406.103570 1.323806 0.012657
1520530406.203573 1.323826 0.012657
1520530406.253574 1.323758 0.012657
1520530406.353577 1.323802 0.012658
1520530406.403579 1.323859 0.012658
1520530406.503485 1.323852 0.012657
1520530406.553487 1.323952 0.012656
1520530406.653490 1.323839 0.012657
1520530406.753493 1.323746 0.012657
1520530406.853497 1.323788 0.012657
1520530406.952693 1.323797 0.012657
1520530407.052696 1.323833 0.012657
1520530407.102698 1.323756 0.012657
1520530407.202701 1.324267 0.012653
1520530407.252702 1.324232 0.012654
1520530407.353185 1.324158 0.012657
1520530407.403187 1.323947 0.012657
1520530407.503190 1.323814 0.012657
1520530407.553191 1.323787 0.012657
1520530407.653194 1.323896 0.012657
1520530407.703510 1.323771 0.012656
1520530407.803513 1.323733 0.012657
1520530407.853515 1.323706 0.012657
1520530407.953518 1.323699 0.012657
1520530408.003519 1.323678 0.012657
1520530408.103522 1.323695 0.012657
1520530408.153603 1.323913 0.012657
1520530408.253606 1.323726 0.012657
1520530408.353609 1.323712 0.012657
1520530408.453613 1.323718 0.012657
1520530408.553374 1.323681 0.012657
1520530408.653377 1.323586 0.012656
1520530408.753380 1.323573 0.012657
1520530408.853383 1.323652 0.012657
1520530408.952878 1.323715 0.012657
1520530409.052890 1.323676 0.012657
1520530409.152884 1.323673 0.012657
1520530409.202886 1.323615 0.012657
1520530409.302889 1.323786 0.012657
1520530409.402904 1.323857 0.012657
1520530409.502907 1.323881 0.012656
1520530409.602910 1.324129 0.012658
1520530409.702913 1.323802 0.012656
1520530409.802656 1.323708 0.012658
1520530409.902659 1.323674 0.012657
1520530410.002662 1.323692 0.012654
1520530410.102666 1.323445 0.012654
1520530410.153223 1.323721 0.012656
1520530410.253226 1.323707 0.012655
1520530410.353231 1.323717 0.012655
1520530410.453232 1.323691 0.012657
1520530410.553235 1.323653 0.012657
1520530410.653876 1.323654 0.012657
1520530410.753879 1.323643 0.012657
1520530410.853882 1.323605 0.012657
1520530410.953885 1.323679 0.012657
1520530411.053420 1.323684 0.012657
1520530411.153423 1.323753 0.012657
1520530411.303427 1.323738 0.012657
1520530411.403009 1.323727 0.012657
1520530411.453010 1.323711 0.012656
1520530411.553013 1.323696 0.012657
1520530411.653017 1.323676 0.012657
1520530411.753020 1.323680 0.012658
1520530411.852907 1.323620 0.012657
1520530411.902909 1.323606 0.012657
1520530412.002912 1.323625 0.012657
1520530412.052913 1.323651 0.012657
1520530412.152916 1.323647 0.012657
1520530412.203416 1.323639 0.012657
1520530412.303419 1.323631 0.012657
1520530412.403422 1.323630 0.012657
1520530412.503425 1.323670 0.012657
1520530412.603428 1.323698 0.012657
1520530412.703631 1.323684 0.012657
1520530412.803634 1.323576 0.012657
1520530412.853636 1.323648 0.012657
1520530412.953639 1.323702 0.012657
1520530413.003641 1.323340 0.012656
1520530413.103011 1.323635 0.012656
1520530413.153012 1.323662 0.012656
1520530413.253016 1.323718 0.012657
1520530413.353019 1.323705 0.012657
1520530413.452940 1.323656 0.012657
1520530413.552943 1.323643 0.012657
1520530413.652946 1.323653 0.012657
1520530413.903189 1.323698 0.012657
1520530414.003112 1.323626 0.012657
1520530414.103115 1.323601 0.012658
1520530414.203118 1.323585 0.012657
1520530414.302896 1.323754 0.012657
1520530414.402899 1.323704 0.012657
1520530414.502902 1.323628 0.012657
1520530414.602906 1.323791 0.012657
1520530414.702707 1.323766 0.012657
1520530414.802710 1.323725 0.012657
1520530414.902714 1.323633 0.012658
1520530415.002717 1.323629 0.012657
1520530415.103195 1.323520 0.012657
1520530415.203199 1.323664 0.012657
1520530415.303202 1.323684 0.012657
1520530415.453206 1.323743 0.012657
1520530415.553069 1.323757 0.012657
1520530415.653072 1.323704 0.012657
1520530415.753075 1.323710 0.012657
1520530415.853079 1.323730 0.012657
1520530415.953363 1.323618 0.012657
1520530416.103368 1.323616 0.012657
1520530416.503381 1.323867 0.012657
1520530416.603384 1.323774 0.012657
1520530416.703272 1.323706 0.012658
1520530416.753274 1.323746 0.012657
1520530416.853277 1.323792 0.012656
1520530416.953280 1.323732 0.012657
1520530417.053283 1.323684 0.012657
1520530417.153371 1.323661 0.012657
1520530417.253374 1.323673 0.012657
1520530417.553464 1.323740 0.012658
1520530417.653467 1.323710 0.012657
1520530417.753470 1.323693 0.012654
1520530417.853473 1.323705 0.012656
1520530417.953455 1.323690 0.012658
1520530418.053458 1.323636 0.012657
1520530418.153462 1.323639 0.012657
1520530418.253465 1.323664 0.012658
1520530418.403432 1.323648 0.012656
1520530418.553437 1.323771 0.012658
1520530418.703442 1.323713 0.012658
1520530418.803345 1.323647 0.012657
1520530418.903348 1.323624 0.012657
1520530419.003351 1.323476 0.012657
1520530419.103354 1.323569 0.012657
1520530419.203534 1.323573 0.012657
1520530419.303537 1.323651 0.012657
1520530419.403541 1.323658 0.012656
1520530419.553545 1.323676 0.012657
1520530419.703733 1.323688 0.012658
1520530419.803736 1.323663 0.012657
1520530419.953740 1.323715 0.012656
1520530420.053599 1.323674 0.012656
1520530420.153602 1.323694 0.012655
1520530420.253605 1.323671 0.012654
1520530420.353608 1.323534 0.012655
1520530420.453700 1.323516 0.012655
1520530420.603705 1.323604 0.012657
1520530420.803356 1.323681 0.012656
1520530420.903359 1.323727 0.012645
1520530421.003363 1.323648 0.012657
1520530421.103366 1.323657 0.012654
1520530421.203429 1.323300 0.012655
1520530421.303432 1.323632 0.012657
1520530421.353434 1.323635 0.012657
1520530421.453437 1.323615 0.012655
1520530421.553440 1.323643 0.012658
1520530421.653613 1.323652 0.012657
1520530421.753616 1.323654 0.012657
1520530421.903620 1.323650 0.012656
1520530422.053472 1.323676 0.012657
1520530422.153476 1.323649 0.012657
1520530422.253479 1.323508 0.012657
1520530422.353482 1.323526 0.012657
1520530422.453395 1.323573 0.012657
1520530422.503396 1.323619 0.012657
1520530422.603400 1.323583 0.012658
1520530422.703403 1.323633 0.012658
1520530422.803406 1.323627 0.012657
1520530422.953585 1.323806 0.012658
1520530423.053588 1.323836 0.012658
1520530423.153591 1.323776 0.012658
1520530423.253316 1.323768 0.012658
1520530423.303317 1.323672 0.012658
1520530423.403322 1.323785 0.012657
1520530423.503324 1.323796 0.012658
1520530423.603327 1.323762 0.012658
1520530423.702985 1.323777 0.012658
1520530423.752986 1.323778 0.012657
1520530423.852990 1.323758 0.012658
1520530423.952993 1.323701 0.012658
1520530424.002994 1.323702 0.012658
1520530424.103253 1.323689 0.012657
1520530424.153255 1.323703 0.012657
1520530424.253258 1.323726 0.012658
1520530424.353261 1.324226 0.012634
1520530424.453264 1.323598 0.012657
1520530424.504722 1.324449 0.012658
1520530424.604726 1.323880 0.012657
1520530424.704729 1.323766 0.012657
1520530424.854733 1.324964 0.012523
1520530424.903374 1.323697 0.012562
1520530425.003378 1.323821 0.012653
1520530425.053379 1.323732 0.012656
1520530425.153383 1.323636 0.012655
1520530425.253385 1.323832 0.012620
1520530425.353734 1.323698 0.012649
1520530425.453737 1.323735 0.012658
1520530425.603741 1.323839 0.012658
1520530425.703675 1.323876 0.012658
1520530425.753677 1.323841 0.012657
1520530425.853680 1.323808 0.012658
1520530425.903682 1.323712 0.012658
1520530426.003685 1.323747 0.012657
1520530426.103474 1.323859 0.012657
1520530426.203477 1.323821 0.012658
1520530426.303480 1.323767 0.012658
1520530426.353481 1.323782 0.012657
1520530426.453484 1.323803 0.012656
1520530426.503486 1.323768 0.012658
1520530426.653554 1.323942 0.012658
1520530426.753558 1.323893 0.012658
1520530426.803559 1.323768 0.012657
1520530426.903562 1.323820 0.012656
1520530426.953598 1.323779 0.012657
1520530427.053602 1.323828 0.012657
1520530427.153605 1.323874 0.012656
1520530427.253608 1.323794 0.012657
1520530427.353592 1.323752 0.012658
1520530427.453595 1.323664 0.012658
1520530427.803679 1.324037 0.012657
1520530427.903683 1.324036 0.012658
1520530427.953684 1.323971 0.012656
1520530428.053687 1.323956 0.012658
1520530428.103692 1.323823 0.012656
1520530428.203537 1.323779 0.012657
1520530428.253538 1.323782 0.012657
1520530428.353542 1.323845 0.012657
1520530428.403618 1.323789 0.012657
1520530428.503546 1.323630 0.012657
1520530428.553451 1.323688 0.012657
1520530428.653454 1.323690 0.012658
1520530428.703455 1.323674 0.012658
1520530428.803458 1.323732 0.012658
1520530428.853460 1.323789 0.012657
1520530428.953463 1.323871 0.012657
1520530429.003444 1.324004 0.012657
1520530429.103447 1.324100 0.012657
1520530429.153448 1.324103 0.012657
1520530429.253451 1.324024 0.012657
1520530429.303453 1.323851 0.012657
1520530429.403551 1.323865 0.012657
1520530429.453553 1.323864 0.012657
1520530429.553556 1.323938 0.012657
1520530429.603558 1.323922 0.012657
1520530429.703560 1.323848 0.012658
1520530429.753562 1.323747 0.012657
1520530429.853626 1.323762 0.012657
1520530429.903625 1.323804 0.012657
1520530430.003663 1.323756 0.012657
1520530430.053629 1.323696 0.012657
1520530430.153632 1.323673 0.012658
1520530430.203344 1.323662 0.012657
1520530430.303347 1.323692 0.012657
1520530430.353349 1.323737 0.012657
1520530430.453352 1.323726 0.012657
1520530430.503353 1.323635 0.012657
1520530430.603527 1.323576 0.012657
1520530430.703530 1.323672 0.012657
1520530430.753532 1.323690 0.012657
1520530430.853534 1.323684 0.012657
1520530430.953538 1.323711 0.012658
1520530431.053698 1.323694 0.012657
1520530431.153701 1.323675 0.012657
1520530431.203703 1.323708 0.012657
1520530431.303706 1.323712 0.012658
1520530431.353708 1.323809 0.012657
1520530431.453562 1.323748 0.012658
1520530431.503564 1.323716 0.012657
1520530431.603567 1.323585 0.012657
1520530431.653568 1.323576 0.012656
1520530431.753571 1.323466 0.012657
1520530431.803573 1.323481 0.012657
1520530431.903526 1.323856 0.012657
1520530431.953527 1.323888 0.012657
1520530432.053530 1.323729 0.012657
1520530432.103532 1.323705 0.012657
1520530432.203536 1.323767 0.012657
1520530432.253696 1.323713 0.012657
1520530432.353700 1.323653 0.012657
1520530432.453702 1.323649 0.012658
1520530432.503704 1.323669 0.012657
1520530432.603708 1.323725 0.012657
1520530432.653548 1.323692 0.012657
1520530432.753551 1.323708 0.012657
1520530432.803553 1.323649 0.012657
1520530432.903556 1.323702 0.012657
1520530433.003559 1.323852 0.012657
1520530433.103691 1.324064 0.012657
1520530433.153693 1.323945 0.012657
1520530433.253695 1.323830 0.012657
1520530433.353699 1.323821 0.012657
1520530433.453702 1.323735 0.012657
1520530433.553795 1.323688 0.012657
1520530433.653798 1.323651 0.012657
1520530433.753801 1.323642 0.012657
1520530433.853804 1.323683 0.012657
1520530433.903631 1.323657 0.012657
1520530434.003634 1.323743 0.012657
1520530434.053635 1.323734 0.012656
1520530434.153638 1.323704 0.012657
1520530434.203641 1.323604 0.012657
1520530434.303478 1.323641 0.012657
1520530434.353481 1.323643 0.012657
1520530434.453483 1.323596 0.012658
1520530434.503485 1.323652 0.012657
1520530434.603488 1.323668 0.012657
1520530434.653489 1.323660 0.012657
1520530434.753658 1.323630 0.012657
1520530434.803658 1.323707 0.012657
1520530434.903661 1.323729 0.012656
1520530434.953663 1.323632 0.012657
1520530435.053667 1.323614 0.012657
1520530435.153798 1.323624 0.012656
1520530435.253801 1.323638 0.012657
1520530435.303802 1.323655 0.012657
1520530435.403806 1.323654 0.012657
1520530435.453807 1.323646 0.012657
1520530435.554088 1.323636 0.012657
1520530435.604089 1.323636 0.012656
1520530435.704092 1.323627 0.012656
1520530435.754094 1.323630 0.012657
1520530435.854097 1.323663 0.012657
1520530435.904099 1.323662 0.012657
1520530436.003837 1.323653 0.012657
1520530436.053838 1.323649 0.012657
1520530436.153841 1.323656 0.012657
1520530436.203843 1.323635 0.012657
1520530436.303846 1.323621 0.012657
1520530436.403957 1.323627 0.012657
1520530436.503960 1.323586 0.012657
1520530436.703966 1.323705 0.012657
1520530436.804032 1.323796 0.012657
1520530436.854034 1.323724 0.012657
1520530436.954037 1.323664 0.012657
1520530437.004039 1.323607 0.012655
1520530437.104042 1.323653 0.012655
1520530437.153533 1.323692 0.012656
1520530437.253536 1.323700 0.012657
1520530437.303539 1.323760 0.012657
1520530437.403543 1.323720 0.012657
1520530437.453545 1.323723 0.012657
1520530437.553870 1.323628 0.012656
1520530437.603872 1.323658 0.012657
1520530437.703875 1.323637 0.012657
1520530437.803878 1.323629 0.012657
1520530437.903881 1.323603 0.012657
1520530438.004481 1.323631 0.012657
1520530438.104484 1.323654 0.012657
1520530438.204487 1.323664 0.012657
1520530438.254489 1.323625 0.012657
1520530438.354492 1.323598 0.012657
1520530438.403621 1.323586 0.012655
1520530438.503624 1.323572 0.012657
1520530438.553626 1.323573 0.012657
1520530438.653629 1.323598 0.012657
1520530438.703631 1.323630 0.012655
1520530438.804389 1.323566 0.012656
1520530438.854392 1.323698 0.012657
1520530438.954395 1.323715 0.012657
1520530439.104398 1.323679 0.012657
1520530439.254655 1.323663 0.012657
1520530439.404660 1.323494 0.012657
1520530439.604177 1.323364 0.012657
1520530439.704263 1.323580 0.012657
1520530439.804183 1.323582 0.012657
1520530439.904186 1.323628 0.012657
1520530440.004099 1.323654 0.012657
1520530440.154104 1.323660 0.012657
1520530440.304109 1.323791 0.012657
1520530440.404112 1.323943 0.012657
1520530440.503979 1.324070 0.012656
1520530440.603982 1.324036 0.012657
1520530440.703986 1.324000 0.012657
1520530440.803989 1.323919 0.012657
1520530440.903872 1.323882 0.012657
1520530441.003875 1.323802 0.012656
1520530441.103878 1.323737 0.012656
1520530441.203881 1.323721 0.012657
1520530441.303927 1.323686 0.012657
1520530441.403893 1.323533 0.012656
1520530441.503896 1.323561 0.012657
1520530441.603899 1.323578 0.012657
1520530441.754086 1.323632 0.012657
1520530441.904091 1.323686 0.012657
1520530442.004094 1.323606 0.012657
1520530442.104032 1.323610 0.012657
1520530442.204035 1.323594 0.012657
1520530442.304038 1.323623 0.012655
1520530442.404042 1.323627 0.012653
1520530442.503716 1.323588 0.012654
1520530442.603719 1.323587 0.012656
1520530442.653721 1.323625 0.012657
1520530442.753723 1.323631 0.012657
1520530442.803725 1.323615 0.012657
1520530442.904376 1.323549 0.012655
1520530443.004379 1.323539 0.012656
1520530443.104382 1.323517 0.012655
1520530443.204385 1.323544 0.012657
1520530443.354468 1.323648 0.012656
1520530443.504473 1.323738 0.012657
1520530443.604476 1.323744 0.012656
1520530443.704013 1.323761 0.012653
1520530443.754014 1.323609 0.012657
1520530443.854018 1.323715 0.012656
1520530443.954022 1.323846 0.012654
1520530444.054024 1.323732 0.012655
1520530444.154403 1.323565 0.012657
1520530444.254406 1.323631 0.012653
1520530444.354410 1.323654 0.012656
1520530444.454413 1.323594 0.012656
1520530444.505161 1.323552 0.012656
1520530444.605164 1.323509 0.012656
1520530444.705167 1.323489 0.012657
1520530444.805170 1.323591 0.012657
1520530444.905173 1.323665 0.012657
1520530444.954962 1.323579 0.012657
1520530445.054965 1.323611 0.012656
1520530445.104967 1.323561 0.012657
1520530445.204970 1.323530 0.012657
1520530445.254971 1.323540 0.012656
1520530445.353892 1.323560 0.012657
1520530445.453896 1.323505 0.012656
1520530445.503898 1.323550 0.012657
1520530445.603900 1.323552 0.012657
1520530445.653902 1.323544 0.012656
1520530445.753751 1.323553 0.012657
1520530445.803752 1.323532 0.012657
1520530445.903755 1.323539 0.012657
1520530445.953757 1.323545 0.012657
1520530446.053761 1.323540 0.012657
1520530446.103761 1.323430 0.012657
1520530446.204900 1.323602 0.012657
1520530446.304903 1.323595 0.012657
1520530446.404906 1.323528 0.012657
1520530446.504909 1.323544 0.012657
1520530446.604785 1.323579 0.012657
1520530446.704788 1.323645 0.012657
1520530446.804791 1.323642 0.012655
1520530446.904794 1.323644 0.012656
1520530446.954330 1.323674 0.012654
1520530447.054334 1.323661 0.012655
1520530447.154337 1.323609 0.012657
1520530447.254340 1.323625 0.012657
1520530447.354343 1.323645 0.012657
1520530447.454125 1.323641 0.012657
1520530447.604130 1.323694 0.012650
1520530447.754142 1.323613 0.012657
1520530448.203885 1.323863 0.012657
1520530448.353889 1.323875 0.012651
