DelayedMarginalization 0.00097299 3.04431e-08 0.00153598 1385
DelayedMarginalizationOnly 0.000467037 1.85567e-08 0.000865468 1385
EF-marginalizeFrame 0.00135672 4.32891e-08 0.00201305 1385
FullSystem::trackNewCoarse 0.00250728 7.0457e-07 0.00887616 2673
FullSystem::trackNewCoarseNoIMU 0.00145025 6.4822e-07 0.00877304 110
FullSystemOptimize 0.0397872 4.78921e-05 0.0601845 1391
GraphUnrolling 0.0142207 0.000175941 0.0361387 6
IMUInitAddPose 2.32706e-05 1.27457e-11 9.6847e-05 1391
IMUInitOptimize 0.0032852 2.46665e-06 0.00526861 4
IMUIntegration::finishKeyframeOperations 6.39848e-05 2.37318e-10 0.000310918 1382
InitializerFirstFrame 0.035072 -nan 0.035072 1
InitializerOtherFrames 0.0585117 9.43919e-05 0.078295 35
MainMarginalization 0.00120868 3.8698e-08 0.00182965 1385
MarginalizationReplacementBuildGraph 0.00116185 6.62069e-07 0.00252813 6
MarginalizationReplacementReplaceGraph 0.0169396 0.000170471 0.0363166 5
MarginalizeMainGraph 0.000505415 7.05249e-09 0.000880754 1385
PGBA 0.013475 -nan 0.013475 1
PGBAFull 0.00259413 3.02511e-05 0.0150467 7
PrepareGraphForMainOptimization 0.0142982 0.000177045 0.0362761 6
VisualMarginalization 4.05952e-05 7.73832e-11 0.000101976 1385
activatePointsMT 0.00339309 7.59979e-07 0.00888392 1391
addActiveFrame 0.0401264 0.000930932 0.112337 2819
addIMUData 0.000659456 2.06928e-08 0.00134037 2673
addIMUDataToBA 3.62238e-05 1.49267e-10 0.00011302 2818
addKeyframeToBA 3.17339e-05 1.91569e-11 8.227e-05 1391
afterCoarseTracking 2.57328e-07 4.24598e-15 1.883e-06 2783
baIteration 0.0061106 1.26762e-06 0.0107953 8003
baMatrixInversion 0.000227378 1.86027e-09 0.000646891 8003
baUpdateBuildHessians 0.000505745 5.88107e-09 0.00377957 8003
coarseTrackingIteration 0.000200449 5.11877e-09 0.00511581 27752
computeBAUpdate 0.00081556 1.41239e-08 0.00402029 8003
computeCoarseUpdate 9.58457e-05 1.3761e-09 0.00498719 26036
computeFactorForCoarseGraphAndMarginalCovariances 0.00310264 4.55497e-07 0.0060377 1382
convertHAndBFromDSO 0.000148808 3.37569e-09 0.000439223 13546
debugPlot 7.66441e-08 1.42867e-15 4.29e-07 1391
debugPlotIDepthMap 3.39185e-07 4.35181e-15 7.57e-07 1391
debugPlotIDepthMapFloat 7.82948e-08 7.759e-16 3.18e-07 1391
deliverTrackedFrame 0.034565 0.000925104 0.107114 2784
flagFramesForMarginalization 1.53427e-06 2.81911e-13 1.1089e-05 1391
fullCoarseTracking 0.00321443 9.2347e-07 0.00930623 2783
initObjectsAndMakeImage 0.00207489 3.89451e-08 0.00370866 2819
makeKeyframe 0.0643242 7.77752e-05 0.107111 1391
makeKeyframeChangeTrackingRef 0.00229061 2.19751e-07 0.00543135 1391
makeNewTraces 0.00544276 9.20371e-07 0.0116788 1391
makeNonKeyframe 0.00484435 2.87209e-06 0.00802708 1393
marginalizeAndRemovePoints 0.00304974 1.04047e-06 0.00740609 1391
marginalizeFrame 0.00237572 1.27974e-07 0.00351496 1385
marginalizeFrameOverhead 0.00101665 5.52477e-08 0.00213574 1385
marginalizeFrames 0.00237303 2.72535e-07 0.00526679 1391
newFrameAndNewResidualsForOldPoints 0.00100768 4.93628e-08 0.00167502 1391
printBiases 3.84375e-05 1.0116e-10 0.000104554 1391
printEigenValLine 1.15864e-07 5.4605e-16 4.31e-07 1391
printLogLine 2.39942e-07 4.7025e-15 6.92e-07 1391
publishInMakeKeyframe 1.82484e-07 9.24194e-14 1.125e-05 1391
removeOutliers 0.000170318 1.78703e-09 0.000449908 1391
swapTrackingRef 2.1398e-05 1.09287e-11 5.6031e-05 1391
timeMeasurement 7.90189e-07 5.32073e-13 1.526e-05 2819
traceNewCoarse 0.00400909 2.86833e-06 0.0080187 2784
updateBAValues 5.6671e-06 3.58908e-12 8.9203e-05 13190
zero 9.27162e-08 7.44162e-15 4.607e-06 2819
