1520530315.549643 1.384297 0.430268
1520530315.699637 1.306485 0.257352
1520530315.799640 1.282659 0.221836
1520530315.899643 1.257256 0.195597
1520530316.100221 1.245746 0.199750
1520530316.250226 1.242395 0.186124
1520530316.400230 1.228136 0.171071
1520530316.600278 1.226844 0.172955
1520530316.800284 1.226036 0.169814
1520530316.949773 1.246219 0.162097
1520530317.049776 1.267832 0.157591
1520530317.249782 1.274102 0.128687
1520530317.399745 1.264220 0.115598
1520530317.599752 1.258820 0.105006
1520530317.750237 1.247829 0.099167
1520530317.900242 1.242042 0.096427
1520530318.050246 1.244026 0.100013
1520530318.150816 1.249293 0.099867
1520530318.300772 1.251652 0.098389
1520530318.450777 1.256214 0.095429
1520530318.600567 1.261794 0.092004
1520530318.750571 1.264480 0.088870
1520530318.900576 1.271639 0.086873
1520530318.999955 1.281792 0.082152
1520530319.049958 1.286034 0.080884
1520530319.149961 1.298337 0.077802
1520530319.299965 1.290302 0.070098
1520530319.449833 1.282324 0.065739
1520530319.599838 1.281763 0.063199
1520530319.749942 1.277500 0.062405
1520530319.850343 1.276363 0.062080
1520530319.950346 1.274033 0.061251
1520530320.050349 1.273989 0.059651
1520530320.150352 1.274112 0.057912
1520530320.250402 1.272406 0.056562
1520530320.400407 1.271567 0.057617
1520530320.550412 1.267723 0.056607
1520530320.649871 1.275133 0.055925
1520530320.799876 1.280336 0.053858
1520530320.949880 1.286541 0.051693
1520530321.099742 1.282416 0.050012
1520530321.199745 1.284061 0.049244
1520530321.349750 1.286131 0.047897
1520530321.499857 1.275972 0.046120
1520530321.599860 1.273699 0.045413
1520530321.699863 1.278693 0.044985
1520530321.850152 1.284491 0.044591
1520530322.000157 1.288477 0.043729
1520530322.150162 1.290905 0.042942
1520530322.300208 1.287836 0.042686
1520530322.550216 1.289159 0.042289
1520530322.700026 1.295520 0.041786
1520530322.850030 1.296155 0.040905
1520530323.000035 1.293688 0.040102
1520530323.150076 1.294823 0.039577
1520530323.300080 1.295775 0.039200
1520530323.450085 1.300717 0.038259
1520530323.550346 1.295385 0.035677
1520530323.650349 1.296588 0.034893
1520530323.800354 1.293585 0.034223
1520530323.950154 1.291439 0.033891
1520530324.100159 1.294593 0.033704
1520530324.250163 1.298328 0.033442
1520530324.349910 1.303551 0.033254
1520530324.449913 1.302257 0.032967
1520530324.549915 1.301379 0.032632
1520530324.649919 1.302153 0.032365
1520530324.750020 1.301468 0.032169
1520530324.900024 1.301593 0.032047
1520530325.050029 1.302074 0.031934
1520530325.150817 1.303950 0.031791
1520530325.300822 1.303578 0.031387
1520530325.450827 1.307906 0.030945
1520530325.650917 1.310735 0.029940
1520530325.850922 1.308580 0.029301
1520530326.000543 1.308386 0.028984
1520530326.150548 1.311045 0.028657
1520530326.350204 1.313512 0.028347
1520530326.500209 1.313209 0.028208
1520530326.650213 1.314685 0.028180
1520530326.800428 1.315988 0.028117
1520530327.000434 1.312273 0.027538
1520530327.150431 1.311234 0.027043
1520530327.300436 1.309844 0.026653
1520530327.450441 1.309497 0.026380
1520530327.550090 1.309070 0.026203
1520530327.650103 1.307795 0.025956
1520530327.750096 1.307784 0.025753
1520530327.800097 1.308272 0.025670
1520530327.900100 1.307508 0.025551
1520530328.000280 1.308015 0.025406
1520530328.100283 1.306683 0.025210
1520530328.300290 1.306307 0.024975
1520530328.350291 1.306803 0.024933
1520530328.450338 1.305712 0.024878
1520530328.500340 1.305192 0.024851
1520530328.600344 1.305183 0.024829
1520530328.700347 1.304735 0.024801
1520530328.800086 1.304857 0.024763
1520530328.900089 1.305275 0.024685
1520530329.050093 1.306747 0.024512
1520530329.100095 1.306918 0.024433
1520530329.200044 1.307578 0.024266
1520530329.300047 1.308934 0.024071
1520530329.400050 1.308703 0.023823
1520530329.600097 1.308244 0.023521
1520530329.700100 1.308822 0.023431
1520530329.800104 1.309203 0.023367
1520530329.900107 1.309470 0.023325
1520530330.000110 1.310080 0.023254
1520530330.050161 1.310059 0.023194
1520530330.150164 1.310896 0.023035
1520530330.250167 1.312063 0.022804
1520530330.300169 1.313617 0.022684
1520530330.400172 1.314439 0.022427
1520530330.450787 1.314258 0.022330
1520530330.550790 1.313708 0.022225
1520530330.650793 1.313914 0.022188
1520530330.700795 1.314413 0.022177
1520530330.800798 1.314800 0.022138
1520530330.850367 1.314738 0.022095
1520530330.950279 1.315095 0.021985
1520530331.050282 1.314734 0.021873
1520530331.150285 1.315423 0.021798
1520530331.250735 1.316088 0.021735
1520530331.350738 1.317165 0.021707
1520530331.450741 1.317010 0.021695
1520530331.500743 1.316522 0.021682
1520530331.600746 1.316558 0.021656
1520530331.650479 1.316921 0.021630
1520530331.750483 1.316632 0.021484
1520530331.800484 1.316353 0.021358
1520530331.900488 1.315737 0.021062
1520530332.000491 1.316221 0.020786
1520530332.100388 1.316285 0.020540
1520530332.200392 1.316519 0.020370
1520530332.300399 1.316013 0.020255
1520530332.400401 1.316100 0.020204
1520530332.500483 1.315663 0.020178
1520530332.550483 1.315255 0.020173
1520530332.650488 1.315469 0.020167
1520530332.700489 1.315740 0.020154
1520530332.800492 1.317042 0.020106
1520530332.900164 1.318091 0.020041
1520530333.000168 1.319131 0.019979
1520530333.100171 1.319850 0.019942
1520530333.150173 1.320648 0.019926
1520530333.250175 1.321561 0.019886
1520530333.300608 1.321577 0.019848
1520530333.400612 1.321652 0.019780
1520530333.500615 1.322010 0.019723
1520530333.650619 1.322289 0.019715
1520530333.700541 1.322617 0.019708
1520530333.800544 1.322660 0.019696
1520530333.850545 1.323004 0.019690
1520530333.950549 1.323866 0.019675
1520530334.000561 1.324231 0.019652
1520530334.100216 1.325609 0.019571
1520530334.150218 1.325751 0.019485
1520530334.300222 1.326062 0.019294
1520530334.400225 1.327105 0.019207
1520530334.500228 1.327155 0.019128
1520530334.550086 1.326723 0.019098
1520530334.650089 1.327567 0.019054
1520530334.750092 1.328249 0.019015
1520530334.850095 1.328842 0.018981
1520530334.900097 1.328852 0.018954
1520530335.000929 1.328759 0.018920
1520530335.100933 1.328923 0.018915
1520530335.200936 1.328839 0.018903
1520530335.300938 1.329018 0.018892
1520530335.351457 1.329023 0.018887
1520530335.451459 1.329484 0.018884
1520530335.551462 1.329836 0.018876
1520530335.651465 1.329825 0.018871
1520530335.750223 1.329963 0.018863
1520530335.850226 1.330268 0.018860
1520530335.950229 1.330433 0.018837
1520530336.050232 1.330508 0.018811
1520530336.150177 1.330461 0.018785
1520530336.250180 1.330906 0.018759
1520530336.350183 1.331885 0.018710
1520530336.450186 1.332846 0.018640
1520530336.550582 1.334004 0.018553
1520530336.600584 1.334634 0.018512
1520530336.700586 1.334401 0.018460
1520530336.800590 1.334675 0.018430
1520530336.900594 1.335176 0.018402
1520530337.000258 1.335796 0.018388
1520530337.100266 1.335836 0.018347
1520530337.200351 1.336937 0.018313
1520530337.300267 1.337301 0.018281
1520530337.400301 1.337177 0.018274
1520530337.500304 1.337031 0.018259
1520530337.600307 1.337700 0.018231
1520530337.700310 1.338484 0.018181
1520530337.800854 1.338623 0.018082
1520530337.900857 1.339386 0.017997
1520530338.000860 1.339715 0.017910
1520530338.100863 1.339662 0.017849
1520530338.200470 1.338574 0.017804
1520530338.300474 1.337548 0.017784
1520530338.400477 1.336822 0.017763
1520530338.500480 1.336246 0.017751
1520530338.600260 1.335832 0.017732
1520530338.650261 1.335647 0.017717
1520530338.750266 1.335286 0.017700
1520530338.850267 1.335346 0.017671
1520530338.950270 1.335921 0.017649
1520530339.050959 1.336142 0.017610
1520530339.150962 1.336540 0.017591
1520530339.250965 1.336894 0.017573
1520530339.350968 1.336637 0.017564
1520530339.451687 1.336814 0.017560
1520530339.551690 1.336799 0.017559
1520530339.651693 1.336811 0.017550
1520530339.751697 1.336779 0.017535
1520530339.801698 1.336921 0.017526
1520530339.901057 1.337418 0.017510
1520530340.001061 1.338028 0.017489
1520530340.101063 1.338212 0.017473
1520530340.201067 1.338845 0.017452
1520530340.250395 1.339054 0.017438
1520530340.350399 1.339428 0.017410
1520530340.450401 1.339637 0.017373
1520530340.550404 1.340006 0.017343
1520530340.650347 1.340409 0.017317
1520530340.750350 1.340400 0.017304
1520530340.900354 1.340956 0.017293
1520530341.050774 1.341055 0.017281
1520530341.300782 1.341565 0.017264
1520530341.500713 1.341636 0.017260
1520530341.700719 1.341588 0.017252
1520530341.900542 1.341797 0.017232
1520530342.050546 1.341730 0.017215
1520530342.200551 1.341799 0.017189
1520530342.250553 1.341886 0.017179
1520530342.400676 1.341432 0.017143
1520530342.550681 1.341396 0.017116
1520530342.700643 1.341309 0.017077
1520530342.800646 1.341322 0.017040
1520530342.900649 1.341087 0.016993
1520530343.000653 1.341110 0.016931
1520530343.101131 1.341117 0.016860
1520530343.201134 1.341382 0.016778
1520530343.301138 1.341317 0.016667
1520530343.401141 1.341617 0.016575
1520530343.451144 1.341728 0.016520
1520530343.551476 1.341364 0.016400
1520530343.651407 1.341913 0.016286
1520530343.751410 1.342395 0.016147
1520530343.851414 1.342631 0.016007
1520530343.951402 1.342780 0.015865
1520530344.051405 1.342759 0.015729
1520530344.151408 1.343261 0.015592
1520530344.251411 1.343418 0.015453
1520530344.351408 1.343668 0.015331
1520530344.451412 1.344013 0.015221
1520530344.551415 1.344560 0.015135
1520530344.651418 1.344675 0.015029
1520530344.751636 1.344512 0.014930
1520530344.851639 1.344635 0.014852
1520530344.951642 1.345066 0.014785
1520530345.051645 1.345110 0.014715
1520530345.151845 1.345148 0.014651
1520530345.251745 1.345276 0.014597
1520530345.351748 1.345322 0.014555
1520530345.451751 1.345788 0.014509
1520530345.551195 1.345627 0.014467
1520530345.651198 1.345901 0.014440
1520530345.751201 1.345681 0.014400
1520530345.851204 1.345581 0.014381
1520530345.901206 1.345775 0.014366
1520530346.001475 1.345939 0.014345
1520530346.101479 1.345954 0.014321
1520530346.201481 1.346271 0.014306
1520530346.251483 1.346565 0.014294
1520530346.351486 1.346703 0.014270
1520530346.451378 1.346527 0.014265
1520530346.551380 1.346558 0.014251
1520530346.651383 1.346376 0.014239
1520530346.751386 1.346273 0.014232
1520530346.851546 1.346460 0.014224
1520530346.901548 1.346624 0.014221
1520530347.001551 1.346535 0.014211
1520530347.101554 1.346390 0.014207
1520530347.151556 1.346489 0.014202
1520530347.251402 1.346573 0.014198
1520530347.351405 1.346692 0.014192
1520530347.451408 1.346541 0.014189
1520530347.551411 1.346311 0.014183
1520530347.651220 1.345958 0.014178
1520530347.751223 1.345712 0.014176
1520530347.851226 1.345769 0.014172
1520530347.951229 1.345719 0.014169
1520530348.051164 1.345593 0.014167
1520530348.151168 1.345598 0.014163
1520530348.251170 1.345619 0.014162
1520530348.351173 1.345520 0.014161
1520530348.451416 1.345744 0.014159
1520530348.551419 1.345455 0.014160
1520530348.651423 1.345452 0.014159
1520530348.701425 1.345482 0.014157
1520530348.801428 1.345508 0.014158
1520530348.851315 1.345437 0.014157
1520530348.951318 1.345347 0.014156
1520530349.001320 1.345410 0.014156
1520530349.101323 1.345590 0.014155
1520530349.201326 1.345644 0.014155
1520530349.301107 1.345696 0.014156
1520530349.351109 1.345678 0.014156
1520530349.451112 1.345896 0.014156
1520530349.501114 1.345589 0.014154
1520530349.601117 1.345596 0.014155
1520530349.700937 1.345662 0.014154
1520530349.800940 1.345725 0.014154
1520530349.900986 1.345665 0.014154
1520530350.000946 1.345670 0.014153
1520530350.051376 1.345700 0.014152
1520530350.151379 1.345698 0.014151
1520530350.201381 1.345681 0.014151
1520530350.301384 1.345658 0.014150
1520530350.401387 1.345709 0.014150
1520530350.501516 1.345837 0.014149
1520530350.551518 1.345809 0.014148
1520530350.651521 1.345888 0.014148
1520530350.751524 1.345918 0.014147
1520530350.851527 1.345930 0.014146
1520530350.951573 1.345935 0.014145
1520530351.051576 1.345937 0.014143
1520530351.151579 1.345936 0.014142
1520530351.201581 1.346064 0.014142
1520530351.301683 1.346056 0.014140
1520530351.401685 1.345962 0.014140
1520530351.501759 1.345931 0.014139
1520530351.601688 1.346021 0.014137
1520530351.701695 1.346012 0.014137
1520530351.801698 1.346093 0.014133
1520530351.901701 1.345974 0.014134
1520530352.001704 1.345956 0.014134
1520530352.101805 1.345888 0.014132
1520530352.201808 1.345910 0.014132
1520530352.301811 1.345989 0.014131
1520530352.401814 1.345864 0.014131
1520530352.501469 1.345958 0.014130
1520530352.601472 1.345982 0.014130
1520530352.701475 1.346119 0.014128
1520530352.801478 1.346315 0.014127
1520530352.901098 1.346240 0.014124
1520530353.001101 1.346058 0.014127
1520530353.101208 1.346052 0.014125
1520530353.201107 1.346020 0.014124
1520530353.301110 1.345969 0.014124
1520530353.351398 1.345948 0.014124
1520530353.451401 1.345879 0.014124
1520530353.501402 1.345873 0.014124
1520530353.601405 1.346209 0.014123
1520530353.701408 1.346355 0.014121
1520530353.751736 1.346335 0.014119
1520530353.851739 1.346147 0.014121
1520530353.951742 1.345981 0.014121
1520530354.051745 1.345782 0.014122
1520530354.151896 1.345844 0.014121
1520530354.251899 1.345852 0.014119
1520530354.351902 1.345727 0.014119
1520530354.451905 1.345643 0.014119
1520530354.551594 1.346043 0.014117
1520530354.601593 1.345920 0.014119
1520530354.701596 1.346004 0.014118
1520530354.801599 1.346032 0.014118
1520530354.951359 1.345988 0.014115
1520530355.051362 1.345895 0.014116
1520530355.151365 1.345803 0.014113
1520530355.251368 1.345749 0.014114
1520530355.351371 1.345795 0.014115
1520530355.451408 1.345822 0.014114
1520530355.551411 1.345626 0.014114
1520530355.651416 1.345710 0.014113
1520530355.751418 1.345559 0.014113
1520530355.851533 1.345653 0.014114
1520530355.901534 1.345777 0.014112
1520530356.001537 1.345708 0.014112
1520530356.051539 1.345722 0.014113
1520530356.151542 1.345869 0.014113
1520530356.251380 1.345784 0.014112
1520530356.301379 1.345710 0.014112
1520530356.401382 1.345759 0.014111
1520530356.501385 1.345709 0.014111
1520530356.601233 1.345653 0.014111
1520530356.701236 1.346388 0.014108
1520530356.751237 1.346046 0.014108
1520530356.851240 1.345822 0.014110
1520530356.951243 1.345702 0.014109
1520530357.051154 1.345826 0.014109
1520530357.151157 1.345788 0.014110
1520530357.251160 1.345736 0.014109
1520530357.301162 1.345720 0.014107
1520530357.401658 1.345666 0.014109
1520530357.501662 1.345704 0.014108
1520530357.551663 1.345678 0.014108
1520530357.651666 1.345647 0.014109
1520530357.751669 1.345713 0.014108
1520530357.851585 1.345764 0.014107
1520530357.951560 1.345728 0.014108
1520530358.001562 1.345752 0.014107
1520530358.101565 1.345665 0.014107
1520530358.201568 1.345637 0.014107
1520530358.301626 1.345618 0.014107
1520530358.451631 1.345651 0.014107
1520530358.551634 1.345646 0.014107
1520530358.651798 1.345628 0.014106
1520530358.751801 1.345628 0.014106
1520530358.851805 1.345665 0.014106
1520530358.951808 1.345732 0.014106
1520530359.051806 1.345718 0.014105
1520530359.151809 1.345717 0.014106
1520530359.251812 1.345662 0.014105
1520530359.351815 1.345758 0.014104
1520530359.451919 1.345677 0.014104
1520530359.551871 1.345709 0.014104
1520530359.651874 1.345612 0.014104
1520530359.751878 1.345631 0.014104
1520530359.851881 1.345558 0.014104
1520530359.951828 1.345731 0.014104
1520530360.051831 1.345803 0.014104
1520530360.151834 1.346034 0.014102
1520530360.251837 1.346052 0.014103
1520530360.301316 1.346217 0.014097
1520530360.401319 1.345955 0.014103
1520530360.501323 1.346111 0.014102
1520530360.601326 1.346075 0.014101
1520530360.700978 1.346215 0.014101
1520530360.750980 1.346050 0.014102
1520530360.850983 1.346338 0.014100
1520530360.950988 1.346417 0.014100
1520530361.051064 1.346707 0.014098
1520530361.151045 1.346487 0.014100
1520530361.251048 1.346436 0.014100
1520530361.351051 1.346355 0.014101
1520530361.451055 1.346333 0.014100
1520530361.501690 1.346229 0.014101
1520530361.601693 1.346185 0.014096
1520530361.701696 1.346192 0.014098
1520530361.751698 1.346244 0.014101
1520530361.851701 1.346264 0.014101
1520530361.901939 1.346267 0.014101
1520530362.001942 1.346194 0.014100
1520530362.101945 1.346422 0.014099
1520530362.201949 1.346282 0.014098
1520530362.301951 1.346330 0.014099
1520530362.401625 1.346525 0.014099
1520530362.501628 1.346696 0.014098
1520530362.601631 1.346747 0.014097
1520530362.701634 1.346691 0.014097
1520530362.751364 1.346727 0.014097
1520530362.851367 1.346766 0.014096
1520530362.951370 1.346806 0.014096
1520530363.051374 1.346797 0.014096
1520530363.151650 1.346820 0.014094
1520530363.251653 1.346852 0.014093
1520530363.351656 1.347118 0.014094
1520530363.451659 1.347168 0.014094
1520530363.501661 1.347201 0.014093
1520530363.601746 1.347301 0.014093
1520530363.701749 1.347098 0.014095
1520530363.751751 1.347022 0.014094
1520530363.851754 1.347266 0.014094
1520530363.901756 1.347212 0.014093
1520530364.001782 1.346908 0.014094
1520530364.051784 1.346919 0.014091
1520530364.151786 1.347236 0.014092
1520530364.201788 1.347228 0.014088
1520530364.301791 1.347291 0.014093
1520530364.351792 1.347306 0.014092
1520530364.451854 1.347260 0.014091
1520530364.501856 1.347221 0.014092
1520530364.601859 1.347169 0.014092
1520530364.651861 1.347101 0.014094
1520530364.751864 1.347117 0.014093
1520530364.852377 1.347074 0.014093
1520530364.952380 1.347083 0.014093
1520530365.052383 1.347093 0.014093
1520530365.201844 1.347226 0.014094
1520530365.301847 1.347226 0.014093
1520530365.401850 1.347290 0.014094
1520530365.501853 1.347344 0.014093
1520530365.601535 1.347421 0.014092
1520530365.701539 1.347405 0.014091
1520530365.801546 1.347399 0.014092
1520530365.901545 1.347385 0.014092
1520530366.001907 1.347418 0.014091
1520530366.101910 1.347374 0.014090
1520530366.151911 1.347339 0.014091
1520530366.251915 1.347367 0.014092
1520530366.301916 1.347329 0.014091
1520530366.402120 1.347314 0.014090
1520530366.502124 1.347352 0.014091
1520530366.552125 1.347351 0.014090
1520530366.652128 1.347388 0.014090
1520530366.752132 1.347442 0.014090
1520530366.852166 1.347456 0.014090
1520530366.952169 1.347366 0.014090
1520530367.002170 1.347362 0.014090
1520530367.102178 1.347358 0.014090
1520530367.152175 1.347399 0.014090
1520530367.252540 1.347448 0.014090
1520530367.352543 1.347416 0.014090
1520530367.452546 1.347365 0.014089
1520530367.552549 1.347341 0.014089
1520530367.652264 1.347380 0.014090
1520530367.752267 1.347453 0.014090
1520530367.852271 1.347443 0.014090
1520530367.952274 1.347521 0.014089
1520530368.052124 1.347458 0.014089
1520530368.152127 1.347446 0.014089
1520530368.252130 1.347531 0.014088
1520530368.352134 1.347507 0.014089
1520530368.452048 1.347466 0.014089
1520530368.502050 1.347414 0.014088
1520530368.602053 1.347547 0.014089
1520530368.652054 1.347372 0.014089
1520530368.752057 1.347502 0.014088
1520530368.851389 1.347854 0.014083
1520530368.901391 1.347483 0.014089
1520530369.001394 1.347314 0.014087
1520530369.051395 1.347198 0.014088
1520530369.151398 1.347385 0.014088
1520530369.201400 1.347297 0.014089
1520530369.301537 1.347270 0.014088
1520530369.401540 1.347398 0.014088
1520530369.501543 1.347588 0.014089
1520530369.551545 1.347564 0.014088
1520530369.651548 1.347560 0.014089
1520530369.701896 1.347563 0.014088
1520530369.801900 1.347563 0.014088
1520530369.901903 1.347571 0.014088
1520530370.051908 1.347522 0.014088
1520530370.151931 1.347546 0.014088
1520530370.301935 1.347582 0.014088
1520530370.501883 1.347609 0.014088
1520530370.701889 1.347748 0.014088
1520530370.901941 1.347614 0.014087
1520530371.051946 1.347699 0.014088
1520530371.151949 1.347738 0.014087
1520530371.301953 1.347753 0.014087
1520530371.401953 1.347761 0.014087
1520530371.501956 1.347746 0.014086
1520530371.651961 1.347703 0.014088
1520530371.801961 1.347691 0.014087
1520530371.901964 1.347641 0.014087
1520530372.001968 1.347665 0.014086
1520530372.101971 1.347622 0.014085
1520530372.201977 1.347709 0.014084
1520530372.351961 1.347785 0.014087
1520530372.501966 1.347793 0.014087
1520530372.601958 1.347805 0.014087
1520530372.701961 1.347716 0.014086
1520530372.801964 1.347809 0.014085
1520530372.901967 1.347677 0.014085
1520530373.001619 1.347630 0.014086
1520530373.201626 1.347906 0.014088
1520530373.301629 1.347622 0.014086
1520530373.401458 1.347463 0.014086
1520530373.451460 1.347374 0.014086
1520530373.551463 1.347293 0.014086
1520530373.601465 1.347456 0.014086
1520530373.701467 1.347542 0.014087
1520530373.801615 1.347587 0.014087
1520530373.901585 1.347631 0.014087
1520530374.001588 1.347648 0.014087
1520530374.051589 1.347605 0.014087
1520530374.151592 1.347651 0.014087
1520530374.201953 1.347656 0.014086
1520530374.301956 1.347697 0.014086
1520530374.401959 1.347700 0.014086
1520530374.501962 1.347680 0.014087
1520530374.652408 1.347788 0.014087
1520530374.802413 1.347766 0.014086
1520530374.902417 1.347713 0.014086
1520530375.002442 1.347867 0.014087
1520530375.102445 1.347770 0.014085
1520530375.202449 1.347762 0.014086
1520530375.302452 1.347734 0.014081
1520530375.402252 1.347804 0.014086
1520530375.502216 1.347777 0.014085
1520530375.602219 1.347770 0.014086
1520530375.652220 1.347765 0.014085
1520530375.752223 1.347716 0.014086
1520530375.802225 1.347795 0.014086
1520530375.902259 1.347864 0.014086
1520530376.002262 1.348219 0.014086
1520530376.102265 1.347865 0.014086
1520530376.202270 1.347835 0.014086
1520530376.251950 1.347791 0.014082
1520530376.351954 1.347837 0.014085
1520530376.451957 1.347869 0.014086
1520530376.551960 1.347869 0.014085
1520530376.601961 1.347881 0.014085
1520530376.702664 1.347818 0.014086
1520530376.752666 1.347820 0.014086
1520530376.852669 1.347824 0.014086
1520530376.902671 1.347788 0.014086
1520530377.002721 1.347796 0.014086
1520530377.052898 1.347813 0.014085
1520530377.152900 1.347764 0.014086
1520530377.252903 1.347778 0.014084
1520530377.352906 1.347856 0.014086
1520530377.451719 1.348222 0.014085
1520530377.501720 1.347847 0.014078
1520530377.601723 1.347782 0.014086
1520530377.701726 1.347858 0.014085
1520530377.801730 1.347951 0.014085
1520530377.851407 1.347904 0.014086
1520530377.951411 1.347836 0.014086
1520530378.051414 1.347908 0.014086
1520530378.101416 1.347885 0.014086
1520530378.201419 1.347928 0.014086
1520530378.251420 1.347871 0.014086
1520530378.351513 1.347841 0.014086
1520530378.401515 1.347844 0.014086
1520530378.501517 1.347901 0.014085
1520530378.601571 1.347890 0.014086
1520530378.651522 1.347873 0.014086
1520530378.752210 1.348045 0.014085
1520530378.852213 1.347925 0.014085
1520530378.952216 1.348032 0.014086
1520530379.052220 1.347791 0.014086
1520530379.152151 1.347768 0.014086
1520530379.252154 1.347775 0.014086
1520530379.352157 1.347818 0.014086
1520530379.452160 1.347819 0.014086
1520530379.551852 1.347822 0.014086
1520530379.651855 1.347794 0.014086
1520530379.751858 1.347794 0.014086
1520530379.801860 1.347839 0.014085
1520530379.901824 1.347791 0.014085
1520530380.001827 1.347860 0.014086
1520530380.101830 1.347855 0.014085
1520530380.201888 1.347646 0.014086
1520530380.301736 1.347702 0.014086
1520530380.402163 1.347863 0.014084
1520530380.502165 1.347938 0.014084
1520530380.552166 1.348020 0.014085
1520530380.652170 1.348210 0.014085
1520530380.752135 1.348270 0.014085
1520530380.852138 1.348062 0.014083
1520530380.902139 1.347834 0.014082
1520530381.002143 1.347972 0.014085
1520530381.052144 1.348068 0.014085
1520530381.152048 1.347913 0.014085
1520530381.202049 1.347813 0.014085
1520530381.302052 1.347785 0.014085
1520530381.402056 1.347812 0.014085
1520530381.502058 1.347782 0.014085
1520530381.602264 1.347752 0.014085
1520530381.702267 1.347770 0.014085
1520530381.802324 1.347804 0.014085
1520530381.902273 1.347812 0.014085
1520530382.002334 1.347826 0.014085
1520530382.102337 1.347813 0.014085
1520530382.202340 1.347801 0.014085
1520530382.302343 1.347839 0.014085
1520530382.402160 1.347807 0.014085
1520530382.502164 1.347866 0.014085
1520530382.602167 1.347835 0.014085
1520530382.702170 1.347913 0.014085
1520530382.802244 1.347900 0.014085
1520530382.902248 1.347857 0.014085
1520530383.002250 1.347911 0.014085
1520530383.102253 1.347945 0.014086
1520530383.202206 1.347954 0.014085
1520530383.302209 1.347973 0.014086
1520530383.402267 1.347925 0.014085
1520530383.502216 1.347887 0.014085
1520530383.602472 1.347926 0.014085
1520530383.702475 1.347842 0.014085
1520530383.802478 1.347926 0.014085
1520530383.902481 1.348045 0.014085
1520530384.002530 1.348187 0.014085
1520530384.102533 1.348366 0.014086
1520530384.202536 1.348660 0.014084
1520530384.252537 1.348698 0.014084
1520530384.352541 1.348595 0.014084
1520530384.452434 1.348284 0.014084
1520530384.552437 1.348242 0.014085
1520530384.652440 1.348295 0.014085
1520530384.752443 1.348213 0.014084
1520530384.802857 1.348133 0.014085
1520530384.902860 1.348152 0.014084
1520530384.952861 1.348154 0.014085
1520530385.052864 1.348164 0.014085
1520530385.102866 1.347909 0.014085
1520530385.202869 1.348086 0.014085
1520530385.252705 1.348051 0.014085
1520530385.352709 1.348103 0.014085
1520530385.402710 1.348132 0.014085
1520530385.502713 1.348135 0.014085
1520530385.552715 1.348033 0.014085
1520530385.652486 1.348047 0.014085
1520530385.702487 1.348072 0.014085
1520530385.802491 1.348063 0.014085
1520530385.902494 1.348115 0.014085
1520530386.002497 1.348084 0.014085
1520530386.102546 1.348050 0.014085
1520530386.202549 1.348061 0.014085
1520530386.302552 1.348070 0.014085
1520530386.402554 1.348038 0.014085
1520530386.502760 1.348104 0.014085
1520530386.602814 1.348156 0.014085
1520530386.702766 1.348124 0.014085
1520530386.802769 1.348046 0.014085
1520530386.902676 1.348074 0.014085
1520530387.002679 1.348092 0.014085
1520530387.102682 1.348152 0.014084
1520530387.202685 1.348210 0.014084
1520530387.252606 1.348164 0.014085
1520530387.352609 1.348139 0.014085
1520530387.402611 1.348215 0.014085
1520530387.502614 1.348166 0.014085
1520530387.552615 1.348169 0.014084
1520530387.652619 1.348156 0.014085
1520530387.702457 1.348088 0.014084
1520530387.802460 1.348074 0.014085
1520530387.852464 1.348032 0.014085
1520530387.952465 1.347949 0.014085
1520530388.002466 1.347987 0.014085
1520530388.102494 1.348046 0.014085
1520530388.152496 1.348091 0.014084
1520530388.252499 1.348155 0.014085
1520530388.302501 1.347999 0.014084
1520530388.402504 1.347991 0.014085
1520530388.502852 1.347880 0.014085
1520530388.602855 1.348041 0.014085
1520530388.702858 1.348112 0.014084
1520530388.852863 1.348195 0.014086
1520530388.902233 1.348053 0.014085
1520530389.002237 1.348071 0.014085
1520530389.102240 1.348054 0.014085
1520530389.202243 1.348123 0.014085
1520530389.302934 1.348076 0.014084
1520530389.352936 1.348123 0.014084
1520530389.452939 1.348133 0.014085
1520530389.552942 1.348144 0.014085
1520530389.602943 1.348166 0.014084
1520530389.702846 1.348143 0.014085
1520530389.803445 1.348311 0.014086
1520530389.853406 1.348177 0.014085
1520530389.953409 1.348075 0.014085
1520530390.003411 1.348087 0.014085
1520530390.103414 1.348262 0.014085
1520530390.152569 1.348423 0.014084
1520530390.252572 1.348156 0.014084
1520530390.302572 1.348098 0.014085
1520530390.402575 1.348134 0.014085
1520530390.452578 1.348063 0.014085
1520530390.553324 1.349814 0.014084
1520530390.603326 1.348214 0.014085
1520530390.703329 1.348212 0.014085
1520530390.753331 1.348094 0.014085
1520530390.853334 1.348078 0.014085
1520530390.953379 1.348067 0.014085
1520530391.003381 1.348066 0.014085
1520530391.103384 1.348081 0.014085
1520530391.203387 1.348040 0.014085
1520530391.303389 1.348178 0.014085
1520530391.352333 1.348199 0.014085
1520530391.452336 1.348123 0.014085
1520530391.552339 1.348073 0.014085
1520530391.602341 1.348105 0.014084
1520530391.702344 1.348060 0.014085
1520530391.802426 1.348071 0.014085
1520530391.902429 1.348051 0.014084
1520530392.002432 1.348089 0.014085
1520530392.102435 1.348155 0.014084
1520530392.203142 1.348296 0.014084
1520530392.253143 1.348090 0.014085
1520530392.353147 1.348110 0.014085
1520530392.403148 1.348047 0.014084
1520530392.503151 1.347841 0.014085
1520530392.602235 1.347934 0.014084
1520530392.652236 1.347907 0.014084
1520530392.752239 1.347978 0.014085
1520530392.852242 1.347997 0.014085
1520530392.902243 1.348111 0.014084
1520530393.002174 1.348123 0.014085
1520530393.102156 1.348255 0.014084
1520530393.202159 1.348229 0.014084
1520530393.302161 1.348180 0.014084
1520530393.402921 1.348313 0.014085
1520530393.502924 1.348373 0.014086
1520530393.552926 1.348258 0.014086
1520530393.652929 1.348287 0.014085
1520530393.702931 1.348205 0.014084
1520530393.802958 1.348168 0.014085
1520530393.902961 1.348451 0.014084
1520530394.052965 1.349033 0.014042
1520530394.152969 1.348215 0.014083
1520530394.202165 1.348139 0.014083
1520530394.302169 1.348141 0.014085
1520530394.402172 1.348100 0.014085
1520530394.502175 1.348030 0.014085
1520530394.602189 1.348051 0.014085
1520530394.652876 1.348148 0.014084
1520530394.752879 1.348204 0.014076
1520530394.852882 1.348072 0.014084
1520530394.952885 1.348091 0.014085
1520530395.053731 1.348317 0.014083
1520530395.103732 1.348150 0.014085
1520530395.203735 1.348256 0.014085
1520530395.303738 1.348325 0.014086
1520530395.403742 1.348239 0.014085
1520530395.502707 1.348107 0.014085
1520530395.602710 1.348049 0.014085
1520530395.702713 1.348053 0.014085
1520530395.802716 1.348168 0.014085
1520530395.903079 1.348204 0.014085
1520530396.003083 1.348211 0.014086
1520530396.103085 1.348177 0.014085
1520530396.203089 1.348131 0.014086
1520530396.253235 1.348091 0.014085
1520530396.353238 1.348057 0.014085
1520530396.403240 1.348041 0.014084
1520530396.503243 1.348003 0.014085
1520530396.603246 1.348085 0.014084
1520530396.703145 1.348141 0.014084
1520530396.803148 1.348146 0.014084
1520530396.903152 1.348112 0.014085
1520530397.003155 1.347950 0.014085
1520530397.102782 1.348090 0.014084
1520530397.202785 1.347898 0.014083
1520530397.302788 1.347938 0.014082
1520530397.402791 1.348077 0.014084
1520530397.502304 1.348069 0.014084
1520530397.552306 1.348105 0.014084
1520530397.652309 1.347840 0.014084
1520530397.752312 1.347733 0.014083
1520530397.852315 1.347846 0.014083
1520530397.952586 1.347856 0.014083
1520530398.052589 1.348061 0.014082
1520530398.152592 1.348065 0.014084
1520530398.252596 1.348033 0.014084
1520530398.303365 1.348133 0.014085
1520530398.403368 1.348132 0.014084
1520530398.453370 1.348131 0.014085
1520530398.553373 1.348132 0.014085
1520530398.603375 1.348121 0.014085
1520530398.703221 1.348132 0.014085
1520530398.753223 1.347847 0.014084
1520530398.853226 1.347754 0.014084
1520530398.903227 1.347828 0.014084
1520530399.003230 1.347917 0.014085
1520530399.053232 1.347951 0.014084
1520530399.152330 1.348207 0.014077
1520530399.202332 1.347908 0.014067
1520530399.302335 1.348106 0.014084
1520530399.352336 1.347975 0.014085
1520530399.452339 1.347989 0.014085
1520530399.502341 1.348005 0.014084
1520530399.603008 1.348106 0.014084
1520530399.703011 1.348139 0.014085
1520530399.803014 1.348131 0.014084
1520530399.903017 1.348137 0.014084
1520530399.953275 1.348015 0.014085
1520530400.053278 1.348045 0.014085
1520530400.103279 1.347920 0.014084
1520530400.203283 1.347919 0.014085
1520530400.253284 1.347930 0.014085
1520530400.352494 1.348032 0.014084
1520530400.452498 1.348039 0.014085
1520530400.502500 1.347988 0.014081
1520530400.602502 1.348015 0.014083
1520530400.652504 1.348135 0.014083
1520530400.752291 1.348310 0.014084
1520530400.802292 1.348106 0.014081
1520530400.902295 1.347995 0.014082
1520530401.002299 1.348043 0.014085
1520530401.102302 1.348081 0.014085
1520530401.152303 1.348028 0.014085
1520530401.252756 1.348090 0.014084
1520530401.302758 1.348146 0.014084
1520530401.402761 1.348166 0.014085
1520530401.452763 1.348010 0.014085
1520530401.552766 1.348056 0.014085
1520530401.603037 1.348120 0.014085
1520530401.703041 1.348133 0.014085
1520530401.803044 1.348109 0.014085
1520530401.903047 1.348078 0.014085
1520530402.002281 1.348010 0.014085
1520530402.102285 1.348016 0.014085
1520530402.152286 1.348021 0.014085
1520530402.252289 1.348021 0.014085
1520530402.302290 1.348043 0.014084
1520530402.402567 1.348030 0.014085
1520530402.452569 1.348015 0.014084
1520530402.552572 1.348017 0.014085
1520530402.652672 1.348009 0.014085
1520530402.752578 1.347949 0.014085
1520530402.803416 1.347891 0.014083
1520530402.903419 1.347984 0.014083
1520530402.953420 1.348027 0.014085
1520530403.053424 1.348107 0.014085
1520530403.103425 1.348208 0.014084
1520530403.202933 1.348142 0.014085
1520530403.252935 1.347984 0.014085
1520530403.352938 1.347840 0.014084
1520530403.452941 1.347671 0.014084
1520530403.502943 1.347836 0.014085
1520530403.602946 1.347746 0.014084
1520530403.652254 1.347899 0.014082
1520530403.752257 1.347969 0.014084
1520530403.802258 1.347920 0.014077
1520530403.902261 1.347877 0.014084
1520530403.952263 1.348429 0.014077
1520530404.052745 1.348275 0.014085
1520530404.152748 1.348041 0.014085
1520530404.202749 1.348000 0.014085
1520530404.302752 1.348051 0.014085
1520530404.402755 1.347985 0.014084
1520530404.503114 1.347982 0.014084
1520530404.553115 1.347973 0.014084
1520530404.653119 1.347997 0.014084
1520530404.753122 1.347995 0.014085
1520530404.803123 1.348065 0.014085
1520530404.902643 1.348067 0.014085
1520530404.952645 1.348051 0.014084
1520530405.052648 1.348032 0.014085
1520530405.152651 1.348005 0.014084
1520530405.202653 1.347992 0.014085
1520530405.302330 1.347977 0.014084
1520530405.352331 1.347987 0.014085
1520530405.452334 1.348037 0.014085
1520530405.502335 1.348017 0.014085
1520530405.602339 1.348056 0.014084
1520530405.652792 1.348099 0.014084
1520530405.752795 1.348036 0.014084
1520530405.802797 1.348000 0.014085
1520530405.902800 1.348002 0.014085
1520530405.952801 1.347988 0.014085
1520530406.052804 1.348013 0.014085
1520530406.153570 1.348040 0.014085
1520530406.203573 1.348119 0.014084
1520530406.303576 1.348063 0.014085
1520530406.353577 1.348030 0.014085
1520530406.453580 1.348218 0.014085
1520530406.553487 1.348343 0.014085
1520530406.603489 1.348621 0.014084
1520530406.703492 1.348310 0.014085
1520530406.803495 1.348240 0.014085
1520530406.853497 1.348113 0.014084
1520530406.952693 1.348071 0.014085
1520530407.002694 1.348030 0.014084
1520530407.102698 1.347757 0.014084
1520530407.152699 1.347677 0.014085
1520530407.252702 1.347892 0.014084
1520530407.303185 1.348136 0.014084
1520530407.403187 1.347984 0.014085
1520530407.453221 1.347950 0.014085
1520530407.553191 1.348102 0.014084
1520530407.603193 1.347997 0.014084
1520530407.703510 1.347985 0.014085
1520530407.753511 1.348013 0.014084
1520530407.853515 1.347989 0.014084
1520530407.903516 1.347980 0.014085
1520530408.003519 1.347971 0.014084
1520530408.053521 1.347977 0.014084
1520530408.153603 1.347988 0.014084
1520530408.253606 1.347961 0.014084
1520530408.353609 1.347960 0.014084
1520530408.453613 1.347918 0.014083
1520530408.553374 1.347868 0.014083
1520530408.653377 1.347836 0.014083
1520530408.753380 1.347792 0.014083
1520530408.853383 1.347871 0.014084
1520530408.952878 1.347834 0.014084
1520530409.002880 1.347833 0.014083
1520530409.102883 1.347822 0.014082
1520530409.202886 1.347852 0.014083
1520530409.302889 1.347837 0.014080
1520530409.402904 1.347796 0.014084
1520530409.502907 1.347770 0.014084
1520530409.602910 1.347953 0.014085
1520530409.702913 1.347768 0.014085
1520530409.802656 1.347836 0.014084
1520530409.902659 1.347894 0.014084
1520530410.002662 1.347975 0.014082
1520530410.102666 1.347925 0.014084
1520530410.203224 1.347955 0.014083
1520530410.303227 1.347943 0.014084
1520530410.403230 1.347935 0.014084
1520530410.503232 1.347951 0.014084
1520530410.603875 1.348232 0.014085
1520530410.703878 1.347982 0.014085
1520530410.803881 1.347707 0.014084
1520530410.903884 1.347918 0.014085
1520530411.003418 1.347921 0.014085
1520530411.103421 1.348039 0.014084
1520530411.253426 1.348562 0.014085
1520530411.403009 1.348025 0.014084
1520530411.453010 1.347900 0.014084
1520530411.553013 1.347900 0.014085
1520530411.653017 1.347937 0.014084
1520530411.753020 1.347969 0.014085
1520530411.852907 1.347917 0.014085
1520530411.902909 1.347926 0.014084
1520530412.002912 1.347942 0.014085
1520530412.052913 1.347943 0.014085
1520530412.152916 1.347926 0.014085
1520530412.203416 1.347972 0.014083
1520530412.303419 1.347918 0.014084
1520530412.403422 1.347887 0.014084
1520530412.503425 1.347954 0.014085
1520530412.603428 1.348027 0.014084
1520530412.703631 1.347989 0.014084
1520530412.803634 1.347965 0.014084
1520530412.853636 1.347937 0.014084
1520530412.953639 1.347955 0.014084
1520530413.003641 1.347911 0.014084
1520530413.103011 1.347833 0.014082
1520530413.153012 1.347855 0.014083
1520530413.253016 1.347916 0.014084
1520530413.353019 1.347911 0.014084
1520530413.452940 1.347920 0.014085
1520530413.552943 1.347912 0.014085
1520530413.652946 1.347928 0.014084
1520530413.853107 1.348005 0.014084
1520530413.953110 1.347958 0.014085
1520530414.053113 1.347913 0.014084
1520530414.153116 1.347847 0.014084
1520530414.252894 1.347901 0.014084
1520530414.352897 1.347979 0.014083
1520530414.452900 1.347930 0.014085
1520530414.552903 1.348004 0.014084
1520530414.652705 1.348071 0.014084
1520530414.752708 1.347859 0.014085
1520530414.852712 1.347735 0.014084
1520530414.952715 1.347923 0.014083
1520530415.052718 1.348075 0.014083
1520530415.153197 1.347983 0.014085
1520530415.253200 1.347876 0.014085
1520530415.403205 1.347765 0.014085
1520530415.503115 1.347910 0.014085
1520530415.603071 1.347916 0.014085
1520530415.703074 1.347898 0.014085
1520530415.853079 1.347352 0.014083
1520530415.953363 1.348122 0.014078
1520530416.103368 1.348064 0.014084
1520530416.453380 1.347883 0.014085
1520530416.603384 1.348130 0.014085
1520530416.703272 1.348063 0.014084
1520530416.753274 1.347990 0.014085
1520530416.853277 1.347990 0.014084
1520530416.953280 1.348031 0.014083
1520530417.053283 1.347961 0.014085
1520530417.153371 1.347930 0.014084
1520530417.253374 1.347816 0.014085
1520530417.653467 1.348043 0.014085
1520530417.753470 1.348002 0.014083
1520530417.853473 1.348018 0.014081
1520530417.953455 1.348019 0.014084
1520530418.053458 1.347930 0.014086
1520530418.153462 1.347938 0.014085
1520530418.253465 1.347929 0.014085
1520530418.403432 1.347994 0.014084
1520530418.553437 1.348083 0.014085
1520530418.703442 1.347950 0.014085
1520530418.803345 1.347946 0.014085
1520530418.903348 1.348032 0.014085
1520530419.003351 1.348119 0.014083
1520530419.103354 1.348039 0.014084
1520530419.203534 1.348402 0.014083
1520530419.303537 1.348023 0.014085
1520530419.403541 1.348007 0.014085
1520530419.553545 1.347996 0.014084
1520530419.703733 1.348023 0.014085
1520530419.803736 1.347953 0.014085
1520530419.903739 1.347983 0.014085
1520530420.003597 1.347995 0.014085
1520530420.103600 1.347981 0.014085
1520530420.203604 1.347961 0.014084
1520530420.303607 1.347974 0.014085
1520530420.403699 1.347991 0.014084
1520530420.503702 1.347985 0.014084
1520530420.653707 1.347943 0.014085
1520530420.803356 1.348020 0.014083
1520530420.903359 1.348095 0.014083
1520530421.003363 1.348069 0.014083
1520530421.103366 1.348117 0.014080
1520530421.153367 1.348036 0.014081
1520530421.253431 1.347924 0.014085
1520530421.353434 1.347906 0.014083
1520530421.453437 1.347873 0.014082
1520530421.553440 1.347893 0.014085
1520530421.653613 1.347933 0.014085
1520530421.753616 1.347945 0.014085
1520530421.903620 1.348005 0.014085
1520530422.053472 1.347983 0.014085
1520530422.153476 1.347950 0.014084
1520530422.253479 1.347946 0.014085
1520530422.353482 1.347916 0.014084
1520530422.453395 1.347875 0.014084
1520530422.503396 1.347882 0.014080
1520530422.603400 1.347908 0.014084
1520530422.703403 1.347865 0.014085
1520530422.803406 1.347898 0.014085
1520530422.953585 1.347918 0.014084
1520530423.053588 1.348039 0.014085
1520530423.153591 1.348039 0.014085
1520530423.203592 1.348005 0.014085
1520530423.303317 1.347909 0.014085
1520530423.403322 1.347934 0.014084
1520530423.503324 1.347951 0.014085
1520530423.603327 1.348035 0.014084
1520530423.652983 1.348135 0.014083
1520530423.752986 1.348051 0.014083
1520530423.802988 1.348036 0.014083
1520530423.902991 1.347964 0.014084
1520530424.002994 1.347970 0.014085
1520530424.103253 1.347955 0.014083
1520530424.153255 1.347980 0.014083
1520530424.253258 1.348013 0.014084
1520530424.353261 1.348338 0.014072
1520530424.453264 1.347988 0.014083
1520530424.504722 1.348901 0.014085
1520530424.604726 1.348091 0.014085
1520530424.704729 1.348007 0.014085
1520530424.854733 1.348719 0.013892
1520530424.903374 1.348007 0.013887
1520530425.003378 1.349193 0.014060
1520530425.053379 1.347856 0.014066
1520530425.153383 1.347704 0.014078
1520530425.253385 1.347664 0.014048
1520530425.353734 1.347529 0.014023
1520530425.453737 1.347879 0.014083
1520530425.603741 1.348032 0.014085
1520530425.703675 1.348081 0.014085
1520530425.753677 1.348078 0.014084
1520530425.853680 1.348035 0.014085
1520530425.903682 1.347991 0.014084
1520530426.003685 1.348027 0.014085
1520530426.103474 1.348120 0.014084
1520530426.203477 1.348055 0.014085
1520530426.303480 1.348001 0.014085
1520530426.353481 1.348007 0.014084
1520530426.453484 1.348067 0.014084
1520530426.553551 1.348185 0.014081
1520530426.653554 1.348171 0.014083
1520530426.753558 1.348221 0.014083
1520530426.803559 1.348109 0.014085
1520530426.903562 1.348049 0.014083
1520530426.953598 1.347981 0.014085
1520530427.053602 1.348065 0.014084
1520530427.153605 1.348090 0.014082
1520530427.253608 1.348071 0.014083
1520530427.353592 1.348003 0.014085
1520530427.453595 1.347981 0.014085
1520530427.803679 1.348232 0.014085
1520530427.903683 1.348098 0.014085
1520530428.003686 1.348021 0.014084
1520530428.053687 1.347835 0.014081
1520530428.153535 1.347656 0.014079
1520530428.203537 1.347809 0.014074
1520530428.303540 1.347930 0.014083
1520530428.353542 1.348003 0.014084
1520530428.453544 1.347954 0.014084
1520530428.503546 1.347982 0.014084
1520530428.603452 1.347993 0.014084
1520530428.703455 1.347999 0.014085
1520530428.753457 1.348015 0.014084
1520530428.853460 1.348063 0.014084
1520530428.903461 1.348217 0.014084
1520530429.003444 1.348341 0.014084
1520530429.053445 1.348402 0.014084
1520530429.153448 1.348401 0.014084
1520530429.203450 1.348328 0.014084
1520530429.303453 1.348258 0.014084
1520530429.353455 1.348168 0.014084
1520530429.453553 1.348269 0.014084
1520530429.503555 1.348294 0.014084
1520530429.603558 1.348202 0.014084
1520530429.653559 1.348040 0.014084
1520530429.753562 1.348056 0.014084
1520530429.803622 1.348070 0.014084
1520530429.903625 1.348075 0.014084
1520530429.953626 1.348117 0.014084
1520530430.053629 1.348020 0.014084
1520530430.103631 1.348027 0.014085
1520530430.203344 1.347997 0.014084
1520530430.253346 1.347982 0.014084
1520530430.353349 1.347998 0.014084
1520530430.403350 1.348033 0.014084
1520530430.503353 1.347989 0.014084
1520530430.603527 1.347847 0.014084
1520530430.653528 1.347969 0.014084
1520530430.753532 1.347971 0.014084
1520530430.853534 1.348015 0.014084
1520530430.953538 1.348014 0.014084
1520530431.053698 1.348032 0.014083
1520530431.103700 1.348035 0.014084
1520530431.203703 1.348050 0.014084
1520530431.253704 1.348012 0.014084
1520530431.353708 1.348116 0.014084
1520530431.403709 1.348068 0.014084
1520530431.503564 1.348107 0.014084
1520530431.553565 1.348039 0.014084
1520530431.653568 1.348226 0.014084
1520530431.703570 1.348371 0.014084
1520530431.803573 1.348416 0.014084
1520530431.853524 1.348119 0.014084
1520530431.953527 1.348173 0.014084
1520530432.003529 1.348071 0.014083
1520530432.103532 1.348071 0.014084
1520530432.153533 1.348045 0.014083
1520530432.253696 1.348109 0.014084
1520530432.303698 1.348036 0.014084
1520530432.403701 1.347980 0.014084
1520530432.503704 1.347995 0.014084
1520530432.553705 1.347956 0.014084
1520530432.653548 1.347964 0.014084
1520530432.703550 1.348016 0.014083
1520530432.803553 1.347952 0.014084
1520530432.853554 1.347982 0.014084
1520530432.953557 1.348157 0.014083
1520530433.003559 1.348202 0.014083
1520530433.103691 1.348238 0.014084
1520530433.153693 1.348270 0.014084
1520530433.253695 1.348210 0.014084
1520530433.353699 1.348087 0.014084
1520530433.453702 1.348049 0.014084
1520530433.553795 1.347980 0.014084
1520530433.603796 1.347962 0.014084
1520530433.703799 1.347936 0.014084
1520530433.803803 1.347942 0.014084
1520530433.853804 1.347979 0.014084
1520530433.953632 1.348002 0.014084
1520530434.003634 1.347981 0.014084
1520530434.103637 1.347988 0.014084
1520530434.153638 1.348003 0.014084
1520530434.253642 1.347863 0.014084
1520530434.303478 1.347830 0.014084
1520530434.403481 1.347918 0.014084
1520530434.453483 1.347903 0.014084
1520530434.553486 1.347990 0.014084
1520530434.603488 1.347979 0.014084
1520530434.703655 1.347939 0.014083
1520530434.753658 1.348021 0.014084
1520530434.853723 1.348031 0.014084
1520530434.903661 1.348030 0.014083
1520530435.003664 1.348037 0.014084
1520530435.103796 1.347977 0.014084
1520530435.153798 1.347966 0.014084
1520530435.253801 1.347946 0.014084
1520530435.303802 1.347980 0.014084
1520530435.403806 1.348009 0.014084
1520530435.453807 1.348018 0.014084
1520530435.554088 1.348003 0.014084
1520530435.604089 1.347994 0.014084
1520530435.704092 1.348003 0.014083
1520530435.804096 1.347992 0.014084
1520530435.854097 1.347985 0.014084
1520530435.953835 1.348011 0.014084
1520530436.003837 1.347962 0.014082
1520530436.103839 1.347960 0.014084
1520530436.153841 1.347935 0.014084
1520530436.253844 1.347962 0.014084
1520530436.353956 1.347951 0.014084
1520530436.453978 1.347939 0.014084
1520530436.653965 1.348149 0.014084
1520530436.754031 1.348178 0.014083
1520530436.854034 1.348139 0.014083
1520530436.954037 1.348012 0.014083
1520530437.004039 1.347956 0.014083
1520530437.104042 1.347977 0.014082
1520530437.153533 1.348054 0.014078
1520530437.253536 1.347957 0.014075
1520530437.303539 1.347987 0.014083
1520530437.403543 1.348089 0.014082
1520530437.453545 1.348052 0.014084
1520530437.553870 1.348023 0.014080
1520530437.603872 1.347978 0.014083
1520530437.703875 1.347943 0.014084
1520530437.803878 1.347934 0.014084
1520530437.903881 1.347908 0.014083
1520530438.004481 1.347944 0.014084
1520530438.104484 1.347994 0.014084
1520530438.204487 1.347987 0.014084
1520530438.254489 1.347957 0.014083
1520530438.354492 1.347908 0.014084
1520530438.403621 1.347909 0.014083
1520530438.503624 1.347888 0.014083
1520530438.553626 1.347909 0.014084
1520530438.653629 1.347920 0.014084
1520530438.753632 1.347952 0.014083
1520530438.804389 1.347904 0.014084
1520530438.904392 1.347991 0.014084
1520530439.004395 1.347979 0.014084
1520530439.154401 1.348036 0.014084
1520530439.254655 1.348012 0.014084
1520530439.404660 1.347959 0.014084
1520530439.604177 1.347821 0.014084
1520530439.704263 1.347939 0.014083
1520530439.804183 1.347962 0.014084
1520530439.904186 1.347956 0.014084
1520530440.004099 1.347942 0.014084
1520530440.154104 1.348011 0.014084
1520530440.304109 1.348139 0.014084
1520530440.404112 1.348267 0.014083
1520530440.503979 1.348351 0.014083
1520530440.603982 1.348422 0.014083
1520530440.703986 1.348347 0.014084
1520530440.853871 1.348134 0.014084
1520530440.953874 1.348000 0.014084
1520530441.053876 1.347913 0.014084
1520530441.153883 1.347888 0.014084
1520530441.253889 1.347878 0.014084
1520530441.353892 1.348025 0.014084
1520530441.453895 1.348054 0.014084
1520530441.553898 1.348068 0.014084
1520530441.704084 1.348072 0.014084
1520530441.854089 1.348091 0.014084
1520530442.004094 1.347977 0.014084
1520530442.104032 1.347972 0.014083
1520530442.204035 1.347975 0.014081
1520530442.304038 1.347937 0.014080
1520530442.404042 1.347928 0.014080
1520530442.453714 1.347926 0.014082
1520530442.553717 1.347925 0.014083
1520530442.603719 1.348023 0.014083
1520530442.703722 1.347982 0.014082
1520530442.753723 1.347937 0.014084
1520530442.853726 1.347944 0.014083
1520530442.904376 1.347764 0.014081
1520530443.004379 1.347885 0.014082
1520530443.104382 1.347857 0.014083
1520530443.204385 1.347796 0.014084
1520530443.354468 1.347876 0.014084
1520530443.504473 1.347987 0.014083
1520530443.604476 1.347987 0.014084
1520530443.704013 1.348059 0.014081
1520530443.754014 1.347943 0.014084
1520530443.854018 1.348038 0.014083
1520530443.954022 1.348095 0.014083
1520530444.054024 1.347969 0.014084
1520530444.154403 1.347897 0.014083
1520530444.204406 1.347920 0.014083
1520530444.304409 1.347887 0.014083
1520530444.404412 1.347853 0.014083
1520530444.505161 1.347743 0.014084
1520530444.605164 1.347916 0.014082
1520530444.705167 1.347939 0.014084
1520530444.805170 1.348018 0.014084
1520530444.905173 1.348047 0.014084
1520530445.004964 1.347939 0.014083
1520530445.054965 1.347937 0.014083
1520530445.154968 1.347955 0.014083
1520530445.204970 1.347920 0.014083
1520530445.304973 1.347872 0.014084
1520530445.353892 1.347840 0.014084
1520530445.453896 1.347910 0.014080
1520530445.503898 1.347868 0.014084
1520530445.603900 1.347958 0.014081
1520530445.653902 1.347904 0.014079
1520530445.753751 1.347849 0.014083
1520530445.803752 1.347834 0.014083
1520530445.903755 1.347840 0.014084
1520530445.953757 1.347850 0.014084
1520530446.053761 1.347850 0.014084
1520530446.103761 1.347797 0.014084
1520530446.204900 1.347898 0.014084
1520530446.304903 1.347898 0.014084
1520530446.404906 1.347858 0.014084
1520530446.504909 1.347866 0.014084
1520530446.604785 1.347910 0.014083
1520530446.704788 1.347939 0.014083
1520530446.804791 1.347946 0.014083
1520530446.904794 1.347968 0.014082
1520530446.954330 1.347956 0.014082
1520530447.054334 1.347925 0.014082
1520530447.154337 1.347888 0.014084
1520530447.254340 1.347920 0.014084
1520530447.354343 1.347942 0.014084
1520530447.454125 1.347948 0.014084
1520530447.604130 1.347855 0.014076
1520530447.754142 1.347893 0.014083
1520530448.203885 1.348067 0.014084
1520530448.353889 1.348020 0.014080
