1403636635.863556 -0.685291  0.394887  0.261612 0.558987 0.292215 0.122908
1403636636.063555 -0.691222  0.477840  0.239387 0.538409 0.294907 0.124948
1403636636.213556 -0.715354  0.504800  0.306387 0.541030 0.306566 0.127038
1403636636.363556 -0.699370  0.487891  0.370118 0.536743 0.312019 0.131621
1403636636.513556 -0.633935  0.465154  0.245874 0.521057 0.314279 0.136049
1403636636.763556 -0.506117  0.334722  0.029786 0.462194 0.301960 0.133763
1403636637.113555 -0.401387  0.138804 -0.177078 0.328700 0.225880 0.121410
1403636637.513556 -0.465820  0.110961  0.067349 0.257066 0.177839 0.117685
1403636637.813555 -0.504218  0.104889  0.275837 0.237165 0.160316 0.117366
1403636638.113555 -0.502129  0.092798 -0.018032 0.222183 0.146498 0.118492
1403636638.413555 -0.423054  0.087197 -0.215725 0.206000 0.138659 0.114538
1403636638.713556 -0.520591  0.205721  0.012933 0.202191 0.137859 0.113634
1403636638.913555 -0.562526  0.218198  0.142336 0.209362 0.138907 0.112984
1403636639.113555 -0.609643  0.273848  0.068072 0.215787 0.139190 0.113171
1403636639.363556 -0.622643  0.408384 -0.205272 0.220528 0.143035 0.113325
1403636639.613555 -0.629052  0.422538 -0.274917 0.220843 0.150688 0.115268
1403636639.863556 -0.580387  0.356191 -0.132804 0.226704 0.156947 0.116798
1403636640.163556 -0.537160  0.318163  0.129838 0.229093 0.162046 0.115780
1403636640.413555 -0.463699  0.296220  0.078566 0.218312 0.161792 0.113421
1403636640.813555 -0.386426  0.244815 -0.032247 0.200676 0.161912 0.113274
1403636641.763556 -0.196735  0.197477  0.032557 0.186510 0.173557 0.115128
1403636642.313555 -0.159194  0.172236  0.013117 0.151105 0.148165 0.110998
1403636642.863556 -0.123007  0.137563 -0.061894 0.132454 0.134617 0.110430
1403636643.713556 -0.271652  0.250971  0.188467 0.143201 0.146826 0.110825
1403636644.163556 -0.503278  0.283763 -0.011117 0.135142 0.133833 0.109497
1403636644.413555 -0.570466  0.336358 -0.142017 0.138374 0.129068 0.108773
1403636644.713556 -0.469624  0.485439 -0.344648 0.142213 0.129574 0.109567
1403636644.913555 -0.393661  0.493085 -0.400317 0.140118 0.131899 0.112238
1403636645.113555 -0.328046  0.462548 -0.220032 0.137236 0.135218 0.114979
1403636645.363556 -0.558610  0.502240 -0.043893 0.140220 0.139893 0.115513
1403636645.613555 -0.712501  0.501857 -0.156585 0.148635 0.142262 0.114624
1403636645.863556 -0.810579  0.500918  0.053361 0.161208 0.145681 0.113999
1403636646.063555 -0.829895  0.534561  0.215757 0.171741 0.147081 0.111550
1403636646.263556 -0.827213  0.614253  0.130312 0.179878 0.147879 0.110327
1403636646.413555 -0.734905  0.649754  0.037382 0.185218 0.149835 0.109710
1403636646.563555 -0.646513  0.659122  0.048339 0.189715 0.153635 0.109413
1403636646.763556 -0.572058  0.622673  0.219032 0.191935 0.160398 0.109144
1403636647.013556 -0.479175  0.568142  0.220948 0.189213 0.165215 0.109330
1403636647.263556 -0.434123  0.552514  0.088413 0.183176 0.166791 0.109522
1403636647.513556 -0.376333  0.548224 -0.011856 0.176870 0.168418 0.109067
1403636647.863556 -0.221870  0.586842  0.042050 0.164034 0.172158 0.108834
1403636648.113555 -0.089555  0.577340 -0.159589 0.152688 0.171705 0.107941
1403636648.313555 -0.009035  0.548201 -0.244556 0.148418 0.173051 0.107227
1403636648.513556  0.056460  0.517915 -0.276865 0.148337 0.177693 0.107053
1403636648.713556  0.124914  0.453918 -0.157122 0.152751 0.183386 0.107023
1403636648.963556 0.099521 0.480209 0.070423 0.161255 0.190812 0.106730
1403636649.263556 0.045867 0.507172 0.290656 0.169223 0.196053 0.106394
1403636649.613555 0.096372 0.419506 0.480553 0.171108 0.192174 0.108349
1403636649.913555 0.180013 0.345103 0.263146 0.166418 0.182576 0.110836
1403636650.263556  0.310802  0.221036 -0.055329 0.164727 0.171880 0.109557
1403636650.463556  0.370777  0.148257 -0.132660 0.166064 0.166456 0.107509
1403636650.713556  0.354234  0.105800 -0.180972 0.171491 0.163453 0.106043
1403636651.563555  0.321588 -0.029893  0.059363 0.195620 0.177437 0.108248
1403636652.013556  0.487511 -0.142055 -0.155184 0.177199 0.158070 0.106660
1403636652.163556  0.555088 -0.193080 -0.214922 0.175715 0.154721 0.106108
1403636652.313555  0.576805 -0.315088 -0.322045 0.176883 0.153491 0.105981
1403636652.463556  0.546034 -0.249393 -0.279924 0.179233 0.154675 0.106098
1403636652.663556  0.554357 -0.143368 -0.112331 0.184072 0.157676 0.106080
1403636653.113555  0.529236  0.136805 -0.057178 0.191181 0.159420 0.105542
1403636653.513556 0.455469 0.107427 0.118278 0.186663 0.154173 0.105344
1403636654.163556  0.375747 -0.075353 -0.068210 0.176034 0.151895 0.105955
1403636654.463556  0.376441 -0.167805  0.154002 0.164540 0.146675 0.105354
1403636654.713556  0.334488 -0.196202  0.136581 0.158689 0.144551 0.105142
1403636655.163556  0.274891 -0.207033 -0.096892 0.153798 0.145912 0.105007
1403636655.563555  0.226452 -0.454846 -0.024274 0.148603 0.148905 0.104915
1403636655.813555  0.249986 -0.489764 -0.262313 0.143642 0.149830 0.104851
1403636656.013556  0.309128 -0.486346 -0.261957 0.141707 0.151651 0.105307
1403636656.263556  0.353247 -0.492435 -0.009837 0.142415 0.156333 0.105474
1403636656.563555  0.436057 -0.387157  0.181187 0.144214 0.158513 0.104555
1403636656.813555  0.452969 -0.369053  0.039908 0.143686 0.155974 0.104310
1403636657.113555  0.365990 -0.456539 -0.158844 0.142278 0.155163 0.104273
1403636657.363556  0.330998 -0.558646 -0.043551 0.140659 0.157669 0.104259
1403636657.563555  0.375139 -0.586503 -0.112869 0.139280 0.159502 0.104262
1403636657.813555  0.443398 -0.601336 -0.223245 0.138432 0.162490 0.104488
1403636658.013556  0.543264 -0.635967 -0.121515 0.139649 0.164985 0.104764
1403636658.213556  0.620183 -0.646387 -0.011234 0.142099 0.167752 0.104603
1403636658.363556  0.631894 -0.608423 -0.094784 0.143803 0.168133 0.104517
1403636658.513556  0.637754 -0.557625 -0.132281 0.145044 0.167283 0.104467
1403636658.663556  0.614508 -0.490421 -0.170667 0.146939 0.164912 0.104569
1403636658.863556  0.548701 -0.392094 -0.213685 0.148149 0.160144 0.104776
1403636658.963556  0.506512 -0.352366 -0.247904 0.148082 0.156613 0.104942
1403636659.163556  0.430925 -0.344719 -0.321740 0.145722 0.151414 0.105467
1403636659.413555  0.346816 -0.336261 -0.214462 0.142283 0.147592 0.106211
1403636659.663556  0.296298 -0.297262 -0.170785 0.137890 0.143954 0.105990
1403636659.963556  0.194549 -0.271567 -0.341159 0.132446 0.139609 0.106604
1403636660.163556  0.160248 -0.216904 -0.394437 0.128334 0.136083 0.107530
1403636660.413555  0.166990 -0.071629 -0.291003 0.125283 0.132113 0.108583
1403636660.763556  0.157540  0.156498 -0.322142 0.123694 0.125441 0.108536
1403636660.913555  0.072935  0.190399 -0.411341 0.121624 0.121886 0.109069
1403636661.063555 -0.020275  0.226231 -0.469545 0.119572 0.119352 0.109831
1403636661.313555 -0.148667  0.200616 -0.368343 0.117843 0.117984 0.111028
1403636661.713556 -0.266162  0.157308 -0.078816 0.119712 0.120471 0.109635
1403636662.213556 -0.290859 -0.025202  0.114759 0.124822 0.123522 0.106139
1403636662.563555 -0.371946 -0.013959 -0.084292 0.123451 0.119766 0.105237
1403636662.863556 -0.285910  0.000324 -0.200771 0.123222 0.117470 0.105139
1403636663.263556 -0.009380 -0.011479 -0.116861 0.123088 0.118293 0.105573
1403636663.613555  0.069920  0.197846 -0.305378 0.118787 0.116715 0.106233
1403636663.963556  0.029745  0.583119 -0.101908 0.117450 0.117773 0.106736
1403636664.163556 -0.139439  0.737785  0.012514 0.116007 0.118764 0.105956
1403636664.363556 -0.260916  0.772565 -0.185154 0.114864 0.120764 0.105371
1403636664.563555 -0.364648  0.761605 -0.304102 0.114648 0.123682 0.105763
1403636664.713556 -0.418059  0.709866 -0.207061 0.115004 0.125897 0.105939
1403636664.863556 -0.455108  0.683526 -0.101953 0.115646 0.127616 0.105867
1403636665.013556 -0.492876  0.663641  0.006019 0.116593 0.128989 0.105456
1403636665.163556 -0.505585  0.659282  0.099611 0.117664 0.130112 0.104911
1403636665.313555 -0.475935  0.672361  0.119733 0.118591 0.131000 0.104315
1403636665.463556 -0.446170  0.620529  0.112024 0.119159 0.131494 0.103942
1403636665.613555 -0.470237  0.603328  0.135409 0.119559 0.131938 0.103752
1403636665.763556 -0.494385  0.635814  0.147635 0.120173 0.132546 0.103641
1403636665.913555 -0.535427  0.647383