DelayedMarginalization 0.000950227 2.59525e-08 0.00157012 1382
DelayedMarginalizationOnly 0.000453327 1.74411e-08 0.000858669 1382
EF-marginalizeFrame 0.00140222 4.74454e-08 0.00232607 1382
FullSystem::trackNewCoarse 0.0023042 1.89296e-07 0.00636502 2670
FullSystem::trackNewCoarseNoIMU 0.00132624 1.07923e-07 0.0024546 113
FullSystemOptimize 0.0282136 5.34333e-05 0.0581258 1388
GraphUnrolling 0.000852533 -nan 0.000852533 1
IMUInitAddPose 2.55666e-05 3.25905e-11 0.000110255 1388
IMUInitOptimize 0.00505732 1.01339e-07 0.00527115 3
IMUIntegration::finishKeyframeOperations 6.05021e-05 2.00753e-10 0.000305872 1380
InitializerFirstFrame 0.0333262 -nan 0.0333262 1
InitializerOtherFrames 0.0588535 9.22392e-05 0.0831351 35
MainMarginalization 0.0011909 3.28046e-08 0.00197545 1382
MarginalizeMainGraph 0.000496463 5.45139e-09 0.000817168 1382
PGBA 0.0135104 -nan 0.0135104 1
PGBAFull 0.0146386 -nan 0.0146386 1
PrepareGraphForMainOptimization 0.00089132 -nan 0.00089132 1
VisualMarginalization 3.82756e-05 7.83639e-11 0.00018861 1382
activatePointsMT 0.00344292 8.74935e-07 0.0079974 1388
addActiveFrame 0.0349958 0.000638012 0.0958364 2819
addIMUData 0.000685175 2.3667e-08 0.00118771 2670
addIMUDataToBA 3.54877e-05 1.28377e-10 8.3133e-05 2818
addKeyframeToBA 3.75418e-05 6.10104e-11 0.000101337 1388
afterCoarseTracking 2.72965e-07 1.56083e-14 5.701e-06 2783
baIteration 0.00628735 1.90476e-06 0.0152402 5102
baMatrixInversion 0.000224581 1.75268e-09 0.00081115 5102
baUpdateBuildHessians 0.000502708 4.92853e-09 0.00129379 5102
coarseTrackingIteration 0.00021158 5.60378e-09 0.000858793 22882
computeBAUpdate 0.000817077 1.29204e-08 0.00178202 5102
computeCoarseUpdate 9.52776e-05 4.98352e-10 0.000809521 21169
computeFactorForCoarseGraphAndMarginalCovariances 0.00288323 1.85887e-07 0.00648783 1380
convertHAndBFromDSO 0.000144487 3.86228e-09 0.000560665 10634
debugPlot 8.76117e-08 6.70456e-14 9.604e-06 1388
debugPlotIDepthMap 3.62059e-07 9.03054e-14 1.0828e-05 1388
debugPlotIDepthMapFloat 8.24777e-08 2.91471e-14 6.316e-06 1388
deliverTrackedFrame 0.0294957 0.000628404 0.090768 2784
flagFramesForMarginalization 1.92821e-06 4.66545e-13 7.936e-06 1388
fullCoarseTracking 0.00304315 3.69199e-07 0.00746858 2783
initObjectsAndMakeImage 0.00211541 5.35304e-08 0.00377277 2819
makeKeyframe 0.0538618 7.22263e-05 0.0907652 1388
makeKeyframeChangeTrackingRef 0.00235593 1.32865e-07 0.00482057 1388
makeNewTraces 0.00527652 6.99269e-07 0.0114214 1388
makeNonKeyframe 0.00526487 3.49722e-06 0.0104252 1396
marginalizeAndRemovePoints 0.00359988 1.18526e-06 0.00807706 1388
marginalizeFrame 0.00278184 1.83266e-07 0.00486319 1382
marginalizeFrameOverhead 0.00137717 8.56581e-08 0.00291912 1382
marginalizeFrames 0.00277864 4.42118e-07 0.00696112 1388
newFrameAndNewResidualsForOldPoints 0.00103423 3.83565e-08 0.00214159 1388
printBiases 3.99498e-05 1.47771e-10 0.000112222 1388
printEigenValLine 1.08006e-07 4.77271e-16 3.71e-07 1388
printLogLine 2.00571e-07 3.59309e-14 6.739e-06 1388
publishInMakeKeyframe 2.07793e-07 7.01067e-14 9.52e-06 1388
removeOutliers 0.000220233 5.10013e-09 0.00064059 1388
swapTrackingRef 2.6329e-05 4.10271e-11 0.000129731 1388
timeMeasurement 1.02897e-06 1.56958e-13 1.0992e-05 2819
traceNewCoarse 0.00440758 3.31579e-06 0.01041 2784
updateBAValues 6.96726e-06 7.5081e-12 8.739e-05 9943
zero 1.12388e-07 2.85562e-15 5.67e-07 2819
