1520530315.599645 1.107030 0.457220
1520530315.749639 1.114605 0.260733
1520530315.899643 1.115126 0.212543
1520530316.100221 1.117322 0.203954
1520530316.300227 1.116937 0.183876
1520530316.450231 1.114029 0.172275
1520530316.650280 1.112398 0.165474
1520530316.850286 1.109724 0.161055
1520530316.949773 1.110356 0.155595
1520530317.149779 1.110178 0.136640
1520530317.299784 1.109513 0.122754
1520530317.449747 1.108751 0.111865
1520530317.649755 1.108655 0.103375
1520530317.750237 1.108980 0.098764
1520530317.900242 1.108776 0.094194
1520530318.050246 1.108531 0.093004
1520530318.150816 1.108884 0.091456
1520530318.300772 1.108844 0.089620
1520530318.450777 1.108305 0.086969
1520530318.600567 1.107955 0.084477
1520530318.800573 1.106982 0.082236
1520530318.950577 1.107018 0.080328
1520530318.999955 1.107076 0.079129
1520530319.149961 1.107716 0.073741
1520530319.299965 1.107689 0.068086
1520530319.399832 1.107239 0.065074
1520530319.549837 1.106586 0.062107
1520530319.699841 1.105806 0.060931
1520530319.800341 1.105617 0.061052
1520530319.900344 1.104925 0.060632
1520530320.000347 1.104400 0.059484
1520530320.100350 1.104956 0.058070
1520530320.200401 1.104690 0.056635
1520530320.300404 1.103812 0.055491
1520530320.450408 1.103091 0.054342
1520530320.599869 1.102698 0.052437
1520530320.749874 1.103687 0.049562
1520530320.899879 1.104121 0.046331
1520530321.049740 1.103686 0.044186
1520530321.199745 1.104020 0.042730
1520530321.349750 1.103409 0.041218
1520530321.499857 1.103095 0.039875
1520530321.599860 1.103399 0.039141
1520530321.699863 1.103816 0.038427
1520530321.850152 1.104891 0.037415
1520530322.000157 1.105344 0.036083
1520530322.100160 1.104581 0.035331
1520530322.250207 1.103896 0.034949
1520530322.500215 1.103992 0.034791
1520530322.650023 1.104080 0.034295
1520530322.850030 1.103827 0.033340
1520530323.000035 1.103939 0.032821
1520530323.150076 1.103850 0.032399
1520530323.300080 1.103838 0.032061
1520530323.450085 1.104121 0.030790
1520530323.550346 1.103489 0.029635
1520530323.650349 1.102688 0.028769
1520530323.750353 1.102906 0.028279
1520530323.900153 1.102540 0.027871
1520530324.050157 1.102574 0.027664
1520530324.200162 1.102958 0.027455
1520530324.299908 1.103347 0.027254
1520530324.449913 1.103614 0.026794
1520530324.549915 1.103468 0.026504
1520530324.649919 1.103509 0.026235
1520530324.750020 1.103488 0.026040
1520530324.900024 1.103436 0.025935
1520530325.100816 1.103526 0.025775
1520530325.300822 1.103613 0.025336
1520530325.500828 1.104087 0.024503
1520530325.700918 1.104282 0.023526
1520530325.900924 1.103984 0.022994
1520530326.000543 1.103925 0.022796
1520530326.150548 1.103630 0.022492
1520530326.300552 1.103585 0.022242
1520530326.400206 1.103793 0.022130
1520530326.600213 1.103920 0.021992
1520530326.750427 1.103798 0.021977
1520530326.950432 1.103829 0.021542
1520530327.050437 1.103699 0.021174
1520530327.150431 1.103252 0.020873
1520530327.250435 1.103126 0.020631
1520530327.400439 1.103016 0.020370
1520530327.500442 1.103153 0.020157
1520530327.600091 1.102962 0.019886
1520530327.700094 1.103046 0.019633
1520530327.750096 1.102901 0.019533
1520530327.850099 1.102286 0.019428
1520530327.950102 1.102027 0.019307
1520530328.000280 1.102260 0.019223
1520530328.100283 1.102044 0.019047
1520530328.200287 1.101599 0.018898
1520530328.300290 1.101338 0.018800
1520530328.400337 1.101221 0.018727
1520530328.500340 1.101491 0.018690
1520530328.600344 1.101757 0.018669
1520530328.650346 1.101586 0.018656
1520530328.750348 1.101573 0.018623
1520530328.850087 1.102150 0.018566
1520530329.000092 1.102392 0.018363
1520530329.100095 1.102369 0.018191
1520530329.200044 1.102635 0.018020
1520530329.300047 1.102908 0.017816
1520530329.400050 1.102559 0.017571
1520530329.650099 1.102465 0.017227
1520530329.750102 1.102599 0.017151
1520530329.850105 1.102363 0.017092
1520530329.950109 1.102860 0.017016
1520530330.050161 1.102942 0.016904
1520530330.150164 1.103389 0.016718
1520530330.250167 1.103657 0.016482
1520530330.350170 1.103656 0.016227
1520530330.450787 1.103910 0.016035
1520530330.550790 1.104221 0.015951
1520530330.650793 1.104324 0.015925
1520530330.750797 1.104768 0.015895
1520530330.850367 1.104700 0.015816
1520530330.950279 1.104209 0.015685
1520530331.050282 1.103898 0.015553
1520530331.150285 1.103909 0.015458
1520530331.250735 1.103954 0.015393
1520530331.350738 1.104012 0.015360
1520530331.450741 1.103877 0.015345
1520530331.500743 1.103640 0.015335
1520530331.600746 1.103400 0.015305
1520530331.650479 1.103424 0.015265
1520530331.750483 1.103136 0.015124
1520530331.850486 1.102786 0.014887
1520530331.900488 1.102244 0.014738
1520530332.000491 1.101766 0.014463
1520530332.050387 1.101889 0.014337
1520530332.150390 1.101999 0.014143
1520530332.250393 1.102043 0.013996
1520530332.350396 1.102311 0.013917
1520530332.450399 1.102256 0.013882
1520530332.550483 1.102457 0.013876
1520530332.600486 1.102858 0.013871
1520530332.700489 1.102888 0.013841
1520530332.800492 1.102834 0.013772
1520530332.900164 1.102919 0.013685
1520530333.000168 1.103095 0.013605
1520530333.100171 1.103242 0.013560
1520530333.200174 1.103595 0.013531
1520530333.300608 1.103845 0.013484
1520530333.350610 1.103958 0.013453
1520530333.450613 1.104089 0.013396
1520530333.650619 1.104506 0.013370
1520530333.750542 1.104908 0.013363
1520530333.800544 1.104876 0.013361
1520530333.900547 1.104812 0.013343
1520530333.950549 1.104608 0.013331
1520530334.050551 1.105010 0.013279
1520530334.100216 1.105199 0.013225
1520530334.350224 1.105129 0.012931
1520530334.450227 1.104996 0.012830
1520530334.550086 1.105058 0.012775
1520530334.650089 1.105143 0.012735
1520530334.750092 1.105201 0.012684
1520530334.850095 1.105086 0.012633
1520530334.950928 1.104808 0.012591
1520530335.100933 1.104800 0.012576
1520530335.200936 1.105295 0.012572
1520530335.300938 1.105312 0.012566
1520530335.401458 1.105288 0.012554
1520530335.501461 1.105270 0.012541
1520530335.601512 1.105025 0.012522
1520530335.750223 1.105046 0.012506
1520530335.900227 1.105327 0.012476
1520530336.000230 1.105335 0.012430
1520530336.100233 1.105349 0.012392
1520530336.200179 1.105228 0.012358
1520530336.300182 1.105432 0.012301
1520530336.400185 1.105432 0.012214
1520530336.500188 1.104989 0.012117
1520530336.600584 1.104752 0.012022
1520530336.700586 1.104710 0.011956
1520530336.800590 1.104742 0.011907
1520530336.900594 1.104697 0.011871
1520530337.000258 1.104590 0.011831
1520530337.100266 1.104803 0.011758
1520530337.200351 1.104894 0.011670
1520530337.300267 1.104934 0.011592
1520530337.400301 1.105170 0.011535
1520530337.500304 1.105474 0.011484
1520530337.600307 1.105774 0.011425
1520530337.700310 1.105865 0.011328
1520530337.800854 1.106027 0.011171
1520530337.950858 1.106005 0.010930
1520530338.050862 1.105953 0.010813
1520530338.150864 1.105560 0.010733
1520530338.200470 1.105477 0.010711
1520530338.300474 1.105438 0.010693
1520530338.400477 1.105498 0.010669
1520530338.500480 1.105650 0.010638
1520530338.600260 1.105798 0.010590
1520530338.700263 1.105859 0.010530
1520530338.800266 1.105751 0.010470
1520530338.900269 1.105989 0.010417
1520530339.000272 1.106020 0.010357
1520530339.100960 1.105973 0.010308
1520530339.150962 1.105943 0.010289
1520530339.250965 1.106035 0.010266
1520530339.350968 1.106045 0.010254
1520530339.451687 1.106031 0.010250
1520530339.551690 1.106078 0.010241
1520530339.651693 1.106042 0.010233
1520530339.751697 1.106035 0.010221
1520530339.851056 1.106141 0.010206
1520530339.951059 1.106290 0.010188
1520530340.051062 1.106446 0.010177
1520530340.151065 1.106662 0.010163
1520530340.250395 1.106876 0.010138
1520530340.350399 1.106819 0.010091
1520530340.450401 1.106852 0.010038
1520530340.550404 1.106932 0.009988
1520530340.650347 1.106893 0.009951
1520530340.750350 1.106921 0.009922
1520530340.900354 1.106909 0.009898
1520530341.050774 1.106973 0.009885
1520530341.300782 1.107143 0.009835
1520530341.450787 1.107073 0.009808
1520530341.650717 1.107077 0.009791
1520530341.900542 1.106966 0.009782
1520530342.100548 1.106882 0.009758
1520530342.250553 1.106879 0.009725
1520530342.400676 1.106810 0.009692
1520530342.500679 1.106912 0.009672
1520530342.650684 1.106841 0.009635
1520530342.750644 1.106674 0.009596
1520530342.850648 1.106386 0.009543
1520530342.950651 1.106099 0.009475
1520530343.050654 1.105894 0.009392
1520530343.151133 1.105642 0.009299
1520530343.251136 1.105349 0.009192
1520530343.351140 1.105026 0.009071
1520530343.401141 1.104810 0.009005
1520530343.501404 1.104491 0.008873
1520530343.601407 1.104080 0.008737
1520530343.701410 1.103757 0.008583
1520530343.751410 1.103504 0.008500
1520530343.851414 1.103163 0.008336
1520530343.951402 1.102790 0.008175
1520530344.051405 1.102278 0.008019
1520530344.151408 1.101935 0.007872
1520530344.251411 1.101538 0.007740
1520530344.351408 1.101176 0.007617
1520530344.451412 1.100930 0.007504
1520530344.551415 1.100875 0.007402
1520530344.651418 1.100532 0.007310
1520530344.751636 1.100275 0.007233
1520530344.851639 1.100118 0.007162
1520530344.951642 1.100049 0.007107
1520530345.051645 1.099974 0.007053
1520530345.151845 1.099841 0.007002
1520530345.251745 1.099799 0.006958
1520530345.351748 1.099744 0.006922
1520530345.451751 1.099728 0.006888
1520530345.551195 1.099732 0.006858
1520530345.651198 1.099745 0.006828
1520530345.751201 1.099673 0.006803
1520530345.801203 1.099611 0.006791
1520530345.901206 1.099558 0.006774
1520530345.951161 1.099513 0.006766
1520530346.051476 1.099526 0.006754
1520530346.151479 1.099561 0.006743
1520530346.251483 1.099581 0.006733
1520530346.301485 1.099588 0.006728
1520530346.401376 1.099552 0.006721
1520530346.501379 1.099540 0.006716
1520530346.551380 1.099539 0.006713
1520530346.651383 1.099519 0.006707
1520530346.701385 1.099502 0.006705
1520530346.801545 1.099516 0.006701
1520530346.851546 1.099555 0.006699
1520530346.951549 1.099557 0.006697
1520530347.001551 1.099514 0.006697
1520530347.101554 1.099484 0.006696
1520530347.151556 1.099480 0.006695
1520530347.251402 1.099444 0.006693
1520530347.301403 1.099396 0.006692
1520530347.401407 1.099401 0.006691
1520530347.501410 1.099404 0.006689
1520530347.551411 1.099423 0.006688
1520530347.651220 1.099414 0.006687
1520530347.751223 1.099390 0.006686
1520530347.851226 1.099411 0.006684
1520530347.951229 1.099425 0.006684
1520530348.001163 1.099433 0.006684
1520530348.101166 1.099444 0.006684
1520530348.201169 1.099465 0.006684
1520530348.251170 1.099485 0.006684
1520530348.351173 1.099477 0.006683
1520530348.451416 1.099481 0.006683
1520530348.551419 1.099473 0.006683
1520530348.651423 1.099465 0.006683
1520530348.751426 1.099441 0.006682
1520530348.801428 1.099444 0.006682
1520530348.901315 1.099455 0.006681
1520530348.951318 1.099450 0.006680
1520530349.051321 1.099515 0.006678
1520530349.101323 1.099536 0.006676
1520530349.201326 1.099578 0.006672
1520530349.251106 1.099615 0.006670
1520530349.351109 1.099600 0.006666
1520530349.451112 1.099635 0.006664
1520530349.501114 1.099631 0.006662
1520530349.601117 1.099682 0.006660
1520530349.700937 1.099715 0.006658
1520530349.800940 1.099742 0.006655
1520530349.850941 1.099742 0.006653
1520530349.950944 1.099774 0.006650
1520530350.051376 1.099816 0.006647
1520530350.101378 1.099838 0.006645
1520530350.201381 1.099870 0.006639
1520530350.251384 1.099896 0.006637
1520530350.351387 1.099958 0.006633
1520530350.451515 1.100007 0.006629
1520530350.501516 1.100027 0.006628
1520530350.601520 1.100072 0.006626
1520530350.701523 1.100116 0.006624
1520530350.801526 1.100103 0.006622
1520530350.901571 1.100092 0.006620
1520530351.001574 1.100109 0.006618
1520530351.101578 1.100161 0.006616
1520530351.201581 1.100222 0.006614
1520530351.251582 1.100275 0.006613
1520530351.351680 1.100356 0.006611
1520530351.451683 1.100361 0.006610
1520530351.551686 1.100360 0.006609
1520530351.651689 1.100397 0.006608
1520530351.751696 1.100395 0.006607
1520530351.851700 1.100308 0.006606
1520530351.951703 1.100257 0.006605
1520530352.051706 1.100251 0.006604
1520530352.151806 1.100246 0.006603
1520530352.251809 1.100277 0.006603
1520530352.351812 1.100299 0.006602
1520530352.451816 1.100285 0.006601
1520530352.551471 1.100297 0.006601
1520530352.651474 1.100309 0.006600
1520530352.751477 1.100325 0.006600
1520530352.851480 1.100327 0.006599
1520530352.901098 1.100334 0.006599
1520530353.001101 1.100330 0.006598
1520530353.101208 1.100356 0.006597
1520530353.201107 1.100402 0.006596
1520530353.301110 1.100432 0.006595
1520530353.401399 1.100443 0.006594
1520530353.451401 1.100446 0.006593
1520530353.551404 1.100479 0.006592
1520530353.651407 1.100510 0.006591
1520530353.751736 1.100491 0.006591
1520530353.851739 1.100487 0.006590
1520530353.901741 1.100479 0.006590
1520530354.001744 1.100491 0.006589
1520530354.051745 1.100502 0.006589
1520530354.151896 1.100545 0.006588
1520530354.201897 1.100563 0.006588
1520530354.301900 1.100569 0.006587
1520530354.351902 1.100556 0.006587
1520530354.451905 1.100573 0.006586
1520530354.501907 1.100554 0.006586
1520530354.601593 1.100596 0.006585
1520530354.701596 1.100623 0.006585
1520530354.801599 1.100653 0.006584
1520530354.901602 1.100677 0.006584
1520530354.951359 1.100650 0.006583
1520530355.051362 1.100636 0.006583
1520530355.151365 1.100630 0.006582
1520530355.251368 1.100641 0.006581
1520530355.351371 1.100671 0.006581
1520530355.401407 1.100673 0.006581
1520530355.501410 1.100655 0.006581
1520530355.601414 1.100641 0.006581
1520530355.701417 1.100634 0.006580
1520530355.801531 1.100655 0.006580
1520530355.901534 1.100678 0.006580
1520530355.951536 1.100660 0.006580
1520530356.051539 1.100655 0.006580
1520530356.101541 1.100651 0.006580
1520530356.201376 1.100655 0.006580
1520530356.301379 1.100662 0.006580
1520530356.351380 1.100684 0.006580
1520530356.451383 1.100714 0.006579
1520530356.551386 1.100760 0.006579
1520530356.601233 1.100782 0.006579
1520530356.701236 1.100793 0.006578
1520530356.801239 1.100807 0.006578
1520530356.901242 1.100823 0.006578
1520530357.001153 1.100814 0.006578
1520530357.101156 1.100819 0.006578
1520530357.151157 1.100825 0.006577
1520530357.251160 1.100818 0.006577
1520530357.351164 1.100848 0.006577
1520530357.401658 1.100856 0.006577
1520530357.501662 1.100881 0.006576
1520530357.551663 1.100877 0.006576
1520530357.651666 1.100903 0.006575
1520530357.751669 1.100945 0.006575
1520530357.851585 1.100980 0.006575
1520530357.951560 1.100986 0.006574
1520530358.051563 1.100978 0.006574
1520530358.151567 1.100970 0.006574
1520530358.251625 1.100966 0.006574
1520530358.351628 1.100951 0.006573
1520530358.451631 1.100928 0.006573
1520530358.551634 1.100911 0.006573
1520530358.651798 1.100908 0.006572
1520530358.751801 1.100917 0.006572
1520530358.851805 1.100903 0.006572
1520530358.951808 1.100908 0.006572
1520530359.051806 1.100924 0.006571
1520530359.151809 1.100918 0.006571
1520530359.251812 1.100899 0.006570
1520530359.351815 1.100890 0.006569
1520530359.451919 1.100894 0.006569
1520530359.551871 1.100905 0.006569
1520530359.651874 1.100916 0.006568
1520530359.751878 1.100937 0.006567
1520530359.851881 1.100958 0.006567
1520530359.951828 1.100967 0.006565
1520530360.051831 1.101023 0.006564
1520530360.151834 1.101082 0.006562
1520530360.201836 1.101116 0.006561
1520530360.301316 1.101200 0.006559
1520530360.351317 1.101220 0.006558
1520530360.451321 1.101251 0.006556
1520530360.551324 1.101273 0.006555
1520530360.651327 1.101316 0.006554
1520530360.700978 1.101356 0.006554
1520530360.800981 1.101458 0.006552
1520530360.900984 1.101539 0.006548
1520530361.000988 1.101631 0.006545
1520530361.101044 1.101711 0.006542
1520530361.201047 1.101774 0.006538
1520530361.301050 1.101803 0.006536
1520530361.401053 1.101858 0.006534
1520530361.501690 1.101935 0.006532
1520530361.601693 1.101970 0.006532
1520530361.701696 1.101965 0.006532
1520530361.751698 1.101989 0.006531
1520530361.851701 1.102041 0.006531
1520530361.901939 1.102027 0.006531
1520530362.001942 1.102021 0.006529
1520530362.101945 1.102055 0.006527
1520530362.201949 1.102134 0.006524
1520530362.301951 1.102245 0.006521
1520530362.351623 1.102287 0.006519
1520530362.451626 1.102404 0.006514
1520530362.551629 1.102550 0.006509
1520530362.651727 1.102682 0.006503
1520530362.751364 1.102813 0.006498
1520530362.851367 1.102872 0.006494
1520530362.951370 1.102900 0.006492
1520530363.051374 1.102934 0.006491
1520530363.151650 1.102884 0.006490
1520530363.251653 1.102858 0.006490
1520530363.351656 1.102846 0.006490
1520530363.451659 1.102845 0.006489
1520530363.551745 1.102856 0.006489
1520530363.651748 1.102885 0.006488
1520530363.701749 1.102924 0.006487
1520530363.801753 1.102949 0.006485
1520530363.851754 1.102963 0.006484
1520530363.951780 1.102988 0.006483
1520530364.001782 1.103029 0.006482
1520530364.101785 1.103151 0.006480
1520530364.151786 1.103161 0.006479
1520530364.251789 1.103229 0.006477
1520530364.301791 1.103252 0.006477
1520530364.401853 1.103331 0.006475
1520530364.501856 1.103383 0.006475
1520530364.551858 1.103382 0.006474
1520530364.651861 1.103399 0.006473
1520530364.751864 1.103400 0.006473
1520530364.802376 1.103396 0.006472
1520530364.902379 1.103408 0.006471
1520530365.002383 1.103420 0.006470
1520530365.102386 1.103462 0.006469
1520530365.201844 1.103477 0.006467
1520530365.351849 1.103571 0.006465
1520530365.451852 1.103656 0.006462
1520530365.551855 1.103769 0.006459
1520530365.651537 1.103820 0.006457
1520530365.751540 1.103859 0.006455
1520530365.851543 1.103884 0.006453
1520530365.951546 1.103890 0.006452
1520530366.001907 1.103893 0.006452
1520530366.101910 1.103857 0.006451
1520530366.151911 1.103840 0.006451
1520530366.251915 1.103827 0.006451
1520530366.301916 1.103809 0.006450
1520530366.402120 1.103831 0.006450
1520530366.452121 1.103847 0.006450
1520530366.552125 1.103888 0.006449
1520530366.602127 1.103908 0.006449
1520530366.702130 1.103930 0.006448
1520530366.752132 1.103943 0.006448
1520530366.852166 1.103955 0.006447
1520530366.902167 1.103985 0.006447
1520530367.002170 1.103968 0.006447
1520530367.102178 1.103957 0.006447
1520530367.152175 1.103961 0.006447
1520530367.252540 1.103978 0.006447
1520530367.352543 1.103995 0.006446
1520530367.452546 1.104005 0.006445
1520530367.552549 1.104028 0.006444
1520530367.652264 1.104066 0.006442
1520530367.752267 1.104125 0.006441
1520530367.852271 1.104181 0.006439
1520530367.952274 1.104212 0.006438
1520530368.052124 1.104198 0.006437
1520530368.152127 1.104172 0.006436
1520530368.252130 1.104140 0.006435
1520530368.352134 1.104114 0.006435
1520530368.452048 1.104092 0.006435
1520530368.502050 1.104044 0.006435
1520530368.602053 1.104046 0.006434
1520530368.652054 1.104023 0.006434
1520530368.752057 1.104049 0.006434
1520530368.802058 1.104067 0.006434
1520530368.901391 1.104094 0.006433
1520530368.951392 1.104101 0.006433
1520530369.051395 1.104121 0.006433
1520530369.101397 1.104124 0.006433
1520530369.201400 1.104141 0.006433
1520530369.251401 1.104121 0.006433
1520530369.351538 1.104160 0.006433
1520530369.451542 1.104152 0.006433
1520530369.551545 1.104153 0.006433
1520530369.601546 1.104151 0.006433
1520530369.701896 1.104148 0.006433
1520530369.801900 1.104177 0.006433
1520530369.901903 1.104181 0.006433
1520530370.051908 1.104186 0.006432
1520530370.201933 1.104242 0.006432
1520530370.351937 1.104262 0.006432
1520530370.501883 1.104300 0.006431
1520530370.701889 1.104340 0.006429
1520530370.901941 1.104372 0.006428
1520530371.051946 1.104437 0.006427
1520530371.151949 1.104448 0.006426
1520530371.301953 1.104475 0.006425
1520530371.401953 1.104475 0.006425
1520530371.501956 1.104515 0.006425
1520530371.651961 1.104536 0.006424
1520530371.801961 1.104461 0.006424
1520530371.901964 1.104438 0.006424
1520530372.001968 1.104414 0.006423
1520530372.101971 1.104451 0.006423
1520530372.251958 1.104499 0.006423
1520530372.401963 1.104554 0.006422
1520530372.551956 1.104574 0.006421
1520530372.651960 1.104577 0.006421
1520530372.751963 1.104553 0.006420
1520530372.851966 1.104532 0.006419
1520530372.951617 1.104508 0.006419
1520530373.051620 1.104481 0.006418
1520530373.201626 1.104460 0.006418
1520530373.301629 1.104461 0.006417
1520530373.351457 1.104435 0.006417
1520530373.451460 1.104425 0.006417
1520530373.551463 1.104416 0.006416
1520530373.651466 1.104424 0.006416
1520530373.751469 1.104414 0.006416
1520530373.801615 1.104392 0.006415
1520530373.901585 1.104389 0.006415
1520530373.951586 1.104390 0.006415
1520530374.051589 1.104364 0.006415
1520530374.101591 1.104344 0.006415
1520530374.201953 1.104354 0.006414
1520530374.301956 1.104352 0.006414
1520530374.401959 1.104359 0.006414
1520530374.501962 1.104383 0.006414
1520530374.602407 1.104400 0.006413
1520530374.752412 1.104490 0.006413
1520530374.852415 1.104504 0.006413
1520530374.952418 1.104537 0.006412
1520530375.052444 1.104579 0.006412
1520530375.152447 1.104596 0.006411
1520530375.252454 1.104586 0.006411
1520530375.352453 1.104586 0.006411
1520530375.452214 1.104603 0.006411
1520530375.552217 1.104608 0.006410
1520530375.602219 1.104603 0.006410
1520530375.702222 1.104602 0.006410
1520530375.752223 1.104585 0.006410
1520530375.852258 1.104565 0.006410
1520530375.952261 1.104558 0.006409
1520530376.002262 1.104539 0.006409
1520530376.102265 1.104531 0.006409
1520530376.202270 1.104541 0.006408
1520530376.251950 1.104562 0.006409
1520530376.351954 1.104557 0.006408
1520530376.401954 1.104542 0.006408
1520530376.501958 1.104521 0.006408
1520530376.551960 1.104489 0.006408
1520530376.652663 1.104505 0.006408
1520530376.702664 1.104503 0.006408
1520530376.802668 1.104494 0.006408
1520530376.852669 1.104513 0.006408
1520530376.952672 1.104524 0.006408
1520530377.002721 1.104528 0.006408
1520530377.102900 1.104545 0.006408
1520530377.202903 1.104509 0.006408
1520530377.302906 1.104585 0.006407
1520530377.402909 1.104615 0.006407
1520530377.501720 1.104641 0.006407
1520530377.601723 1.104699 0.006407
1520530377.701726 1.104723 0.006406
1520530377.801730 1.104726 0.006406
1520530377.851407 1.104676 0.006406
1520530377.951411 1.104673 0.006406
1520530378.051414 1.104661 0.006406
1520530378.151417 1.104658 0.006406
1520530378.201419 1.104652 0.006406
1520530378.301511 1.104671 0.006405
1520530378.351513 1.104692 0.006405
1520530378.451516 1.104707 0.006405
1520530378.501517 1.104707 0.006405
1520530378.601571 1.104707 0.006405
1520530378.651522 1.104677 0.006405
1520530378.752210 1.104681 0.006405
1520530378.802212 1.104674 0.006405
1520530378.902215 1.104680 0.006405
1520530379.002218 1.104695 0.006405
1520530379.102149 1.104701 0.006405
1520530379.202152 1.104715 0.006404
1520530379.302155 1.104748 0.006404
1520530379.402159 1.104761 0.006404
1520530379.501850 1.104794 0.006403
1520530379.601853 1.104839 0.006403
1520530379.701856 1.104851 0.006403
1520530379.801860 1.104856 0.006403
1520530379.901824 1.104836 0.006402
1520530380.001827 1.104832 0.006402
1520530380.101830 1.104838 0.006402
1520530380.151832 1.104832 0.006402
1520530380.251835 1.104808 0.006402
1520530380.301736 1.104795 0.006402
1520530380.402163 1.104798 0.006402
1520530380.502165 1.104819 0.006402
1520530380.552166 1.104827 0.006402
1520530380.652170 1.104858 0.006402
1520530380.752135 1.104872 0.006402
1520530380.852138 1.104868 0.006402
1520530380.902139 1.104854 0.006402
1520530381.002143 1.104889 0.006402
1520530381.052144 1.104865 0.006401
1520530381.152048 1.104879 0.006401
1520530381.202049 1.104866 0.006401
1520530381.302052 1.104872 0.006401
1520530381.402056 1.104861 0.006401
1520530381.502058 1.104883 0.006401
1520530381.602264 1.104896 0.006401
1520530381.752268 1.104905 0.006401
1520530381.852271 1.104915 0.006401
1520530381.952332 1.104958 0.006401
1520530382.052335 1.105002 0.006401
1520530382.152338 1.105027 0.006401
1520530382.252342 1.105010 0.006401
1520530382.352159 1.105008 0.006401
1520530382.452162 1.105016 0.006400
1520530382.552165 1.105026 0.006400
1520530382.652168 1.105042 0.006400
1520530382.752171 1.105038 0.006400
1520530382.852246 1.105028 0.006400
1520530383.002250 1.105022 0.006400
1520530383.102253 1.105012 0.006400
1520530383.202206 1.104990 0.006400
1520530383.302209 1.105002 0.006400
1520530383.402267 1.104990 0.006400
1520530383.502216 1.105001 0.006400
1520530383.602472 1.105002 0.006400
1520530383.702475 1.105006 0.006400
1520530383.802478 1.104998 0.006400
1520530383.902481 1.105063 0.006400
1520530383.952482 1.105048 0.006399
1520530384.052531 1.105074 0.006400
1520530384.102533 1.105137 0.006400
1520530384.202536 1.105138 0.006399
1520530384.252537 1.105159 0.006399
1520530384.352541 1.105189 0.006399
1520530384.402432 1.105165 0.006399
1520530384.502435 1.105141 0.006399
1520530384.602439 1.105154 0.006399
1520530384.702442 1.105096 0.006398
1520530384.752443 1.105092 0.006399
1520530384.852858 1.105022 0.006399
1520530384.902860 1.105066 0.006398
1520530385.002916 1.105128 0.006399
1520530385.052864 1.105124 0.006399
1520530385.152867 1.105109 0.006398
1520530385.202869 1.105143 0.006398
1520530385.302707 1.105282 0.006398
1520530385.352709 1.105222 0.006398
1520530385.452712 1.105231 0.006398
1520530385.502713 1.105239 0.006398
1520530385.602716 1.105259 0.006398
1520530385.652486 1.105273 0.006398
1520530385.752489 1.105284 0.006398
1520530385.802491 1.105265 0.006398
1520530385.902494 1.105273 0.006398
1520530385.952497 1.105257 0.006398
1520530386.052544 1.105262 0.006398
1520530386.152547 1.105269 0.006398
1520530386.252550 1.105277 0.006398
1520530386.352553 1.105287 0.006398
1520530386.452758 1.105274 0.006398
1520530386.552761 1.105270 0.006398
1520530386.652764 1.105274 0.006397
1520530386.752767 1.105288 0.006398
1520530386.852674 1.105279 0.006398
1520530386.952678 1.105263 0.006397
1520530387.052681 1.105257 0.006398
1520530387.152684 1.105294 0.006398
1520530387.252606 1.105343 0.006398
1520530387.352609 1.105381 0.006398
1520530387.452612 1.105413 0.006397
1520530387.502614 1.105442 0.006398
1520530387.602617 1.105456 0.006397
1520530387.702457 1.105446 0.006397
1520530387.752459 1.105462 0.006397
1520530387.852464 1.105457 0.006397
1520530387.902463 1.105458 0.006397
1520530388.002466 1.105476 0.006397
1520530388.052468 1.105478 0.006397
1520530388.152496 1.105461 0.006397
1520530388.202544 1.105467 0.006397
1520530388.302501 1.105476 0.006397
1520530388.402504 1.105455 0.006397
1520530388.502852 1.105444 0.006397
1520530388.602855 1.105440 0.006397
1520530388.752860 1.105446 0.006397
1520530388.902233 1.105458 0.006397
1520530389.002237 1.105465 0.006397
1520530389.102240 1.105462 0.006397
1520530389.202243 1.105462 0.006397
1520530389.302934 1.105461 0.006397
1520530389.402938 1.105464 0.006397
1520530389.502940 1.105486 0.006397
1520530389.602943 1.105507 0.006396
1520530389.702846 1.105524 0.006396
1520530389.753403 1.105519 0.006397
1520530389.853406 1.105534 0.006396
1520530389.903408 1.105551 0.006396
1520530390.003411 1.105534 0.006396
1520530390.053412 1.105517 0.006396
1520530390.152569 1.105498 0.006396
1520530390.202569 1.105492 0.006396
1520530390.302572 1.105484 0.006396
1520530390.352575 1.105465 0.006396
1520530390.452578 1.105441 0.006396
1520530390.553324 1.105384 0.006396
1520530390.603326 1.105412 0.006396
1520530390.703329 1.105414 0.006396
1520530390.803333 1.105402 0.006396
1520530390.853334 1.105392 0.006396
1520530390.953379 1.105392 0.006396
1520530391.053383 1.105384 0.006396
1520530391.153385 1.105395 0.006396
1520530391.253388 1.105419 0.006396
1520530391.352333 1.105431 0.006396
1520530391.452336 1.105430 0.006396
1520530391.552339 1.105415 0.006396
1520530391.652342 1.105421 0.006396
1520530391.752424 1.105412 0.006396
1520530391.852427 1.105411 0.006396
1520530391.952430 1.105420 0.006396
1520530392.002432 1.105413 0.006396
1520530392.102435 1.105402 0.006396
1520530392.203142 1.105399 0.006396
1520530392.253143 1.105386 0.006396
1520530392.353147 1.105368 0.006396
1520530392.403148 1.105340 0.006396
1520530392.503151 1.105373 0.006396
1520530392.602235 1.105396 0.006396
1520530392.702237 1.105365 0.006396
1520530392.802241 1.105370 0.006396
1520530392.902243 1.105413 0.006396
1520530392.952245 1.105423 0.006396
1520530393.052154 1.105408 0.006396
1520530393.152157 1.105432 0.006396
1520530393.252160 1.105449 0.006396
1520530393.352164 1.105439 0.006396
1520530393.402921 1.105432 0.006396
1520530393.502924 1.105482 0.006396
1520530393.602927 1.105475 0.006396
1520530393.652929 1.105425 0.006396
1520530393.752932 1.105393 0.006396
1520530393.852959 1.105426 0.006396
1520530394.002964 1.105415 0.006396
1520530394.102968 1.105373 0.006396
1520530394.202165 1.105409 0.006396
1520530394.252167 1.105372 0.006396
1520530394.352170 1.105417 0.006396
1520530394.452173 1.105414 0.006396
1520530394.552176 1.105400 0.006396
1520530394.652876 1.105368 0.006396
1520530394.752879 1.105385 0.006396
1520530394.852882 1.105408 0.006396
1520530394.952885 1.105445 0.006396
1520530395.053731 1.105441 0.006396
1520530395.153734 1.105435 0.006396
1520530395.253737 1.105431 0.006395
1520530395.353740 1.105461 0.006396
1520530395.452705 1.105455 0.006396
1520530395.552709 1.105481 0.006396
1520530395.652712 1.105483 0.006396
1520530395.752715 1.105468 0.006396
1520530395.853078 1.105451 0.006396
1520530395.953081 1.105439 0.006396
1520530396.053084 1.105429 0.006396
1520530396.153087 1.105402 0.006396
1520530396.203089 1.105407 0.006396
1520530396.303237 1.105407 0.006396
1520530396.403240 1.105392 0.006396
1520530396.503243 1.105379 0.006396
1520530396.553244 1.105374 0.006396
1520530396.653248 1.105350 0.006396
1520530396.703145 1.105356 0.006396
1520530396.803148 1.105365 0.006396
1520530396.903152 1.105394 0.006396
1520530397.003155 1.105375 0.006396
1520530397.102782 1.105364 0.006396
1520530397.202785 1.105409 0.006396
1520530397.302788 1.105417 0.006396
1520530397.402791 1.105426 0.006396
1520530397.502304 1.105432 0.006396
1520530397.602308 1.105431 0.006396
1520530397.702310 1.105465 0.006395
1520530397.802315 1.105436 0.006396
1520530397.902585 1.105422 0.006396
1520530398.002588 1.105396 0.006396
1520530398.052589 1.105380 0.006396
1520530398.152592 1.105359 0.006396
1520530398.252596 1.105363 0.006396
1520530398.353367 1.105351 0.006396
1520530398.453370 1.105346 0.006396
1520530398.503371 1.105353 0.006396
1520530398.603375 1.105345 0.006396
1520530398.653376 1.105343 0.006396
1520530398.753223 1.105314 0.006396
1520530398.803225 1.105322 0.006396
1520530398.903227 1.105306 0.006396
1520530398.953229 1.105300 0.006396
1520530399.053232 1.105291 0.006396
1520530399.103233 1.105269 0.006396
1520530399.202332 1.105263 0.006396
1520530399.252333 1.105253 0.006396
1520530399.352336 1.105260 0.006396
1520530399.402342 1.105271 0.006396
1520530399.502341 1.105275 0.006396
1520530399.553006 1.105281 0.006396
1520530399.653009 1.105284 0.006396
1520530399.703011 1.105284 0.006396
1520530399.803014 1.105274 0.006396
1520530399.903017 1.105278 0.006396
1520530400.003276 1.105288 0.006396
1520530400.053278 1.105300 0.006396
1520530400.153281 1.105287 0.006396
1520530400.203283 1.105295 0.006396
1520530400.303286 1.105296 0.006396
1520530400.352494 1.105309 0.006396
1520530400.452498 1.105313 0.006396
1520530400.502500 1.105312 0.006396
1520530400.602502 1.105318 0.006396
1520530400.702505 1.105321 0.006396
1520530400.752291 1.105316 0.006396
1520530400.852294 1.105298 0.006396
1520530400.952297 1.105286 0.006396
1520530401.052300 1.105300 0.006396
1520530401.152303 1.105295 0.006396
1520530401.202755 1.105288 0.006396
1520530401.302758 1.105299 0.006396
1520530401.352759 1.105312 0.006396
1520530401.452763 1.105296 0.006396
1520530401.502764 1.105296 0.006396
1520530401.603037 1.105270 0.006396
1520530401.703041 1.105277 0.006396
1520530401.753042 1.105295 0.006396
1520530401.853045 1.105279 0.006396
1520530401.953048 1.105255 0.006396
1520530402.002281 1.105246 0.006396
1520530402.102285 1.105240 0.006396
1520530402.152286 1.105240 0.006396
1520530402.252289 1.105237 0.006396
1520530402.302290 1.105243 0.006396
1520530402.402567 1.105243 0.006396
1520530402.452569 1.105218 0.006396
1520530402.552572 1.105238 0.006396
1520530402.652672 1.105216 0.006395
1520530402.752578 1.105184 0.006396
1520530402.803416 1.105160 0.006396
1520530402.903419 1.105198 0.006395
1520530403.003422 1.105259 0.006395
1520530403.053424 1.105239 0.006396
1520530403.153427 1.105224 0.006396
1520530403.252935 1.105240 0.006396
1520530403.352938 1.105216 0.006395
1520530403.402940 1.105192 0.006395
1520530403.502943 1.105182 0.006396
1520530403.552945 1.105160 0.006395
1520530403.652254 1.105175 0.006395
1520530403.702256 1.105170 0.006395
1520530403.802258 1.105155 0.006395
1520530403.852261 1.105149 0.006395
1520530403.952263 1.105150 0.006396
1520530404.002264 1.105151 0.006396
1520530404.102746 1.105144 0.006395
1520530404.152748 1.105131 0.006395
1520530404.252829 1.105133 0.006395
1520530404.352754 1.105131 0.006396
1520530404.453112 1.105122 0.006395
1520530404.553115 1.105114 0.006395
1520530404.653119 1.105112 0.006395
1520530404.753122 1.105123 0.006395
1520530404.852642 1.105127 0.006395
1520530404.902643 1.105130 0.006395
1520530405.002647 1.105130 0.006395
1520530405.052648 1.105124 0.006395
1520530405.152651 1.105108 0.006395
1520530405.202653 1.105111 0.006395
1520530405.302330 1.105105 0.006395
1520530405.352331 1.105103 0.006395
1520530405.452334 1.105117 0.006395
1520530405.502335 1.105105 0.006395
1520530405.602339 1.105107 0.006395
1520530405.652792 1.105095 0.006395
1520530405.752795 1.105093 0.006395
1520530405.802797 1.105074 0.006395
1520530405.902800 1.105062 0.006395
1520530405.952801 1.105069 0.006395
1520530406.052804 1.105062 0.006395
1520530406.153570 1.105093 0.006395
1520530406.203573 1.105103 0.006395
1520530406.303576 1.105060 0.006395
1520530406.353577 1.105074 0.006396
1520530406.453580 1.105036 0.006395
1520530406.553487 1.105040 0.006395
1520530406.653490 1.105048 0.006395
1520530406.753493 1.105047 0.006395
1520530406.803495 1.105039 0.006395
1520530406.902692 1.105039 0.006395
1520530406.952693 1.105047 0.006395
1520530407.052696 1.105040 0.006395
1520530407.102698 1.105043 0.006395
1520530407.202701 1.105077 0.006395
1520530407.252702 1.105069 0.006395
1520530407.353185 1.105058 0.006395
1520530407.403187 1.105061 0.006395
1520530407.503190 1.105049 0.006395
1520530407.553191 1.105028 0.006395
1520530407.653194 1.105006 0.006395
1520530407.703510 1.104973 0.006395
1520530407.803513 1.104938 0.006395
1520530407.853515 1.104955 0.006395
1520530407.953518 1.104972 0.006395
1520530408.003519 1.104989 0.006395
1520530408.103522 1.104986 0.006395
1520530408.153603 1.104990 0.006395
1520530408.253606 1.104982 0.006395
1520530408.353609 1.104989 0.006395
1520530408.453613 1.104989 0.006395
1520530408.553374 1.104980 0.006395
1520530408.653377 1.104965 0.006395
1520530408.753380 1.104963 0.006395
1520530408.853383 1.104971 0.006395
1520530408.952878 1.104976 0.006395
1520530409.052890 1.104985 0.006395
1520530409.152884 1.104988 0.006395
1520530409.252887 1.105003 0.006395
1520530409.352902 1.105005 0.006395
1520530409.452906 1.105003 0.006395
1520530409.552909 1.105010 0.006395
1520530409.652912 1.105002 0.006395
1520530409.752654 1.105003 0.006395
1520530409.852657 1.105000 0.006395
1520530409.952660 1.104990 0.006395
1520530410.052664 1.104989 0.006395
1520530410.153223 1.104978 0.006395
1520530410.253226 1.104980 0.006395
1520530410.353231 1.104964 0.006395
1520530410.453232 1.104954 0.006395
1520530410.553235 1.104956 0.006396
1520530410.603875 1.104949 0.006395
1520530410.703878 1.104952 0.006395
1520530410.803881 1.104951 0.006396
1520530410.903884 1.104931 0.006396
1520530411.003418 1.104954 0.006396
1520530411.103421 1.104944 0.006395
1520530411.253426 1.104946 0.006395
1520530411.403009 1.104942 0.006395
1520530411.503012 1.104926 0.006396
1520530411.603015 1.104922 0.006395
1520530411.703018 1.104902 0.006395
1520530411.802907 1.104896 0.006395
1520530411.852907 1.104906 0.006395
1520530411.952910 1.104919 0.006395
1520530412.002912 1.104927 0.006395
1520530412.102915 1.104928 0.006395
1520530412.152916 1.104927 0.006395
1520530412.253417 1.104920 0.006395
1520530412.303419 1.104923 0.006395
1520530412.403422 1.104929 0.006395
1520530412.453423 1.104929 0.006395
1520530412.553426 1.104928 0.006395
1520530412.653630 1.104928 0.006395
1520530412.753633 1.104929 0.006395
1520530412.803634 1.104928 0.006395
1520530412.903637 1.104907 0.006395
1520530412.953639 1.104896 0.006395
1520530413.053009 1.104889 0.006395
1520530413.103011 1.104904 0.006395
1520530413.203014 1.104942 0.006395
1520530413.303017 1.104929 0.006395
1520530413.403021 1.104900 0.006395
1520530413.502941 1.104892 0.006395
1520530413.602944 1.104894 0.006395
1520530413.853107 1.104892 0.006395
1520530413.953110 1.104895 0.006395
1520530414.053113 1.104892 0.006395
1520530414.153116 1.104886 0.006395
1520530414.252894 1.104867 0.006395
1520530414.352897 1.104873 0.006395
1520530414.452900 1.104882 0.006395
1520530414.552903 1.104891 0.006395
1520530414.652705 1.104890 0.006395
1520530414.752708 1.104880 0.006395
1520530414.852712 1.104862 0.006395
1520530414.952715 1.104846 0.006395
1520530415.052718 1.104837 0.006395
1520530415.103195 1.104836 0.006395
1520530415.203199 1.104831 0.006395
1520530415.303202 1.104818 0.006395
1520530415.403205 1.104819 0.006395
1520530415.503115 1.104832 0.006395
1520530415.603071 1.104842 0.006395
1520530415.703074 1.104837 0.006395
1520530415.853079 1.104834 0.006395
1520530415.953363 1.104830 0.006395
1520530416.103368 1.104812 0.006395
1520530416.503381 1.104815 0.006395
1520530416.603384 1.104801 0.006395
1520530416.703272 1.104843 0.006395
1520530416.803277 1.104842 0.006395
1520530416.903278 1.104829 0.006395
1520530417.003283 1.104817 0.006395
1520530417.103391 1.104820 0.006395
1520530417.203373 1.104801 0.006395
1520530417.353378 1.104782 0.006395
1520530417.603465 1.104760 0.006395
1520530417.703468 1.104773 0.006395
1520530417.803472 1.104780 0.006395
1520530417.903475 1.104787 0.006395
1520530418.003458 1.104786 0.006395
1520530418.103461 1.104770 0.006395
1520530418.203465 1.104772 0.006395
1520530418.303468 1.104768 0.006395
1520530418.453434 1.104767 0.006395
1520530418.603439 1.104750 0.006395
1520530418.753343 1.104750 0.006395
1520530418.853346 1.104753 0.006395
1520530418.953350 1.104772 0.006395
1520530419.053353 1.104770 0.006395
1520530419.153533 1.104756 0.006395
1520530419.253536 1.104755 0.006395
1520530419.353539 1.104753 0.006395
1520530419.503544 1.104757 0.006395
1520530419.653731 1.104755 0.006395
1520530419.753734 1.104756 0.006395
1520530419.853738 1.104766 0.006395
1520530419.953740 1.104764 0.006395
1520530420.003597 1.104750 0.006395
1520530420.103600 1.104744 0.006395
1520530420.203604 1.104736 0.006395
1520530420.303607 1.104716 0.006395
1520530420.403699 1.104708 0.006395
1520530420.503702 1.104700 0.006395
1520530420.653707 1.104708 0.006395
1520530420.803356 1.104710 0.006395
1520530420.953361 1.104720 0.006395
1520530421.053364 1.104713 0.006395
1520530421.153367 1.104712 0.006395
1520530421.253431 1.104716 0.006395
1520530421.353434 1.104717 0.006395
1520530421.453437 1.104698 0.006395
1520530421.553440 1.104701 0.006395
1520530421.653613 1.104704 0.006395
1520530421.803617 1.104699 0.006395
1520530421.953693 1.104703 0.006395
1520530422.053472 1.104705 0.006395
1520530422.153476 1.104707 0.006395
1520530422.253479 1.104707 0.006395
1520530422.353482 1.104711 0.006395
1520530422.453395 1.104686 0.006395
1520530422.553398 1.104674 0.006395
1520530422.653400 1.104681 0.006395
1520530422.753403 1.104669 0.006395
1520530422.853580 1.104657 0.006395
1520530423.003587 1.104650 0.006395
1520530423.103590 1.104666 0.006395
1520530423.203592 1.104666 0.006395
1520530423.253316 1.104665 0.006395
1520530423.353319 1.104664 0.006395
1520530423.453322 1.104672 0.006395
1520530423.603327 1.104657 0.006395
1520530423.702985 1.104659 0.006395
1520530423.752986 1.104658 0.006395
1520530423.852990 1.104644 0.006395
1520530423.902991 1.104636 0.006395
1520530424.002994 1.104630 0.006395
1520530424.052950 1.104639 0.006395
1520530424.153255 1.104625 0.006395
1520530424.253258 1.104581 0.006395
1520530424.353261 1.104559 0.006394
1520530424.453264 1.104609 0.006394
1520530424.504722 1.104662 0.006395
1520530424.604726 1.104626 0.006395
1520530424.704729 1.104674 0.006395
1520530424.854733 1.104703 0.006394
1520530424.903374 1.104719 0.006394
1520530425.003378 1.104741 0.006395
1520530425.053379 1.104708 0.006395
1520530425.153383 1.104664 0.006395
1520530425.253385 1.104581 0.006395
1520530425.353734 1.104624 0.006395
1520530425.453737 1.104612 0.006395
1520530425.603741 1.104631 0.006395
1520530425.653743 1.104592 0.006394
1520530425.753677 1.104598 0.006395
1520530425.803679 1.104600 0.006395
1520530425.903682 1.104623 0.006395
1520530426.003685 1.104631 0.006395
1520530426.103474 1.104616 0.006395
1520530426.203477 1.104632 0.006395
1520530426.253478 1.104623 0.006395
1520530426.353481 1.104611 0.006395
1520530426.403483 1.104588 0.006395
1520530426.503486 1.104600 0.006395
1520530426.703556 1.104602 0.006395
1520530426.803559 1.104637 0.006395
1520530426.853560 1.104657 0.006395
1520530426.953598 1.104643 0.006395
1520530427.053602 1.104657 0.006395
1520530427.153605 1.104651 0.006395
1520530427.253608 1.104623 0.006395
1520530427.353592 1.104644 0.006395
1520530427.453595 1.104642 0.006395
1520530427.803679 1.104668 0.006395
1520530427.903683 1.104625 0.006395
1520530428.003686 1.104634 0.006395
1520530428.053687 1.104644 0.006395
1520530428.153535 1.104598 0.006395
1520530428.203537 1.104591 0.006395
1520530428.303540 1.104607 0.006395
1520530428.353542 1.104606 0.006395
1520530428.453544 1.104602 0.006395
1520530428.503546 1.104593 0.006395
1520530428.603452 1.104593 0.006395
1520530428.703455 1.104616 0.006395
1520530428.753457 1.104610 0.006395
1520530428.853460 1.104611 0.006395
1520530428.903461 1.104609 0.006395
1520530429.003444 1.104607 0.006395
1520530429.053445 1.104614 0.006395
1520530429.153448 1.104611 0.006395
1520530429.203450 1.104607 0.006395
1520530429.303453 1.104586 0.006395
1520530429.353455 1.104588 0.006395
1520530429.453553 1.104589 0.006395
1520530429.503555 1.104608 0.006395
1520530429.603558 1.104607 0.006395
1520530429.653559 1.104595 0.006395
1520530429.753562 1.104592 0.006395
1520530429.803622 1.104591 0.006395
1520530429.903625 1.104593 0.006395
1520530429.953626 1.104583 0.006395
1520530430.053629 1.104583 0.006395
1520530430.103631 1.104584 0.006395
1520530430.203344 1.104580 0.006395
1520530430.253346 1.104578 0.006395
1520530430.353349 1.104577 0.006395
1520530430.403350 1.104581 0.006395
1520530430.503353 1.104585 0.006395
1520530430.603527 1.104586 0.006395
1520530430.653528 1.104583 0.006395
1520530430.753532 1.104580 0.006395
1520530430.853534 1.104576 0.006395
1520530430.953538 1.104577 0.006395
1520530431.003696 1.104576 0.006395
1520530431.103700 1.104563 0.006395
1520530431.153701 1.104571 0.006395
1520530431.253704 1.104567 0.006395
1520530431.353708 1.104561 0.006395
1520530431.403709 1.104552 0.006395
1520530431.503564 1.104565 0.006395
1520530431.553565 1.104576 0.006395
1520530431.653568 1.104563 0.006395
1520530431.703570 1.104560 0.006395
1520530431.803573 1.104566 0.006395
1520530431.853524 1.104589 0.006395
1520530431.953527 1.104576 0.006395
1520530432.003529 1.104564 0.006395
1520530432.103532 1.104550 0.006395
1520530432.153533 1.104545 0.006395
1520530432.253696 1.104540 0.006395
1520530432.303698 1.104536 0.006395
1520530432.403701 1.104555 0.006395
1520530432.453702 1.104562 0.006394
1520530432.553705 1.104551 0.006395
1520530432.603708 1.104540 0.006395
1520530432.703550 1.104539 0.006395
1520530432.753551 1.104537 0.006395
1520530432.853554 1.104533 0.006395
1520530432.953557 1.104536 0.006395
1520530433.053690 1.104517 0.006395
1520530433.103691 1.104505 0.006395
1520530433.203694 1.104523 0.006395
1520530433.303697 1.104533 0.006395
1520530433.403700 1.104545 0.006395
1520530433.503793 1.104550 0.006395
1520530433.603796 1.104545 0.006394
1520530433.703799 1.104558 0.006395
1520530433.803803 1.104541 0.006394
1520530433.853804 1.104531 0.006394
1520530433.953632 1.104521 0.006394
1520530434.003634 1.104510 0.006394
1520530434.103637 1.104510 0.006394
1520530434.153638 1.104494 0.006394
1520530434.253642 1.104486 0.006394
1520530434.303478 1.104515 0.006394
1520530434.403481 1.104523 0.006394
1520530434.453483 1.104516 0.006394
1520530434.553486 1.104513 0.006394
1520530434.603488 1.104514 0.006394
1520530434.703655 1.104511 0.006394
1520530434.753658 1.104521 0.006394
1520530434.853723 1.104514 0.006394
1520530434.903661 1.104511 0.006394
1520530435.003664 1.104520 0.006394
1520530435.103796 1.104535 0.006394
1520530435.203799 1.104537 0.006394
1520530435.253801 1.104523 0.006394
1520530435.353804 1.104527 0.006394
1520530435.403806 1.104520 0.006394
1520530435.504086 1.104516 0.006394
1520530435.554088 1.104513 0.006394
1520530435.654091 1.104514 0.006394
1520530435.704092 1.104510 0.006394
1520530435.804096 1.104514 0.006394
1520530435.854097 1.104509 0.006394
1520530435.953835 1.104506 0.006394
1520530436.003837 1.104497 0.006394
1520530436.103839 1.104493 0.006394
1520530436.153841 1.104486 0.006394
1520530436.253844 1.104485 0.006394
1520530436.353956 1.104497 0.006394
1520530436.453978 1.104497 0.006394
1520530436.653965 1.104477 0.006394
1520530436.754031 1.104476 0.006394
1520530436.854034 1.104476 0.006394
1520530436.904035 1.104486 0.006394
1520530437.004039 1.104486 0.006394
1520530437.054040 1.104493 0.006394
1520530437.153533 1.104503 0.006394
1520530437.203536 1.104496 0.006394
1520530437.303539 1.104509 0.006394
1520530437.353539 1.104520 0.006394
1520530437.453545 1.104534 0.006394
1520530437.503545 1.104539 0.006394
1520530437.603872 1.104519 0.006394
1520530437.653873 1.104494 0.006394
1520530437.753876 1.104488 0.006394
1520530437.853879 1.104499 0.006394
1520530437.954482 1.104506 0.006394
1520530438.104484 1.104509 0.006394
1520530438.204487 1.104517 0.006394
1520530438.304490 1.104533 0.006394
1520530438.354492 1.104507 0.006394
1520530438.453623 1.104498 0.006394
1520530438.503624 1.104495 0.006394
1520530438.603628 1.104518 0.006394
1520530438.653629 1.104519 0.006394
1520530438.753632 1.104510 0.006394
1520530438.854392 1.104524 0.006394
1520530438.954395 1.104523 0.006394
1520530439.104398 1.104511 0.006394
1520530439.254655 1.104496 0.006394
1520530439.404660 1.104477 0.006394
1520530439.604177 1.104471 0.006394
1520530439.754182 1.104487 0.006394
1520530439.854185 1.104493 0.006394
1520530439.954188 1.104488 0.006394
1520530440.054101 1.104504 0.006394
1520530440.204106 1.104504 0.006394
1520530440.304109 1.104495 0.006394
1520530440.404112 1.104491 0.006394
1520530440.503979 1.104489 0.006394
1520530440.603982 1.104468 0.006394
1520530440.703986 1.104469 0.006394
1520530440.853871 1.104489 0.006394
1520530440.953874 1.104486 0.006394
1520530441.053876 1.104490 0.006394
1520530441.153883 1.104508 0.006394
1520530441.253889 1.104489 0.006394
1520530441.353892 1.104482 0.006394
1520530441.453895 1.104480 0.006394
1520530441.553898 1.104456 0.006394
1520530441.654083 1.104464 0.006394
1520530441.754086 1.104467 0.006394
1520530441.854089 1.104478 0.006394
1520530441.954092 1.104492 0.006394
1520530442.054030 1.104504 0.006394
1520530442.154034 1.104518 0.006394
1520530442.254038 1.104526 0.006394
1520530442.354040 1.104531 0.006394
1520530442.453714 1.104516 0.006394
1520530442.503716 1.104518 0.006394
1520530442.603719 1.104514 0.006394
1520530442.653721 1.104504 0.006394
1520530442.753723 1.104503 0.006394
1520530442.803725 1.104513 0.006394
1520530442.904376 1.104516 0.006394
1520530443.004379 1.104537 0.006394
1520530443.104382 1.104555 0.006394
1520530443.204385 1.104528 0.006394
1520530443.354468 1.104529 0.006394
1520530443.504473 1.104518 0.006394
1520530443.604476 1.104518 0.006394
1520530443.704013 1.104510 0.006394
1520530443.804016 1.104504 0.006394
1520530443.904020 1.104522 0.006394
1520530444.004023 1.104523 0.006394
1520530444.104403 1.104514 0.006394
1520530444.154403 1.104505 0.006394
1520530444.254406 1.104510 0.006394
1520530444.354410 1.104516 0.006394
1520530444.404412 1.104512 0.006394
1520530444.505161 1.104505 0.006394
1520530444.605164 1.104499 0.006394
1520530444.705167 1.104489 0.006394
1520530444.805170 1.104500 0.006394
1520530444.905173 1.104517 0.006394
1520530444.954962 1.104496 0.006394
1520530445.054965 1.104510 0.006394
1520530445.104967 1.104527 0.006394
1520530445.204970 1.104518 0.006394
1520530445.304973 1.104496 0.006394
1520530445.353892 1.104503 0.006394
1520530445.453896 1.104512 0.006394
1520530445.503898 1.104488 0.006394
1520530445.603900 1.104488 0.006394
1520530445.703904 1.104493 0.006394
1520530445.753751 1.104500 0.006394
1520530445.853755 1.104510 0.006394
1520530445.903755 1.104512 0.006394
1520530446.003758 1.104507 0.006394
1520530446.103761 1.104508 0.006394
1520530446.154954 1.104523 0.006394
1520530446.254902 1.104541 0.006394
1520530446.354905 1.104531 0.006394
1520530446.454908 1.104533 0.006394
1520530446.554783 1.104529 0.006394
1520530446.654786 1.104516 0.006394
1520530446.754789 1.104522 0.006394
1520530446.854792 1.104522 0.006394
1520530446.954330 1.104513 0.006394
1520530447.054334 1.104494 0.006394
1520530447.154337 1.104502 0.006394
1520530447.254340 1.104505 0.006394
1520530447.354343 1.104504 0.006394
1520530447.454125 1.104504 0.006394
1520530447.554128 1.104500 0.006394
1520530447.704133 1.104495 0.006394
1520530447.904075 1.104495 0.006394
1520530448.253886 1.104495 0.006394
