DelayedMarginalization 0.000949174 2.48819e-08 0.00174874 1378
DelayedMarginalizationOnly 0.000452448 1.65291e-08 0.000776853 1378
EF-marginalizeFrame 0.00135286 3.82022e-08 0.00245029 1378
FullSystem::trackNewCoarse 0.00225437 1.71233e-07 0.00531408 2672
FullSystem::trackNewCoarseNoIMU 0.00128968 7.86036e-08 0.00213213 111
FullSystemOptimize 0.0291584 6.22425e-05 0.0798256 1384
GraphUnrolling 0.000239492 -nan 0.000239492 1
IMUInitAddPose 2.39407e-05 1.62548e-11 6.2592e-05 1384
IMUInitOptimize 0.00543389 7.3701e-07 0.00604093 2
IMUIntegration::finishKeyframeOperations 6.03254e-05 2.16287e-10 0.000357515 1377
InitializerFirstFrame 0.0344718 -nan 0.0344718 1
InitializerOtherFrames 0.0586659 9.50365e-05 0.0833378 35
MainMarginalization 0.00118133 3.07955e-08 0.00214292 1378
MarginalizeMainGraph 0.000496373 5.67243e-09 0.00102932 1378
PGBA 0.0160476 -nan 0.0160476 1
PGBAFull 0.0164919 -nan 0.0164919 1
PrepareGraphForMainOptimization 0.000261009 -nan 0.000261009 1
VisualMarginalization 3.89964e-05 6.56203e-11 9.5273e-05 1378
activatePointsMT 0.00346313 9.89611e-07 0.00961259 1384
addActiveFrame 0.0349429 0.000656821 0.131279 2819
addIMUData 0.000663245 2.21429e-08 0.00125931 2672
addIMUDataToBA 3.55584e-05 1.41343e-10 0.000163654 2818
addKeyframeToBA 3.37915e-05 3.36281e-11 6.2291e-05 1384
afterCoarseTracking 2.47361e-07 3.69748e-15 7.63e-07 2783
baIteration 0.00651557 1.78594e-06 0.0153202 5072
baMatrixInversion 0.000221793 1.3989e-09 0.000675564 5072
baUpdateBuildHessians 0.000501478 4.20348e-09 0.0010931 5072
coarseTrackingIteration 0.000209602 5.58302e-09 0.0029073 22690
computeBAUpdate 0.000808651 1.11151e-08 0.00195899 5072
computeCoarseUpdate 9.28893e-05 8.26606e-10 0.00280693 21004
computeFactorForCoarseGraphAndMarginalCovariances 0.00290358 2.23667e-07 0.0056402 1377
convertHAndBFromDSO 0.000141684 3.55958e-09 0.000544694 10589
debugPlot 7.46698e-08 1.42063e-15 3.99e-07 1384
debugPlotIDepthMap 3.65938e-07 7.14844e-15 9.55e-07 1384
debugPlotIDepthMapFloat 7.52926e-08 7.17433e-16 3.57e-07 1384
deliverTrackedFrame 0.0295707 0.000649736 0.126108 2784
flagFramesForMarginalization 1.70982e-06 1.01442e-12 3.1944e-05 1384
fullCoarseTracking 0.00296717 3.31212e-07 0.00810578 2783
initObjectsAndMakeImage 0.00206593 4.18328e-08 0.00381656 2819
makeKeyframe 0.0542984 8.68961e-05 0.126106 1384
makeKeyframeChangeTrackingRef 0.00229991 1.33635e-07 0.00429064 1384
makeNewTraces 0.005238 6.25496e-07 0.0119818 1384
makeNonKeyframe 0.00512169 3.45272e-06 0.0110644 1400
marginalizeAndRemovePoints 0.00347858 1.20373e-06 0.0110365 1384
marginalizeFrame 0.00265225 1.46671e-07 0.00462782 1378
marginalizeFrameOverhead 0.00129714 6.98288e-08 0.00271233 1378
marginalizeFrames 0.00264884 3.97697e-07 0.0073756 1384
newFrameAndNewResidualsForOldPoints 0.00100382 3.66182e-08 0.00173912 1384
printBiases 3.85543e-05 1.10123e-10 0.000123701 1384
printEigenValLine 1.06709e-07 3.02604e-16 3.31e-07 1384
printLogLine 2.3622e-07 3.46182e-15 6.09e-07 1384
publishInMakeKeyframe 2.07154e-07 4.42258e-15 6.27e-07 1384
removeOutliers 0.000192161 2.84187e-09 0.000665678 1384
swapTrackingRef 2.24631e-05 2.63751e-11 6.3956e-05 1384
timeMeasurement 7.93225e-07 1.13497e-13 8.005e-06 2819
traceNewCoarse 0.00427726 3.26467e-06 0.0110505 2784
updateBAValues 6.30056e-06 5.40425e-12 5.3885e-05 9915
zero 9.94743e-08 1.60977e-15 4.93e-07 2819
