DelayedMarginalization 0.000946061 2.85103e-08 0.00265378 1404
DelayedMarginalizationOnly 0.000458983 1.69632e-08 0.000780198 1404
EF-marginalizeFrame 0.00132853 4.49703e-08 0.00338308 1404
FullSystem::trackNewCoarse 0.00231863 7.83816e-07 0.0210847 2670
FullSystem::trackNewCoarseNoIMU 0.00244509 5.11234e-05 0.0558249 102
FullSystemOptimize 0.0355117 5.6866e-05 0.089541 1410
GraphUnrolling 0.00562576 1.87923e-05 0.0159369 9
IMUInitAddPose 2.42018e-05 1.48206e-11 5.5744e-05 1410
IMUInitOptimize 0.00407544 2.06582e-06 0.00616772 5
IMUIntegration::finishKeyframeOperations 5.93047e-05 1.51505e-10 0.000146672 1400
InitializerFirstFrame 0.0343143 -nan 0.0343143 1
InitializerOtherFrames 0.0613456 7.68996e-05 0.0813812 46
MainMarginalization 0.00117579 3.59559e-08 0.00311381 1404
MarginalizationReplacementBuildGraph 0.000469355 3.06562e-08 0.000829985 7
MarginalizationReplacementReplaceGraph 0.00682531 1.86412e-05 0.0160564 7
MarginalizeMainGraph 0.000486406 7.47865e-09 0.00205422 1404
PGBA 0.0141287 1.48237e-05 0.0168512 2
PGBAFull 0.0037175 4.98586e-05 0.018801 9
PrepareGraphForMainOptimization 0.00567884 1.89236e-05 0.0160251 9
VisualMarginalization 3.87321e-05 6.82951e-11 0.000133296 1404
activatePointsMT 0.00301083 5.74204e-07 0.0070997 1410
addActiveFrame 0.0376561 0.000786918 0.146404 2819
addIMUData 0.000674891 3.10931e-08 0.00486975 2670
addIMUDataToBA 3.60343e-05 1.37699e-10 9.9772e-05 2818
addKeyframeToBA 3.33902e-05 7.83785e-11 0.000226142 1410
afterCoarseTracking 2.59763e-07 2.17381e-14 5.299e-06 2772
baIteration 0.00531001 1.75809e-06 0.0251639 8425
baMatrixInversion 0.000222578 1.50998e-09 0.000612133 8425
baUpdateBuildHessians 0.00048647 8.5028e-09 0.00502668 8425
coarseTrackingIteration 0.000185501 1.49501e-08 0.0174598 28298
computeBAUpdate 0.000791251 1.6167e-08 0.00553747 8425
computeCoarseUpdate 9.90874e-05 1.23549e-08 0.0173677 25527
computeFactorForCoarseGraphAndMarginalCovariances 0.00290488 2.82179e-07 0.00543468 1400
convertHAndBFromDSO 0.000144747 3.07456e-09 0.000554894 14043
debugPlot 7.17681e-08 1.61489e-15 3.7e-07 1410
debugPlotIDepthMap 3.51242e-07 6.62888e-15 1.262e-06 1410
debugPlotIDepthMapFloat 6.62355e-08 6.46477e-16 3.61e-07 1410
deliverTrackedFrame 0.0320118 0.000769473 0.138992 2773
flagFramesForMarginalization 1.68354e-06 5.24657e-13 1.3028e-05 1410
fullCoarseTracking 0.00309456 2.77916e-06 0.0559377 2772
initObjectsAndMakeImage 0.00210687 9.29909e-08 0.00799067 2819
makeKeyframe 0.0583421 9.93669e-05 0.138988 1410
makeKeyframeChangeTrackingRef 0.00215363 1.66935e-07 0.00565624 1410
makeNewTraces 0.0053629 8.60224e-07 0.0120769 1410
makeNonKeyframe 0.00476892 2.75206e-06 0.0116501 1363
marginalizeAndRemovePoints 0.00251819 9.64785e-07 0.00886034 1410
marginalizeFrame 0.00218054 1.6424e-07 0.00487195 1404
marginalizeFrameOverhead 0.00084966 7.58099e-08 0.00283556 1404
marginalizeFrames 0.00217896 2.72764e-07 0.00489238 1410
newFrameAndNewResidualsForOldPoints 0.000937968 6.98036e-08 0.00228575 1410
printBiases 3.8092e-05 1.08546e-10 9.6789e-05 1410
printEigenValLine 1.035e-07 1.5888e-14 4.778e-06 1410
printLogLine 1.64487e-07 3.45882e-15 5.42e-07 1410
publishInMakeKeyframe 1.81886e-07 7.38637e-15 1.696e-06 1410
removeOutliers 0.000142991 2.72676e-09 0.000502973 1410
swapTrackingRef 2.38359e-05 8.05139e-11 0.000294972 1410
timeMeasurement 8.20805e-07 9.89295e-14 8.512e-06 2819
traceNewCoarse 0.00393392 2.81846e-06 0.0134252 2773
updateBAValues 5.70123e-06 5.25984e-12 0.0001008 14109
zero 1.035e-07 2.61411e-15 5.87e-07 2819
