1520530315.599645 1.470843 0.386219
1520530315.749639 1.459992 0.233856
1520530315.899643 1.473653 0.190292
1520530316.049648 1.364257 0.186075
1520530316.150223 1.378497 0.214751
1520530316.300227 1.377315 0.196800
1520530316.450231 1.370311 0.184679
1520530316.650280 1.374925 0.180359
1520530316.850286 1.381882 0.177380
1520530316.999775 1.402634 0.167171
1520530317.149779 1.422921 0.145114
1520530317.299784 1.427301 0.129294
1520530317.449747 1.408741 0.115920
1520530317.649755 1.406593 0.107193
1520530317.750237 1.395751 0.102553
1520530317.900242 1.385929 0.100155
1520530318.050246 1.384163 0.098991
1520530318.200769 1.395793 0.098739
1520530318.350774 1.393419 0.096501
1520530318.500778 1.400749 0.093044
1520530318.650568 1.404602 0.090240
1520530318.800573 1.409549 0.088203
1520530318.950577 1.411946 0.085523
1520530319.049958 1.434806 0.084220
1520530319.199962 1.433874 0.076144
1520530319.349967 1.428205 0.070351
1520530319.449833 1.423142 0.067268
1520530319.549837 1.424843 0.065690
1520530319.699841 1.421019 0.064328
1520530319.800341 1.416393 0.063988
1520530319.900344 1.416959 0.063635
1520530320.000347 1.415177 0.062253
1520530320.100350 1.412936 0.060290
1520530320.200401 1.410312 0.058658
1520530320.350405 1.415582 0.057276
1520530320.500410 1.413895 0.056435
1520530320.599869 1.409826 0.055509
1520530320.649871 1.410986 0.054931
1520530320.799876 1.415985 0.052710
1520530320.949880 1.420112 0.050430
1520530321.099742 1.418038 0.048633
1520530321.199745 1.413223 0.047612
1520530321.299749 1.407593 0.046588
1520530321.449856 1.404044 0.045362
1520530321.599860 1.402500 0.046086
1520530321.699863 1.401047 0.045431
1520530321.850152 1.405610 0.044847
1520530322.000157 1.409259 0.043866
1520530322.150162 1.412283 0.043145
1520530322.350210 1.406614 0.042888
1520530322.550216 1.405861 0.042571
1520530322.700026 1.413685 0.042083
1520530322.850030 1.416565 0.041244
1520530323.050036 1.417303 0.040290
1520530323.200077 1.416179 0.039795
1520530323.350082 1.417265 0.039450
1520530323.450085 1.419964 0.038680
1520530323.550346 1.423003 0.037603
1520530323.700351 1.427364 0.036393
1520530323.850356 1.430913 0.035864
1520530323.950154 1.431427 0.035690
1520530324.100159 1.434604 0.035497
1520530324.250163 1.436615 0.033869
1520530324.349910 1.443712 0.033624
1520530324.449913 1.445400 0.033272
1520530324.549915 1.445335 0.032943
1520530324.649919 1.443344 0.032670
1520530324.750020 1.440864 0.032417
1520530324.850023 1.440413 0.032280
1520530325.000028 1.441199 0.032185
1520530325.100816 1.440272 0.032063
1520530325.300822 1.435081 0.031623
1520530325.500828 1.438182 0.031017
1520530325.750919 1.434624 0.029868
1520530325.950541 1.432053 0.029403
1520530326.100546 1.430697 0.029084
1520530326.250551 1.428453 0.028767
1520530326.400206 1.428725 0.028568
1520530326.600213 1.428046 0.028409
1520530326.800428 1.428152 0.028345
1520530327.000434 1.429347 0.027865
1520530327.150431 1.431940 0.027371
1520530327.300436 1.432955 0.027001
1520530327.450441 1.435250 0.026755
1520530327.550090 1.437614 0.026590
1520530327.650103 1.438156 0.026309
1520530327.750096 1.438548 0.026120
1520530327.850099 1.437371 0.025957
1520530327.950102 1.437601 0.025836
1520530328.050282 1.438363 0.025664
1520530328.150285 1.437926 0.025501
1520530328.300290 1.438568 0.025362
1520530328.350291 1.438854 0.025344
1520530328.450338 1.438523 0.025297
1520530328.500340 1.438569 0.025284
1520530328.600344 1.439162 0.025281
1520530328.700347 1.438719 0.025263
1520530328.800086 1.438756 0.025228
1520530328.900089 1.439607 0.025166
1520530329.050093 1.440343 0.024976
1520530329.150097 1.440339 0.024816
1520530329.250095 1.440460 0.024638
1520530329.350049 1.441022 0.024434
1520530329.500053 1.439345 0.024136
1520530329.600097 1.439997 0.024036
1520530329.700100 1.440147 0.023957
1520530329.750102 1.440307 0.023926
1520530329.850105 1.439882 0.023868
1520530329.950109 1.439493 0.023810
1520530330.050161 1.439674 0.023699
1520530330.150164 1.440354 0.023517
1520530330.250167 1.441410 0.023256
1520530330.350170 1.441344 0.022970
1520530330.450787 1.441196 0.022768
1520530330.500788 1.440917 0.022690
1520530330.600792 1.440938 0.022623
1520530330.700795 1.440378 0.022607
1520530330.750797 1.440103 0.022591
1520530330.850367 1.440330 0.022533
1520530330.900277 1.440317 0.022470
1520530331.000280 1.438675 0.022295
1520530331.100283 1.437534 0.022182
1520530331.200286 1.438649 0.022130
1520530331.300736 1.438576 0.022083
1520530331.400740 1.438054 0.022058
1520530331.450741 1.437847 0.022050
1520530331.550744 1.437852 0.022026
1520530331.600746 1.438200 0.021994
1520530331.700481 1.438143 0.021886
1520530331.750483 1.438315 0.021789
1520530331.850486 1.437944 0.021510
1520530331.950489 1.437305 0.021177
1520530332.050387 1.437252 0.020909
1520530332.150390 1.436603 0.020696
1520530332.250393 1.435567 0.020539
1520530332.300399 1.435638 0.020477
1520530332.400401 1.435292 0.020422
1520530332.500483 1.435008 0.020397
1520530332.550483 1.434952 0.020398
1520530332.650488 1.434409 0.020393
1520530332.750491 1.435221 0.020356
1520530332.850494 1.436153 0.020279
1520530332.950166 1.436512 0.020199
1520530333.050169 1.436279 0.020138
1520530333.150173 1.436264 0.020103
1520530333.200174 1.436509 0.020088
1520530333.300608 1.436337 0.020030
1520530333.400612 1.436517 0.019969
1520530333.500615 1.436083 0.019922
1520530333.650619 1.436308 0.019913
1520530333.750542 1.435913 0.019904
1520530333.800544 1.435951 0.019899
1520530333.900547 1.436079 0.019893
1520530333.950549 1.436170 0.019888
1520530334.050551 1.436806 0.019837
1520530334.150218 1.437318 0.019703
1520530334.300222 1.437571 0.019511
1520530334.400225 1.437664 0.019442
1520530334.500228 1.437582 0.019377
1520530334.600088 1.437472 0.019332
1520530334.700091 1.438305 0.019297
1520530334.800094 1.438465 0.019258
1520530334.900097 1.438075 0.019206
1520530334.950928 1.438116 0.019187
1520530335.050931 1.437876 0.019164
1520530335.150934 1.437975 0.019147
1520530335.250937 1.438393 0.019134
1520530335.351457 1.438872 0.019127
1520530335.451459 1.438205 0.019116
1520530335.551462 1.438129 0.019105
1520530335.651465 1.438731 0.019097
1520530335.750223 1.439075 0.019094
1520530335.800224 1.439257 0.019092
1520530335.900227 1.438978 0.019074
1520530336.000230 1.438808 0.019044
1520530336.050232 1.438637 0.019030
1520530336.150177 1.438749 0.019007
1520530336.250180 1.438875 0.018970
1520530336.350183 1.438988 0.018901
1520530336.450186 1.439697 0.018837
1520530336.550582 1.440017 0.018748
1520530336.650586 1.439977 0.018678
1520530336.750588 1.440151 0.018637
1520530336.850591 1.439874 0.018602
1520530336.950594 1.439788 0.018579
1520530337.050259 1.439922 0.018552
1520530337.150262 1.440412 0.018503
1520530337.250265 1.440898 0.018470
1520530337.350269 1.441025 0.018455
1520530337.450303 1.440886 0.018432
1520530337.550306 1.441012 0.018413
1520530337.650309 1.441603 0.018377
1520530337.750312 1.442288 0.018312
1520530337.850855 1.443190 0.018212
1520530337.950858 1.444147 0.018122
1520530338.050862 1.444635 0.018049
1520530338.150864 1.444459 0.017999
1520530338.250473 1.443408 0.017952
1520530338.350476 1.443381 0.017944
1520530338.450479 1.443365 0.017926
1520530338.550482 1.443067 0.017909
1520530338.650261 1.443330 0.017883
1520530338.750266 1.443540 0.017857
1520530338.850267 1.443003 0.017822
1520530338.950270 1.443124 0.017800
1520530339.050959 1.442412 0.017767
1520530339.100960 1.441984 0.017750
1520530339.200963 1.442201 0.017732
1520530339.300966 1.442047 0.017714
1520530339.400970 1.441743 0.017709
1520530339.501689 1.441831 0.017709
1520530339.601692 1.441955 0.017703
1520530339.701695 1.441973 0.017693
1520530339.801698 1.442181 0.017673
1520530339.851056 1.442589 0.017668
1520530339.951059 1.442953 0.017648
1520530340.051062 1.442939 0.017626
1520530340.151065 1.443395 0.017611
1520530340.250395 1.444039 0.017587
1520530340.300397 1.444131 0.017568
1520530340.400400 1.444211 0.017536
1520530340.500403 1.444354 0.017504
1520530340.600406 1.444553 0.017474
1520530340.700348 1.444653 0.017453
1520530340.850353 1.444728 0.017442
1520530341.050774 1.445240 0.017427
1520530341.350784 1.446741 0.017406
1520530341.550714 1.446202 0.017397
1520530341.800722 1.446197 0.017378
1520530341.950578 1.445594 0.017367
1520530342.100548 1.445829 0.017353
1520530342.200551 1.445661 0.017331
1520530342.300673 1.446574 0.017311
1520530342.450678 1.447055 0.017284
1520530342.600683 1.446624 0.017248
1520530342.700643 1.446544 0.017225
1520530342.800646 1.446766 0.017187
1520530342.900649 1.446757 0.017143
1520530343.000653 1.446870 0.017080
1520530343.101131 1.446822 0.016998
1520530343.201134 1.447057 0.016915
1520530343.301138 1.447161 0.016812
1520530343.401141 1.447390 0.016716
1520530343.501404 1.447333 0.016605
1520530343.601407 1.447540 0.016491
1520530343.701410 1.448522 0.016361
1520530343.801413 1.449202 0.016210
1520530343.901416 1.449524 0.016066
1520530344.001403 1.449462 0.015915
1520530344.101406 1.449355 0.015771
1520530344.201410 1.448620 0.015634
1520530344.301413 1.448866 0.015514
1520530344.401411 1.449077 0.015399
1520530344.451412 1.449189 0.015334
1520530344.551415 1.449419 0.015232
1520530344.651418 1.449312 0.015123
1520530344.751636 1.449214 0.015028
1520530344.851639 1.449512 0.014958
1520530344.951642 1.449920 0.014887
1520530345.051645 1.450002 0.014813
1520530345.151845 1.450147 0.014754
1520530345.251745 1.450444 0.014699
1520530345.351748 1.450690 0.014648
1520530345.451751 1.450981 0.014602
1520530345.551195 1.450781 0.014558
1520530345.651198 1.451096 0.014530
1520530345.751201 1.450832 0.014487
1520530345.851204 1.450655 0.014464
1520530345.901206 1.450897 0.014454
1520530346.001475 1.450993 0.014430
1520530346.051476 1.450743 0.014416
1520530346.151479 1.451137 0.014408
1520530346.251483 1.451607 0.014383
1520530346.301485 1.451689 0.014364
1520530346.401376 1.451651 0.014358
1520530346.501379 1.451722 0.014346
1520530346.601382 1.451526 0.014337
1520530346.701385 1.451391 0.014326
1520530346.801545 1.451505 0.014315
1520530346.901548 1.452045 0.014306
1520530346.951549 1.451885 0.014301
1520530347.051553 1.451575 0.014298
1520530347.151556 1.451348 0.014284
1520530347.251402 1.451752 0.014286
1520530347.351405 1.451704 0.014282
1520530347.451408 1.451525 0.014275
1520530347.551411 1.451334 0.014272
1520530347.651220 1.451062 0.014267
1520530347.751223 1.450828 0.014265
1520530347.851226 1.450971 0.014262
1520530347.951229 1.450956 0.014259
1520530348.051164 1.450995 0.014254
1520530348.151168 1.450855 0.014254
1520530348.251170 1.450832 0.014252
1520530348.351173 1.450806 0.014251
1520530348.451416 1.450884 0.014249
1520530348.551419 1.450916 0.014249
1520530348.651423 1.450973 0.014247
1520530348.701425 1.450959 0.014247
1520530348.801428 1.450828 0.014247
1520530348.851315 1.450663 0.014247
1520530348.951318 1.450808 0.014245
1520530349.001320 1.450888 0.014245
1520530349.101323 1.451019 0.014245
1520530349.201326 1.451070 0.014244
1520530349.301107 1.451197 0.014244
1520530349.401110 1.451088 0.014243
1520530349.451112 1.451013 0.014243
1520530349.551115 1.451020 0.014243
1520530349.650935 1.451049 0.014242
1520530349.700937 1.451134 0.014242
1520530349.800940 1.451142 0.014242
1520530349.900986 1.451100 0.014241
1520530349.950944 1.451156 0.014240
1520530350.051376 1.451242 0.014240
1520530350.101378 1.451137 0.014238
1520530350.201381 1.451145 0.014239
1520530350.301384 1.451179 0.014238
1520530350.401387 1.451211 0.014237
1520530350.501516 1.451249 0.014236
1520530350.551518 1.451214 0.014235
1520530350.651521 1.451388 0.014235
1520530350.751524 1.451443 0.014234
1520530350.851527 1.451448 0.014234
1520530350.951573 1.451435 0.014232
1520530351.051576 1.451451 0.014231
1520530351.151579 1.451447 0.014229
1520530351.201581 1.451504 0.014230
1520530351.301683 1.451582 0.014229
1520530351.401685 1.451537 0.014229
1520530351.501759 1.451563 0.014227
1520530351.601688 1.451586 0.014226
1520530351.701695 1.451487 0.014225
1520530351.801698 1.451523 0.014222
1520530351.901701 1.451569 0.014222
1520530352.001704 1.451480 0.014222
1520530352.101805 1.451448 0.014221
1520530352.201808 1.451472 0.014219
1520530352.301811 1.451492 0.014219
1520530352.401814 1.451462 0.014218
1520530352.501469 1.451388 0.014218
1520530352.601472 1.451426 0.014218
1520530352.701475 1.451437 0.014217
1520530352.801478 1.451480 0.014216
1520530352.901098 1.451492 0.014212
1520530353.001101 1.451379 0.014215
1520530353.101208 1.451371 0.014212
1520530353.201107 1.451290 0.014213
1520530353.301110 1.451292 0.014213
1520530353.351398 1.451192 0.014212
1520530353.451401 1.451232 0.014212
1520530353.501402 1.451355 0.014212
1520530353.601405 1.451538 0.014211
1520530353.701408 1.451852 0.014208
1520530353.801738 1.451609 0.014209
1520530353.901741 1.451364 0.014209
1520530354.001744 1.451215 0.014208
1520530354.101747 1.451207 0.014209
1520530354.201897 1.451317 0.014208
1520530354.301900 1.451193 0.014207
1520530354.401904 1.451042 0.014207
1520530354.501907 1.451032 0.014207
1520530354.551594 1.451094 0.014207
1520530354.651595 1.451144 0.014207
1520530354.751597 1.451291 0.014206
1520530354.851600 1.451336 0.014206
1520530354.951359 1.451364 0.014204
1520530355.051362 1.451280 0.014202
1520530355.151365 1.451240 0.014204
1520530355.251368 1.451131 0.014203
1520530355.351371 1.451121 0.014203
1520530355.451408 1.451134 0.014202
1520530355.551411 1.451048 0.014203
1520530355.651416 1.451032 0.014201
1520530355.751418 1.450969 0.014202
1520530355.851533 1.451075 0.014201
1520530355.951536 1.451311 0.014200
1520530356.001537 1.451094 0.014201
1520530356.101541 1.451025 0.014201
1520530356.201376 1.450981 0.014200
1520530356.301379 1.450943 0.014200
1520530356.351380 1.450910 0.014200
1520530356.451383 1.451135 0.014199
1520530356.551386 1.451095 0.014199
1520530356.651234 1.450899 0.014199
1520530356.701236 1.450899 0.014199
1520530356.801239 1.450954 0.014200
1520530356.851240 1.450933 0.014199
1520530356.951243 1.450932 0.014199
1520530357.051154 1.450945 0.014199
1520530357.151157 1.450927 0.014200
1520530357.251160 1.450887 0.014199
1520530357.351164 1.450941 0.014199
1520530357.401658 1.451075 0.014198
1520530357.501662 1.450946 0.014198
1520530357.551663 1.450876 0.014199
1520530357.651666 1.450887 0.014198
1520530357.751669 1.450953 0.014198
1520530357.851585 1.450968 0.014196
1520530357.951560 1.450960 0.014198
1520530358.001562 1.450981 0.014197
1520530358.101565 1.450962 0.014197
1520530358.201568 1.450826 0.014195
1520530358.301626 1.450800 0.014196
1520530358.401629 1.450856 0.014196
1520530358.501632 1.450915 0.014196
1520530358.601636 1.450860 0.014196
1520530358.701800 1.450858 0.014196
1520530358.801803 1.450887 0.014196
1520530358.901806 1.450910 0.014195
1520530359.001810 1.450898 0.014195
1520530359.101811 1.450898 0.014196
1520530359.201810 1.450853 0.014195
1520530359.301813 1.450788 0.014194
1520530359.401817 1.450896 0.014194
1520530359.501870 1.450912 0.014194
1520530359.601873 1.450982 0.014193
1520530359.701876 1.450859 0.014194
1520530359.801879 1.450833 0.014194
1520530359.901826 1.450932 0.014193
1520530360.001829 1.451014 0.014193
1520530360.101832 1.451275 0.014193
1520530360.201836 1.451298 0.014192
1520530360.301316 1.451668 0.014192
1520530360.351317 1.451108 0.014193
1520530360.451321 1.451189 0.014193
1520530360.551324 1.451283 0.014192
1520530360.651327 1.451288 0.014193
1520530360.700978 1.451305 0.014191
1520530360.800981 1.451350 0.014191
1520530360.900984 1.451611 0.014189
1520530360.950988 1.451522 0.014189
1520530361.051064 1.452138 0.014188
1520530361.151045 1.451908 0.014189
1520530361.251048 1.451873 0.014190
1520530361.351051 1.451842 0.014190
1520530361.451055 1.451820 0.014190
1520530361.501690 1.451482 0.014188
1520530361.601693 1.451430 0.014184
1520530361.651695 1.451400 0.014167
1520530361.751698 1.451546 0.014189
1520530361.801700 1.451646 0.014190
1520530361.901939 1.451669 0.014190
1520530361.951941 1.451697 0.014190
1520530362.051944 1.452084 0.014188
1520530362.151947 1.451990 0.014189
1520530362.251950 1.451697 0.014185
1520530362.351623 1.451898 0.014188
1520530362.451626 1.452209 0.014187
1520530362.551629 1.452428 0.014187
1520530362.651727 1.452411 0.014186
1520530362.751364 1.452575 0.014184
1520530362.851367 1.452503 0.014184
1520530362.951370 1.452415 0.014185
1520530363.051374 1.452387 0.014185
1520530363.151650 1.452372 0.014183
1520530363.251653 1.452439 0.014183
1520530363.351656 1.452491 0.014182
1520530363.451659 1.452578 0.014184
1520530363.501661 1.452621 0.014183
1520530363.601746 1.452679 0.014184
1520530363.651748 1.452557 0.014184
1520530363.751751 1.452543 0.014184
1520530363.801753 1.452501 0.014183
1520530363.901756 1.452782 0.014183
1520530363.951780 1.452782 0.014183
1520530364.051784 1.453063 0.014183
1520530364.101785 1.452846 0.014183
1520530364.201788 1.452786 0.014183
1520530364.251789 1.452670 0.014176
1520530364.351792 1.452755 0.014183
1520530364.401853 1.452599 0.014183
1520530364.501856 1.452792 0.014181
1520530364.551858 1.452768 0.014180
1520530364.651861 1.452680 0.014183
1520530364.751864 1.452633 0.014183
1520530364.852377 1.452660 0.014183
1520530364.952380 1.452686 0.014183
1520530365.052383 1.452665 0.014183
1520530365.201844 1.452785 0.014184
1520530365.301847 1.452761 0.014183
1520530365.401850 1.452825 0.014184
1520530365.501853 1.452828 0.014183
1520530365.601535 1.452876 0.014182
1520530365.701539 1.452856 0.014181
1520530365.801546 1.452834 0.014182
1520530365.901545 1.452865 0.014181
1520530366.001907 1.452808 0.014181
1520530366.051908 1.452788 0.014180
1520530366.151911 1.452850 0.014180
1520530366.201913 1.452882 0.014181
1520530366.301916 1.452873 0.014180
1520530366.351918 1.452951 0.014180
1520530366.452121 1.452945 0.014181
1520530366.552125 1.453033 0.014179
1520530366.652128 1.453090 0.014180
1520530366.702130 1.453109 0.014180
1520530366.802133 1.453150 0.014180
1520530366.902167 1.453089 0.014180
1520530367.002170 1.453060 0.014180
1520530367.052172 1.453060 0.014180
1520530367.152175 1.453084 0.014180
1520530367.252540 1.453186 0.014179
1520530367.352543 1.453070 0.014180
1520530367.452546 1.453040 0.014180
1520530367.552549 1.453036 0.014180
1520530367.652264 1.453125 0.014180
1520530367.752267 1.453256 0.014181
1520530367.852271 1.453193 0.014179
1520530367.952274 1.453202 0.014179
1520530368.052124 1.453112 0.014179
1520530368.152127 1.453150 0.014179
1520530368.252130 1.453208 0.014179
1520530368.352134 1.453065 0.014179
1520530368.402135 1.453103 0.014178
1520530368.502050 1.453338 0.014178
1520530368.552051 1.453149 0.014178
1520530368.652054 1.453280 0.014177
1520530368.752057 1.453256 0.014178
1520530368.802058 1.453245 0.014175
1520530368.901391 1.453270 0.014175
1520530368.951392 1.453183 0.014178
1520530369.051395 1.453070 0.014178
1520530369.101397 1.452935 0.014177
1520530369.201400 1.452866 0.014178
1520530369.251401 1.452946 0.014178
1520530369.351538 1.452998 0.014179
1520530369.401540 1.453173 0.014179
1520530369.501543 1.453213 0.014178
1520530369.601546 1.453309 0.014178
1520530369.651548 1.453285 0.014177
1520530369.751899 1.453138 0.014178
1520530369.851902 1.453178 0.014178
1520530369.951905 1.453382 0.014177
1520530370.101930 1.453263 0.014178
1520530370.251934 1.453272 0.014178
1520530370.401938 1.453374 0.014178
1520530370.551883 1.453443 0.014178
1520530370.701889 1.453375 0.014176
1520530370.901941 1.453415 0.014177
1520530371.051946 1.453374 0.014177
1520530371.151949 1.453377 0.014175
1520530371.301953 1.453427 0.014172
1520530371.401953 1.453390 0.014174
1520530371.501956 1.453389 0.014177
1520530371.701962 1.453396 0.014177
1520530371.801961 1.453307 0.014176
1520530371.851963 1.453294 0.014176
1520530371.951966 1.453219 0.014177
1520530372.051969 1.453285 0.014171
1520530372.201977 1.453338 0.014167
1520530372.351961 1.453430 0.014176
1520530372.501966 1.453473 0.014176
1520530372.601958 1.453455 0.014177
1520530372.701961 1.453388 0.014176
1520530372.801964 1.453503 0.014175
1520530372.901967 1.453426 0.014175
1520530373.001619 1.453418 0.014176
1520530373.201626 1.453493 0.014177
1520530373.301629 1.453338 0.014176
1520530373.401458 1.453289 0.014176
1520530373.501461 1.453187 0.014176
1520530373.551463 1.453167 0.014175
1520530373.651466 1.453263 0.014176
1520530373.701467 1.453230 0.014176
1520530373.801615 1.453032 0.014176
1520530373.901585 1.453123 0.014174
1520530374.001588 1.453273 0.014175
1520530374.101591 1.453318 0.014176
1520530374.201953 1.453305 0.014176
1520530374.301956 1.453441 0.014176
1520530374.401959 1.453442 0.014176
1520530374.501962 1.453463 0.014176
1520530374.652408 1.453493 0.014176
1520530374.802413 1.453414 0.014177
1520530374.902417 1.453426 0.014176
1520530375.002442 1.453586 0.014176
1520530375.102445 1.453492 0.014176
1520530375.202449 1.453503 0.014175
1520530375.302452 1.453418 0.014175
1520530375.402252 1.453482 0.014175
1520530375.502216 1.453552 0.014175
1520530375.602219 1.453507 0.014176
1520530375.702222 1.453593 0.014172
1520530375.752223 1.453418 0.014175
1520530375.852258 1.453327 0.014175
1520530375.952261 1.453396 0.014174
1520530376.052264 1.453538 0.014176
1520530376.102265 1.453373 0.014175
1520530376.202270 1.453547 0.014176
1520530376.251950 1.453704 0.014171
1520530376.351954 1.453648 0.014173
1520530376.451957 1.453705 0.014176
1520530376.551960 1.453638 0.014176
1520530376.601961 1.453747 0.014176
1520530376.702664 1.453725 0.014175
1520530376.752666 1.453676 0.014174
1520530376.852669 1.453728 0.014176
1520530376.902671 1.453646 0.014176
1520530377.002721 1.453641 0.014176
1520530377.052898 1.453588 0.014176
1520530377.152900 1.453568 0.014175
1520530377.252903 1.453623 0.014175
1520530377.352906 1.453672 0.014176
1520530377.451719 1.453547 0.014175
1520530377.501720 1.453732 0.014172
1520530377.601723 1.453694 0.014175
1520530377.701726 1.453662 0.014176
1520530377.801730 1.453766 0.014175
1520530377.901409 1.453700 0.014175
1520530378.001412 1.453731 0.014175
1520530378.051414 1.453718 0.014175
1520530378.151417 1.453795 0.014176
1520530378.201419 1.453798 0.014175
1520530378.301511 1.453695 0.014175
1520530378.351513 1.453629 0.014173
1520530378.451516 1.453656 0.014174
1520530378.501517 1.453648 0.014174
1520530378.601571 1.453758 0.014175
1520530378.651522 1.453805 0.014175
1520530378.752210 1.453873 0.014172
1520530378.852213 1.453728 0.014174
1520530378.952216 1.453743 0.014175
1520530379.052220 1.453578 0.014175
1520530379.152151 1.453530 0.014175
1520530379.252154 1.453568 0.014175
1520530379.352157 1.453696 0.014176
1520530379.452160 1.453768 0.014175
1520530379.551852 1.453753 0.014175
1520530379.651855 1.453627 0.014174
1520530379.751858 1.453585 0.014174
1520530379.851861 1.453602 0.014175
1520530379.951826 1.453631 0.014175
1520530380.051829 1.453642 0.014175
1520530380.101830 1.453608 0.014175
1520530380.201888 1.453672 0.014175
1520530380.301736 1.453734 0.014175
1520530380.402163 1.453649 0.014173
1520530380.502165 1.453733 0.014173
1520530380.552166 1.453815 0.014174
1520530380.652170 1.453980 0.014174
1520530380.752135 1.454041 0.014174
1520530380.852138 1.454009 0.014174
1520530380.902139 1.453732 0.014172
1520530381.002143 1.453748 0.014173
1520530381.052144 1.453637 0.014174
1520530381.152048 1.453788 0.014174
1520530381.202049 1.453671 0.014173
1520530381.302052 1.453604 0.014174
1520530381.402056 1.453498 0.014174
1520530381.502058 1.453464 0.014175
1520530381.602264 1.453459 0.014175
1520530381.702267 1.453511 0.014175
1520530381.802324 1.453533 0.014175
1520530381.902273 1.453593 0.014175
1520530382.002334 1.453620 0.014175
1520530382.102337 1.453615 0.014175
1520530382.202340 1.453632 0.014175
1520530382.302343 1.453752 0.014175
1520530382.402160 1.453729 0.014175
1520530382.502164 1.453662 0.014175
1520530382.602167 1.453674 0.014175
1520530382.702170 1.453702 0.014175
1520530382.852246 1.453762 0.014174
1520530383.002250 1.453735 0.014175
1520530383.152255 1.453857 0.014174
1520530383.252208 1.453704 0.014175
1520530383.352211 1.453699 0.014175
1520530383.452214 1.453821 0.014175
1520530383.602472 1.453771 0.014175
1520530383.702475 1.453746 0.014175
1520530383.802478 1.453772 0.014174
1520530383.852479 1.453608 0.014175
1520530383.952482 1.453834 0.014175
1520530384.052531 1.454277 0.014175
1520530384.152534 1.454705 0.014175
1520530384.252537 1.454665 0.014174
1520530384.352541 1.454200 0.014174
1520530384.452434 1.453907 0.014173
1520530384.552437 1.453919 0.014174
1520530384.652440 1.453900 0.014174
1520530384.752443 1.454027 0.014174
1520530384.852858 1.453990 0.014174
1520530384.952861 1.453822 0.014175
1520530385.002916 1.453853 0.014175
1520530385.102866 1.453972 0.014175
1520530385.202869 1.453841 0.014175
1520530385.252705 1.453801 0.014175
1520530385.352709 1.453929 0.014175
1520530385.402710 1.453998 0.014174
1520530385.502713 1.453942 0.014174
1520530385.552715 1.453812 0.014174
1520530385.652486 1.453842 0.014175
1520530385.752489 1.453713 0.014174
1520530385.802491 1.453853 0.014174
1520530385.902494 1.453908 0.014175
1520530386.002497 1.453892 0.014175
1520530386.052544 1.453847 0.014174
1520530386.152547 1.453877 0.014175
1520530386.252550 1.453859 0.014175
1520530386.352553 1.453810 0.014175
1520530386.452758 1.453837 0.014175
1520530386.602814 1.453922 0.014175
1520530386.702766 1.453871 0.014172
1520530386.802769 1.453848 0.014175
1520530386.902676 1.453823 0.014175
1520530387.002679 1.453834 0.014175
1520530387.102682 1.453861 0.014175
1520530387.202685 1.453882 0.014175
1520530387.302607 1.453916 0.014175
1520530387.402611 1.453743 0.014173
1520530387.452612 1.453698 0.014173
1520530387.552615 1.453772 0.014174
1520530387.602617 1.453936 0.014172
1520530387.702457 1.453889 0.014174
1520530387.752459 1.453798 0.014175
1520530387.852464 1.453739 0.014175
1520530387.902463 1.453786 0.014175
1520530388.002466 1.453823 0.014175
1520530388.052468 1.453872 0.014173
1520530388.152496 1.453854 0.014175
1520530388.202544 1.453840 0.014175
1520530388.302501 1.453821 0.014175
1520530388.352502 1.453837 0.014175
1520530388.452505 1.453824 0.014175
1520530388.552854 1.453796 0.014175
1520530388.652857 1.453868 0.014175
1520530388.752860 1.453946 0.014174
1520530388.852863 1.453887 0.014175
1520530388.952235 1.453820 0.014175
1520530389.052238 1.453797 0.014175
1520530389.152242 1.453765 0.014175
1520530389.252245 1.453792 0.014174
1520530389.352936 1.453810 0.014175
1520530389.452939 1.454071 0.014175
1520530389.552942 1.453996 0.014174
1520530389.652948 1.453969 0.014175
1520530389.753403 1.454223 0.014174
1520530389.803445 1.454001 0.014174
1520530389.903408 1.453950 0.014175
1520530389.953409 1.453926 0.014175
1520530390.053412 1.453921 0.014174
1520530390.103414 1.454021 0.014175
1520530390.202569 1.453947 0.014174
1520530390.252572 1.453922 0.014175
1520530390.352575 1.453938 0.014173
1520530390.402575 1.453929 0.014175
1520530390.502578 1.453880 0.014175
1520530390.553324 1.453968 0.014174
1520530390.653327 1.454263 0.014176
1520530390.703329 1.454029 0.014175
1520530390.803333 1.453978 0.014175
1520530390.853334 1.453872 0.014175
1520530390.953379 1.453825 0.014175
1520530391.053383 1.453949 0.014175
1520530391.153385 1.453954 0.014175
1520530391.253388 1.453943 0.014176
1520530391.352333 1.453955 0.014174
1520530391.402366 1.453985 0.014174
1520530391.502338 1.453870 0.014174
1520530391.602341 1.453808 0.014175
1520530391.652342 1.453864 0.014175
1520530391.752424 1.453915 0.014175
1520530391.852427 1.453889 0.014175
1520530391.952430 1.453930 0.014175
1520530392.052433 1.453886 0.014175
1520530392.152436 1.453905 0.014175
1520530392.203142 1.454115 0.014173
1520530392.303145 1.453906 0.014175
1520530392.353147 1.453870 0.014175
1520530392.453150 1.453754 0.014175
1520530392.553153 1.453545 0.014175
1520530392.602235 1.453778 0.014174
1520530392.702237 1.453643 0.014175
1520530392.802241 1.453903 0.014174
1520530392.852242 1.453891 0.014175
1520530392.952245 1.453885 0.014175
1520530393.052154 1.453921 0.014174
1520530393.152157 1.454054 0.014174
1520530393.252160 1.454093 0.014174
1520530393.402921 1.454109 0.014175
1520530393.502924 1.454241 0.014153
1520530393.552926 1.454122 0.014174
1520530393.652929 1.454158 0.014175
1520530393.702931 1.454047 0.014174
1520530393.802958 1.453965 0.014174
1520530393.902961 1.454101 0.014175
1520530394.052965 1.454547 0.014124
1520530394.152969 1.453919 0.014173
1520530394.202165 1.453831 0.014172
1520530394.302169 1.453864 0.014174
1520530394.402172 1.453768 0.014174
1520530394.502175 1.453823 0.014175
1520530394.602189 1.453866 0.014174
1520530394.652876 1.454025 0.014174
1520530394.752879 1.453917 0.014168
1520530394.852882 1.453913 0.014175
1520530394.952885 1.453886 0.014176
1520530395.053731 1.454000 0.014174
1520530395.103732 1.453964 0.014175
1520530395.203735 1.454022 0.014176
1520530395.303738 1.454040 0.014176
1520530395.403742 1.453982 0.014174
1520530395.502707 1.453839 0.014175
1520530395.602710 1.453798 0.014175
1520530395.702713 1.453822 0.014175
1520530395.802716 1.453972 0.014175
1520530395.903079 1.454013 0.014175
1520530396.003083 1.454050 0.014176
1520530396.103085 1.453952 0.014174
1520530396.203089 1.453897 0.014175
1520530396.253235 1.453869 0.014175
1520530396.353238 1.453773 0.014175
1520530396.403240 1.453773 0.014173
1520530396.503243 1.453816 0.014174
1520530396.603246 1.453838 0.014174
1520530396.703145 1.453875 0.014175
1520530396.803148 1.453856 0.014175
1520530396.903152 1.453883 0.014175
1520530397.003155 1.453836 0.014175
1520530397.102782 1.453852 0.014174
1520530397.202785 1.453806 0.014173
1520530397.302788 1.453795 0.014171
1520530397.402791 1.453843 0.014174
1520530397.502304 1.453833 0.014174
1520530397.552306 1.453836 0.014174
1520530397.652309 1.453685 0.014173
1520530397.752312 1.453827 0.014175
1520530397.852315 1.453907 0.014175
1520530397.902585 1.453815 0.014174
1520530398.002588 1.453806 0.014175
1520530398.052589 1.453802 0.014174
1520530398.152592 1.453784 0.014175
1520530398.252596 1.453725 0.014174
1520530398.353367 1.453927 0.014175
1520530398.403368 1.453893 0.014176
1520530398.503371 1.453857 0.014176
1520530398.553373 1.453746 0.014176
1520530398.653376 1.453847 0.014176
1520530398.703221 1.453762 0.014175
1520530398.803225 1.453693 0.014175
1520530398.853226 1.453789 0.014175
1520530398.953229 1.453804 0.014175
1520530399.003230 1.453705 0.014174
1520530399.103233 1.453711 0.014175
1520530399.152330 1.453842 0.014161
1520530399.252333 1.453684 0.014172
1520530399.302335 1.453779 0.014173
1520530399.402342 1.453762 0.014174
1520530399.452339 1.453777 0.014175
1520530399.553006 1.453908 0.014175
1520530399.603008 1.453960 0.014173
1520530399.703011 1.453971 0.014176
1520530399.803014 1.453972 0.014176
1520530399.903017 1.453911 0.014175
1520530400.003276 1.453799 0.014175
1520530400.053278 1.453724 0.014175
1520530400.153281 1.453690 0.014175
1520530400.203283 1.453708 0.014175
1520530400.303286 1.453735 0.014175
1520530400.352494 1.453751 0.014174
1520530400.452498 1.453741 0.014175
1520530400.502500 1.453752 0.014174
1520530400.602502 1.453808 0.014175
1520530400.702505 1.453886 0.014174
1520530400.752291 1.453936 0.014172
1520530400.852294 1.453835 0.014175
1520530400.952297 1.453741 0.014175
1520530401.052300 1.453789 0.014174
1520530401.102302 1.453810 0.014174
1520530401.202755 1.453980 0.014175
1520530401.252756 1.453799 0.014175
1520530401.352759 1.453953 0.014175
1520530401.402761 1.453967 0.014175
1520530401.502764 1.454116 0.014175
1520530401.603037 1.454310 0.014175
1520530401.703041 1.454231 0.014175
1520530401.753042 1.454110 0.014174
1520530401.853045 1.454024 0.014175
1520530401.953048 1.454078 0.014175
1520530402.052283 1.453854 0.014174
1520530402.102285 1.453795 0.014175
1520530402.202287 1.453780 0.014175
1520530402.252289 1.453768 0.014175
1520530402.352292 1.453764 0.014175
1520530402.402567 1.453780 0.014173
1520530402.502571 1.453782 0.014175
1520530402.552572 1.453757 0.014175
1520530402.652672 1.453780 0.014175
1520530402.752578 1.453766 0.014175
1520530402.803416 1.453892 0.014175
1520530402.903419 1.453839 0.014174
1520530402.953420 1.454035 0.014175
1520530403.053424 1.454108 0.014175
1520530403.103425 1.453970 0.014175
1520530403.202933 1.453976 0.014175
1520530403.302936 1.453789 0.014175
1520530403.352938 1.453694 0.014174
1520530403.452941 1.453537 0.014175
1520530403.502943 1.453485 0.014175
1520530403.602946 1.453665 0.014175
1520530403.652254 1.453817 0.014174
1520530403.752257 1.453766 0.014175
1520530403.802258 1.453730 0.014173
1520530403.902261 1.453612 0.014175
1520530403.952263 1.453673 0.014174
1520530404.052745 1.453967 0.014176
1520530404.152748 1.453839 0.014176
1520530404.202749 1.453806 0.014176
1520530404.302752 1.453898 0.014176
1520530404.402755 1.453720 0.014175
1520530404.453112 1.453696 0.014174
1520530404.553115 1.453739 0.014175
1520530404.653119 1.453770 0.014175
1520530404.753122 1.453797 0.014176
1520530404.803123 1.453821 0.014175
1520530404.902643 1.453783 0.014175
1520530404.952645 1.453791 0.014175
1520530405.052648 1.453795 0.014175
1520530405.152651 1.453700 0.014174
1520530405.202653 1.453703 0.014174
1520530405.302330 1.453662 0.014175
1520530405.352331 1.453685 0.014175
1520530405.452334 1.453794 0.014175
1520530405.502335 1.453788 0.014175
1520530405.602339 1.453811 0.014174
1520530405.652792 1.453806 0.014172
1520530405.752795 1.453765 0.014175
1520530405.802797 1.453746 0.014175
1520530405.902800 1.453789 0.014174
1520530405.952801 1.453704 0.014172
1520530406.052804 1.453739 0.014175
1520530406.153570 1.453763 0.014175
1520530406.253574 1.453907 0.014175
1520530406.303576 1.453918 0.014175
1520530406.403579 1.453860 0.014175
1520530406.453580 1.453934 0.014175
1520530406.553487 1.454099 0.014175
1520530406.653490 1.453938 0.014174
1520530406.753493 1.454031 0.014175
1520530406.853497 1.454024 0.014175
1520530406.902692 1.453894 0.014175
1520530407.002694 1.453673 0.014175
1520530407.052696 1.453663 0.014175
1520530407.152699 1.453764 0.014174
1520530407.202701 1.454065 0.014174
1520530407.303185 1.454004 0.014175
1520530407.353185 1.453745 0.014174
1520530407.453221 1.453902 0.014175
1520530407.503190 1.453878 0.014174
1520530407.603193 1.453784 0.014176
1520530407.653194 1.453787 0.014175
1520530407.753511 1.453763 0.014175
1520530407.803513 1.453788 0.014175
1520530407.903516 1.453771 0.014175
1520530407.953518 1.453778 0.014175
1520530408.053521 1.453766 0.014175
1520530408.103522 1.453757 0.014175
1520530408.203605 1.453711 0.014175
1520530408.303608 1.453661 0.014175
1520530408.403612 1.453681 0.014175
1520530408.503614 1.453700 0.014175
1520530408.553374 1.453713 0.014175
1520530408.653377 1.453634 0.014174
1520530408.753380 1.453567 0.014173
1520530408.853383 1.453599 0.014174
1520530408.952878 1.453642 0.014174
1520530409.052890 1.453658 0.014174
1520530409.152884 1.453579 0.014174
1520530409.202886 1.453517 0.014173
1520530409.302889 1.453458 0.014174
1520530409.402904 1.453411 0.014173
1520530409.502907 1.453516 0.014175
1520530409.602910 1.453697 0.014175
1520530409.702913 1.453605 0.014175
1520530409.802656 1.453512 0.014175
1520530409.902659 1.453606 0.014174
1520530410.002662 1.453735 0.014172
1520530410.102666 1.453714 0.014174
1520530410.153223 1.453734 0.014174
1520530410.253226 1.453752 0.014175
1520530410.353231 1.453788 0.014175
1520530410.453232 1.453805 0.014175
1520530410.553235 1.453806 0.014175
1520530410.653876 1.453803 0.014176
1520530410.753879 1.453724 0.014176
1520530410.853882 1.453611 0.014175
1520530410.953885 1.453691 0.014175
1520530411.053420 1.453659 0.014176
1520530411.203424 1.453794 0.014176
1520530411.353429 1.453683 0.014175
1520530411.453010 1.453759 0.014175
1520530411.553013 1.453691 0.014175
1520530411.653017 1.453739 0.014175
1520530411.753020 1.453756 0.014175
1520530411.802907 1.453753 0.014174
1520530411.902909 1.453697 0.014175
1520530411.952910 1.453695 0.014175
1520530412.052913 1.453691 0.014175
1520530412.102915 1.453736 0.014175
1520530412.203416 1.453756 0.014175
1520530412.253417 1.453729 0.014175
1520530412.353420 1.453722 0.014175
1520530412.403422 1.453802 0.014175
1520530412.503425 1.453742 0.014175
1520530412.603428 1.453736 0.014175
1520530412.703631 1.453599 0.014175
1520530412.753633 1.453568 0.014175
1520530412.853636 1.453515 0.014175
1520530412.903637 1.453542 0.014174
1520530413.003641 1.453613 0.014175
1520530413.053009 1.453650 0.014174
1520530413.153012 1.453684 0.014174
1520530413.253016 1.453697 0.014175
1520530413.353019 1.453686 0.014175
1520530413.452940 1.453424 0.014175
1520530413.552943 1.453230 0.014175
1520530413.652946 1.453587 0.014168
1520530413.853107 1.453927 0.014104
1520530413.953110 1.453683 0.014160
1520530414.053113 1.453741 0.014174
1520530414.153116 1.453817 0.014174
1520530414.252894 1.453904 0.014174
1520530414.352897 1.453596 0.014175
1520530414.452900 1.453631 0.014175
1520530414.552903 1.453718 0.014175
1520530414.652705 1.453764 0.014174
1520530414.752708 1.453747 0.014175
1520530414.852712 1.453805 0.014173
1520530414.952715 1.453736 0.014174
1520530415.052718 1.453768 0.014172
1520530415.103195 1.453702 0.014172
1520530415.203199 1.453795 0.014172
1520530415.303202 1.453708 0.014174
1520530415.403205 1.453644 0.014175
1520530415.503115 1.453644 0.014175
1520530415.603071 1.453712 0.014175
1520530415.703074 1.453668 0.014175
1520530415.803077 1.453693 0.014175
1520530415.953363 1.453662 0.014175
1520530416.153369 1.453655 0.014175
1520530416.503381 1.453801 0.014173
1520530416.603384 1.453793 0.014173
1520530416.703272 1.453746 0.014175
1520530416.753274 1.453750 0.014174
1520530416.853277 1.453675 0.014175
1520530416.953280 1.453668 0.014175
1520530417.053283 1.453663 0.014175
1520530417.153371 1.453701 0.014176
1520530417.253374 1.453632 0.014175
1520530417.553464 1.453618 0.014176
1520530417.653467 1.453620 0.014176
1520530417.753470 1.453688 0.014175
1520530417.853473 1.453732 0.014175
1520530417.953455 1.453736 0.014175
1520530418.053458 1.453723 0.014175
1520530418.153462 1.453726 0.014176
1520530418.253465 1.453734 0.014176
1520530418.403432 1.453472 0.014175
1520530418.553437 1.453715 0.014176
1520530418.703442 1.453628 0.014175
1520530418.803345 1.453686 0.014175
1520530418.903348 1.453682 0.014174
1520530419.003351 1.453703 0.014171
1520530419.103354 1.453692 0.014173
1520530419.203534 1.453643 0.014174
1520530419.303537 1.453723 0.014174
1520530419.403541 1.453712 0.014175
1520530419.553545 1.453877 0.014175
1520530419.653731 1.453756 0.014176
1520530419.753734 1.453691 0.014175
1520530419.853738 1.453691 0.014176
1520530419.953740 1.453675 0.014174
1520530420.053599 1.453724 0.014175
1520530420.153602 1.453760 0.014175
1520530420.203604 1.453768 0.014175
1520530420.303607 1.453761 0.014174
1520530420.403699 1.453753 0.014175
1520530420.553704 1.453780 0.014175
1520530420.753710 1.453873 0.014174
1520530420.853358 1.453735 0.014173
1520530420.953361 1.453716 0.014175
1520530421.053364 1.453724 0.014174
1520530421.103366 1.453703 0.014171
1520530421.203429 1.453674 0.014174
1520530421.303432 1.453715 0.014175
1520530421.403435 1.453723 0.014173
1520530421.503439 1.453708 0.014174
1520530421.603611 1.453719 0.014175
1520530421.703614 1.453803 0.014175
1520530421.853618 1.453729 0.014175
1520530422.003623 1.453774 0.014176
1520530422.103474 1.453738 0.014175
1520530422.203477 1.453693 0.014176
1520530422.303480 1.453715 0.014176
1520530422.403483 1.453678 0.014175
1520530422.503396 1.453569 0.014174
1520530422.553398 1.453640 0.014174
1520530422.653400 1.453686 0.014176
1520530422.753403 1.453694 0.014175
1520530422.853580 1.453805 0.014176
1520530423.053588 1.453904 0.014177
1520530423.153591 1.453758 0.014176
1520530423.253316 1.453720 0.014176
1520530423.353319 1.453700 0.014176
1520530423.453322 1.453749 0.014175
1520530423.603327 1.453950 0.014174
1520530423.652983 1.453900 0.014174
1520530423.752986 1.453827 0.014173
1520530423.802988 1.453772 0.014175
1520530423.902991 1.453701 0.014176
1520530424.002994 1.453708 0.014176
1520530424.103253 1.453706 0.014175
1520530424.153255 1.453762 0.014175
1520530424.253258 1.453756 0.014176
1520530424.353261 1.453875 0.014147
1520530424.453264 1.453565 0.014174
1520530424.504722 1.453621 0.014177
1520530424.604726 1.453904 0.014177
1520530424.704729 1.453829 0.014176
1520530424.854733 1.453878 0.014139
1520530424.903374 1.453807 0.014150
1520530425.003378 1.453837 0.014175
1520530425.053379 1.453741 0.014174
1520530425.153383 1.453808 0.014175
1520530425.253385 1.453859 0.014145
1520530425.353734 1.453857 0.014172
1520530425.453737 1.453898 0.014176
1520530425.603741 1.454013 0.014176
1520530425.703675 1.453955 0.014176
1520530425.803679 1.453926 0.014177
1520530425.853680 1.453806 0.014176
1520530425.953683 1.453769 0.014176
1520530426.103474 1.453980 0.014176
1520530426.203477 1.453964 0.014177
1520530426.253478 1.453900 0.014176
1520530426.353481 1.453897 0.014175
1520530426.403483 1.453978 0.014175
1520530426.503486 1.453902 0.014175
1520530426.703556 1.454177 0.014177
1520530426.803559 1.454079 0.014176
1520530426.853560 1.453824 0.014173
1520530426.953598 1.453837 0.014175
1520530427.003600 1.453789 0.014174
1520530427.103603 1.453865 0.014175
1520530427.203606 1.453824 0.014174
1520530427.303609 1.453853 0.014175
1520530427.403594 1.453820 0.014176
1520530427.553598 1.453899 0.014175
1520530427.803679 1.454080 0.014176
1520530427.903683 1.454312 0.014175
1520530428.003686 1.454130 0.014170
1520530428.103692 1.453996 0.014172
1520530428.153535 1.453815 0.014175
1520530428.253538 1.453800 0.014176
1520530428.303540 1.453826 0.014176
1520530428.403618 1.453801 0.014176
1520530428.453544 1.453744 0.014175
1520530428.553451 1.453736 0.014176
1520530428.653454 1.453745 0.014176
1520530428.753457 1.453755 0.014176
1520530428.803458 1.453870 0.014176
1520530428.903461 1.453954 0.014176
1520530428.953463 1.454002 0.014176
1520530429.053445 1.454161 0.014176
1520530429.103447 1.454107 0.014175
1520530429.203450 1.454174 0.014176
1520530429.253451 1.453998 0.014175
1520530429.353455 1.453988 0.014175
1520530429.403551 1.454026 0.014175
1520530429.503555 1.454026 0.014176
1520530429.553556 1.453939 0.014175
1520530429.653559 1.453869 0.014176
1520530429.703560 1.453806 0.014176
1520530429.803622 1.453833 0.014176
1520530429.853626 1.453870 0.014175
1520530429.953626 1.453845 0.014176
1520530430.003663 1.453825 0.014176
1520530430.103631 1.453837 0.014176
1520530430.153632 1.453860 0.014176
1520530430.253346 1.453812 0.014176
1520530430.303347 1.453809 0.014176
1520530430.403350 1.453843 0.014176
1520530430.453352 1.453815 0.014176
1520530430.553355 1.453764 0.014176
1520530430.653528 1.453729 0.014176
1520530430.753532 1.453690 0.014176
1520530430.803533 1.453772 0.014176
1520530430.903536 1.453798 0.014176
1520530431.003696 1.453868 0.014176
1520530431.053698 1.453889 0.014174
1520530431.153701 1.453870 0.014176
1520530431.203703 1.453891 0.014175
1520530431.303706 1.453871 0.014176
1520530431.353708 1.453890 0.014175
1520530431.453562 1.453956 0.014176
1520530431.503564 1.453934 0.014175
1520530431.603567 1.453717 0.014174
1520530431.653568 1.453637 0.014175
1520530431.753571 1.453854 0.014176
1520530431.803573 1.454035 0.014176
1520530431.903526 1.454147 0.014176
1520530431.953527 1.454003 0.014174
1520530432.053530 1.453875 0.014176
1520530432.103532 1.453824 0.014176
1520530432.203536 1.453867 0.014175
1520530432.253696 1.453813 0.014175
1520530432.353700 1.453785 0.014176
1520530432.453702 1.453782 0.014176
1520530432.503704 1.453781 0.014175
1520530432.603708 1.453846 0.014176
1520530432.653548 1.453785 0.014175
1520530432.753551 1.453884 0.014174
1520530432.803553 1.453764 0.014175
1520530432.903556 1.453911 0.014176
1520530433.003559 1.454228 0.014175
1520530433.053690 1.454308 0.014176
1520530433.153693 1.454327 0.014175
1520530433.203694 1.454208 0.014176
1520530433.303697 1.454104 0.014175
1520530433.403700 1.453959 0.014175
1520530433.503793 1.453904 0.014175
1520530433.603796 1.453813 0.014175
1520530433.703799 1.453761 0.014175
1520530433.803803 1.453754 0.014176
1520530433.903631 1.453733 0.014176
1520530433.953632 1.453772 0.014175
1520530434.053635 1.453744 0.014175
1520530434.103637 1.453690 0.014176
1520530434.203641 1.453616 0.014176
1520530434.253642 1.453534 0.014176
1520530434.353481 1.453582 0.014176
1520530434.403481 1.453624 0.014176
1520530434.503485 1.453673 0.014176
1520530434.553486 1.453687 0.014176
1520530434.653489 1.453692 0.014176
1520530434.703655 1.453656 0.014175
1520530434.803658 1.453666 0.014177
1520530434.853723 1.453683 0.014176
1520530434.953663 1.453688 0.014176
1520530435.053667 1.453664 0.014176
1520530435.103796 1.453658 0.014175
1520530435.203799 1.453659 0.014176
1520530435.303802 1.453666 0.014175
1520530435.353804 1.453720 0.014175
1520530435.453807 1.453707 0.014176
1520530435.504086 1.453697 0.014175
1520530435.604089 1.453718 0.014175
1520530435.654091 1.453706 0.014175
1520530435.754094 1.453693 0.014176
1520530435.804096 1.453659 0.014175
1520530435.904099 1.453687 0.014176
1520530435.953835 1.453690 0.014175
1520530436.053838 1.453687 0.014175
1520530436.103839 1.453694 0.014176
1520530436.203843 1.453678 0.014176
1520530436.303846 1.453647 0.014176
1520530436.403957 1.453518 0.014176
1520530436.503960 1.453599 0.014175
1520530436.703966 1.453777 0.014175
1520530436.804032 1.453801 0.014176
1520530436.854034 1.453669 0.014175
1520530436.954037 1.453703 0.014175
1520530437.004039 1.453793 0.014175
1520530437.104042 1.453711 0.014175
1520530437.153533 1.453738 0.014174
1520530437.253536 1.453743 0.014175
1520530437.303539 1.453722 0.014175
1520530437.403543 1.453780 0.014175
1520530437.453545 1.453807 0.014174
1520530437.553870 1.453840 0.014175
1520530437.603872 1.453696 0.014175
1520530437.703875 1.453663 0.014175
1520530437.803878 1.453636 0.014175
1520530437.903881 1.453624 0.014175
1520530438.004481 1.453709 0.014176
1520530438.104484 1.453722 0.014176
1520530438.204487 1.453705 0.014176
1520530438.254489 1.453701 0.014176
1520530438.354492 1.453653 0.014176
1520530438.403621 1.453625 0.014174
1520530438.503624 1.453611 0.014175
1520530438.553626 1.453570 0.014176
1520530438.653629 1.453602 0.014176
1520530438.703631 1.453605 0.014175
1520530438.804389 1.453569 0.014175
1520530438.854392 1.453688 0.014175
1520530438.954395 1.453707 0.014175
1520530439.054398 1.453735 0.014176
1520530439.154401 1.453722 0.014176
1520530439.254655 1.453654 0.014176
1520530439.404660 1.453467 0.014174
1520530439.604177 1.453298 0.014175
1520530439.704263 1.453517 0.014176
1520530439.804183 1.453650 0.014176
1520530439.904186 1.453728 0.014176
1520530440.004099 1.453760 0.014175
1520530440.154104 1.453728 0.014175
1520530440.304109 1.453898 0.014175
1520530440.404112 1.454094 0.014175
1520530440.503979 1.454147 0.014175
1520530440.603982 1.454160 0.014175
1520530440.703986 1.454054 0.014175
1520530440.803989 1.453903 0.014176
1520530440.903872 1.453767 0.014175
1520530441.003875 1.453734 0.014175
1520530441.103878 1.453699 0.014176
1520530441.203881 1.453701 0.014176
1520530441.303927 1.453747 0.014175
1520530441.403893 1.453745 0.014175
1520530441.503896 1.453710 0.014176
1520530441.603899 1.453730 0.014176
1520530441.754086 1.453783 0.014176
1520530441.904091 1.453734 0.014175
1520530442.004094 1.453646 0.014175
1520530442.104032 1.453683 0.014175
1520530442.204035 1.453555 0.014174
1520530442.304038 1.453500 0.014172
1520530442.404042 1.453539 0.014171
1520530442.453714 1.453478 0.014172
1520530442.553717 1.453538 0.014172
1520530442.603719 1.453588 0.014174
1520530442.703722 1.453614 0.014174
1520530442.753723 1.453607 0.014175
1520530442.853726 1.453611 0.014175
1520530442.904376 1.453583 0.014175
1520530443.004379 1.453533 0.014175
1520530443.104382 1.453533 0.014175
1520530443.204385 1.453598 0.014175
1520530443.354468 1.453708 0.014175
1520530443.504473 1.453833 0.014175
1520530443.604476 1.453769 0.014176
1520530443.704013 1.453708 0.014170
1520530443.754014 1.453642 0.014175
1520530443.854018 1.453696 0.014175
1520530443.954022 1.453671 0.014174
1520530444.054024 1.453626 0.014175
1520530444.154403 1.453642 0.014172
1520530444.204406 1.453657 0.014171
1520530444.304409 1.453580 0.014174
1520530444.404412 1.453563 0.014175
1520530444.505161 1.453583 0.014175
1520530444.555263 1.453535 0.014172
1520530444.655166 1.453589 0.014176
1520530444.755169 1.453571 0.014175
1520530444.855172 1.453696 0.014176
1520530444.954962 1.453675 0.014176
1520530445.054965 1.453588 0.014175
1520530445.104967 1.453717 0.014175
1520530445.204970 1.453705 0.014175
1520530445.304973 1.453580 0.014175
1520530445.353892 1.453568 0.014173
1520530445.453896 1.453531 0.014172
1520530445.503898 1.453538 0.014174
1520530445.603900 1.453548 0.014174
1520530445.653902 1.453528 0.014174
1520530445.753751 1.453529 0.014175
1520530445.803752 1.453524 0.014174
1520530445.903755 1.453537 0.014175
1520530445.953757 1.453553 0.014175
1520530446.053761 1.453537 0.014175
1520530446.154954 1.453660 0.014174
1520530446.204900 1.453597 0.014175
1520530446.304903 1.453533 0.014175
1520530446.404906 1.453466 0.014175
1520530446.504909 1.453587 0.014175
1520530446.604785 1.453635 0.014175
1520530446.704788 1.453683 0.014175
1520530446.804791 1.453768 0.014173
1520530446.904794 1.453711 0.014174
1520530447.004332 1.453632 0.014175
1520530447.104335 1.453559 0.014174
1520530447.204338 1.453522 0.014175
1520530447.304342 1.453555 0.014174
1520530447.404124 1.453632 0.014175
1520530447.554128 1.453605 0.014169
1520530447.704133 1.453559 0.014175
1520530447.904075 1.453625 0.014175
1520530448.253886 1.453691 0.014175
