1520530315.549643 1.303489 0.426875
1520530315.649646 1.217812 0.335183
1520530315.749639 1.224241 0.286825
1520530315.899643 1.209070 0.233284
1520530316.100221 1.202589 0.224865
1520530316.250226 1.235097 0.203160
1520530316.400230 1.245313 0.182937
1520530316.600278 1.210741 0.170903
1520530316.800284 1.209176 0.177626
1520530316.949773 1.225667 0.171675
1520530317.049776 1.248287 0.166619
1520530317.249782 1.250111 0.132897
1520530317.399745 1.236391 0.117892
1520530317.599752 1.224601 0.106386
1520530317.750237 1.216331 0.101591
1520530317.900242 1.214576 0.104050
1520530318.050246 1.210362 0.103255
1520530318.150816 1.214662 0.102658
1520530318.300772 1.219330 0.101383
1520530318.450777 1.233627 0.098624
1520530318.600567 1.241471 0.095547
1520530318.750571 1.241059 0.089360
1520530318.950577 1.247071 0.086109
1520530319.049958 1.259480 0.084074
1520530319.199962 1.259797 0.078615
1520530319.349967 1.261696 0.073039
1520530319.449833 1.254039 0.069233
1520530319.599838 1.250957 0.066623
1520530319.749942 1.245854 0.065774
1520530319.850343 1.245947 0.065243
1520530319.950346 1.245444 0.064357
1520530320.050349 1.245292 0.062700
1520530320.150352 1.245086 0.061100
1520530320.250402 1.246309 0.059748
1520530320.400407 1.243463 0.058554
1520530320.550412 1.239560 0.057378
1520530320.649871 1.239663 0.056308
1520530320.799876 1.243568 0.053951
1520530320.949880 1.245911 0.051525
1520530321.099742 1.245275 0.049563
1520530321.199745 1.244500 0.048707
1520530321.299749 1.239001 0.047465
1520530321.449856 1.236099 0.046060
1520530321.599860 1.233295 0.044904
1520530321.699863 1.232914 0.044284
1520530321.850152 1.235120 0.043652
1520530322.000157 1.239777 0.042812
1520530322.150162 1.243497 0.042133
1520530322.350210 1.240111 0.041872
1520530322.550216 1.242515 0.041640
1520530322.700026 1.249744 0.041187
1520530322.850030 1.249964 0.040370
1520530323.000035 1.247797 0.039686
1520530323.150076 1.246884 0.039178
1520530323.300080 1.247286 0.038775
1520530323.450085 1.251399 0.037549
1520530323.550346 1.253109 0.036383
1520530323.650349 1.255273 0.035514
1520530323.800354 1.256120 0.034801
1520530323.950154 1.256088 0.034455
1520530324.100159 1.256745 0.034237
1520530324.200162 1.259459 0.034076
1520530324.299908 1.265341 0.033888
1520530324.399911 1.268801 0.033650
1520530324.499994 1.267370 0.031993
1520530324.599917 1.264465 0.031648
1520530324.700018 1.263515 0.031375
1520530324.850023 1.264248 0.031217
1520530325.000028 1.263143 0.031134
1520530325.100816 1.264271 0.031022
1520530325.300822 1.264278 0.030540
1520530325.500828 1.267919 0.029899
1520530325.700918 1.266171 0.028896
1520530325.850922 1.265359 0.028428
1520530326.000543 1.261662 0.028102
1520530326.150548 1.262963 0.027806
1520530326.300552 1.263423 0.027513
1520530326.400206 1.263602 0.027380
1520530326.600213 1.262233 0.027263
1520530326.800428 1.261616 0.027241
1520530327.000434 1.263453 0.026697
1520530327.150431 1.264685 0.026151
1520530327.300436 1.266760 0.025772
1520530327.450441 1.267097 0.025503
1520530327.550090 1.267893 0.025325
1520530327.600091 1.266858 0.025201
1520530327.700094 1.268818 0.025002
1520530327.800097 1.269182 0.024831
1520530327.850099 1.269165 0.024746
1520530327.950102 1.269304 0.024616
1520530328.050282 1.269486 0.024430
1520530328.150285 1.270172 0.024277
1520530328.300290 1.269606 0.024119
1520530328.350291 1.269240 0.024083
1520530328.450338 1.269421 0.024019
1520530328.550342 1.269294 0.023990
1520530328.600344 1.269699 0.023977
1520530328.700347 1.269574 0.023955
1520530328.800086 1.269626 0.023927
1520530328.900089 1.269824 0.023848
1520530329.000092 1.270363 0.023714
1520530329.100095 1.270584 0.023560
1520530329.200044 1.270560 0.023392
1520530329.300047 1.270681 0.023204
1520530329.400050 1.270006 0.022988
1520530329.600097 1.269153 0.022695
1520530329.700100 1.269567 0.022620
1520530329.800104 1.269385 0.022565
1520530329.900107 1.269472 0.022515
1520530330.000110 1.269645 0.022436
1520530330.050161 1.270462 0.022366
1520530330.150164 1.270957 0.022194
1520530330.250167 1.271601 0.022001
1520530330.300169 1.271664 0.021892
1520530330.400172 1.271337 0.021648
1520530330.450787 1.271403 0.021568
1520530330.550790 1.271219 0.021463
1520530330.650793 1.271391 0.021430
1520530330.700795 1.272253 0.021415
1520530330.800798 1.271929 0.021372
1520530330.850367 1.270976 0.021337
1520530330.950279 1.270354 0.021219
1520530331.050282 1.268826 0.021077
1520530331.150285 1.267540 0.020988
1520530331.250735 1.268979 0.020947
1520530331.350738 1.269390 0.020926
1520530331.450741 1.269377 0.020914
1520530331.500743 1.268752 0.020904
1520530331.600746 1.268540 0.020877
1520530331.650479 1.269348 0.020843
1520530331.750483 1.269487 0.020712
1520530331.800484 1.269982 0.020605
1520530331.900488 1.269849 0.020331
1520530332.000491 1.270087 0.020060
1520530332.100388 1.269427 0.019827
1520530332.200392 1.269499 0.019665
1520530332.300399 1.269838 0.019563
1520530332.400401 1.270128 0.019511
1520530332.500483 1.269934 0.019491
1520530332.600486 1.269721 0.019488
1520530332.650488 1.269454 0.019480
1520530332.750491 1.269775 0.019441
1520530332.850494 1.270495 0.019372
1520530332.950166 1.271134 0.019306
1520530333.050169 1.271343 0.019247
1520530333.150173 1.271303 0.019211
1520530333.250175 1.272023 0.019174
1520530333.350610 1.272338 0.019114
1520530333.450613 1.272534 0.019059
1520530333.650619 1.272575 0.019028
1520530333.700541 1.272289 0.019034
1520530333.800544 1.272533 0.019019
1520530333.850545 1.272466 0.019009
1520530333.950549 1.272872 0.018995
1520530334.000561 1.272861 0.018977
1520530334.100216 1.273943 0.018895
1520530334.200219 1.274381 0.018753
1520530334.300222 1.274942 0.018639
1520530334.400225 1.275781 0.018555
1520530334.500228 1.275796 0.018489
1520530334.600088 1.275644 0.018431
1520530334.700091 1.276530 0.018400
1520530334.800094 1.276922 0.018365
1520530334.900097 1.277259 0.018316
1520530334.950928 1.276828 0.018291
1520530335.050931 1.275501 0.018262
1520530335.150934 1.275893 0.018258
1520530335.250937 1.276240 0.018241
1520530335.351457 1.276944 0.018231
1520530335.451459 1.277099 0.018221
1520530335.551462 1.276886 0.018219
1520530335.651465 1.276884 0.018209
1520530335.750223 1.277066 0.018204
1520530335.850226 1.277546 0.018195
1520530335.950229 1.277865 0.018174
1520530336.000230 1.277917 0.018159
1520530336.100233 1.278369 0.018136
1520530336.200179 1.278660 0.018109
1520530336.300182 1.279614 0.018067
1520530336.400185 1.280776 0.017996
1520530336.500188 1.281916 0.017903
1520530336.550582 1.282715 0.017855
1520530336.650586 1.283871 0.017786
1520530336.750588 1.284588 0.017736
1520530336.850591 1.285116 0.017700
1520530336.950594 1.286138 0.017672
1520530337.050259 1.287196 0.017637
1520530337.150262 1.288877 0.017582
1520530337.250265 1.290519 0.017525
1520530337.350269 1.290916 0.017490
1520530337.450303 1.291663 0.017456
1520530337.550306 1.291494 0.017431
1520530337.650309 1.293029 0.017385
1520530337.750312 1.294435 0.017294
1520530337.850855 1.296355 0.017163
1520530337.950858 1.298188 0.017035
1520530338.050862 1.299293 0.016931
1520530338.150864 1.299663 0.016862
1520530338.250473 1.298739 0.016817
1520530338.350476 1.298659 0.016801
1520530338.450479 1.298836 0.016785
1520530338.550482 1.299199 0.016762
1520530338.650261 1.299670 0.016727
1520530338.750266 1.300131 0.016686
1520530338.850267 1.300554 0.016641
1520530338.950270 1.301040 0.016606
1520530339.050959 1.300730 0.016556
1520530339.100960 1.301243 0.016543
1520530339.200963 1.301526 0.016513
1520530339.300966 1.301455 0.016493
1520530339.400970 1.301355 0.016487
1520530339.501689 1.301394 0.016487
1520530339.601692 1.301430 0.016480
1520530339.701695 1.301516 0.016475
1520530339.801698 1.301742 0.016462
1520530339.851056 1.302000 0.016458
1520530339.951059 1.302301 0.016442
1520530340.051062 1.302195 0.016423
1520530340.151065 1.302576 0.016412
1520530340.250395 1.303309 0.016388
1520530340.300397 1.303346 0.016369
1520530340.400400 1.303673 0.016328
1520530340.500403 1.304185 0.016289
1520530340.600406 1.304808 0.016253
1520530340.700348 1.304912 0.016221
1520530340.800351 1.305213 0.016208
1520530340.950356 1.305449 0.016196
1520530341.100776 1.305865 0.016185
1520530341.300782 1.306318 0.016163
1520530341.500713 1.306226 0.016148
1520530341.750720 1.306084 0.016133
1520530341.900542 1.306437 0.016122
1520530342.050546 1.306481 0.016101
1520530342.150549 1.306483 0.016086
1520530342.250553 1.306921 0.016069
1520530342.400676 1.307479 0.016034
1520530342.500679 1.307513 0.016010
1520530342.650684 1.307814 0.015973
1520530342.750644 1.308302 0.015939
1520530342.850648 1.308109 0.015889
1520530342.950651 1.308217 0.015830
1520530343.050654 1.308868 0.015754
1520530343.151133 1.309247 0.015666
1520530343.251136 1.309940 0.015564
1520530343.351140 1.310125 0.015440
1520530343.451144 1.310274 0.015326
1520530343.551476 1.310626 0.015204
1520530343.651407 1.311227 0.015066
1520530343.751410 1.311793 0.014917
1520530343.801413 1.311894 0.014839
1520530343.901416 1.312319 0.014690
1520530344.001403 1.312572 0.014543
1520530344.101406 1.312984 0.014384
1520530344.201410 1.313236 0.014246
1520530344.301413 1.313785 0.014117
1520530344.401411 1.314278 0.013997
1520530344.501414 1.314564 0.013882
1520530344.601418 1.315194 0.013779
1520530344.701421 1.315324 0.013667
1520530344.801638 1.315311 0.013586
1520530344.901641 1.315570 0.013517
1520530345.001644 1.315797 0.013446
1520530345.101647 1.316024 0.013381
1520530345.201744 1.316263 0.013324
1520530345.301746 1.316566 0.013279
1520530345.401749 1.316718 0.013227
1520530345.501752 1.317054 0.013191
1520530345.551195 1.316853 0.013166
1520530345.651198 1.317045 0.013137
1520530345.751201 1.316644 0.013095
1520530345.801203 1.316637 0.013087
1520530345.901206 1.316393 0.013060
1520530345.951161 1.316529 0.013054
1520530346.051476 1.316483 0.013034
1520530346.151479 1.316904 0.013019
1520530346.251483 1.317363 0.013001
1520530346.301485 1.317612 0.012992
1520530346.401376 1.317862 0.012982
1520530346.451378 1.317835 0.012975
1520530346.551380 1.317875 0.012967
1520530346.651383 1.317715 0.012955
1520530346.751386 1.317621 0.012948
1520530346.851546 1.317960 0.012941
1520530346.901548 1.318140 0.012938
1520530347.001551 1.317890 0.012930
1520530347.101554 1.317833 0.012926
1520530347.201400 1.317934 0.012922
1520530347.301403 1.317951 0.012920
1520530347.351405 1.318021 0.012918
1520530347.451408 1.317891 0.012914
1520530347.551411 1.317739 0.012909
1520530347.651220 1.317466 0.012906
1520530347.751223 1.317306 0.012905
1520530347.851226 1.317605 0.012902
1520530347.951229 1.317562 0.012900
1520530348.051164 1.317633 0.012897
1520530348.151168 1.317560 0.012897
1520530348.251170 1.317662 0.012894
1520530348.351173 1.317548 0.012894
1520530348.451416 1.317699 0.012891
1520530348.551419 1.317512 0.012892
1520530348.651423 1.317435 0.012893
1520530348.701425 1.317458 0.012893
1520530348.801428 1.317436 0.012892
1520530348.851315 1.317542 0.012892
1520530348.951318 1.317492 0.012892
1520530349.001320 1.317433 0.012892
1520530349.101323 1.317633 0.012891
1520530349.151325 1.317675 0.012892
1520530349.251106 1.317855 0.012890
1520530349.301107 1.317755 0.012890
1520530349.401110 1.317833 0.012890
1520530349.501114 1.317769 0.012889
1520530349.601117 1.317828 0.012888
1520530349.700937 1.317943 0.012888
1520530349.800940 1.318030 0.012887
1520530349.900986 1.317945 0.012886
1520530349.950944 1.317938 0.012885
1520530350.051376 1.317980 0.012884
1520530350.101378 1.318056 0.012884
1520530350.201381 1.318085 0.012883
1520530350.251384 1.318105 0.012883
1520530350.351387 1.318164 0.012881
1520530350.451515 1.318183 0.012880
1520530350.551518 1.318225 0.012879
1520530350.601520 1.318239 0.012878
1520530350.701523 1.318374 0.012877
1520530350.801526 1.318362 0.012877
1520530350.901571 1.318368 0.012876
1520530351.001574 1.318395 0.012874
1520530351.101578 1.318437 0.012873
1520530351.201581 1.318569 0.012871
1520530351.301683 1.318640 0.012869
1520530351.401685 1.318696 0.012870
1520530351.501759 1.318563 0.012869
1520530351.601688 1.318545 0.012868
1520530351.701695 1.318521 0.012866
1520530351.801698 1.318560 0.012865
1520530351.901701 1.318524 0.012864
1520530352.001704 1.318404 0.012864
1520530352.101805 1.318436 0.012862
1520530352.201808 1.318399 0.012862
1520530352.301811 1.318489 0.012861
1520530352.401814 1.318463 0.012861
1520530352.501469 1.318482 0.012861
1520530352.601472 1.318491 0.012861
1520530352.701475 1.318441 0.012858
1520530352.801478 1.318471 0.012859
1520530352.901098 1.318647 0.012854
1520530353.001101 1.318302 0.012856
1520530353.101208 1.318241 0.012855
1520530353.201107 1.318263 0.012856
1520530353.301110 1.318358 0.012856
1520530353.351398 1.318246 0.012856
1520530353.451401 1.318314 0.012854
1520530353.501402 1.318230 0.012854
1520530353.601405 1.318383 0.012854
1520530353.701408 1.318700 0.012852
1520530353.801738 1.318513 0.012853
1520530353.901741 1.318325 0.012852
1520530354.001744 1.318330 0.012852
1520530354.101747 1.318341 0.012851
1520530354.201897 1.318409 0.012850
1520530354.301900 1.318317 0.012849
1520530354.401904 1.318185 0.012850
1520530354.501907 1.318134 0.012849
1520530354.551594 1.318200 0.012849
1520530354.651595 1.318278 0.012849
1520530354.751597 1.318353 0.012848
1520530354.851600 1.318365 0.012848
1520530355.001360 1.318336 0.012845
1520530355.101363 1.318309 0.012843
1520530355.201366 1.318240 0.012845
1520530355.301370 1.318204 0.012845
1520530355.401407 1.318223 0.012844
1520530355.501410 1.318246 0.012844
1520530355.601414 1.318232 0.012843
1520530355.701417 1.318212 0.012842
1520530355.801531 1.318044 0.012842
1520530355.901534 1.318150 0.012843
1520530355.951536 1.318146 0.012843
1520530356.051539 1.318136 0.012843
1520530356.151542 1.318191 0.012841
1520530356.201376 1.318230 0.012842
1520530356.301379 1.318162 0.012842
1520530356.351380 1.318099 0.012842
1520530356.451383 1.318223 0.012842
1520530356.551386 1.318225 0.012842
1520530356.651234 1.318175 0.012843
1520530356.751237 1.318233 0.012842
1520530356.801239 1.318228 0.012841
1520530356.901242 1.318209 0.012841
1520530357.001153 1.318250 0.012841
1520530357.101156 1.318270 0.012841
1520530357.201159 1.318190 0.012841
1520530357.251160 1.318170 0.012840
1520530357.351164 1.318141 0.012840
1520530357.401658 1.318126 0.012840
1520530357.501662 1.318210 0.012840
1520530357.601666 1.318222 0.012840
1520530357.701667 1.318246 0.012840
1520530357.801671 1.318278 0.012839
1520530357.901559 1.318291 0.012838
1520530357.951560 1.318286 0.012839
1520530358.051563 1.318281 0.012838
1520530358.151567 1.318256 0.012838
1520530358.301626 1.318225 0.012838
1520530358.401629 1.318265 0.012837
1520530358.501632 1.318264 0.012838
1520530358.601636 1.318268 0.012837
1520530358.701800 1.318257 0.012837
1520530358.801803 1.318233 0.012837
1520530358.901806 1.318249 0.012836
1520530359.001810 1.318297 0.012836
1520530359.101811 1.318286 0.012836
1520530359.201810 1.318199 0.012836
1520530359.301813 1.318182 0.012836
1520530359.401817 1.318227 0.012835
1520530359.501870 1.318255 0.012835
1520530359.601873 1.318337 0.012835
1520530359.701876 1.318288 0.012835
1520530359.801879 1.318305 0.012835
1520530359.901826 1.318362 0.012834
1520530360.001829 1.318475 0.012834
1520530360.101832 1.318573 0.012834
1520530360.151834 1.318643 0.012832
1520530360.251837 1.318725 0.012833
1520530360.301316 1.318808 0.012832
1520530360.401319 1.318736 0.012832
1520530360.501323 1.318750 0.012832
1520530360.601326 1.318753 0.012832
1520530360.700978 1.318902 0.012832
1520530360.750980 1.318861 0.012832
1520530360.850983 1.319005 0.012830
1520530360.950988 1.319089 0.012831
1520530361.051064 1.319393 0.012828
1520530361.151045 1.319434 0.012829
1520530361.251048 1.319482 0.012827
1520530361.351051 1.319414 0.012828
1520530361.451055 1.319384 0.012828
1520530361.551692 1.319463 0.012828
1520530361.651695 1.319504 0.012827
1520530361.701696 1.319627 0.012826
1520530361.801700 1.319568 0.012827
1520530361.851701 1.319531 0.012828
1520530361.951941 1.319643 0.012827
1520530362.001942 1.319735 0.012826
1520530362.101945 1.319922 0.012826
1520530362.201949 1.319979 0.012826
1520530362.301951 1.320188 0.012825
1520530362.401625 1.320343 0.012824
1520530362.501628 1.320603 0.012823
1520530362.601631 1.320766 0.012821
1520530362.701634 1.320836 0.012818
1520530362.801366 1.320751 0.012817
1520530362.901369 1.320712 0.012818
1520530363.001372 1.320697 0.012818
1520530363.101375 1.320661 0.012818
1520530363.201651 1.320681 0.012817
1520530363.301654 1.320675 0.012817
1520530363.401658 1.320741 0.012817
1520530363.501661 1.320930 0.012816
1520530363.601746 1.321070 0.012816
1520530363.701749 1.321183 0.012817
1520530363.751751 1.321438 0.012815
1520530363.851754 1.321457 0.012816
1520530363.901756 1.321617 0.012815
1520530364.001782 1.322067 0.012814
1520530364.051784 1.321740 0.012814
1520530364.151786 1.321724 0.012814
1520530364.201788 1.321259 0.012809
1520530364.301791 1.321473 0.012814
1520530364.351792 1.321540 0.012814
1520530364.451854 1.321478 0.012813
1520530364.501856 1.321313 0.012813
1520530364.601859 1.321425 0.012813
1520530364.651861 1.321330 0.012814
1520530364.751864 1.321354 0.012814
1520530364.852377 1.321362 0.012814
1520530364.952380 1.321359 0.012814
1520530365.052383 1.321413 0.012814
1520530365.201844 1.321614 0.012814
1520530365.301847 1.321632 0.012813
1520530365.401850 1.321696 0.012813
1520530365.501853 1.321796 0.012813
1520530365.601535 1.321872 0.012811
1520530365.701539 1.321796 0.012811
1520530365.801546 1.321826 0.012810
1520530365.901545 1.321834 0.012810
1520530366.001907 1.321904 0.012810
1520530366.101910 1.321885 0.012809
1520530366.151911 1.321795 0.012809
1520530366.251915 1.321822 0.012809
1520530366.301916 1.321811 0.012809
1520530366.402120 1.321896 0.012809
1520530366.502124 1.321999 0.012809
1520530366.602127 1.322030 0.012808
1520530366.702130 1.322018 0.012808
1520530366.752132 1.322056 0.012808
1520530366.852166 1.322045 0.012808
1520530366.952169 1.322047 0.012808
1520530367.052172 1.322050 0.012808
1520530367.102178 1.322013 0.012808
1520530367.202177 1.322051 0.012808
1520530367.302541 1.322096 0.012808
1520530367.402544 1.322063 0.012808
1520530367.502548 1.322026 0.012807
1520530367.602551 1.322022 0.012807
1520530367.702266 1.322119 0.012807
1520530367.802269 1.322135 0.012807
1520530367.902272 1.322131 0.012807
1520530368.002275 1.322127 0.012806
1520530368.102125 1.322094 0.012805
1520530368.202129 1.322065 0.012806
1520530368.302132 1.322083 0.012806
1520530368.402135 1.322059 0.012805
1520530368.452048 1.322063 0.012805
1520530368.552051 1.322046 0.012806
1520530368.602053 1.321970 0.012806
1520530368.702056 1.322173 0.012804
1520530368.802058 1.322316 0.012805
1520530368.851389 1.322546 0.012793
1520530368.951392 1.322003 0.012805
1520530369.001394 1.322009 0.012804
1520530369.101397 1.321997 0.012805
1520530369.151398 1.322052 0.012804
1520530369.251401 1.322180 0.012805
1520530369.351538 1.322207 0.012805
1520530369.451542 1.322209 0.012805
1520530369.551545 1.322104 0.012803
1520530369.601546 1.322046 0.012805
1520530369.701896 1.322063 0.012805
1520530369.801900 1.322121 0.012805
1520530369.901903 1.322161 0.012805
1520530370.051908 1.322198 0.012805
1520530370.151931 1.322231 0.012804
1520530370.301935 1.322173 0.012805
1520530370.501883 1.322231 0.012805
1520530370.701889 1.322320 0.012804
1520530370.901941 1.322274 0.012804
1520530371.051946 1.322313 0.012804
1520530371.151949 1.322361 0.012804
1520530371.301953 1.322432 0.012803
1520530371.401953 1.322436 0.012803
1520530371.501956 1.322483 0.012804
1520530371.651961 1.322503 0.012804
1520530371.801961 1.322442 0.012804
1520530371.901964 1.322401 0.012803
1520530372.001968 1.322429 0.012803
1520530372.101971 1.322332 0.012801
1520530372.201977 1.322394 0.012800
1520530372.351961 1.322508 0.012803
1520530372.501966 1.322629 0.012803
1520530372.601958 1.322606 0.012803
1520530372.701961 1.322616 0.012802
1520530372.801964 1.322502 0.012801
1520530372.901967 1.322407 0.012802
1520530373.001619 1.322367 0.012803
1520530373.201626 1.322492 0.012803
1520530373.301629 1.322236 0.012801
1520530373.401458 1.322326 0.012802
1520530373.451460 1.322409 0.012802
1520530373.551463 1.322265 0.012802
1520530373.601465 1.322294 0.012802
1520530373.701467 1.322396 0.012802
1520530373.801615 1.322467 0.012802
1520530373.901585 1.322400 0.012802
1520530374.001588 1.322386 0.012802
1520530374.101591 1.322372 0.012802
1520530374.201953 1.322340 0.012802
1520530374.301956 1.322376 0.012801
1520530374.401959 1.322391 0.012801
1520530374.501962 1.322415 0.012801
1520530374.652408 1.322425 0.012801
1520530374.802413 1.322445 0.012801
1520530374.902417 1.322598 0.012799
1520530375.002442 1.322571 0.012801
1520530375.102445 1.322583 0.012801
1520530375.202449 1.322493 0.012802
1520530375.302452 1.322458 0.012801
1520530375.402252 1.322406 0.012801
1520530375.502216 1.322406 0.012801
1520530375.602219 1.322530 0.012801
1520530375.652220 1.322452 0.012800
1520530375.752223 1.322498 0.012799
1520530375.802225 1.322418 0.012799
1520530375.902259 1.322319 0.012800
1520530376.002262 1.322538 0.012800
1520530376.102265 1.322426 0.012800
1520530376.152267 1.322422 0.012799
1520530376.251950 1.322507 0.012800
1520530376.301951 1.322554 0.012800
1520530376.401954 1.322570 0.012800
1520530376.501958 1.322561 0.012801
1520530376.551960 1.322564 0.012801
1520530376.652663 1.322727 0.012800
1520530376.702664 1.322578 0.012797
1520530376.802668 1.322562 0.012800
1520530376.852669 1.322557 0.012801
1520530376.952672 1.322532 0.012800
1520530377.002721 1.322532 0.012800
1520530377.102900 1.322544 0.012800
1520530377.202903 1.322504 0.012798
1520530377.302906 1.322566 0.012800
1520530377.402909 1.322600 0.012800
1520530377.501720 1.322543 0.012800
1520530377.601723 1.322651 0.012800
1520530377.701726 1.322670 0.012800
1520530377.801730 1.322698 0.012800
1520530377.851407 1.322678 0.012800
1520530377.951411 1.322691 0.012799
1520530378.051414 1.322684 0.012800
1520530378.101416 1.322679 0.012800
1520530378.201419 1.322680 0.012800
1520530378.251420 1.322691 0.012800
1520530378.351513 1.322673 0.012800
1520530378.401515 1.322689 0.012800
1520530378.501517 1.322747 0.012799
1520530378.551519 1.322714 0.012800
1520530378.651522 1.322719 0.012800
1520530378.702209 1.322834 0.012800
1520530378.802212 1.322736 0.012799
1520530378.902215 1.322681 0.012799
1520530379.002218 1.322765 0.012800
1520530379.102149 1.322704 0.012800
1520530379.202152 1.322733 0.012799
1520530379.302155 1.322730 0.012800
1520530379.402159 1.322716 0.012800
1520530379.501850 1.322686 0.012800
1520530379.601853 1.322725 0.012799
1520530379.701856 1.322736 0.012799
1520530379.801860 1.322699 0.012800
1520530379.901824 1.322662 0.012799
1520530380.001827 1.322696 0.012800
1520530380.101830 1.322789 0.012799
1520530380.151832 1.322734 0.012800
1520530380.251835 1.322839 0.012799
1520530380.352160 1.322831 0.012799
1520530380.402163 1.322768 0.012798
1520530380.502165 1.322990 0.012798
1520530380.602168 1.323020 0.012800
1520530380.652170 1.322939 0.012798
1520530380.752135 1.323062 0.012799
1520530380.852138 1.322922 0.012798
1520530380.952141 1.322893 0.012798
1520530381.002143 1.322811 0.012798
1520530381.102146 1.322882 0.012798
1520530381.152048 1.322872 0.012798
1520530381.252051 1.322877 0.012799
1520530381.352054 1.322796 0.012799
1520530381.452057 1.322716 0.012798
1520530381.552262 1.322731 0.012799
1520530381.652265 1.322680 0.012799
1520530381.752268 1.322642 0.012799
1520530381.852271 1.322647 0.012799
1520530381.952332 1.322689 0.012799
1520530382.052335 1.322699 0.012799
1520530382.152338 1.322658 0.012798
1520530382.252342 1.322622 0.012799
1520530382.352159 1.322682 0.012799
1520530382.452162 1.322667 0.012799
1520530382.552165 1.322709 0.012799
1520530382.652168 1.322710 0.012799
1520530382.752171 1.322712 0.012799
1520530382.902248 1.322732 0.012799
1520530383.002250 1.322685 0.012799
1520530383.152255 1.322703 0.012799
1520530383.252208 1.322715 0.012799
1520530383.352211 1.322706 0.012799
1520530383.452214 1.322681 0.012799
1520530383.552217 1.322742 0.012799
1520530383.652472 1.322748 0.012799
1520530383.752476 1.322753 0.012799
1520530383.852479 1.322815 0.012799
1520530383.952482 1.322823 0.012799
1520530384.052531 1.323075 0.012798
1520530384.152534 1.323189 0.012799
1520530384.252537 1.323496 0.012798
1520530384.352541 1.323160 0.012798
1520530384.452434 1.322899 0.012798
1520530384.552437 1.322930 0.012799
1520530384.652440 1.323206 0.012798
1520530384.702442 1.323151 0.012797
1520530384.802857 1.323182 0.012799
1520530384.902860 1.323025 0.012798
1520530384.952861 1.323092 0.012798
1520530385.052864 1.323087 0.012799
1520530385.102866 1.322942 0.012799
1520530385.202869 1.322944 0.012799
1520530385.252705 1.322884 0.012799
1520530385.352709 1.323013 0.012799
1520530385.402710 1.323059 0.012798
1520530385.502713 1.323027 0.012798
1520530385.552715 1.322920 0.012799
1520530385.652486 1.323003 0.012799
1520530385.752489 1.322983 0.012799
1520530385.802491 1.322968 0.012798
1520530385.902494 1.322962 0.012799
1520530385.952497 1.322948 0.012799
1520530386.052544 1.322944 0.012799
1520530386.152547 1.322972 0.012799
1520530386.252550 1.322986 0.012798
1520530386.352553 1.322949 0.012799
1520530386.452758 1.322831 0.012799
1520530386.602814 1.323032 0.012799
1520530386.702766 1.323016 0.012799
1520530386.802769 1.322983 0.012799
1520530386.902676 1.322956 0.012799
1520530387.002679 1.322964 0.012799
1520530387.102682 1.322976 0.012799
1520530387.202685 1.323015 0.012799
1520530387.302607 1.323109 0.012799
1520530387.402611 1.323053 0.012799
1520530387.452612 1.323084 0.012798
1520530387.552615 1.323318 0.012798
1520530387.602617 1.323395 0.012798
1520530387.702457 1.323505 0.012799
1520530387.752459 1.323320 0.012799
1520530387.852464 1.323179 0.012799
1520530387.902463 1.323107 0.012798
1520530388.002466 1.323060 0.012799
1520530388.052468 1.323172 0.012798
1520530388.152496 1.323303 0.012798
1520530388.202544 1.323115 0.012796
1520530388.302501 1.323050 0.012798
1520530388.352502 1.323016 0.012797
1520530388.452505 1.323021 0.012798
1520530388.552854 1.322976 0.012798
1520530388.652857 1.323038 0.012798
1520530388.752860 1.323091 0.012797
1520530388.852863 1.323057 0.012798
1520530388.952235 1.323016 0.012798
1520530389.052238 1.323036 0.012798
1520530389.152242 1.323032 0.012797
1520530389.252245 1.323043 0.012798
1520530389.352936 1.323107 0.012797
1520530389.452939 1.323118 0.012798
1520530389.552942 1.323051 0.012798
1520530389.602943 1.323097 0.012798
1520530389.702846 1.323082 0.012798
1520530389.803445 1.323169 0.012798
1520530389.853406 1.323156 0.012798
1520530389.953409 1.323131 0.012798
1520530390.003411 1.323096 0.012798
1520530390.103414 1.323021 0.012798
1520530390.152569 1.323128 0.012798
1520530390.252572 1.322995 0.012796
1520530390.302572 1.323109 0.012798
1520530390.402575 1.323088 0.012798
1520530390.452578 1.323057 0.012798
1520530390.553324 1.323214 0.012798
1520530390.603326 1.323158 0.012797
1520530390.703329 1.323212 0.012798
1520530390.753331 1.323085 0.012798
1520530390.853334 1.323042 0.012798
1520530390.953379 1.323103 0.012798
1520530391.003381 1.323108 0.012797
1520530391.103384 1.323128 0.012798
1520530391.203387 1.323138 0.012798
1520530391.303389 1.323192 0.012798
1520530391.352333 1.323219 0.012797
1520530391.452336 1.323207 0.012798
1520530391.502338 1.323120 0.012798
1520530391.602341 1.323075 0.012798
1520530391.652342 1.323079 0.012798
1520530391.752424 1.323010 0.012798
1520530391.852427 1.323089 0.012798
1520530391.952430 1.323194 0.012798
1520530392.052433 1.323140 0.012798
1520530392.152436 1.323179 0.012797
1520530392.203142 1.323362 0.012796
1520530392.303145 1.323185 0.012798
1520530392.353147 1.323023 0.012798
1520530392.453150 1.322975 0.012798
1520530392.553153 1.322929 0.012798
1520530392.602235 1.323099 0.012797
1520530392.702237 1.322872 0.012798
1520530392.752239 1.322855 0.012797
1520530392.852242 1.322892 0.012798
1520530392.902243 1.322879 0.012798
1520530393.002174 1.322966 0.012798
1520530393.102156 1.323152 0.012797
1520530393.202159 1.323181 0.012798
1520530393.302161 1.323209 0.012797
1520530393.402921 1.323242 0.012798
1520530393.502924 1.323273 0.012798
1520530393.552926 1.323126 0.012797
1520530393.652929 1.323156 0.012798
1520530393.702931 1.323092 0.012797
1520530393.802958 1.323083 0.012798
1520530393.902961 1.323237 0.012798
1520530394.052965 1.324203 0.012760
1520530394.152969 1.323252 0.012799
1520530394.202165 1.323314 0.012792
1520530394.302169 1.323150 0.012798
1520530394.402172 1.323037 0.012798
1520530394.502175 1.323061 0.012798
1520530394.602189 1.323066 0.012797
1520530394.652876 1.323131 0.012798
1520530394.752879 1.323210 0.012792
1520530394.852882 1.323067 0.012798
1520530394.952885 1.323084 0.012797
1520530395.053731 1.323248 0.012798
1520530395.153734 1.323234 0.012798
1520530395.253737 1.323246 0.012799
1520530395.353740 1.323198 0.012798
1520530395.452705 1.323235 0.012798
1520530395.502707 1.323118 0.012795
1520530395.602710 1.323097 0.012798
1520530395.702713 1.323124 0.012798
1520530395.802716 1.323174 0.012797
1520530395.903079 1.323264 0.012798
1520530396.003083 1.323239 0.012799
1520530396.103085 1.323254 0.012798
1520530396.203089 1.323161 0.012798
1520530396.303237 1.323113 0.012798
1520530396.403240 1.323058 0.012798
1520530396.503243 1.323038 0.012798
1520530396.603246 1.323012 0.012798
1520530396.703145 1.323016 0.012798
1520530396.803148 1.323024 0.012798
1520530396.903152 1.323067 0.012798
1520530397.003155 1.323001 0.012798
1520530397.102782 1.323120 0.012798
1520530397.202785 1.323092 0.012798
1520530397.302788 1.323095 0.012798
1520530397.402791 1.323063 0.012798
1520530397.502304 1.323042 0.012798
1520530397.602308 1.323101 0.012798
1520530397.702310 1.323037 0.012797
1520530397.802315 1.323168 0.012798
1520530397.852315 1.322971 0.012796
1520530397.952586 1.323051 0.012798
1520530398.052589 1.323053 0.012798
1520530398.152592 1.323021 0.012798
1520530398.252596 1.322917 0.012798
1520530398.303365 1.322920 0.012798
1520530398.403368 1.323142 0.012798
1520530398.453370 1.323166 0.012799
1520530398.553373 1.323263 0.012799
1520530398.603375 1.323268 0.012799
1520530398.703221 1.323297 0.012799
1520530398.753223 1.322981 0.012798
1520530398.853226 1.323010 0.012799
1520530398.903227 1.323054 0.012799
1520530399.003230 1.323190 0.012798
1520530399.053232 1.322945 0.012797
1520530399.152330 1.323118 0.012794
1520530399.202332 1.322943 0.012793
1520530399.302335 1.323004 0.012798
1520530399.352336 1.323019 0.012797
1520530399.452339 1.323005 0.012798
1520530399.502341 1.323021 0.012797
1520530399.603008 1.323153 0.012797
1520530399.703011 1.323151 0.012798
1520530399.803014 1.323128 0.012798
1520530399.903017 1.323097 0.012797
1520530399.953275 1.323033 0.012798
1520530400.053278 1.323040 0.012798
1520530400.103279 1.322862 0.012797
1520530400.203283 1.322992 0.012798
1520530400.253284 1.322982 0.012798
1520530400.352494 1.323047 0.012798
1520530400.402496 1.322994 0.012798
1520530400.502500 1.322974 0.012798
1520530400.602502 1.323041 0.012798
1520530400.702505 1.323051 0.012796
1520530400.752291 1.323051 0.012798
1520530400.852294 1.323000 0.012798
1520530400.952297 1.322913 0.012798
1520530401.002299 1.322962 0.012797
1520530401.102302 1.323061 0.012797
1520530401.202755 1.323053 0.012797
1520530401.252756 1.323082 0.012797
1520530401.352759 1.323135 0.012798
1520530401.402761 1.323132 0.012798
1520530401.502764 1.323189 0.012798
1520530401.603037 1.323308 0.012798
1520530401.653039 1.323209 0.012797
1520530401.753042 1.323181 0.012797
1520530401.853045 1.323184 0.012798
1520530401.903047 1.323244 0.012798
1520530402.002281 1.323225 0.012798
1520530402.052283 1.323016 0.012798
1520530402.152286 1.323015 0.012798
1520530402.202287 1.322980 0.012798
1520530402.302290 1.323028 0.012798
1520530402.352292 1.323021 0.012798
1520530402.452569 1.323031 0.012797
1520530402.502571 1.323025 0.012796
1520530402.602574 1.323058 0.012798
1520530402.702577 1.323085 0.012798
1520530402.803416 1.323007 0.012798
1520530402.853417 1.322910 0.012798
1520530402.953420 1.322919 0.012798
1520530403.003422 1.322984 0.012797
1520530403.103425 1.323205 0.012798
1520530403.202933 1.323452 0.012798
1520530403.252935 1.323177 0.012797
1520530403.352938 1.323062 0.012798
1520530403.452941 1.322942 0.012798
1520530403.502943 1.322849 0.012798
1520530403.602946 1.322847 0.012798
1520530403.652254 1.322993 0.012797
1520530403.752257 1.323018 0.012798
1520530403.802258 1.322998 0.012796
1520530403.902261 1.323155 0.012797
1520530403.952263 1.323115 0.012798
1520530404.052745 1.323720 0.012798
1520530404.152748 1.323105 0.012798
1520530404.202749 1.322981 0.012791
1520530404.302752 1.323115 0.012799
1520530404.402755 1.322996 0.012798
1520530404.453112 1.322999 0.012799
1520530404.553115 1.323020 0.012799
1520530404.653119 1.323037 0.012798
1520530404.703120 1.323030 0.012798
1520530404.803123 1.323039 0.012798
1520530404.852642 1.323015 0.012798
1520530404.952645 1.322992 0.012798
1520530405.002647 1.323027 0.012798
1520530405.102650 1.323008 0.012798
1520530405.152651 1.323003 0.012798
1520530405.252327 1.322985 0.012798
1520530405.302330 1.323001 0.012798
1520530405.402333 1.323019 0.012798
1520530405.452334 1.322996 0.012798
1520530405.552337 1.323033 0.012798
1520530405.602339 1.323126 0.012798
1520530405.702792 1.323048 0.012798
1520530405.752795 1.322997 0.012798
1520530405.852855 1.322939 0.012795
1520530405.902800 1.323008 0.012798
1520530406.002803 1.322986 0.012798
1520530406.103570 1.323015 0.012798
1520530406.153570 1.323061 0.012798
1520530406.253574 1.323139 0.012799
1520530406.303576 1.323259 0.012799
1520530406.403579 1.323237 0.012799
1520530406.453580 1.323131 0.012799
1520530406.553487 1.323126 0.012798
1520530406.603489 1.323077 0.012795
1520530406.703492 1.322866 0.012798
1520530406.803495 1.322860 0.012798
1520530406.902692 1.322872 0.012799
1520530406.952693 1.322807 0.012796
1520530407.052696 1.322817 0.012797
1520530407.152699 1.322855 0.012798
1520530407.202701 1.322933 0.012797
1520530407.303185 1.323056 0.012797
1520530407.353185 1.322969 0.012796
1520530407.453221 1.322869 0.012798
1520530407.503190 1.322979 0.012797
1520530407.603193 1.322984 0.012798
1520530407.653194 1.323016 0.012798
1520530407.753511 1.323021 0.012798
1520530407.803513 1.323026 0.012798
1520530407.903516 1.323032 0.012798
1520530407.953518 1.323029 0.012798
1520530408.053521 1.323032 0.012798
1520530408.103522 1.323032 0.012798
1520530408.203605 1.323006 0.012798
1520530408.303608 1.322984 0.012797
1520530408.403612 1.322978 0.012798
1520530408.503614 1.322965 0.012798
1520530408.553374 1.322952 0.012797
1520530408.653377 1.322898 0.012797
1520530408.753380 1.322829 0.012796
1520530408.853383 1.322892 0.012796
1520530408.952878 1.322909 0.012795
1520530409.052890 1.322886 0.012796
1520530409.152884 1.322831 0.012794
1520530409.202886 1.322833 0.012796
1520530409.302889 1.322960 0.012798
1520530409.402904 1.322941 0.012798
1520530409.502907 1.322948 0.012798
1520530409.602910 1.323286 0.012797
1520530409.702913 1.323282 0.012798
1520530409.802656 1.323109 0.012798
1520530409.902659 1.322983 0.012798
1520530410.002662 1.323061 0.012782
1520530410.102666 1.322992 0.012790
1520530410.153223 1.323004 0.012796
1520530410.253226 1.322954 0.012796
1520530410.353231 1.323004 0.012797
1520530410.453232 1.322982 0.012798
1520530410.553235 1.322942 0.012797
1520530410.653876 1.322995 0.012798
1520530410.753879 1.322924 0.012798
1520530410.853882 1.322905 0.012798
1520530410.953885 1.322944 0.012798
1520530411.053420 1.323000 0.012798
1520530411.153423 1.322965 0.012798
1520530411.303427 1.323024 0.012798
1520530411.403009 1.323127 0.012797
1520530411.453010 1.323121 0.012797
1520530411.553013 1.322992 0.012798
1520530411.653017 1.322956 0.012797
1520530411.753020 1.322978 0.012797
1520530411.852907 1.322955 0.012797
1520530411.902909 1.322964 0.012798
1520530412.002912 1.322955 0.012798
1520530412.052913 1.322922 0.012797
1520530412.152916 1.322936 0.012798
1520530412.203416 1.322950 0.012796
1520530412.303419 1.322956 0.012798
1520530412.403422 1.322937 0.012798
1520530412.453423 1.323040 0.012797
1520530412.553426 1.323175 0.012798
1520530412.603428 1.322959 0.012798
1520530412.703631 1.322990 0.012798
1520530412.803634 1.322962 0.012797
1520530412.853636 1.322961 0.012798
1520530412.953639 1.323047 0.012797
1520530413.003641 1.322925 0.012797
1520530413.103011 1.322985 0.012797
1520530413.153012 1.322986 0.012797
1520530413.253016 1.322992 0.012798
1520530413.353019 1.322972 0.012798
1520530413.452940 1.322972 0.012798
1520530413.552943 1.322971 0.012797
1520530413.652946 1.322973 0.012797
1520530413.853107 1.323040 0.012797
1520530413.953110 1.323124 0.012798
1520530414.053113 1.323047 0.012797
1520530414.153116 1.322980 0.012797
1520530414.252894 1.322972 0.012798
1520530414.352897 1.322968 0.012797
1520530414.452900 1.322920 0.012798
1520530414.552903 1.323017 0.012797
1520530414.652705 1.323029 0.012797
1520530414.752708 1.322930 0.012797
1520530414.852712 1.322928 0.012796
1520530414.952715 1.322882 0.012796
1520530415.052718 1.322886 0.012796
1520530415.103195 1.322970 0.012795
1520530415.203199 1.322948 0.012797
1520530415.303202 1.322840 0.012796
1520530415.403205 1.322866 0.012797
1520530415.503115 1.322837 0.012797
1520530415.603071 1.322882 0.012797
1520530415.703074 1.322906 0.012797
1520530415.853079 1.323108 0.012795
1520530415.953363 1.322945 0.012790
1520530416.103368 1.322798 0.012797
1520530416.453380 1.322957 0.012796
1520530416.603384 1.323091 0.012797
1520530416.703272 1.323055 0.012797
1520530416.753274 1.323048 0.012796
1520530416.853277 1.322982 0.012797
1520530416.953280 1.322975 0.012797
1520530417.053283 1.322920 0.012795
1520530417.153371 1.322900 0.012795
1520530417.253374 1.322921 0.012797
1520530417.553464 1.323067 0.012798
1520530417.653467 1.323037 0.012797
1520530417.753470 1.323000 0.012796
1520530417.853473 1.322982 0.012797
1520530417.953455 1.322972 0.012797
1520530418.053458 1.322927 0.012797
1520530418.153462 1.322917 0.012798
1520530418.253465 1.322916 0.012797
1520530418.403432 1.322932 0.012797
1520530418.553437 1.322960 0.012797
1520530418.703442 1.322924 0.012797
1520530418.803345 1.322926 0.012796
1520530418.903348 1.322965 0.012797
1520530419.003351 1.323034 0.012797
1520530419.103354 1.323006 0.012796
1520530419.203534 1.322994 0.012797
1520530419.303537 1.322985 0.012797
1520530419.453542 1.322947 0.012797
1520530419.603729 1.322957 0.012797
1520530419.753734 1.322970 0.012797
1520530419.853738 1.322976 0.012796
1520530419.953740 1.322960 0.012797
1520530420.053599 1.322966 0.012796
1520530420.153602 1.322942 0.012796
1520530420.253605 1.322924 0.012797
1520530420.353608 1.322922 0.012796
1520530420.453700 1.323008 0.012796
1520530420.603705 1.322951 0.012797
1520530420.803356 1.322903 0.012796
1520530420.903359 1.322926 0.012796
1520530421.003363 1.322933 0.012797
1520530421.103366 1.323088 0.012796
1520530421.153367 1.323093 0.012792
1520530421.253431 1.322941 0.012796
1520530421.303432 1.322898 0.012796
1520530421.403435 1.322909 0.012797
1520530421.503439 1.322883 0.012796
1520530421.603611 1.322904 0.012797
1520530421.703614 1.322926 0.012797
1520530421.803617 1.322898 0.012797
1520530421.953693 1.322953 0.012796
1520530422.053472 1.322947 0.012796
1520530422.153476 1.322899 0.012796
1520530422.253479 1.322887 0.012796
1520530422.353482 1.322908 0.012796
1520530422.453395 1.322907 0.012796
1520530422.503396 1.322925 0.012796
1520530422.603400 1.322897 0.012795
1520530422.703403 1.322777 0.012795
1520530422.803406 1.322795 0.012796
1520530422.953585 1.322997 0.012796
1520530423.053588 1.323124 0.012797
1520530423.153591 1.323029 0.012797
1520530423.253316 1.322957 0.012797
1520530423.303317 1.322884 0.012796
1520530423.403322 1.322884 0.012797
1520530423.503324 1.322871 0.012797
1520530423.652983 1.322948 0.012796
1520530423.752986 1.322973 0.012797
1520530423.802988 1.322967 0.012796
1520530423.902991 1.322891 0.012796
1520530424.002994 1.322902 0.012796
1520530424.052950 1.322944 0.012797
1520530424.153255 1.322896 0.012796
1520530424.253258 1.322963 0.012796
1520530424.353261 1.323471 0.012776
1520530424.403263 1.322895 0.012784
1520530424.504722 1.323896 0.012796
1520530424.554724 1.323165 0.012796
1520530424.654727 1.323054 0.012795
1520530424.754730 1.323011 0.012796
1520530424.854733 1.323174 0.012797
1520530424.903374 1.323129 0.012797
1520530425.003378 1.323056 0.012797
1520530425.053379 1.323442 0.012795
1520530425.153383 1.322904 0.012796
1520530425.253385 1.322978 0.012797
1520530425.353734 1.323013 0.012797
1520530425.453737 1.322988 0.012797
1520530425.603741 1.323242 0.012796
1520530425.703675 1.323140 0.012797
1520530425.753677 1.323096 0.012796
1520530425.853680 1.323029 0.012796
1520530425.903682 1.322959 0.012796
1520530426.003685 1.323015 0.012796
1520530426.103474 1.323193 0.012797
1520530426.203477 1.323091 0.012796
1520530426.303480 1.322977 0.012795
1520530426.353481 1.322899 0.012795
1520530426.453484 1.322799 0.012796
1520530426.503486 1.322896 0.012797
1520530426.653554 1.323189 0.012797
1520530426.753558 1.323205 0.012797
1520530426.803559 1.323000 0.012796
1520530426.903562 1.323026 0.012796
1520530426.953598 1.323021 0.012795
1520530427.053602 1.323048 0.012796
1520530427.153605 1.323091 0.012796
1520530427.253608 1.323038 0.012796
1520530427.353592 1.323011 0.012797
1520530427.453595 1.323014 0.012796
1520530427.603600 1.322996 0.012796
1520530427.803679 1.323158 0.012796
1520530427.903683 1.323193 0.012797
1520530428.003686 1.323139 0.012796
1520530428.053687 1.323099 0.012796
1520530428.153535 1.322970 0.012796
1520530428.203537 1.322942 0.012795
1520530428.303540 1.322965 0.012796
1520530428.353542 1.322980 0.012796
1520530428.453544 1.322858 0.012796
1520530428.503546 1.322915 0.012796
1520530428.603452 1.322905 0.012796
1520530428.703455 1.322912 0.012796
1520530428.753457 1.322918 0.012796
1520530428.853460 1.322940 0.012796
1520530428.903461 1.322974 0.012796
1520530429.003444 1.323033 0.012796
1520530429.053445 1.323061 0.012796
1520530429.153448 1.323001 0.012796
1520530429.203450 1.322899 0.012796
1520530429.303453 1.322746 0.012796
1520530429.353455 1.322824 0.012796
1520530429.453553 1.323032 0.012796
1520530429.503555 1.323142 0.012796
1520530429.603558 1.323083 0.012796
1520530429.653559 1.322943 0.012796
1520530429.753562 1.322973 0.012796
1520530429.803622 1.322967 0.012795
1520530429.903625 1.323007 0.012796
1520530429.953626 1.322994 0.012796
1520530430.053629 1.322967 0.012796
1520530430.103631 1.322986 0.012796
1520530430.203344 1.322904 0.012796
1520530430.253346 1.322891 0.012795
1520530430.353349 1.322909 0.012796
1520530430.403350 1.322960 0.012796
1520530430.503353 1.322944 0.012796
1520530430.603527 1.322823 0.012796
1520530430.653528 1.322925 0.012796
1520530430.753532 1.322936 0.012796
1520530430.803533 1.322972 0.012796
1520530430.903536 1.322964 0.012796
1520530431.003696 1.322959 0.012795
1520530431.103700 1.322984 0.012795
1520530431.153701 1.322962 0.012796
1520530431.253704 1.322947 0.012796
1520530431.303706 1.322973 0.012796
1520530431.403709 1.322954 0.012796
1520530431.453562 1.322996 0.012796
1520530431.553565 1.323008 0.012795
1520530431.603567 1.322990 0.012796
1520530431.703570 1.323137 0.012796
1520530431.753571 1.323319 0.012796
1520530431.853524 1.323371 0.012796
1520530431.903526 1.323185 0.012796
1520530432.003529 1.323041 0.012795
1520530432.053530 1.322979 0.012796
1520530432.153533 1.323007 0.012796
1520530432.203536 1.322977 0.012795
1520530432.303698 1.322928 0.012796
1520530432.403701 1.322927 0.012796
1520530432.503704 1.322948 0.012796
1520530432.553705 1.322859 0.012796
1520530432.653548 1.322878 0.012796
1520530432.703550 1.322933 0.012795
1520530432.803553 1.322866 0.012795
1520530432.853554 1.322914 0.012796
1520530432.953557 1.323018 0.012795
1520530433.003559 1.323112 0.012795
1520530433.103691 1.323143 0.012796
1520530433.153693 1.323221 0.012796
1520530433.253695 1.323241 0.012796
1520530433.353699 1.323115 0.012795
1520530433.453702 1.323005 0.012796
1520530433.553795 1.322929 0.012796
1520530433.603796 1.322900 0.012795
1520530433.703799 1.322874 0.012796
1520530433.803803 1.322881 0.012796
1520530433.903631 1.322916 0.012796
1520530434.003634 1.322925 0.012796
1520530434.053635 1.322904 0.012796
1520530434.153638 1.322898 0.012796
1520530434.203641 1.322881 0.012796
1520530434.303478 1.322871 0.012796
1520530434.353481 1.322858 0.012796
1520530434.453483 1.322832 0.012796
1520530434.503485 1.322926 0.012796
1520530434.603488 1.322949 0.012795
1520530434.653489 1.322912 0.012795
1520530434.753658 1.322847 0.012795
1520530434.803658 1.322954 0.012795
1520530434.903661 1.322964 0.012795
1520530434.953663 1.322867 0.012796
1520530435.053667 1.322857 0.012796
1520530435.153798 1.322859 0.012796
1520530435.253801 1.322875 0.012796
1520530435.303802 1.322903 0.012795
1520530435.403806 1.322895 0.012796
1520530435.453807 1.322863 0.012796
1520530435.554088 1.322861 0.012796
1520530435.604089 1.322857 0.012795
1520530435.704092 1.322852 0.012795
1520530435.754094 1.322839 0.012796
1520530435.854097 1.322884 0.012796
1520530435.904099 1.322894 0.012796
1520530436.003837 1.322874 0.012795
1520530436.053838 1.322855 0.012796
1520530436.153841 1.322877 0.012796
1520530436.253844 1.322859 0.012796
1520530436.353956 1.322868 0.012795
1520530436.453978 1.322888 0.012796
1520530436.653965 1.323092 0.012795
1520530436.754031 1.323042 0.012795
1520530436.854034 1.323023 0.012794
1520530436.904035 1.322912 0.012794
1520530437.004039 1.322837 0.012795
1520530437.054040 1.322871 0.012795
1520530437.153533 1.322832 0.012794
1520530437.203536 1.322878 0.012790
1520530437.303539 1.322906 0.012794
1520530437.353539 1.323021 0.012795
1520530437.453545 1.323061 0.012795
1520530437.503545 1.322983 0.012795
1520530437.603872 1.322852 0.012794
1520530437.703875 1.322873 0.012795
1520530437.803878 1.322855 0.012795
1520530437.903881 1.322853 0.012795
1520530438.004481 1.322857 0.012796
1520530438.104484 1.322857 0.012795
1520530438.204487 1.322847 0.012796
1520530438.254489 1.322822 0.012795
1520530438.354492 1.322834 0.012796
1520530438.403621 1.322812 0.012793
1520530438.503624 1.322836 0.012795
1520530438.603628 1.322822 0.012796
1520530438.653629 1.322832 0.012796
1520530438.753632 1.322829 0.012795
1520530438.854392 1.322844 0.012795
1520530438.954395 1.322888 0.012796
1520530439.104398 1.323030 0.012796
1520530439.254655 1.322978 0.012796
1520530439.404660 1.322936 0.012796
1520530439.604177 1.322725 0.012795
1520530439.704263 1.322789 0.012796
1520530439.804183 1.322816 0.012796
1520530439.904186 1.322910 0.012795
1520530440.004099 1.322916 0.012796
1520530440.104102 1.322887 0.012796
1520530440.204106 1.322981 0.012796
1520530440.304109 1.323099 0.012795
1520530440.404112 1.323260 0.012795
1520530440.503979 1.323310 0.012795
1520530440.603982 1.323284 0.012795
1520530440.703986 1.323233 0.012795
1520530440.853871 1.323152 0.012795
1520530440.953874 1.323060 0.012795
1520530441.053876 1.322996 0.012795
1520530441.153883 1.322904 0.012795
1520530441.253889 1.322930 0.012795
1520530441.353892 1.322895 0.012796
1520530441.453895 1.322880 0.012796
1520530441.553898 1.322898 0.012796
1520530441.704084 1.322903 0.012796
1520530441.854089 1.322973 0.012796
1520530442.004094 1.322878 0.012795
1520530442.104032 1.322876 0.012794
1520530442.204035 1.322835 0.012794
1520530442.304038 1.322893 0.012792
1520530442.404042 1.322847 0.012791
1520530442.453714 1.322818 0.012793
1520530442.553717 1.322863 0.012794
1520530442.603719 1.322921 0.012795
1520530442.703722 1.322886 0.012794
1520530442.753723 1.322825 0.012796
1520530442.853726 1.322861 0.012795
1520530442.904376 1.322646 0.012793
1520530443.004379 1.322797 0.012794
1520530443.104382 1.322794 0.012795
1520530443.204385 1.322727 0.012796
1520530443.354468 1.322821 0.012796
1520530443.504473 1.322948 0.012795
1520530443.604476 1.322953 0.012795
1520530443.704013 1.322909 0.012793
1520530443.754014 1.322790 0.012795
1520530443.854018 1.322849 0.012795
1520530443.954022 1.322986 0.012794
1520530444.054024 1.322868 0.012795
1520530444.154403 1.322851 0.012795
1520530444.254406 1.322961 0.012795
1520530444.354410 1.322932 0.012794
1520530444.454413 1.322758 0.012795
1520530444.505161 1.322831 0.012795
1520530444.605164 1.322827 0.012795
1520530444.705167 1.322894 0.012795
1520530444.805170 1.322962 0.012795
1520530444.905173 1.322949 0.012796
1520530444.954962 1.322845 0.012795
1520530445.054965 1.322825 0.012796
1520530445.104967 1.322812 0.012796
1520530445.204970 1.322799 0.012796
1520530445.304973 1.322811 0.012796
1520530445.353892 1.323104 0.012796
1520530445.453896 1.322818 0.012792
1520530445.503898 1.322874 0.012791
1520530445.603900 1.322923 0.012792
1520530445.653902 1.322848 0.012793
1520530445.753751 1.322800 0.012795
1520530445.803752 1.322779 0.012795
1520530445.903755 1.322792 0.012796
1520530445.953757 1.322796 0.012796
1520530446.053761 1.322797 0.012796
1520530446.154954 1.322897 0.012796
1520530446.204900 1.322840 0.012796
1520530446.304903 1.322799 0.012796
1520530446.404906 1.322764 0.012796
1520530446.504909 1.322794 0.012796
1520530446.604785 1.322829 0.012796
1520530446.704788 1.322879 0.012796
1520530446.804791 1.322888 0.012795
1520530446.904794 1.322881 0.012794
1520530447.004332 1.322843 0.012795
1520530447.104335 1.322820 0.012795
1520530447.204338 1.322767 0.012796
1520530447.304342 1.322806 0.012795
1520530447.404124 1.322895 0.012796
1520530447.504127 1.323070 0.012795
1520530447.654131 1.323044 0.012791
1520530447.804072 1.323038 0.012795
1520530447.954077 1.323072 0.012795
1520530448.253886 1.323200 0.012796
