0 4.30766305321989e-05 4.52835090628198e-05  4.3684162657591e-05 1.80348623653181e-05 -2.85460352877909e-06 3.46585386343246e-05 0.99999999923269
0  0.0276140775342635 -0.0258664806826454  0.0491537087865007 -0.00195488826601853 -0.0112682058648064 0.00194472206127727 0.99993270973829
0  0.0613415922857754 -0.0383856056559494   0.127222806418751 0.0057075885021042 -0.0157071240037497 -0.00176148625013889 0.999858793457962
0  0.0860209173750957 -0.0510459048962628   0.191507160875478 0.00499150281845229 -0.0170916159934268 -0.00917266532914451 0.999799391764721
0  0.0949611947190555 -0.0609201643346506    0.26386976131765 -0.013327139551947 -0.0329990338161691 0.00557453419398113 0.999350977228262
0 0.0959349995747344 -0.063275937782415  0.297311271756834 -0.00658231855044217 -0.0808728514717378 -0.018214557603681 0.996536243630222
0 0.0978745094790215 -0.072210684596283  0.317068408574214 0.0015146157953275 -0.104277140583926 -0.0380226993622735 0.993820033116579
0  0.0979950608770729 -0.0836734131820949   0.359300054209472 -0.00151492954996479 -0.128917584575637 -0.045506503990463 0.990609468696019
0  0.0975343517000599 -0.0877550651769649   0.399417430699847 -0.0122676623657463 -0.13084467850895 -0.0395097464948728 0.990539325063816
0 0.0946292433191221 -0.107695941603919  0.470806797273181 -0.00963960835499367 -0.124025837837172 -0.0214212374196329 0.992000907301481
0 0.100414325752528 -0.13049159390574 0.527005206091009 -0.00678845556824775 -0.122429283641194 -0.0297278750059769 0.992008689894262
0  0.103494622575688 -0.149161996565527  0.568501705576435 0.00983875236735826 -0.122648148064258 -0.0381439713478048 0.991668124010286
0  0.108399536149304 -0.163789360270369  0.618765648888333 0.014072143862829 -0.134693969665076 -0.0480957241192921 0.989619275592593
0  0.112185638134666 -0.181725315425636  0.663842550982978 0.00577286855684433 -0.150043006266999 -0.055783942268419 0.98708759593259
0  0.111912773354191 -0.202498397558964  0.717345589436127 -0.00216185490145435 -0.16073214338086 -0.0569818185065687 0.985349469390056
0  0.110194328833396 -0.218271203575462  0.764206017136862 -0.0066814989864798 -0.165850890293594 -0.0472811193591486 0.984994078922438
0   0.11159810907959 -0.239480216854784  0.801023772002199 -0.000765168015822909 -0.166816796834656 -0.0398365673978973 0.985182530655962
0  0.113190803701199 -0.269805374419248  0.837345506025506 -0.00203617083898311 -0.168425036002203 -0.0285432772358842 0.985299011762727
0  0.122341044502003 -0.296512291172322  0.874913643292716 -0.00760653802155639 -0.163145612306551 -0.0419273781226438 0.985681360647653
0   0.12881074088062 -0.322423850756213  0.903988643749666 0.0106134181809558 -0.160731988848129 -0.0479368319608899 0.985776162856961
0  0.130350568055995 -0.348642686658106  0.933652378335862 0.0319080914214642 -0.15935059627524 -0.0500067184460405 0.985438272688261
0 0.139519856450796 -0.37209281964839 0.970372505786251 0.0400030818005174 -0.1550913968206 -0.0617395666191131 0.985157164107525
0  0.141404706690571 -0.389002599040971   1.01072215687272 0.0372547148753349 -0.150483546743963 -0.077225524326088 0.984887306635371
0  0.133909742255954 -0.394714154396182   1.05749302058419 0.0120591658715942 -0.164220758776395 -0.0551165436044655 0.984808755813271
0  0.123161490585072 -0.412575310935793   1.09964548795705 0.0020844005799022 -0.16935649340628 -0.0552460340754856 0.984003002604302
0  0.113517769876073 -0.446581849617679   1.12701256068924 0.0116557743572068 -0.172269443013156 -0.0542094295882166 0.983488037381132
0  0.099010414250513 -0.461306391642284    1.1656295695639 0.0168541486407041 -0.174900255787113 -0.0520355469590958 0.983065684505297
0 0.0906579486529479 -0.459967536761901   1.19724855627119 -0.0246512987643701 -0.180661714124938 -0.0406827824869427 0.982394304608791
0 0.0825312790806494 -0.475731502588807   1.24496582592272 -0.00643836541787496 -0.177171408360866 -0.0523509237356298 0.982765597838162
0 0.0755502258437723 -0.509550028092736   1.30367731737609 -0.00526312567975293 -0.187720900553198 -0.0254920263120301 0.981877446323156
0 0.0800911486714848 -0.514260772451746    1.3693949692781 0.000138394673252995 -0.178409024084343 -0.0520077044457881 0.98258098885052
0 0.0839134609402419 -0.514116624224759   1.40549704930218 0.0101696462371893 -0.174261023399627 -0.0654033119296975 0.982472432594295
0 0.0857728427949333 -0.519927564838639   1.46009901648394 0.0203589234160379 -0.179111000929625 -0.0535680929221428 0.982158451067857
0 0.0870135427530312 -0.531428990463642    1.4956167237337 0.0224108183083603 -0.185206298421291 -0.05696060926936 0.98079145145107
0 0.0918507778341322 -0.554551538928446   1.54189882733121 0.0223435874759221 -0.205122752365976 -0.0674699685706972 0.976152254467294
0 0.0954610010380225 -0.566549929199102   1.58558355493026 0.0210814392432478 -0.212954931578836 -0.0714582125969723 0.974217375069924
0 0.0999604649848349  -0.57279085184401   1.61468257072502 0.016427725999317 -0.214839099788762 -0.0742012121293683 0.973688076921443
0  0.101554220740638 -0.581969886343766   1.68012818204951 0.0174327967570954 -0.215196723148118 -0.0607518158596366 0.974523311580228
0  0.107932754717868 -0.592841920511119      1.71474741099 0.0208318821352647 -0.209410544906347 -0.0672186513384765 0.975292217379471
0  0.11597884315081 -0.61818657639741   1.7400375141943 0.0252561273660778 -0.176308672258126 -0.0530728718879118 0.982578572118594
0  0.118219711511697 -0.619668515016256    1.7472114329713 0.0234245473294032 -0.164675110966354 -0.0486036140638238 0.984871101774525
0  0.139176294976804 -0.621174961835711   1.79955693173009 0.00350138800851926 -0.157386647932931 -0.043101143946718 0.986589820910866
0  0.145738212812667 -0.629568965543795   1.81125708620159 -0.00977952486617173 -0.1588060601507 -0.0465855442527132 0.986161641527129
0  0.154852553617199 -0.661917819302128   1.85161506318978 -0.0248138511359579 -0.158840911584426 -0.0554930242263615 0.985431053834333
0  0.154509451306752 -0.676535028407439   1.88981588841043 -0.000582384898977439 -0.165916275671305 -0.0312800007415871 0.985643450670068
0  0.160538943579257 -0.679338248503206   1.94528456808991 0.0179407542431067 -0.170886352935508 -0.0139205800211644 0.985029035698676
0  0.176785757414047 -0.664469991088161   2.00334144213341 0.0171606085748921 -0.155577101478525 -0.0476997546066531 0.986522180399075
0   0.18658056110045 -0.656784393239523   2.02818354529508 -0.0085260059857232 -0.154009877696231 -0.0493327942340238 0.986800152111352
0  0.196625266158807 -0.655467091417946   2.05760619606569 -0.035383148927158 -0.15293125159782 -0.0525099511166531 0.986206251293536
0   0.20577294189472 -0.670969678083021   2.10961258832695 -0.0205772839245036 -0.151408141941887 -0.0506145367976833 0.986960140332299
0  0.212642357986067 -0.685060991369408   2.18225741623921 -0.0125467505875263 -0.151859214806608 -0.049886099729083 0.98706268037133
0  0.213431318648248 -0.691317811353789   2.20624366307239 -0.0120969022074392 -0.152106748424352 -0.047945021377658 0.987126373351381
0   0.21630804809315 -0.720808770177587   2.25159218879932 -0.000630682041487668 -0.140853165150415 -0.0303802211747199 0.989564060719996
0  0.220349087024678 -0.743893200881189   2.28993119621332 0.00685961683038122 -0.113324764865452 -0.0100601416673017 0.993483385303833
0  0.230880777742818 -0.762062726640418   2.32436117990922 0.0175641937580514 -0.0767503864488407 0.0122966100438657 0.996819778424873
0  0.243611431748123 -0.778150135477473   2.36352745628282 0.0300882693173764 -0.0405283181070383 0.0157255742609664 0.998601450927778
0    0.2612919178654 -0.808996484470913   2.41804243522573 0.0258458190922273 -0.00911599887337297 0.016050576835022 0.999495508335708
0    0.2945931637405 -0.852180047916005   2.47428030774911 0.0126282143941631 -0.00280542755455329 0.0155717483839427 0.999795068216341
0  0.326921689116113 -0.880145603942331   2.52322460971388 0.024502593291499 -0.0127409369239709 0.0225893115218071 0.999363304536074
0  0.386063195708081 -0.901102078095299   2.57287464338631 0.0235385411303157 0.00726962440542789 0.0262699319695228 0.9993512797394
0  0.417375289267707 -0.899752572139337   2.59285466997721 0.0216681267041699 0.0504657735427866 0.0413786957799207 0.997632949296189
0 0.443664361856986 -0.89357093549311   2.6137514413529 0.0200880184836617 0.10363147680659 0.0597101408580382 0.992618601279967
0  0.464116544545335 -0.887560367151294   2.63128386636139 0.0182242562315436 0.143960292378452 0.0739309419866927 0.986649647301451
0  0.495330514455908 -0.874212485750609   2.64392837465954 0.0123068146135276 0.179625688399855 0.0840009057237008 0.980064794908247
0  0.529748887945367 -0.870833446595002   2.64952653268888 -0.0142348825594951 0.192793573281208 0.0901758051821338 0.976983280501634
0  0.563841456002486 -0.884823390884135   2.65825121335876 0.0127790735124934 0.194151416944161 0.0832758051364244 0.97734695111696
0  0.600472100259806 -0.917110447663214   2.66575559988688 0.0157829992301322 0.185368560791476 0.0797980844551556 0.979296512463251
0  0.632236163113376 -0.938223538608765     2.662034896742 0.0267780584162848 0.199184507093592 0.0871851136105401 0.975708575183212
0  0.659952355099092 -0.950762978738137   2.66119812927741 0.0277790594033414 0.21502172464796 0.08843282991001 0.972200399291314
0 0.685961921976985 -0.94586861858826  2.65308664144318 0.0236976161119774 0.254672317988582 0.103001218745339 0.961234197465897
0  0.704685378016598 -0.937709464449547   2.65141399962816 0.0103137609302751 0.303429237835667 0.123041153372193 0.944820193761109
0  0.719317985155314 -0.921265254319138   2.64374772119246 0.00336507671683131 0.34128388307394 0.139696833285881 0.929515348008068
0   0.71119679057014 -0.910699534249847   2.59318107177622 0.0349930304539552 0.361175826298796 0.156030298906713 0.918684960223096
0   0.70575653617836 -0.898124899292332   2.58114778775722 0.02866458952044 0.397447306571775 0.164217683238953 0.902356100615548
0   0.70263792392303 -0.889439605349802   2.57515432812788 0.0181982676305454 0.430277569443901 0.172785574324516 0.885818932736281
0  0.695025303162087 -0.873323201731395   2.56244123596809 0.000894289795330433 0.475780748110023 0.194885971056913 0.857701194040695
0  0.680100249307535 -0.852332219707631   2.54655541798328 -0.0117871434154903 0.512901880713346 0.218044329661884 0.830210451821173
0  0.691712380409834 -0.837816623527275   2.51029580438404 0.00560048980609407 0.535172590660185 0.200370721965589 0.820615931175471
0  0.704272008221627 -0.824392449346009   2.45826497928647 0.0194745604832037 0.526503984984393 0.19261464741185 0.827836875774418
0  0.702379332761723 -0.816747762585308   2.43867647569642 0.0141670830471176 0.551877023958088 0.200610329876921 0.809312386987728
0  0.691228484705114 -0.816452041582399   2.41833514863863 0.00615193069702397 0.589979264289114 0.216852650911611 0.777728454700085
0  0.672797126698148 -0.814990315595787   2.39485736907695 0.00938881028113814 0.621812681644059 0.225249584789604 0.750015642330372
0  0.656585639253513 -0.803488444877667   2.37774903647211 0.0247059274443523 0.633233963510572 0.221807681113269 0.741084149881079
0  0.639889055467629 -0.792753534733932   2.36073576352744 0.0253322694851879 0.647709753503424 0.22797319495124 0.726538762711934
0  0.617053366225728 -0.780926952255876   2.33863656429811 0.00836115495394024 0.664571084964635 0.258537476003832 0.701023350266118
0  0.592249153261125 -0.762708166281906   2.32283260698394 0.00783946051960832 0.687377891721018 0.275357580585995 0.672033019758522
0  0.565350217354031 -0.749000599897479   2.30807081488526 0.00185775172995345 0.709960324794908 0.280291688795626 0.646056851343374
0  0.526596055849736 -0.741845811679447   2.24675906255115 -0.000938742840740858 0.715827038552352 0.277513854481556 0.640762694146623
0  0.510746298333905 -0.741155103494871   2.21904652418936 0.0154614973423888 0.72122714342825 0.254066121384975 0.644238120299205
0  0.478183218824112 -0.724547242084967   2.17976890535999 0.0256997744064808 0.718195350111911 0.255835362516293 0.646593557004122
0  0.445231846934809 -0.709493729931078   2.14867164626364 0.0185960336983104 0.71249164105633 0.273251471788702 0.64602127064119
0  0.412884535983567 -0.691861932432088   2.11029090529681 0.0121320768832915 0.709715516143658 0.283452817381087 0.644834241626609
0  0.377038575050884 -0.667710930725375   2.07027792200886 0.0157246932645721 0.711024533986763 0.29670784573307 0.637307853686962
0  0.351916415497592 -0.648345739229338     2.023972183704 0.00593056097677369 0.714345037587161 0.29342860184886 0.63527604341587
0  0.342970743614824 -0.637496054098692   1.99370010125721 -0.00777073456276855 0.719655529589789 0.283378154914689 0.633823599854361
0  0.308172812132792 -0.609879429212264    1.9325875763713 -0.0188250937386785 0.723950680727786 0.278030070225877 0.631062839794659
0   0.30224299699815 -0.593190781625884    1.9034395435291 -0.024828534307802 0.725789608120723 0.270896489543246 0.631844981448171
0  0.281257252086984 -0.563289302471989   1.85541667380864 -0.0180903506341714 0.731731092436106 0.259022515480489 0.630198130789323
0  0.288308483299241 -0.543709544476844   1.84240087139806 -0.00202572065684792 0.731431823176141 0.256428281010594 0.631860681795441
0 0.253043603029418 -0.49699152550391  1.78892704923506 -0.00734387559241384 0.727829194668889 0.264380734686309 0.632703372842003
0 0.245766866273965 -0.47979368164991  1.76613182700959 -0.00871485191528842 0.729239453534584 0.262716655826634 0.631754564301633
0 0.226389628816899 -0.45716373919947  1.74448296294403 -0.00764056016802656 0.731184320792425 0.263568333599048 0.629160428183035
0  0.215349848364835 -0.432995006225811   1.73589815526398 -0.0189515909957533 0.728687583681927 0.274772710005986 0.627020893130756
0  0.211168222497226 -0.408733585516089   1.73724671081097 -0.0267397175066783 0.726234167894631 0.282087270614859 0.626335128064134
0  0.220255846233664 -0.369745609103141   1.72547584518223 -0.0244135160762387 0.732290928334454 0.264599998253233 0.627009423722043
0  0.228684642215925 -0.352832239568581    1.7313209406576 -0.0233564677548413 0.737744083443977 0.247342004895877 0.62770221870845
0 0.251084613809365 -0.33342749466486   1.7632459274016 -0.00857832558579869 0.737116054246128 0.250831245765097 0.627431287911826
0  0.252542829785877 -0.303542382511503   1.77948566237933 -0.00144600343685719 0.735198702303522 0.254440318945645 0.628284092827533
0  0.254977274788702 -0.305344342939381   1.81734570028549 0.0144112935894841 0.73007646445904 0.264956650923454 0.629744903743963
0  0.246836893066442 -0.324529803620857   1.83638026590568 0.0137285781528241 0.730232070974713 0.262510809557654 0.630603459812321
0  0.234164684080909 -0.342376730852944   1.87159204765537 -0.0151536241437447 0.731592198869751 0.264651184038431 0.628094716595586
0  0.209873886552794 -0.341724582503306   1.89782858766407 0.0103706956549274 0.723657591894445 0.292698602611477 0.624931729386862
0   0.19729573316283 -0.330856272805898   1.92146816209011 -0.00391574006679146 0.71990113729341 0.306455112468491 0.622745761563505
0  0.201692823244975 -0.314900771817587   1.92947158323489 -0.0456986865411717 0.72395479753664 0.293893864991855 0.622436725533
0  0.222722937236113 -0.296155341434637   1.94201427083992 -0.0574910827126585 0.727054486186543 0.280870309150726 0.623857691274319
0  0.262432533117845 -0.294530694186934   1.95876516026937 -0.0551809792601176 0.734570167594062 0.248520113228117 0.628966995739689
0  0.291100461179043 -0.300107716182304   1.97847752097551 -0.0379232615451108 0.733585398982695 0.245681913065191 0.632498763813661
0  0.321396613000052 -0.310307246923748   2.00501972712495 -0.0190422772434614 0.731283620925468 0.245430314923188 0.636101892750072
0  0.346407388748262 -0.307825049359583   2.03099546941628 -0.0101289998594415 0.727402297970591 0.246049894074536 0.640501951515264
0  0.371356666181809 -0.307192489711933   2.06224230219387 0.00148915339733291 0.72157989924622 0.250014272782598 0.645610637173028
0  0.393557199149981 -0.308183690450834   2.09255463600376 4.56185787982566e-05 0.716685862605631 0.251483210357507 0.650474878199342
0  0.413228551997079 -0.316596060271964   2.12091697880908 -0.00316312289670523 0.711946906213401 0.253669014721889 0.654808085133907
0  0.431647729360454 -0.326891369585682    2.1495751382859 -0.009374535922067 0.705341545841771 0.264590076180065 0.657569398141986
0  0.449984129951842 -0.341116644942708   2.17664565046097 -0.00400299946604754 0.700733308559635 0.273581410133114 0.658870259079828
0  0.467690608875631 -0.355287938600432   2.20285592252213 0.00447142654355254 0.702147647478838 0.269808430981242 0.658917368154793
0  0.485545926872018 -0.366714875144046   2.22794494739819 -0.00904758108628617 0.706515155796885 0.260226009524752 0.658055392708406
0  0.499871925045539 -0.381025293981998   2.25212209084091 -0.0179862655756952 0.710458390813405 0.252506172587424 0.656632318713234
0  0.521830790785472 -0.400050867290938   2.27749475668636 -0.00851521571252362 0.712145460306249 0.252759657152282 0.654896091134182
0  0.536933207227757 -0.418096930666945   2.30400208604485 0.01302528362562 0.709517044051968 0.26417565415142 0.653167000038964
0  0.551878127547786 -0.432827663216915   2.33002668348418 0.0145543889108027 0.71004579165016 0.265150260106474 0.652164460154645
0  0.562010472777215 -0.442683524050149   2.35965507963625 0.0136509735452611 0.712612817646464 0.25795654107368 0.652269151473942
0  0.573516153820748 -0.451576030744625   2.38099832730122 0.0202980299901172 0.708026809071288 0.266010305129114 0.653853611429933
0  0.58348229749005 -0.46601944107073  2.40906827581152 0.00756607877425386 0.703811116629161 0.269568252665797 0.657210486614376
0  0.591180436035861 -0.483247522294662   2.43553751527456 -0.00872914221022203 0.698118284721826 0.276968154411157 0.660184295523156
0  0.598656638282473 -0.492793286812879   2.45442795473949 -0.00153572064392538 0.687089825483684 0.300734350053119 0.661410662128328
0  0.612321841562494 -0.502057905339708   2.47619093774441 0.00279963249927118 0.696796943000445 0.273842313002565 0.662930290371852
0  0.625759255610169 -0.505278975524825   2.49821573374612 -0.000950164317482405 0.70352284837308 0.251622972274969 0.66463567375541
0  0.636768520335453 -0.509170627647436    2.5228701319448 -0.0096286794594338 0.696380469251512 0.266972357313984 0.666098559529388
0  0.653425233772588 -0.518763324888812   2.55120306199775 -0.00288488179707547 0.692158534957171 0.278776277617308 0.665726690903104
0   0.67341285180565 -0.525479716268744   2.57495235757136 -0.00551121572535324 0.695342716778998 0.275330432507658 0.663823233744328
0  0.696208862884816 -0.522580884377578   2.60172792656676 -0.0159841324575989 0.701503128385879 0.270639313854424 0.659084387746221
0  0.721409607179331 -0.514897673398441   2.62984792503406 -0.0150015514663131 0.706017053146082 0.267723954774498 0.655468350235485
0  0.743057210629105 -0.511181420322822   2.65466797987329 -0.0227893706937643 0.712595877889453 0.255171835209372 0.653127165193903
0  0.758382947753713 -0.513913316317575    2.6779379247235 -0.0236875773741329 0.71826923985178 0.241376093555938 0.652124052018147
0  0.779379664631636 -0.523552235480302   2.70778975179874 -0.00413278264817335 0.716718023525954 0.248863226216918 0.651433257899488
0   0.79414439941492 -0.532903278480045   2.74324740750139 -0.000590980396468654 0.717246247263947 0.249077414155314 0.650782539167776
0  0.806855084745504 -0.538910964171937   2.78242142223243 0.00665531520563528 0.719049650917466 0.242872235079122 0.651103973050892
0  0.812524319390926 -0.544350099676312   2.81314434509771 0.0162301255029363 0.721948015141785 0.231721415681364 0.651792015886679
0  0.811499333279747 -0.552743168456331   2.84374594025722 0.030677485414113 0.719355319371869 0.234936729905794 0.652986637934678
0   0.80311940501282 -0.569565805407069   2.88324433740651 0.0530441008624429 0.701933315069276 0.275818684574744 0.654522725196772
0  0.778338898909899 -0.592237263175386   2.91844788507894 0.0866573249855538 0.683332915045282 0.289193058809652 0.664766131792515
0  0.736767901678626 -0.600922669148359    2.9208110710333 0.0943203050596532 0.648131679788161 0.295743793967708 0.695388103175498
0  0.700339903213766 -0.604268165449394   2.89427985694998 0.0950846947555689 0.615582622271853 0.286713845311064 0.727881931969116
0 0.669873797226461 -0.60243728020442  2.85914146559281 0.109004247154156 0.580925752496393 0.283666235242345 0.755100530507224
0  0.633961974527402 -0.595090812659081   2.80856973503469 0.11050004527492 0.547271269343104 0.264740055300907 0.786254793858264
0  0.608229478417186 -0.588540879657973   2.76326196692335 0.0988882852913262 0.527060827347767 0.25032093929365 0.806081521099928
0  0.583365015419981 -0.580427411712923   2.71286830411049 0.0745305978255287 0.515514158052298 0.234553776381476 0.82077699091811
0  0.558527055081229 -0.573056538199647   2.65953729215223 0.0379723181060374 0.50808232048767 0.210177805406611 0.834407423732543
0  0.533424557191014 -0.563306662956696   2.60571530502986 0.00886620544877548 0.495610039563682 0.196391050166585 0.846003921089667
0  0.497258354770755 -0.548329903158545   2.52451483558716 -0.0211538944151358 0.477572838410602 0.194691503912353 0.856488128970776
0  0.465513072684719 -0.534404664248729   2.45050042107725 -0.0404054018803379 0.469388058058589 0.196361277474101 0.85993284805246
0  0.442321217949439 -0.524300066666941   2.38280348677652 -0.0625149542984817 0.467773881808273 0.200430285874879 0.858549460713355
0 0.421088536749794 -0.52547425735553  2.30206279491493 -0.0826487443108277 0.478286335103526 0.182086395760118 0.855135025125372
0  0.402898338477848 -0.532092818796872   2.21736639349144 -0.0795299353187568 0.492259184984481 0.152034361370291 0.853370632931165
0  0.401626812230091 -0.540652132873599   2.19733988011123 -0.0388746241515397 0.498795810311587 0.140912655856357 0.854303884242716
0  0.394140475510818 -0.540706121763228   2.18239824213404 -0.00941209512517105 0.496410848022081 0.152031577868519 0.854619261286663
0  0.382129232277718 -0.525533898113743   2.17332008876526 -0.0154491415921905 0.479496641770853 0.163922311488653 0.861959262581913
0  0.366914469477412 -0.515706126453408   2.16325780288488 -0.0242470395520151 0.456117778127527 0.152337132046906 0.876448544838027
0  0.36391762144814 -0.51805152521277  2.16341426181568 -0.0496298144036233 0.426267427847833 0.150592596247554 0.890592404769811
0  0.367662201322216 -0.536354841042838   2.19728491011833 -0.0187299972754873 0.431139204146659 0.131040173449703 0.892522630969163
0  0.366315735014859 -0.549076219957073   2.23393352262372 -0.0147275401075794 0.432996615127174 0.126363665428064 0.892372822821479
0 0.363168118194408 -0.56092503350433  2.26695815196006 -0.0132651414978471 0.433327225840117 0.128543720868759 0.891923798982831
0  0.348742748475738 -0.572359985907831   2.30410983492166 -0.00440421229584673 0.432643177861723 0.134130414354258 0.891520900208693
0  0.326971873220636 -0.581970651724504   2.34486169381838 0.00571291018588482 0.423535097091059 0.147682661523147 0.893742253490745
0  0.307777216755109 -0.585911861513801   2.38725692758921 0.0122226543336689 0.407353023138751 0.149575266578894 0.900855904619941
0  0.287305850507868 -0.581758990505782    2.4283164353146 0.0112463735476662 0.396540924670394 0.143870498811213 0.906603603409664
0  0.272727283571588 -0.578291688485495   2.46737188913224 -0.00953333589445543 0.386523089294398 0.151877773683892 0.90963847698405
0  0.236579388513123 -0.587370199177825   2.54473524260075 -0.0417146184079362 0.388320953913349 0.147910108338875 0.908619462269045
0  0.212001289517716 -0.610875159470608   2.60067137519317 -0.0409479634109358 0.399482265191593 0.122128035821438 0.907646366684894
0  0.195372324346168 -0.632675650094522   2.65239470192752 -0.0217387732183638 0.395918986454474 0.103267149123287 0.912201445852708
0  0.173834828868949 -0.654746466133308   2.71099549587117 -0.0100651058572925 0.386323917127349 0.0867445489082341 0.918219967074431
0  0.141623773229248 -0.671465663427213   2.77475572782568 0.00773808915783036 0.363405973554942 0.0876242349645192 0.927468713115247
0  0.111082594791426 -0.684276257248933   2.82420524179476 0.0156863676022821 0.339097078311066 0.101283665827871 0.935151714102483
0 0.0761406393759887 -0.693491950274327   2.88657663445875 0.0128502420983158 0.304942247949134 0.109172416421356 0.946005539194389
0  0.036088830801134 -0.702176636620105   2.95858774659351 -0.00320975661031708 0.280846760101191 0.07898602126416 0.956491507148926
0 -0.0212241131510447  -0.710936272884716    3.04358693576237 -0.0181328686129097 0.249389635071602 0.0333431339864735 0.967659157147123
0 -0.0950070956493208  -0.733195598433617    3.13490481056375 -0.0151844972122679 0.20226331737054 0.029232355256342 0.978777017965196
0 -0.178233885193924 -0.767995927839473   3.23672899497801 -0.00597207644990785 0.172431420441476 0.0396234045919849 0.984206139665848
0 -0.292113220285921 -0.813556956027126   3.36103517814278 -0.00165803228711142 0.162198662783857 0.0336057148192295 0.986184313732252
0 -0.444434474447497 -0.843968608564346   3.53519741599548 0.0130832289177975 0.161430905050492 0.0121614992595425 0.986722346940325
0 -0.562635729313993 -0.866867507892002   3.64069244832213 0.033702149360561 0.136321288759334 0.00441599240916185 0.990081395830926
0 -0.700535480440804 -0.896804561349983   3.74863392430321 0.0279907198916264 0.0942791772849179 0.00643644889425266 0.99513141265667
0  -0.80723840866128 -0.919748068789129   3.81701183012388 0.0109177917849071 0.0538220892382661 0.0121678886131689 0.99841671010619
0 -0.917009479908283  -0.94259596608817   3.88786489826745 0.00186067394131084 0.0181988198606899 0.00163852398629016 0.99983131381614
0  -1.05429188273105 -0.966070558342636   3.97903542372139 0.00318183967148486 -0.00163153033275704 -0.0309486898982905 0.999514578482304
0   -1.2015768394794 -0.992777228714808   4.07414596101549 0.00252068740440253 -0.0302779872553995 -0.0425395829413124 0.998632702001066
0 -1.32479753836536 -1.01555704405495  4.13827535517625 0.00467619087426524 -0.0555417772489251 -0.05553280984008 0.996899870222784
0 -1.44577112710228 -1.03975987938803  4.20945746970628 0.00822292499586103 -0.0806328876486676 -0.0860778869232268 0.992986061491692
0 -1.57208644256912 -1.06037573211434  4.27929598697402 0.00972952140022518 -0.100966267224704 -0.1200441855973 0.987573056943289
0 -1.68199730264166 -1.07567875639854  4.31181091758154 0.0157166291079087 -0.14412530827889 -0.129703668811024 0.980896447837365
0 -1.91598606028203 -1.08991556422048  4.44171578453522 0.0172340895714103 -0.183077691546242 -0.118729696042195 0.975750380113926
0 -2.02996983969737 -1.08968923416945  4.43009300744716 0.0193987131562048 -0.239543693673049 -0.121542037534469 0.963052460596683
0 -2.24660584798517 -1.11009057611382  4.49912836551522 0.0132937230388781 -0.271980310283343 -0.13319348174205 0.952947786695248
0 -2.44915032924317 -1.13663420521459  4.55584991773134 0.0251478212028296 -0.283871974659308 -0.138775338723243 0.948433284134432
0 -2.69308135530926 -1.17676974076628  4.60026107826065 0.0454956996581333 -0.27321611780657 -0.163384836445114 0.946883567025602
0 -2.92900424780253 -1.20270594416798  4.61482846843753 0.0524712136587881 -0.262917122112848 -0.174410182844777 0.947471607361996
0  -3.2390901397069 -1.20747685155144  4.63954085375182 0.0438647258376629 -0.257788076322608 -0.175395419267416 0.949135206613412
0 -3.62833274834505 -1.19547330788901  4.64366814034358 0.0121906369886372 -0.275021433906833 -0.134621610407548 0.951888450015505
0 -3.96690378133993 -1.17486098516235  4.65326976200973 -0.0125636798311117 -0.27506875422554 -0.142632254084436 0.950702568889295
0 -4.24829672209399 -1.16014240886573  4.66707159084264 0.0139579092260408 -0.278484824906623 -0.146248367480112 0.949137921524668
0 -4.62720939900161 -1.14703246607183  4.68072584014916 0.0208599300468285 -0.288567177475444 -0.147175283921257 0.945850560715061
0 -5.00491301735148 -1.13650831604683  4.69779542437574 0.022306992745051 -0.296939963709863 -0.150463527200047 0.942703443830125
0 -5.36066908115758 -1.13411985789874  4.68130218603344 0.0197396159583177 -0.307702807777826 -0.145544029041487 0.940077797449675
0 -5.62083456760963 -1.13055409747119  4.66289312190848 0.00163981837981986 -0.308552136481648 -0.146926836341996 0.939790080193883
0  -5.9911797797476 -1.11530528672955  4.67327457767536 0.0104244108724475 -0.305671571111082 -0.148033390215633 0.940501109863094
0 -6.30202999182443 -1.08745216143784  4.65104628721213 0.019010629517925 -0.306050567419619 -0.144776425739588 0.940750462501896
0 -6.74790552536132 -1.05325786066856  4.64363744757307 0.0239356810733591 -0.301876446316121 -0.153926715514988 0.940534029465108
0 -7.09409541990896 -1.03268318598431  4.62632682658236 0.0169296097901637 -0.303361304334457 -0.151365652215012 0.940624126138796
0  -7.53804154066173 -0.998047012980443   4.61818644042508 0.00865499814815168 -0.306854940056732 -0.149999015689312 0.939822021481766
0  -8.03397220494157 -0.955192050354549   4.63628032737398 -0.00417628658385719 -0.312066206294777 -0.15231961640847 0.937761150814178
0  -8.46515815441329 -0.922876331994363   4.58695535028636 -0.0146687355435881 -0.306602862816819 -0.155542897827639 0.938928069473623
0  -8.63450842515165 -0.937577260547619   4.56508755422759 -0.00420837757203282 -0.322914709148326 -0.150087281558828 0.934442180173896
0  -9.25285171761866 -0.884327871009561    4.5590139610721 0.000380220615028931 -0.319384033142839 -0.151893097381513 0.935372750176927
0  -9.29416655741684 -0.905316359069885   4.53866924459394 0.00149793026724443 -0.323837888849713 -0.14488966424116 0.934951208965665
0  -9.96322357893786 -0.852198356014946   4.50223426055985 -0.00130360703868324 -0.317079015894924 -0.145106476578127 0.937231726278447
0   -10.032938450753 -0.834411898199771    4.5215529238972 -0.000946460240868862 -0.311968755768275 -0.15260821899221 0.937755475128475
0  -10.6866639144479 -0.802226009530264    4.4818258052873 -0.0112998784457841 -0.293627222321559 -0.165534420204155 0.941410496428901
0  -10.9584622630588 -0.760958956891917   4.52131446877011 -0.0149688969927293 -0.281526756411185 -0.171040527536783 0.944067664676297
0  -11.3137942180177 -0.724739954128063   4.55094482690972 -0.0185380923223453 -0.275769200930011 -0.167162836984762 0.946395410429847
0 -11.6453481168457 -0.70097330819633  4.55045802136881 -0.0200729748066154 -0.268036439647521 -0.167830210798703 0.948465372613443
0   -12.102351467768 -0.660502681452353   4.56431547130715 -0.020559405935386 -0.258101352051774 -0.174889548754032 0.94993402330543
0  -12.4551766050664 -0.623772106781389   4.57364936327948 -0.0310905884503649 -0.25484815959708 -0.170094413749707 0.951395649175954
0  -12.9477670458149 -0.580582334751936   4.58683375517306 -0.0398467216988635 -0.248564058953172 -0.166082432073137 0.953438395033077
0  -13.331731513342 -0.55111665663173  4.60207032915318 -0.0454824249196592 -0.243442533993476 -0.165336639467457 0.95463651580896
0  -13.8574762602136 -0.497459977955795   4.64314549394207 -0.0489024014600074 -0.24251076353902 -0.164895463343623 0.954780902023002
0  -14.3630731493844 -0.460044411777499    4.6807072297376 -0.0510595970310949 -0.237197250158498 -0.168314469117971 0.955405998282303
0  -15.0278386240911 -0.412353071312374   4.74761651511885 -0.0504006107425569 -0.230270889118118 -0.168472757121763 0.957106068400634
0  -15.6939208961587 -0.376965107382639   4.83109638308344 -0.0515165649502317 -0.22306500047747 -0.168298204004686 0.958782438109143
0  -16.3656592774038 -0.339561625918712   4.86737241852642 -0.0512053858731658 -0.216203212756976 -0.17154607788243 0.959794833500523
0  -17.0377188252791 -0.308625409506033   4.90384114008124 -0.0485411997343042 -0.208887662366264 -0.171316070216195 0.96159268951318
0  -17.8073703822382 -0.242039057392167   4.95964891649703 -0.0496384655843609 -0.20381265885602 -0.165383042477051 0.963662218874178
0  -18.1515779881541 -0.233546847963433   5.05186229112721 -0.0531114303638599 -0.194951795736331 -0.16166872417823 0.965937988137162
0  -18.9418467154992 -0.183415495499986   5.09274345427819 -0.0546615726931885 -0.195058877849169 -0.167336306001258 0.964864087494598
0  -19.2938378080152 -0.158019996757168   5.14657642551991 -0.0581186532456413 -0.186583652691711 -0.174770295546826 0.965020262216088
0  -19.8753606316002 -0.137063177164048   5.22655010950917 -0.0605320828615956 -0.184218403063998 -0.172375470696336 0.9657567727017
0   -20.334063227819 -0.091103218170907   5.26720657760313 -0.0655589343401229 -0.18286385927874 -0.169197769131806 0.966247871934885
0   -21.0217791478146 -0.0808933067153598    5.39703567316316 -0.06832785029438 -0.176364142583106 -0.176391736967729 0.965977716727763
0   -21.5421626850954 -0.0495840701767628    5.47877996531816 -0.0710522277227094 -0.171321512704252 -0.18654961216726 0.964779644489151
0  -21.9972054523753 -0.029819643042781    5.5446177845241 -0.0742786054768001 -0.17122321584344 -0.187498012989448 0.964370154167818
0     -22.5725690987746 -0.000599581822114656      5.29706882345178 -0.08039496135505 -0.187135269117645 -0.186028532069574 0.961202593888004
0   -23.280448179977 0.0235519759257313   5.77235565864395 -0.0919899141041689 -0.183963996173496 -0.180069499594637 0.96190960029034
0  -23.9351096206222 0.0873940973703751   5.65446076468091 -0.0983722589023877 -0.199422259533197 -0.179185271363186 0.958356040105981
0  -24.6036842065617 0.0402305562823995   6.03927490145226 -0.1028821518856 -0.191390594264455 -0.176352151908542 0.960044176987556
0  -25.0731898662032 -0.020025819975419   6.11003268931817 -0.102301773918952 -0.198650711887058 -0.175914037746314 0.958710849549325
0  -25.6140684559804 0.0997015873663228   5.94458165947243 -0.10544094231262 -0.204861624896449 -0.177512806155106 0.956767017606665
0  -26.1967076328222 0.0139052995124698   6.04408620403145 -0.117223883111916 -0.199580424345333 -0.168971333761532 0.958057881243691
0  -27.0485667516091 0.0918476624752463   6.24942732944755 -0.122557509794221 -0.199120337942297 -0.157947870722652 0.95936605002729
0  -27.5368082678493 0.0896853099409474   6.36518564192191 -0.11914150677222 -0.196305918934592 -0.14940624128043 0.961741681857319
0  -28.0240267446528 0.0881337626331172   6.48641886871577 -0.117578183101012 -0.190657993177332 -0.152552074733088 0.962576108674471
0 -28.5215394837389 0.086314518155366  6.61598188691283 -0.117428660951833 -0.183742459987504 -0.162327618897057 0.962340356697157
0  -29.5769432802388 0.0871145897909434    6.9858636797821 -0.111849091465296 -0.172872031185471 -0.170799570699855 0.963552047489363
0 -30.6714705345477 0.056542650801696  7.34490504455395 -0.106784503652757 -0.168626276919785 -0.158976129299572 0.966896498506811
0 -31.7900543170275 0.030547427648124  7.70674371086978 -0.101154686089577 -0.171032527992047 -0.126332225264444 0.971882592040058
0  -32.6373031463851 0.0265346596283541   7.97441062981369 -0.0868269943233959 -0.171715902498602 -0.108205021518921 0.975328865154695
0  -33.4944339797649 0.0216242325542209   8.23776811682094 -0.0599904722237356 -0.173225226422545 -0.0973889731880564 0.978217538216632
0  -34.0791554825503 0.0206289961444069   8.40840945726961 -0.0464102468391519 -0.172122409993417 -0.102280211017951 0.978651482091817
0  -34.6673468212885 0.0108796209045861   8.59688358941194 -0.0343726419947535 -0.165968365263587 -0.123371849261006 0.97777932583173
0  -34.9802074036515 0.0106442047916252   8.68078745083736 -0.0318477629118898 -0.163210135835918 -0.134552984575427 0.976853963445803
0    -35.5547639349721 -0.00296305010305124     8.86362429464863 -0.0390879681280876 -0.158993872911917 -0.14907572209093 0.975176654871903
0   -36.1569180221266 -0.0299379234491108     9.0695885058619 -0.0550426616277579 -0.15697653431745 -0.153873520761677 0.973987480762982
0   -36.4731637077128 -0.0444140874029552    9.17568523545636 -0.0591437962994288 -0.157400276871807 -0.154942649036537 0.973509085581388
0   -37.0887567925262 -0.0524790254665598    9.37696488890582 -0.0643413510345393 -0.155013882955536 -0.162996200571728 0.972246432360273
0    -37.414672515387 -0.0591199134915174    9.46711250256004 -0.0659035735507445 -0.152524655064813 -0.168866345731665 0.971533378669943
0   -38.045679236238 -0.084724083136233    9.6677717825733 -0.0687569889178139 -0.149941332902671 -0.174428500914958 0.970754743089565
0   -38.9126170539101 -0.0998968119786982    9.91775753038201 -0.0681493698475775 -0.149769973260571 -0.170900238701277 0.971451350768917
0  -39.3030627943538 -0.121969546022885   10.0760912931692 -0.0606493004655042 -0.15043395050793 -0.162748300823242 0.973244203407742
0  -40.0505884225293 -0.166986644906376   10.3393248123176 -0.06054172132658 -0.147506448207774 -0.161769687507362 0.973861959376026
0  -40.5931951775897 -0.149694803202439   10.4691845680036 -0.0612916818805985 -0.143053988555161 -0.169626106839988 0.97314226604799
0  -41.2630841135643 -0.171570856696146   10.6921884330945 -0.0622089706975033 -0.139561579682124 -0.169588631704908 0.973597609609763
0  -42.1829307164115 -0.183828469831073   10.9602899352697 -0.0638780104527208 -0.135742090032773 -0.169875272676549 0.973979505178217
0  -43.2669772835047 -0.242388796517868   11.3463289523941 -0.0599470046183877 -0.130757179614031 -0.170224281106734 0.974850045257404
0 -43.9645944082557 -0.29679551312299  11.6286910654489 -0.0595748391483294 -0.128655072869864 -0.169855761069693 0.975216761134024
0  -44.7220736691039 -0.314352425862583    11.842517357836 -0.0646496215189952 -0.122034526579635 -0.193199540222359 0.971391753319846
0  -46.4446098395328 -0.377477664021615   12.4532629733867 -0.0656043477211602 -0.114993651225294 -0.194150064330874 0.971997058770382
0  -47.3651683934747 -0.349210027402168   12.5890348635215 -0.065596716808881 -0.117510950649741 -0.191024522935123 0.972315730027391
0 -49.0648937859802 -0.39487234608622  13.2839153073752 -0.0844774712107887 -0.117530183497433 -0.173268299708778 0.974180840060468
0  -50.6827188696984 -0.421652925677907   13.7780014339752 -0.102442352271872 -0.11553376361452 -0.172880983375701 0.972763938226084
0  -52.5203311815028 -0.484976405306877   14.4812206504389 -0.0796485090554929 -0.117437918748434 -0.173291067099706 0.974594611265996
0  -53.8005183506308 -0.448727916397881   14.8111169554065 -0.0563999832869262 -0.118603114154423 -0.17261705377438 0.976194496985288
0  -59.3755123212186 -0.568417007791108   16.7260509095526 -0.0574926573819098 -0.103351699298014 -0.172116886052706 0.977951327078653
0  -67.9974655334389 -0.613101982605069   19.5801062080389 -0.0457800264300888 -0.09274101272714 -0.175009464313264 0.979119492778685
0  -70.9926132008537 -0.604095364879423   20.8699710134548 -0.054488857966089 -0.074524073834322 -0.173055674568016 0.980575779976488
0  -82.5399467384574 -0.609330183027036   24.8280388282754 -0.0414446002035234 -0.0535389011104478 -0.194024810603721 0.978657398711135
0  -86.8461182244731 -0.683095088687021   25.8458876145668 -0.057294433243206 -0.0680146187906965 -0.168234723575682 0.981727272379407
0  -89.5564057347398 -0.904288066045136   26.8775314964695 -0.0525759801189405 -0.0300719905092917 -0.156164678972611 0.985872220291617
0  -91.2694748144946 -0.676687757042355   27.8969883749869 -0.0454479655153636 0.00666349295595062 -0.143969166715366 0.98851553317458
0  -93.4565669677059 -0.501993084791632   28.2224887560322 -0.0498392218596519 0.0117809981530878 -0.135858406548438 0.989403736306398
0  -95.1487876336338 -0.720601492089354   28.8874686586031 -0.0482032015848039 0.0307130444739461 -0.129891218485024 0.989879503584447
0  -96.8768712954085 -0.639056770356074    29.501766225045 -0.0479379420025367 0.0603349746052797 -0.122323565276351 0.989494108084542
0  -98.6686200736191 -0.616922617096857   29.9661249226184 -0.0474673843009432 0.0960379943198145 -0.110817402186863 0.988050127497188
0  -100.439978402657 -0.591372127935183   30.5515644955248 -0.0478212799283259 0.13769537103026 -0.0969537931718641 0.984557297455279
0   -102.20922208966 -0.629505787285207   31.6694461235723 -0.0377994340923879 0.190944958589321 -0.0784909648796359 0.977727157239627
0  -104.033552096259 -0.616615238112569    31.741274453478 -0.0411191629992339 0.223681346278419 -0.0643849210196473 0.971663754447293
0  -105.821441298696 -0.524295621765869   32.5318724620963 -0.0350351695658508 0.265405748268756 -0.0412695281325207 0.962615786140614
0  -108.312752718858 -0.581191092644981   33.7386750521775 -0.0184148552236207 0.321269213651466 -0.00391191097602445 0.946800761733628
0  -110.727961622514 -0.572901005603281   34.5512700187869 -0.015019857802613 0.36805560680594 0.0161523676594276 0.929542132014088
0  -113.486345669745 -0.494704359321257   34.9168702139482 0.0143866603465213 0.419608573539329 0.0333966856714724 0.906976477314888
0 -118.508040303269 -0.69716754184051  36.9793818026543 0.0146363602160683 0.435382639589348 0.0319977510045313 0.899557601287705
0  -122.855402977097 -0.590961151787478   38.8891703982206 0.00510491304754046 0.465029124062118 0.0404000130604332 0.884358350772758
0  -127.200772085065 -0.358741016593679    39.555537012224 0.0226183323371268 0.501810286776244 0.0472783899669169 0.86338844153137
0  -134.451659281955 -0.135473482216522   41.8809271625002 0.0026285966044382 0.509158972245318 0.0543937693864915 0.858947931666356
0  -138.481813141365 -0.352526701539854   43.5425925248336 0.00827951977232305 0.502612010435493 0.0399684144375175 0.863547996561675
0  -142.942767205063 -0.359469536798723   45.0066128197476 0.0128197166746469 0.529421960752588 0.0606007356073904 0.84609431695356
0  -145.525770074163 -0.486591248768714   45.7777094008868 0.0241250570057701 0.57193935415132 0.0770916454411289 0.816308909053808
0  -148.449167067892 -0.366653418056767   46.5871103254317 0.0205129558752051 0.594737032917701 0.0902000930173955 0.798580630579759
0 -153.489877846028 0.347640627486588  48.3818379592969 0.0104954225881342 0.610811157276852 0.0931894075521429 0.786203097533259
0    -160.05091354341 -0.0719018697315862    50.8633818488226 0.0277707675562121 0.609575778989373 0.100027438915551 0.785901180558239
0   -176.74201314699 -0.392827674985564    57.071537033509 0.0134705836837998 0.608890831150922 0.100552893899179 0.786739864659252
0  -182.048831504895 -0.683712237809682   59.6549801198637 -0.00363846504310666 0.605737433645809 0.101267709569855 0.789185513077119
0  -186.746243188164 -0.734169622939926   61.4605183454581 -0.021144292573089 0.603653804554468 0.109397249173586 0.789422095593828
0 -189.773147129202 -0.25390216209092  62.9443117485655 -0.0150742063545561 0.604313269862067 0.0941602449838915 0.791019651106071
0  -192.168784483988 -0.324816308319693   63.9808340657497 -0.0040108777291345 0.604133440478851 0.0784792816514534 0.792999181151217
0  -194.574921778453 -0.397663217877802   64.9525997961194 -0.00578297025669716 0.602438619985024 0.0781207403909449 0.794311913750713
0  -196.169567334853 -0.503694972678228   65.5934495789427 -0.0107471352870575 0.600319020091516 0.0790884346764575 0.795767926408141
0  -198.639748857525 -0.622224796824067   66.5602149579348 -0.0122073889130569 0.593683552308084 0.0751008373165826 0.80109343001246
0  -201.135165418666 -0.701188680173796   67.4751278120992 -0.00119849678615425 0.582409383354802 0.0682328460825491 0.810026019644559
0  -204.514498524903 -0.853377701003292    68.841946293223 0.0211313860891252 0.572170699890957 0.0776556697862654 0.816176299373053
0 -222.971780987868 -1.36288887462771  76.7675181232499 -0.00183677213871319 0.58161237079619 0.0540591131965003 0.811665749360753
0 -223.821983117386  -1.4294060413095  77.1565313924416 -0.00418502210896771 0.584703359734393 0.0535050758661276 0.809469995467294
0 -236.700157109649 -1.58400041458318  83.2988003363899 -0.000810913058947649 0.588889571037056 0.0753858961589918 0.80468961855122
0 -239.251046045453 -1.30574388970626  84.7267597998518 -0.00194277443442103 0.585206666230066 0.0637576662840504 0.80837141427527
0 -242.812751381543 -1.29448721778141   86.531808975506 0.00804822466963889 0.574215817828933 0.064963735642187 0.816082798303045
0 -245.495248889027 -1.29714215508838  87.8895909134491 0.0230348795770439 0.562825563052814 0.0740632579516085 0.822928559304359
0  -248.23506147868 -1.38509077698611  89.1931638090291 0.0217011900232033 0.5575035311411 0.0656106935579017 0.827293241848157
0 -251.037576123486  -1.7043495758019  90.3725931649663 0.00907649462137355 0.557825471859172 0.0434651851464308 0.828769653082609
0 -255.154717956898 -2.03443846070027  90.8738827030665 0.00125234218619336 0.554795030853014 0.0270078907509342 0.831547640978578
0 -257.532938188446 -1.96701599206917  93.2674959989894 0.00856273066335467 0.562076051366491 0.0232408293151063 0.826714615799543
0 -261.593093676925 -2.24825688890138  94.1965671042382 -0.00264597500315156 0.560648736784053 0.0288098404312699 0.827548177360723
0 -265.153114965357 -2.28538028707305  96.5336626686859 -0.00820735171847187 0.558285724156019 0.0277927575767334 0.829142480040457
0 -271.060840472358 -2.01841742911432  95.5102564218195 -0.0168816476928146 0.545624189209669 0.0256530291852232 0.837467119482365
0 -274.834365912067 -2.56581611706337   100.70388747058 -0.0104358839520603 0.541580880582445 0.0224048562810614 0.840285228079554
0 -280.577941783784  -2.3474071851499  100.483142280351 -0.013358931935723 0.528122127016959 0.0189627701664672 0.848851560191906
0 -285.061469332248 -2.74458310655927  103.997069085271 0.00344057055166452 0.499594212849333 0.0413652942757354 0.865264524519072
0 -290.197783395017 -2.76181560032267  105.805738663257 0.00209796499034984 0.466601674396296 0.0315053740743071 0.883903777227991
0  -296.19294548394 -2.81429613083923  105.504929534407 -0.0205104794737779 0.434060566197276 -0.00903878793710217 0.900604822004015
0 -302.479390787231 -3.02158203012936  110.933677441828 -0.016104038722712 0.41491876596856 -0.0259923496133878 0.90934453060736
0 -310.657494712542 -2.49898691595575  111.030914909886 0.00842922674367072 0.431445027107402 -0.0346805335762984 0.90143296883998
0 -319.403316670692 -3.39246027092335  117.793878692082 0.00173253023792078 0.412393872635579 0.000812667676281187 0.911003639796709
0 -325.448111267533 -3.27003638164029  117.910082071083 -0.00319752969444137 0.402268929382479 -0.0307320649498339 0.915000013355872
0 -329.262480092899 -3.58290553120116  121.483283864285 0.00190781266243154 0.378622001975921 -0.0467824438923582 0.924366346647285
0 -333.732215730294 -3.82011674770387  123.045076347721 0.00623061446029954 0.366808747285076 -0.0461811329592518 0.929128530030803
0 -339.420138113486 -3.34500913606109  124.390580611864 -0.00247842977373033 0.380193894569691 -0.0437424609308961 0.92386852800033
0 -344.990844955892 -4.25487714335218  127.054253977308 -0.00603243879175108 0.367867685918561 -0.0388873117040712 0.929045075509029
0 -350.630518696463 -4.23248944578284  129.321374348126 -0.00363969277018647 0.37198956739043 -0.0281405061115934 0.927803118288036
0 -355.992702701564 -3.94177419641761  132.213899923394 -0.0076983418250515 0.385973957917784 -0.00848642488343321 0.922438518241256
0 -363.081323239088 -4.24834669877856  134.797625248622 -0.00754681970438764 0.39632662414015 -0.0197958300914642 0.917865119514306
0 -369.488609709444 -4.39276156595013  138.808981052379 -0.0165996314211721 0.410185529054406 -0.00682040408612455 0.911825512956915
0 -374.514588554009 -4.52323254500134  140.105891532724 -0.0289837160950825 0.398590772296807 -0.00576240700236536 0.916652679648455
0 -378.968538653028 -4.58777488267645  142.613994866921 -0.0448025387047234 0.368482965973909 -0.0203970266889772 0.92833022013448
0 -383.416655618779 -4.77006567314964  145.266641004174 -0.0560037598390892 0.327825742223467 -0.0432621330045426 0.942083992788019
0 -390.603964822159 -5.05291759257869  148.229837177815 -0.058602251006434 0.298702611051097 -0.0557898957122837 0.950910097677298
0 -396.373986979217 -5.17862224645961  151.388025886016 -0.041218679717135 0.287578910495994 -0.0405840305574512 0.956008539263131
0 -403.893618331545 -6.09246434501801  157.138318343219 -0.0199237803795773 0.300930762924163 -0.062602720886304 0.951380375159641
0 -413.865981544774 -6.05302618500633   161.08801521755 -0.0353568062597085 0.316800223190392 -0.0488237760034196 0.946574748096736
0 -420.136919641049 -6.16167791617931   163.66097809972 -0.0380530414522534 0.323098601633614 -0.0518854112869662 0.944175388237916
0 -425.907899862155 -6.66614227691928  167.522175604348 -0.0425172297157539 0.305776386040934 -0.0592123758802944 0.949308686076165
0 -431.142236700726  -6.5522916165259  169.359015192844 -0.0526438895588107 0.267143666955915 -0.0714010403330261 0.959564887611478
0 -436.905316705744 -7.26718195309098   173.35544152313 -0.0605344050980774 0.233628954387595 -0.0870254697664691 0.966529702121516
0 -453.608154623053 -7.55503377652809  181.189262814037 -0.0744150179872013 0.210570229672837 -0.114503025814102 0.967993615967021
0 -459.757497334068 -7.99471644992803  185.067839059685 -0.0776246712818041 0.163216027637159 -0.115616742953867 0.976712704678033
0 -467.685879091185 -8.24812745319582  188.665064120102 -0.0899919797073362 0.11194515821442 -0.112747004328856 0.98318759052155
0 -474.054179469812 -8.45812501126175  192.131739100348 -0.0998296572656831 0.0744020928770666 -0.10312363561881 0.986845420459804
0 -481.629799004658   -8.832595398644  196.632537859741 -0.104727515810012 0.0684719810407085 -0.129441058591627 0.983660890548823
0 -487.171943435064 -8.98765662485988   199.05907924103 -0.094368654304382 0.0632268167785588 -0.131842539762297 0.984740814343479
0 -493.408561478513 -9.33260680633128  203.492759749636 -0.0898661521443694 0.0689237079276493 -0.124189212727563 0.985774130633573
0 -504.449802390652 -9.75392315070183  208.634349476497 -0.110555617730847 0.0783385724602005 -0.11624629900677 0.983934612370292
0 -511.011293303615 -10.1147794862393  212.854702833822 -0.115038385142945 0.0857455724742287 -0.114007451609721 0.983064681352264
0 -523.394095552916 -10.5827149991074  219.451443360414 -0.12303995957092 0.0840193451976633 -0.112200773714595 0.982452494708619
0 -528.585957191535 -10.9240957557563  223.010389440386 -0.122864326549287 0.0895345438308418 -0.109837660026662 0.982254351561988
0 -536.943130749141 -11.2774058797754  227.706556869599 -0.11435987302744 0.127469521166451 -0.100910375253337 0.980046140128603
0 -545.391050551212  -11.643760821656   232.30860550702 -0.103212371389372 0.169458802653989 -0.0928881891429325 0.975706259543827
0 -555.055245201178 -12.2345934405071  238.238772553859 -0.102875644775831 0.208039018089958 -0.0946101567422501 0.968083305767293
0  -574.89539107278 -13.3140643467715  250.319570974792 -0.106332295473459 0.220340797144988 -0.100772499951557 0.964358999183587
0  -579.66818056674 -13.2869823544125  252.237201927297 -0.109253371446292 0.2278524263417 -0.0987367528228873 0.962495727928083
0 -585.303832933557 -13.7179782259764  255.997847602754 -0.110550418889207 0.235576631018704 -0.102402264511632 0.960102094583794
0 -595.692896185995 -14.1655538482432  261.964716618154 -0.109654234414589 0.237083005525789 -0.0976788633915381 0.960326213852536
0 -599.351331969957 -15.0119654317933  265.721871574581 -0.109774238898166 0.245384035212558 -0.0990067115430685 0.958088702994957
0  -608.46859311716 -15.2403923117815  270.782101917474 -0.0933086120883488 0.270028488115854 -0.102789523029233 0.952791914570771
0 -616.281125574674 -15.3555354424668  275.029618640538 -0.0992833798085766 0.286489931366009 -0.0920653606444872 0.948467342131022
0 -622.147171405667 -15.8761921997072  278.930040566841 -0.113462434628087 0.303304717847952 -0.0799088525579066 0.942733843320754
0 -629.934396032499 -16.0557868650343  283.417201007677 -0.113216755967031 0.336124315335068 -0.0720130104255291 0.932210564807268
0 -634.516070612718 -16.3208618782755  286.618651346236 -0.10292435273315 0.365039809388355 -0.0681772968378705 0.922769944987404
0 -645.333113045152 -18.5117024427562  293.397430070268 -0.0894922077814536 0.3953880679557 -0.058310599472256 0.912282464181925
0 -670.715902020881 -18.2440933641472  308.590141961834 -0.0863385078504711 0.392246986201524 -0.0582775644252369 0.913942935506719
0   -681.8653003611 -18.6925461860991  315.326964154185 -0.0860746253855604 0.39520743612174 -0.0573766775750316 0.912748682918396
0 -691.491290671269 -19.2042362906328  321.442171176378 -0.0862190056385957 0.397876365291112 -0.0608732726187429 0.911347971792394
0  -698.04563197824 -21.8913224573468  328.080300804045 -0.0790092774938889 0.41428557634272 -0.0604566271731644 0.904693313524047
0  -730.58485705456 -22.0010836060987  346.724220441215 -0.0837906837341806 0.402151067181743 -0.0869220449373032 0.907578205218625
0 -762.947058538823 -23.9348787918097  366.603130841542 -0.0712859703337006 0.41300606634955 -0.0815490483339924 0.904264370805283
0 -769.556399845118 -23.3752989953003  371.711468263359 -0.0667565480613677 0.404871774713898 -0.0652812015550773 0.909593741213337
0 -778.159816394995 -23.9118746300042  377.331980059031 -0.0790209516351257 0.388817301354723 -0.0875730510243254 0.913732869116681
0 -787.073185366623 -25.0585324231526  382.272017773916 -0.0792108766416592 0.366363122124156 -0.100638199786622 0.921615783563199
0 -799.288992941151 -25.5355844450909  390.414229552285 -0.0868119867764318 0.359713779569655 -0.0998042072001707 0.923638888291733
0 -806.308677560298 -27.7849086083852  398.524404205909 -0.0903751331636826 0.369935904244431 -0.0890534394096489 0.920352783983302
0 -823.940088524307 -27.2105110656821   406.84168798369 -0.101831770923221 0.369842507079971 -0.0878231793524801 0.919311644414376
0 -832.772324242568 -27.7139446717509  412.975937049659 -0.104306245953605 0.37082777094905 -0.0835401401739757 0.919036460826086
0  -844.14388068231 -29.7453748562687  423.594581044405 -0.119457198769145 0.380300637297224 -0.0685172844668256 0.914552778500425
0 -856.048001214316 -29.4766874734317  429.082327780899 -0.112400563310451 0.376466821048666 -0.057813414257359 0.917767102890985
0 -866.893403095715 -30.4861030098368   436.59098310211 -0.0882686955492025 0.382715327082548 -0.0667192185386815 0.917216529331939
0 -879.608327516437 -31.2507759457499  445.952191084913 -0.0933970411264074 0.390103132555079 -0.0621107939748523 0.913913993738667
0 -894.803415720603  -31.867069179327  455.476217360187 -0.0972496603996429 0.39534361749795 -0.0705357682881851 0.910642977817204
0 -903.902830668206  -32.593188171947  462.521894364514 -0.0990230254797775 0.400437461778151 -0.0738043579774044 0.907963213116615
0 -927.312533043783  -33.820693772137    477.8152637947 -0.0884762734301485 0.398154058085364 -0.0926653247966083 0.908327271775107
0 -934.600872233081 -34.1403835530675  482.914345311481 -0.102659562179112 0.401663802885006 -0.0879838295122656 0.905751648902449
0 -948.815216999442 -34.8173434064378  491.331602758524 -0.110870725154196 0.387639631436022 -0.0798682062782704 0.911627263781541
0 -960.371768051651 -35.4448271251131  499.829063663226 -0.120112097837156 0.388998585464514 -0.0758843820389357 0.910216867028036
0 -976.101839585959 -36.1002576058337  510.297596898653 -0.11408677684673 0.38524894364115 -0.0843976217330727 0.911835785773899
0 -984.831677885595 -37.2572015465087   514.34779085617 -0.117506941537414 0.369187451308296 -0.0846643987548043 0.91800037258734
0 -994.225910293724 -37.1097720491926  522.123873229611 -0.12455476308548 0.378740329339278 -0.076300503814048 0.91390377340419
0 -1015.02347359283  -38.611486889904  535.264804701776 -0.126623360532907 0.359669700851048 -0.0796499082983213 0.921010381572944
0 -1028.31350699737 -39.0270697199606  545.310651326945 -0.128067825103574 0.384556383158576 -0.0696803711570482 0.911515038943764
0 -1036.49339553744 -39.3309634693316  551.143261500319 -0.124202674302929 0.391182243703537 -0.0717762564458407 0.909064528467417
0 -1046.83017428439 -40.1064888821325    557.9403506125 -0.1216354519967 0.394671579911091 -0.0723496827441502 0.907857193745174
0 -1063.05573318833 -42.2569974337836  570.099626144694 -0.11211256981827 0.334066265700509 -0.09393006254281 0.931132453070112
0 -1088.21345601251 -42.5911454651741  586.806733695969 -0.127347976088402 0.342817717041621 -0.109038712702373 0.924320866907574
0 -1098.75607725213 -43.2881600725249  594.161858429223 -0.1269381596932 0.324708262237235 -0.10165396449339 0.931728350728556
0 -1117.71965071731  -44.329771680639  607.617416538437 -0.143727081427906 0.319985502717166 -0.0891463619334577 0.932204232059203
0 -1130.26269903683 -45.1497370820872  617.330566601309 -0.13748396155075 0.307363690020672 -0.0819336583148085 0.938036565389825
0 -1147.54781893223 -46.0227122611204  629.417969880862 -0.136076951586672 0.329188646728085 -0.0874851442103482 0.930303309493579
0 -1153.70559143003 -46.8869887082771  633.771415118538 -0.132959905503955 0.32003947476617 -0.0926995946295637 0.933436223464297
0  -1166.8785017189 -46.9462261864535   643.73620027406 -0.124550862361432 0.377991223994602 -0.0739104654751099 0.914410717545097
0 -1175.51297188963 -47.8301316552767  649.009177987837 -0.10252913768048 0.407677525584821 -0.0614622671556481 0.905267474714309
0 -1186.54556603772  -48.048753793264  657.810777486094 -0.0899090712883795 0.479149730907098 -0.0474482788633807 0.871825989005042
0 -1195.44348565797  -48.976660348252  663.936328869524 -0.0883314074430933 0.532645984146312 -0.0538562162000006 0.839991265435866
0 -1208.35850805864 -49.5305654929882  673.036585790146 -0.0713680846567167 0.582232347850101 -0.0396955374571613 0.808910596985463
0 -1233.18844951828 -50.6478060010757  691.695531465728 -0.0803865563023165 0.595191273209685 -0.0448971781651343 0.798291671792771
0 -1278.26567263304  -52.892470371667  724.670182165952 -0.0780855998721616 0.60319236370533 -0.0450199451048638 0.792486476858083
0 -1321.85212987245 -58.6019052553889  760.241339093675 -0.106422845808207 0.590849496728382 -0.025752862455246 0.799317108650416
0 -1414.40899835932 -60.3954544718593    830.1640545731 -0.0903564312866303 0.655708980137132 -0.0233050623607642 0.749225148243856
0 -1423.38618295074  -60.335394210533  836.485204446593 -0.0765436546949558 0.6598581915035 -0.015238640234376 0.747325912755256
0 -1435.38953032386   -60.88756777415  846.250201889717 -0.0666721148202116 0.66202664513023 -0.00238416297773519 0.746505101127855
0 -1454.66259061022 -61.9607525695473  861.561340448995 -0.092624221110697 0.666430537136603 -0.00961679874246801 0.739728740835045
0 -1466.33909653051 -66.1782551536139  871.452057281644 -0.0894529200922987 0.628643437995044 -0.020886801086504 0.772249535120031
0 -1485.84016601692 -63.8571860282167  887.509020325247 -0.0946377389699875 0.66999671879621 -0.0182112216591678 0.73608182056796
0 -1505.34196173915 -65.1276668237755  903.709714767468 -0.102022483160059 0.694753399933747 -0.0269649644560916 0.71146469828252
0 -1535.43298420239 -68.5487491338199  926.592110664408 -0.102272280560588 0.680923497583979 -0.00939603207900769 0.725117428867978
0 -1566.74318315683  -69.570672703194   955.20361963677 -0.104278372033049 0.683760777175561 -0.0147252238565843 0.722066747956713
0 -1578.57785487224 -70.4338293295531  966.522199554111 -0.106533952135037 0.682521661180221 -0.0179334728458154 0.722836834710275
0 -1593.72352493934 -71.6653588260401  978.588108360533 -0.102200099372681 0.682377437845951 -0.018058018581815 0.723595245957233
0 -1619.87935667767 -74.9293197502618  994.444635514102 -0.0880585059213385 0.671918203340288 -0.0187138707535847 0.735133605949476
0 -1656.21788552183 -76.3007590173431  1027.96891451771 -0.0718809317180874 0.67530931344595 -0.0143579017964181 0.733883038013894
0 -1682.48467095062 -80.0107276125704  1050.14910113157 -0.0871028575565974 0.667035991506127 -0.0556094081404794 0.737823604913247
0 -1756.95963017928 -83.3110078156901   1111.0630780173 -0.0963771585346721 0.669246119385531 -0.0568943913831407 0.734563886417875
0 -1785.80308848897 -85.7270611761473   1135.7811483938 -0.0870007047888619 0.64849646748033 -0.0462363122987065 0.754814819976921
0 -1799.89721472949 -86.0701228950849  1147.85194334031 -0.0854920084427472 0.65475008724513 -0.0311763697340542 0.75034756860746
0  -1823.2957919898 -88.2433400153449  1169.02901966785 -0.100064568078597 0.628807192082489 -0.0656067555636589 0.768299649241746
0 -1835.46224924698  -88.167087926226  1178.75795235485 -0.0872082114316611 0.629295963523187 -0.0750269751759896 0.768604105602003
0 -1846.75054101227 -88.9215783009972   1188.4237617275 -0.108232848972653 0.594864247253576 -0.0837603692297063 0.792089880183558
0 -1856.58574448521 -90.2949585242915  1197.95685170811 -0.122080994906633 0.544657823215844 -0.0988273325802894 0.823818696454171
0 -1869.42129940331 -90.2171295080936  1207.34320119577 -0.140631515102366 0.513617970010498 -0.113372696907122 0.838788405641324
0 -1882.09994520363 -98.1144536468632  1229.23690238016 -0.123374016036431 0.356260069298425 -0.165583357837613 0.911284679338869
0 -1902.85285387823 -92.5891252475021  1235.98251192986 -0.165179062598189 0.399536001421485 -0.134436917059031 0.891635338116978
0 -1971.21694396469 -88.6720180274089  1257.60311291484 -0.145831246196937 0.359550695483522 -0.151319412168184 0.909152891713511
0 -1968.50991256048  -94.980921041264  1290.78101180949 -0.168777714743665 0.385510887448311 -0.145921353690553 0.895322510161471
0 -1987.58233347507 -92.5215451739634  1287.25541300507 -0.166809962342291 0.305149544364376 -0.159730540508266 0.92387463785219
0 -2004.22629394188 -97.0221038560643  1316.07919029459 -0.186204812174132 0.293497832171966 -0.164136541369632 0.923171699209182
0 -2019.38988019622 -99.7741313887272  1321.13517254108 -0.201275811687619 0.292654552239033 -0.15923458303568 0.92113283963211
0 -2049.46296717582  -94.988270551644   1328.7877383973 -0.184059286187221 0.24237991549006 -0.175819154214998 0.936195375307102
0 -2054.64987303658 -96.2145360776607  1346.62284647345 -0.181551780482385 0.283256027720522 -0.154163244205545 0.928998744832138
0 -2078.70279224871 -97.6401186290188  1361.62373648569 -0.174326814216275 0.237094756542381 -0.177191479564233 0.939148240606962
0 -2084.54098897494 -97.9074165859624  1372.49981348487 -0.167895751156462 0.234667570996796 -0.184137490364321 0.939593280365713
0 -2085.39852801145 -113.045357650334  1424.93383363803 -0.134121018264146 0.0849749730064353 -0.258700333411856 0.952819470789162
0 -2119.06747644628 -99.0173898125985  1401.39493862952 -0.173139005624502 0.231545422759425 -0.182351592575885 0.939764597447444
0 -2131.99379834719 -103.908283336803  1424.45033231269 -0.179439469771634 0.18175117380958 -0.202935070141396 0.945296432244204
0 -2157.45616370832 -103.212029579306  1432.74894541231 -0.208271636821506 0.165978420062431 -0.210568598113054 0.940603505658986
0  -2176.1777929111 -101.830549224215  1450.14961887915 -0.215944234843079 0.199981571113895 -0.182350418269216 0.938149126530477
0 -2188.21802937403 -106.550697298132  1453.16771378289 -0.18860605263526 0.0172659180463865 -0.27620046721287 0.942254183803263
0 -2197.50591674886 -102.874542660784  1464.36837117632 -0.192400056835651 0.144619114670624 -0.197107620546652 0.950376828276006
0  -2213.6747614137 -103.954880892451  1471.52646752408 -0.218263637597773 0.143296804214561 -0.184844307890264 0.947448991896161
0 -2224.44865415286 -105.448248689543  1473.48313700207 -0.238360526202505 0.0447629608778662 -0.229710697318955 0.942556912031921
