1520530315.549643 1.304514 0.418066
1520530315.649646 1.245105 0.317882
1520530315.749639 1.217114 0.265480
1520530315.899643 1.196898 0.220133
1520530316.100221 1.181016 0.208402
1520530316.250226 1.189473 0.206724
1520530316.400230 1.186995 0.188906
1520530316.600278 1.193057 0.179134
1520530316.800284 1.192699 0.175009
1520530316.949773 1.207904 0.168922
1520530317.049776 1.219008 0.156831
1520530317.249782 1.228775 0.134982
1520530317.399745 1.222645 0.120614
1520530317.599752 1.211716 0.108378
1520530317.750237 1.203761 0.103460
1520530317.900242 1.202330 0.101080
1520530318.050246 1.202367 0.100763
1520530318.150816 1.205464 0.100320
1520530318.300772 1.208652 0.098962
1520530318.450777 1.220762 0.096264
1520530318.600567 1.232863 0.093714
1520530318.750571 1.229727 0.087557
1520530318.900576 1.228932 0.085176
1520530318.999955 1.245342 0.084044
1520530319.049958 1.247466 0.082458
1520530319.199962 1.253516 0.076955
1520530319.349967 1.250763 0.071302
1520530319.449833 1.245804 0.067926
1520530319.599838 1.247193 0.065476
1520530319.749942 1.241536 0.064324
1520530319.850343 1.239535 0.064337
1520530319.950346 1.239644 0.063404
1520530320.050349 1.241586 0.061701
1520530320.150352 1.239935 0.060323
1520530320.250402 1.240305 0.059008
1520530320.400407 1.237712 0.057775
1520530320.550412 1.238032 0.056820
1520530320.649871 1.239586 0.055867
1520530320.799876 1.244839 0.053400
1520530320.949880 1.249521 0.051103
1520530321.099742 1.248936 0.049259
1520530321.199745 1.252021 0.048420
1520530321.349750 1.252486 0.047069
1520530321.499857 1.246993 0.045594
1520530321.599860 1.245952 0.044887
1520530321.699863 1.245708 0.044274
1520530321.850152 1.249474 0.043744
1520530322.000157 1.252823 0.042801
1520530322.150162 1.254325 0.041962
1520530322.350210 1.251893 0.041712
1520530322.550216 1.255842 0.041382
1520530322.700026 1.264178 0.040938
1520530322.850030 1.265259 0.038128
1520530323.050036 1.261523 0.037333
1520530323.200077 1.262351 0.036924
1520530323.350082 1.264640 0.036600
1520530323.450085 1.264540 0.035903
1520530323.550346 1.265969 0.034843
1520530323.650349 1.266242 0.034067
1520530323.800354 1.266083 0.033461
1520530323.950154 1.264294 0.033118
1520530324.100159 1.266539 0.032917
1520530324.250163 1.271453 0.032670
1520530324.349910 1.276359 0.032475
1520530324.449913 1.276838 0.032182
1520530324.549915 1.275369 0.031816
1520530324.649919 1.274470 0.031545
1520530324.750020 1.272412 0.031342
1520530324.900024 1.272124 0.031213
1520530325.050029 1.272518 0.031090
1520530325.150817 1.273689 0.030944
1520530325.350824 1.272081 0.030381
1520530325.600915 1.276660 0.029346
1520530325.800921 1.273813 0.028523
1520530325.950541 1.270621 0.028178
1520530326.100546 1.271026 0.027891
1520530326.250551 1.275129 0.027572
1520530326.400206 1.275542 0.027375
1520530326.600213 1.275300 0.027246
1520530326.800428 1.274405 0.027212
1520530327.000434 1.274301 0.026590
1520530327.150431 1.274972 0.026113
1520530327.300436 1.275403 0.025743
1520530327.450441 1.275484 0.025492
1520530327.550090 1.276566 0.025317
1520530327.650103 1.276992 0.025078
1520530327.750096 1.277437 0.024856
1520530327.800097 1.277444 0.024764
1520530327.900100 1.276461 0.024643
1520530328.000280 1.277008 0.024486
1520530328.100283 1.276871 0.024309
1520530328.300290 1.275709 0.024054
1520530328.350291 1.276926 0.024035
1520530328.450338 1.278223 0.023992
1520530328.500340 1.278104 0.023975
1520530328.600344 1.277479 0.023950
1520530328.700347 1.277421 0.023920
1520530328.800086 1.277071 0.023879
1520530328.900089 1.276929 0.023787
1520530329.000092 1.277862 0.023635
1520530329.100095 1.278099 0.023490
1520530329.200044 1.278577 0.023333
1520530329.300047 1.279889 0.023175
1520530329.400050 1.279939 0.022971
1520530329.600097 1.280206 0.022683
1520530329.700100 1.280511 0.022600
1520530329.750102 1.280435 0.022571
1520530329.850105 1.280524 0.022519
1520530329.950109 1.280811 0.022469
1520530330.050161 1.281687 0.022375
1520530330.150164 1.283314 0.022227
1520530330.250167 1.284646 0.021979
1520530330.350170 1.285507 0.021718
1520530330.450787 1.285392 0.021505
1520530330.500788 1.284868 0.021439
1520530330.600792 1.284869 0.021375
1520530330.700795 1.285801 0.021360
1520530330.750797 1.286057 0.021343
1520530330.850367 1.286567 0.021297
1520530330.900277 1.286019 0.021248
1520530331.000280 1.286148 0.021140
1520530331.100283 1.287075 0.021058
1520530331.200286 1.288669 0.020999
1520530331.300736 1.288563 0.020953
1520530331.400740 1.288987 0.020929
1520530331.500743 1.289083 0.020922
1520530331.550744 1.289236 0.020912
1520530331.650479 1.289206 0.020855
1520530331.700481 1.289334 0.020789
1520530331.800484 1.289266 0.020579
1520530331.850486 1.289129 0.020417
1520530331.950489 1.289401 0.020128
1520530332.050387 1.290488 0.019884
1520530332.150390 1.322387 0.027058
1520530332.250393 1.323984 0.026129
1520530332.350396 1.324940 0.026004
1520530332.450399 1.324832 0.025921
1520530332.550483 1.323849 0.025908
1520530332.600486 1.323608 0.025908
1520530332.700489 1.324168 0.025867
1520530332.800492 1.325370 0.025781
1520530332.900164 1.326817 0.025664
1520530333.000168 1.328284 0.025538
1520530333.100171 1.330435 0.025475
1520530333.150173 1.330749 0.025448
1520530333.250175 1.331486 0.025377
1520530333.300608 1.331032 0.025307
1520530333.400612 1.331426 0.025181
1520530333.500615 1.331147 0.025076
1520530333.650619 1.334017 0.025055
1520530333.750542 1.334678 0.025025
1520530333.800544 1.333877 0.025019
1520530333.900547 1.333960 0.025014
1520530333.950549 1.334292 0.025010
1520530334.050551 1.334476 0.024945
1520530334.100216 1.336373 0.024856
1520530334.200219 1.336050 0.024635
1520530334.250221 1.338711 0.024544
1520530334.350224 1.338454 0.024374
1520530334.400225 1.338634 0.024303
1520530334.500228 1.338894 0.024193
1520530334.600088 1.338943 0.024099
1520530334.700091 1.339979 0.024044
1520530334.800094 1.340487 0.023980
1520530334.900097 1.340410 0.023905
1520530334.950928 1.340541 0.023881
1520530335.050931 1.339956 0.023841
1520530335.150934 1.339650 0.023828
1520530335.250937 1.339558 0.023806
1520530335.351457 1.339950 0.023793
1520530335.451459 1.340299 0.023787
1520530335.551462 1.340509 0.023779
1520530335.651465 1.341129 0.023771
1520530335.750223 1.341455 0.023761
1520530335.850226 1.341722 0.023751
1520530335.950229 1.341827 0.023714
1520530336.050232 1.341637 0.023669
1520530336.150177 1.341405 0.023617
1520530336.250180 1.340529 0.023546
1520530336.350183 1.340483 0.023456
1520530336.450186 1.340062 0.023291
1520530336.550582 1.339790 0.023137
1520530336.650586 1.339432 0.023040
1520530336.750588 1.339590 0.022937
1520530336.850591 1.338514 0.022895
1520530336.950594 1.338554 0.022870
1520530337.000258 1.337645 0.022853
1520530337.100266 1.337389 0.022797
1520530337.200351 1.337007 0.022782
1520530337.300267 1.337158 0.022754
1520530337.400301 1.337281 0.022738
1520530337.500304 1.337216 0.022709
1520530337.600307 1.338263 0.022675
1520530337.700310 1.339193 0.022629
1520530337.800854 1.338720 0.022483
1520530337.900857 1.339351 0.022379
1520530338.000860 1.338574 0.022246
1520530338.100863 1.337879 0.022182
1520530338.200470 1.336422 0.022124
1520530338.250473 1.335759 0.022108
1520530338.350476 1.335026 0.022082
1520530338.450479 1.334407 0.022061
1520530338.550482 1.333781 0.022046
1520530338.650261 1.333828 0.022010
1520530338.750266 1.333995 0.021982
1520530338.850267 1.333209 0.021952
1520530338.950270 1.333459 0.021919
1520530339.050959 1.333232 0.021872
1520530339.150962 1.333700 0.021834
1520530339.250965 1.333381 0.021818
1520530339.350968 1.333341 0.021801
1520530339.451687 1.333324 0.021796
1520530339.551690 1.333510 0.021792
1520530339.651693 1.333017 0.021781
1520530339.751697 1.333259 0.021759
1520530339.801698 1.333508 0.021745
1520530339.901057 1.333768 0.021720
1520530340.001061 1.334519 0.021697
1520530340.101063 1.334971 0.021674
1520530340.201067 1.335911 0.021649
1520530340.250395 1.336183 0.021632
1520530340.350399 1.336402 0.021590
1520530340.450401 1.336478 0.021547
1520530340.550404 1.336735 0.021508
1520530340.650347 1.336950 0.021471
1520530340.750350 1.336925 0.021459
1520530340.900354 1.337250 0.021443
1520530341.050774 1.337522 0.021435
1520530341.300782 1.338321 0.021416
1520530341.500713 1.337940 0.021405
1520530341.700719 1.337938 0.021396
1520530341.900542 1.338397 0.021374
1520530342.050546 1.338184 0.021350
1520530342.200551 1.338078 0.021315
1520530342.350675 1.337838 0.021276
1520530342.500679 1.337602 0.021234
1520530342.650684 1.337847 0.021181
1520530342.750644 1.337437 0.021142
1520530342.850648 1.336191 0.021075
1520530342.950651 1.335774 0.021001
1520530343.050654 1.336262 0.020928
1520530343.151133 1.336466 0.020830
1520530343.251136 1.336385 0.020712
1520530343.351140 1.336036 0.020576
1520530343.401141 1.335981 0.020525
1520530343.501404 1.335917 0.020387
1520530343.601407 1.335314 0.020218
1520530343.701410 1.336231 0.020080
1520530343.801413 1.336425 0.019936
1520530343.901416 1.336583 0.019783
1520530344.001403 1.336461 0.019614
1520530344.101406 1.336439 0.019442
1520530344.201410 1.336811 0.019289
1520530344.301413 1.337030 0.019144
1520530344.401411 1.336907 0.019016
1520530344.451412 1.337111 0.018964
1520530344.551415 1.337305 0.018846
1520530344.651418 1.337382 0.018745
1520530344.751636 1.337209 0.018629
1520530344.851639 1.337336 0.018554
1520530344.951642 1.337500 0.018494
1520530345.051645 1.337721 0.018417
1520530345.151845 1.337844 0.018356
1520530345.251745 1.337937 0.018293
1520530345.351748 1.338089 0.018245
1520530345.451751 1.338357 0.018197
1520530345.551195 1.338062 0.018157
1520530345.651198 1.338321 0.018135
1520530345.751201 1.337972 0.018081
1520530345.851204 1.337684 0.018064
1520530345.901206 1.337800 0.018047
1520530346.001475 1.337939 0.018028
1520530346.051476 1.337498 0.018005
1520530346.151479 1.337635 0.017993
1520530346.251483 1.338233 0.017983
1520530346.351486 1.338491 0.017962
1520530346.401376 1.338698 0.017947
1520530346.501379 1.338305 0.017940
1520530346.601382 1.337960 0.017932
1520530346.701385 1.337779 0.017917
1520530346.801545 1.337638 0.017905
1520530346.851546 1.337996 0.017905
1520530346.951549 1.338247 0.017897
1520530347.051553 1.338015 0.017888
1520530347.151556 1.338067 0.017881
1520530347.251402 1.338103 0.017879
1520530347.351405 1.338222 0.017871
1520530347.401407 1.338181 0.017869
1520530347.501410 1.337989 0.017863
1520530347.601218 1.337642 0.017862
1520530347.701222 1.337366 0.017857
1520530347.801224 1.337364 0.017856
1520530347.901227 1.337366 0.017852
1520530348.001163 1.337386 0.017844
1520530348.101166 1.337430 0.017845
1520530348.201169 1.337289 0.017840
1520530348.301184 1.337175 0.017841
1520530348.401175 1.337067 0.017839
1520530348.501419 1.337073 0.017838
1520530348.601422 1.337113 0.017836
1520530348.701425 1.337243 0.017832
1520530348.751426 1.337048 0.017836
1520530348.851315 1.337049 0.017835
1520530348.901315 1.336911 0.017833
1520530349.001320 1.337007 0.017834
1520530349.051321 1.337034 0.017833
1520530349.151325 1.336858 0.017832
1520530349.251106 1.336738 0.017832
1520530349.351109 1.336863 0.017833
1520530349.401110 1.336928 0.017829
1520530349.501114 1.336974 0.017833
1520530349.601117 1.336847 0.017831
1520530349.700937 1.336913 0.017832
1520530349.800940 1.336925 0.017832
1520530349.900986 1.336883 0.017830
1520530349.950944 1.336905 0.017831
1520530350.051376 1.336918 0.017830
1520530350.101378 1.336925 0.017827
1520530350.201381 1.336860 0.017828
1520530350.251384 1.336861 0.017827
1520530350.351387 1.336846 0.017828
1520530350.451515 1.336848 0.017827
1520530350.551518 1.336845 0.017826
1520530350.601520 1.336835 0.017824
1520530350.701523 1.336914 0.017823
1520530350.801526 1.336881 0.017824
1520530350.901571 1.336798 0.017823
1520530351.001574 1.336759 0.017821
1520530351.101578 1.336792 0.017821
1520530351.201581 1.336862 0.017820
1520530351.301683 1.336927 0.017819
1520530351.401685 1.336890 0.017816
1520530351.501759 1.336828 0.017816
1520530351.601688 1.336814 0.017814
1520530351.701695 1.336688 0.017815
1520530351.801698 1.336792 0.017809
1520530351.901701 1.336785 0.017811
1520530352.001704 1.336681 0.017811
1520530352.101805 1.336688 0.017810
1520530352.201808 1.336685 0.017809
1520530352.301811 1.336766 0.017807
1520530352.401814 1.336844 0.017806
1520530352.501469 1.336766 0.017806
1520530352.601472 1.336700 0.017806
1520530352.701475 1.336827 0.017805
1520530352.801478 1.336858 0.017805
1520530352.901098 1.337052 0.017801
1520530352.951099 1.336798 0.017804
1520530353.051102 1.336865 0.017804
1520530353.151105 1.336872 0.017803
1520530353.251108 1.336905 0.017799
1520530353.351398 1.336888 0.017802
1520530353.451401 1.336713 0.017802
1520530353.501402 1.336725 0.017800
1520530353.601405 1.336819 0.017801
1520530353.701408 1.337007 0.017797
1520530353.801738 1.337210 0.017790
1520530353.901741 1.336999 0.017798
1520530354.001744 1.336875 0.017799
1520530354.101747 1.336439 0.017799
1520530354.201897 1.336648 0.017797
1520530354.301900 1.336512 0.017797
1520530354.351902 1.336377 0.017794
1520530354.451905 1.336558 0.017795
1520530354.551594 1.336610 0.017795
1520530354.601593 1.336660 0.017796
1520530354.701596 1.336705 0.017796
1520530354.801599 1.336717 0.017795
1520530354.951359 1.336731 0.017792
1520530355.051362 1.336615 0.017792
1520530355.151365 1.336676 0.017792
1520530355.251368 1.336515 0.017791
1520530355.351371 1.336554 0.017791
1520530355.451408 1.336479 0.017792
1520530355.551411 1.336483 0.017791
1520530355.651416 1.336473 0.017789
1520530355.751418 1.336541 0.017787
1520530355.851533 1.336604 0.017790
1520530355.901534 1.336793 0.017787
1520530356.001537 1.336394 0.017788
1520530356.051539 1.336369 0.017789
1520530356.151542 1.336501 0.017789
1520530356.201376 1.336494 0.017787
1520530356.301379 1.336383 0.017788
1520530356.351380 1.336477 0.017789
1520530356.451383 1.336598 0.017788
1520530356.551386 1.336579 0.017788
1520530356.651234 1.336385 0.017789
1520530356.701236 1.336347 0.017786
1520530356.801239 1.336352 0.017788
1520530356.851240 1.336462 0.017786
1520530356.951243 1.336515 0.017786
1520530357.051154 1.336541 0.017786
1520530357.151157 1.336490 0.017786
1520530357.251160 1.336446 0.017786
1520530357.301162 1.336507 0.017786
1520530357.401658 1.336540 0.017786
1520530357.451660 1.336546 0.017784
1520530357.551663 1.336480 0.017786
1520530357.651666 1.336494 0.017786
1520530357.751669 1.336548 0.017786
1520530357.851585 1.336528 0.017783
1520530357.901559 1.336477 0.017784
1520530358.001562 1.336525 0.017784
1520530358.101565 1.336496 0.017784
1520530358.201568 1.336437 0.017784
1520530358.301626 1.336438 0.017784
1520530358.401629 1.336466 0.017783
1520530358.501632 1.336530 0.017783
1520530358.601636 1.336502 0.017784
1520530358.701800 1.336523 0.017783
1520530358.801803 1.336521 0.017783
1520530358.901806 1.336510 0.017781
1520530359.001810 1.336533 0.017782
1520530359.101811 1.336507 0.017782
1520530359.201810 1.336572 0.017779
1520530359.301813 1.336443 0.017780
1520530359.401817 1.336499 0.017781
1520530359.501870 1.336510 0.017781
1520530359.601873 1.336679 0.017779
1520530359.701876 1.336535 0.017780
1520530359.801879 1.336492 0.017781
1520530359.901826 1.336508 0.017779
1520530360.001829 1.336663 0.017780
1520530360.101832 1.336859 0.017778
1520530360.201836 1.337197 0.017776
1520530360.251837 1.336993 0.017776
1520530360.351317 1.337081 0.017778
1520530360.401319 1.336913 0.017777
1520530360.501323 1.336848 0.017778
1520530360.601326 1.337030 0.017779
1520530360.700978 1.337158 0.017778
1520530360.800981 1.336880 0.017777
1520530360.900984 1.336979 0.017776
1520530361.000988 1.337345 0.017775
1520530361.101044 1.337882 0.017771
1520530361.201047 1.337288 0.017777
1520530361.301050 1.337148 0.017776
1520530361.401053 1.337022 0.017777
1520530361.501690 1.336858 0.017776
1520530361.551692 1.337026 0.017774
1520530361.651695 1.336918 0.017768
1520530361.751698 1.337018 0.017774
1520530361.801700 1.336993 0.017777
1520530361.901939 1.337000 0.017776
1520530361.951941 1.337032 0.017777
1520530362.051944 1.337229 0.017776
1520530362.151947 1.337094 0.017776
1520530362.251950 1.337012 0.017774
1520530362.351623 1.337201 0.017775
1520530362.451626 1.337429 0.017773
1520530362.551629 1.337537 0.017775
1520530362.651727 1.337561 0.017772
1520530362.751364 1.337789 0.017771
1520530362.801366 1.337613 0.017770
1520530362.901369 1.337539 0.017772
1520530363.001372 1.337499 0.017773
1520530363.101375 1.337512 0.017772
1520530363.201651 1.337549 0.017769
1520530363.301654 1.337630 0.017770
1520530363.401658 1.337889 0.017769
1520530363.501661 1.337924 0.017770
1520530363.601746 1.337834 0.017771
1520530363.701749 1.337545 0.017772
1520530363.751751 1.337589 0.017771
1520530363.851754 1.337648 0.017770
1520530363.901756 1.337796 0.017771
1520530364.001782 1.338062 0.017769
1520530364.051784 1.338145 0.017769
1520530364.151786 1.338370 0.017767
1520530364.201788 1.337983 0.017765
1520530364.301791 1.337921 0.017769
1520530364.351792 1.337891 0.017769
1520530364.451854 1.338033 0.017766
1520530364.501856 1.337832 0.017767
1520530364.601859 1.337780 0.017767
1520530364.651861 1.337751 0.017769
1520530364.751864 1.337697 0.017770
1520530364.852377 1.337712 0.017771
1520530364.952380 1.337731 0.017770
1520530365.052383 1.337712 0.017770
1520530365.201844 1.337817 0.017771
1520530365.301847 1.337800 0.017770
1520530365.401850 1.337843 0.017771
1520530365.501853 1.337885 0.017770
1520530365.601535 1.337957 0.017770
1520530365.701539 1.337944 0.017768
1520530365.801546 1.337918 0.017766
1520530365.901545 1.337927 0.017768
1520530366.001907 1.337984 0.017769
1520530366.051908 1.337916 0.017768
1520530366.151911 1.337899 0.017769
1520530366.201913 1.337903 0.017768
1520530366.301916 1.337905 0.017768
1520530366.351918 1.337918 0.017768
1520530366.452121 1.337931 0.017768
1520530366.552125 1.337975 0.017767
1520530366.652128 1.338006 0.017767
1520530366.702130 1.338008 0.017766
1520530366.802133 1.338028 0.017767
1520530366.902167 1.337963 0.017767
1520530367.002170 1.337956 0.017766
1520530367.052172 1.337957 0.017767
1520530367.152175 1.337941 0.017767
1520530367.252540 1.337995 0.017766
1520530367.352543 1.337910 0.017767
1520530367.452546 1.337901 0.017766
1520530367.552549 1.337894 0.017766
1520530367.652264 1.337935 0.017767
1520530367.752267 1.338051 0.017767
1520530367.852271 1.338052 0.017767
1520530367.952274 1.338027 0.017766
1520530368.052124 1.338015 0.017766
1520530368.152127 1.337999 0.017766
1520530368.252130 1.338161 0.017765
1520530368.352134 1.338095 0.017766
1520530368.402135 1.337829 0.017766
1520530368.502050 1.338190 0.017764
1520530368.552051 1.338131 0.017764
1520530368.652054 1.338038 0.017765
1520530368.752057 1.338046 0.017765
1520530368.851389 1.338236 0.017761
1520530368.901391 1.338093 0.017766
1520530369.001394 1.338050 0.017766
1520530369.051395 1.337997 0.017765
1520530369.151398 1.338100 0.017765
1520530369.201400 1.337954 0.017765
1520530369.301537 1.337717 0.017766
1520530369.351538 1.338063 0.017765
1520530369.451542 1.338119 0.017765
1520530369.551545 1.338139 0.017765
1520530369.601546 1.338080 0.017766
1520530369.701896 1.337989 0.017765
1520530369.801900 1.338047 0.017765
1520530369.901903 1.338086 0.017765
1520530370.051908 1.338071 0.017765
1520530370.201933 1.338114 0.017765
1520530370.351937 1.338095 0.017765
1520530370.551883 1.338200 0.017764
1520530370.701889 1.338196 0.017759
1520530370.901941 1.338179 0.017764
1520530371.051946 1.338159 0.017765
1520530371.151949 1.338150 0.017765
1520530371.301953 1.338124 0.017765
1520530371.401953 1.338115 0.017764
1520530371.501956 1.338151 0.017764
1520530371.651961 1.338114 0.017765
1520530371.801961 1.337983 0.017764
1520530371.901964 1.337954 0.017763
1520530372.001968 1.338044 0.017764
1520530372.101971 1.337887 0.017757
1520530372.251958 1.338085 0.017762
1520530372.401963 1.338226 0.017762
1520530372.551956 1.338076 0.017765
1520530372.651960 1.338073 0.017763
1520530372.751963 1.338145 0.017761
1520530372.851966 1.338041 0.017761
1520530372.951617 1.338069 0.017763
1520530373.051620 1.338012 0.017763
1520530373.201626 1.338278 0.017764
1520530373.301629 1.337834 0.017763
1520530373.401458 1.337987 0.017762
1520530373.501461 1.338094 0.017763
1520530373.551463 1.338018 0.017763
1520530373.651466 1.337964 0.017762
1520530373.751469 1.338193 0.017763
1520530373.851583 1.338256 0.017763
1520530373.951586 1.338116 0.017763
1520530374.051589 1.338278 0.017762
1520530374.151592 1.338110 0.017762
1520530374.251955 1.338089 0.017763
1520530374.351958 1.338081 0.017762
1520530374.451961 1.338082 0.017762
1520530374.551964 1.338119 0.017763
1520530374.652408 1.338175 0.017763
1520530374.802413 1.337958 0.017762
1520530374.902417 1.338141 0.017763
1520530375.002442 1.338224 0.017764
1520530375.102445 1.338264 0.017761
1520530375.202449 1.338222 0.017762
1520530375.302452 1.338076 0.017761
1520530375.402252 1.338021 0.017760
1520530375.502216 1.338158 0.017759
1520530375.602219 1.338197 0.017762
1520530375.652220 1.338144 0.017762
1520530375.752223 1.338116 0.017762
1520530375.802225 1.338109 0.017761
1520530375.902259 1.337950 0.017762
1520530376.002262 1.338307 0.017762
1520530376.052264 1.338151 0.017762
1520530376.152267 1.338118 0.017762
1520530376.202270 1.338093 0.017763
1520530376.301951 1.338218 0.017761
1520530376.401954 1.338237 0.017762
1520530376.501958 1.338221 0.017762
1520530376.601961 1.338207 0.017762
1520530376.652663 1.338304 0.017762
1520530376.752666 1.338236 0.017761
1520530376.802668 1.338231 0.017761
1520530376.902671 1.338223 0.017759
1520530376.952672 1.338223 0.017762
1520530377.052898 1.338202 0.017762
1520530377.152900 1.338254 0.017762
1520530377.252903 1.338216 0.017758
1520530377.352906 1.338079 0.017761
1520530377.451719 1.338170 0.017761
1520530377.501720 1.338203 0.017760
1520530377.601723 1.338224 0.017762
1520530377.701726 1.338393 0.017757
1520530377.801730 1.338300 0.017761
1520530377.901409 1.338295 0.017762
1520530378.001412 1.338293 0.017762
1520530378.051414 1.338283 0.017762
1520530378.151417 1.338347 0.017762
1520530378.201419 1.338337 0.017762
1520530378.301511 1.338238 0.017761
1520530378.351513 1.338215 0.017759
1520530378.451516 1.338219 0.017760
1520530378.501517 1.338253 0.017760
1520530378.601571 1.338332 0.017762
1520530378.651522 1.338355 0.017762
1520530378.752210 1.338409 0.017758
1520530378.852213 1.338280 0.017761
1520530378.952216 1.338300 0.017762
1520530379.052220 1.338198 0.017762
1520530379.152151 1.338161 0.017762
1520530379.252154 1.338244 0.017762
1520530379.352157 1.338297 0.017762
1520530379.452160 1.338341 0.017762
1520530379.551852 1.338326 0.017762
1520530379.651855 1.338213 0.017761
1520530379.751858 1.338166 0.017760
1520530379.851861 1.338209 0.017761
1520530379.951826 1.338255 0.017762
1520530380.051829 1.338277 0.017762
1520530380.101830 1.338238 0.017762
1520530380.201888 1.338325 0.017761
1520530380.301736 1.338321 0.017762
1520530380.402163 1.338323 0.017760
1520530380.502165 1.338423 0.017759
1520530380.552166 1.338473 0.017761
1520530380.652170 1.338592 0.017761
1520530380.702171 1.338547 0.017762
1520530380.802136 1.339138 0.017762
1520530380.902139 1.338728 0.017755
1520530380.952141 1.338386 0.017756
1520530381.052144 1.338290 0.017761
1520530381.102146 1.338453 0.017758
1520530381.202049 1.338410 0.017761
1520530381.302052 1.338297 0.017761
1520530381.402056 1.338293 0.017763
1520530381.502058 1.338152 0.017761
1520530381.602264 1.338186 0.017762
1520530381.702267 1.338178 0.017762
1520530381.802324 1.338190 0.017762
1520530381.902273 1.338206 0.017762
1520530382.002334 1.338204 0.017761
1520530382.102337 1.338177 0.017761
1520530382.202340 1.338227 0.017762
1520530382.302343 1.338286 0.017762
1520530382.402160 1.338334 0.017762
1520530382.502164 1.338265 0.017762
1520530382.602167 1.338214 0.017761
1520530382.702170 1.338185 0.017762
1520530382.802244 1.338266 0.017762
1520530382.952249 1.338251 0.017762
1520530383.052252 1.338347 0.017762
1520530383.202206 1.338308 0.017762
1520530383.302209 1.338283 0.017762
1520530383.402267 1.338334 0.017762
1520530383.502216 1.338378 0.017763
1520530383.602472 1.338319 0.017762
1520530383.702475 1.338288 0.017763
1520530383.802478 1.338385 0.017762
1520530383.902481 1.338498 0.017762
1520530384.002530 1.338685 0.017762
1520530384.102533 1.338966 0.017761
1520530384.202536 1.339244 0.017762
1520530384.302539 1.339419 0.017759
1520530384.402432 1.338634 0.017756
1520530384.502435 1.338448 0.017760
1520530384.602439 1.338506 0.017760
1520530384.702442 1.338566 0.017760
1520530384.802857 1.338947 0.017760
1520530384.852858 1.338613 0.017756
1520530384.952861 1.338478 0.017761
1520530385.052864 1.338504 0.017761
1520530385.102866 1.338306 0.017762
1520530385.202869 1.338401 0.017761
1520530385.252705 1.338420 0.017761
1520530385.352709 1.338517 0.017761
1520530385.402710 1.338517 0.017760
1520530385.502713 1.338510 0.017761
1520530385.552715 1.338430 0.017760
1520530385.652486 1.338423 0.017761
1520530385.752489 1.338406 0.017761
1520530385.802491 1.338447 0.017761
1520530385.902494 1.338465 0.017761
1520530386.002497 1.338449 0.017761
1520530386.052544 1.338421 0.017761
1520530386.152547 1.338403 0.017762
1520530386.252550 1.338414 0.017761
1520530386.352553 1.338373 0.017761
1520530386.452758 1.338400 0.017762
1520530386.602814 1.338474 0.017762
1520530386.702766 1.338426 0.017760
1520530386.802769 1.338408 0.017762
1520530386.902676 1.338378 0.017761
1520530387.002679 1.338359 0.017761
1520530387.102682 1.338393 0.017760
1520530387.202685 1.338468 0.017760
1520530387.302607 1.338679 0.017760
1520530387.402611 1.338577 0.017762
1520530387.452612 1.338439 0.017761
1520530387.552615 1.338425 0.017760
1520530387.602617 1.338569 0.017760
1520530387.702457 1.338826 0.017762
1520530387.752459 1.338745 0.017762
1520530387.852464 1.338449 0.017761
1520530387.902463 1.338419 0.017762
1520530388.002466 1.338441 0.017759
1520530388.052468 1.338469 0.017759
1520530388.152496 1.338430 0.017761
1520530388.202544 1.338462 0.017756
1520530388.302501 1.338451 0.017760
1520530388.402504 1.338416 0.017760
1520530388.502852 1.338338 0.017760
1520530388.602855 1.338456 0.017761
1520530388.752860 1.338522 0.017760
1520530388.852863 1.338461 0.017760
1520530388.952235 1.338354 0.017760
1520530389.052238 1.338362 0.017760
1520530389.152242 1.338378 0.017760
1520530389.252245 1.338391 0.017760
1520530389.302934 1.338537 0.017755
1520530389.402938 1.338497 0.017757
1520530389.502940 1.338498 0.017760
1520530389.552942 1.338362 0.017761
1520530389.652948 1.338133 0.017760
1520530389.702846 1.338112 0.017760
1520530389.803445 1.338342 0.017760
1520530389.853406 1.338229 0.017743
1520530389.953409 1.338365 0.017760
1520530390.003411 1.338573 0.017757
1520530390.103414 1.338567 0.017760
1520530390.152569 1.338342 0.017760
1520530390.252572 1.338311 0.017758
1520530390.302572 1.338433 0.017760
1520530390.402575 1.338436 0.017760
1520530390.452578 1.338339 0.017759
1520530390.553324 1.340161 0.017759
1520530390.603326 1.338416 0.017761
1520530390.703329 1.338494 0.017761
1520530390.753331 1.338419 0.017761
1520530390.853334 1.338368 0.017760
1520530390.953379 1.338402 0.017760
1520530391.053383 1.338406 0.017760
1520530391.153385 1.338405 0.017761
1520530391.253388 1.338406 0.017761
1520530391.352333 1.338542 0.017758
1520530391.402366 1.338488 0.017760
1520530391.502338 1.338382 0.017761
1520530391.602341 1.338335 0.017760
1520530391.702344 1.338372 0.017760
1520530391.802426 1.338247 0.017760
1520530391.902429 1.338271 0.017756
1520530392.002432 1.338358 0.017760
1520530392.102435 1.338546 0.017760
1520530392.152436 1.338600 0.017758
1520530392.253143 1.338647 0.017760
1520530392.303145 1.338481 0.017760
1520530392.403148 1.338399 0.017760
1520530392.453150 1.338243 0.017760
1520530392.553153 1.338199 0.017761
1520530392.652236 1.338203 0.017760
1520530392.752239 1.338119 0.017759
1520530392.802241 1.338128 0.017760
1520530392.902243 1.338114 0.017760
1520530392.952245 1.338260 0.017760
1520530393.052154 1.338269 0.017759
1520530393.152157 1.338470 0.017759
1520530393.252160 1.338441 0.017760
1520530393.352164 1.338480 0.017758
1520530393.402921 1.338512 0.017759
1520530393.502924 1.338609 0.017761
1520530393.602927 1.338616 0.017760
1520530393.652929 1.338432 0.017760
1520530393.752932 1.338480 0.017759
1520530393.852959 1.338436 0.017760
1520530394.002964 1.338506 0.017760
1520530394.102968 1.338513 0.017761
1520530394.202165 1.338517 0.017755
1520530394.252167 1.338457 0.017760
1520530394.352170 1.338237 0.017760
1520530394.452173 1.338328 0.017760
1520530394.552176 1.338272 0.017759
1520530394.652876 1.338368 0.017761
1520530394.702878 1.338423 0.017761
1520530394.802881 1.338342 0.017761
1520530394.902884 1.338246 0.017759
1520530395.002887 1.338247 0.017759
1520530395.103732 1.338392 0.017761
1520530395.203735 1.338412 0.017760
1520530395.303738 1.338464 0.017761
1520530395.403742 1.338337 0.017759
1520530395.452705 1.338406 0.017759
1520530395.552709 1.338351 0.017760
1520530395.652712 1.338325 0.017760
1520530395.752715 1.338390 0.017761
1520530395.853078 1.338485 0.017757
1520530395.953081 1.338438 0.017761
1520530396.053084 1.338405 0.017760
1520530396.153087 1.338314 0.017759
1520530396.203089 1.338299 0.017758
1520530396.303237 1.338324 0.017760
1520530396.353238 1.338322 0.017760
1520530396.453241 1.338315 0.017760
1520530396.503243 1.338338 0.017760
1520530396.603246 1.338322 0.017760
1520530396.703145 1.338311 0.017760
1520530396.803148 1.338297 0.017760
1520530396.903152 1.338372 0.017760
1520530397.003155 1.338275 0.017761
1520530397.102782 1.338408 0.017761
1520530397.202785 1.338258 0.017760
1520530397.302788 1.338296 0.017758
1520530397.402791 1.338391 0.017759
1520530397.502304 1.338386 0.017759
1520530397.552306 1.338355 0.017759
1520530397.652309 1.338282 0.017757
1520530397.702310 1.338506 0.017760
1520530397.802315 1.338253 0.017756
1520530397.902585 1.338342 0.017760
1520530398.002588 1.338336 0.017760
1520530398.102591 1.338316 0.017760
1520530398.202594 1.338277 0.017760
1520530398.303365 1.338384 0.017760
1520530398.353367 1.338421 0.017761
1520530398.453370 1.338469 0.017762
1520530398.503371 1.338421 0.017761
1520530398.603375 1.338447 0.017762
1520530398.653376 1.338402 0.017761
1520530398.753223 1.338337 0.017761
1520530398.803225 1.338243 0.017760
1520530398.903227 1.338163 0.017759
1520530398.953229 1.338208 0.017762
1520530399.053232 1.338253 0.017760
1520530399.103233 1.338309 0.017757
1520530399.202332 1.338284 0.017760
1520530399.252333 1.338233 0.017759
1520530399.352336 1.338262 0.017760
1520530399.402342 1.338280 0.017760
1520530399.502341 1.338278 0.017759
1520530399.553006 1.338302 0.017759
1520530399.653009 1.338335 0.017759
1520530399.753012 1.338362 0.017756
1520530399.853016 1.338354 0.017760
1520530399.953275 1.338408 0.017760
1520530400.003276 1.338475 0.017756
1520530400.103279 1.338423 0.017760
1520530400.153281 1.338377 0.017760
1520530400.253284 1.338348 0.017760
1520530400.303286 1.338243 0.017758
1520530400.402496 1.338349 0.017759
1520530400.452498 1.338352 0.017759
1520530400.552501 1.338286 0.017759
1520530400.652504 1.338308 0.017759
1520530400.702505 1.338402 0.017753
1520530400.802292 1.338518 0.017758
1520530400.852294 1.338438 0.017756
1520530400.952297 1.338320 0.017760
1520530401.052300 1.338369 0.017754
1520530401.152303 1.338475 0.017758
1520530401.252756 1.338500 0.017758
1520530401.302758 1.338463 0.017759
1520530401.402761 1.338641 0.017759
1520530401.452763 1.338469 0.017760
1520530401.552766 1.338410 0.017759
1520530401.603037 1.338429 0.017759
1520530401.703041 1.338341 0.017759
1520530401.803044 1.338382 0.017759
1520530401.853045 1.338407 0.017759
1520530401.953048 1.338387 0.017759
1520530402.002281 1.338302 0.017759
1520530402.102285 1.338282 0.017759
1520530402.152286 1.338277 0.017759
1520530402.252289 1.338272 0.017760
1520530402.302290 1.338297 0.017759
1520530402.402567 1.338273 0.017759
1520530402.452569 1.338288 0.017758
1520530402.552572 1.338281 0.017759
1520530402.652672 1.338284 0.017759
1520530402.752578 1.338221 0.017759
1520530402.803416 1.338118 0.017757
1520530402.903419 1.338261 0.017759
1520530402.953420 1.338360 0.017759
1520530403.053424 1.338520 0.017759
1520530403.103425 1.338489 0.017759
1520530403.202933 1.338503 0.017760
1520530403.302936 1.338507 0.017758
1520530403.352938 1.338335 0.017759
1520530403.452941 1.338105 0.017758
1520530403.502943 1.338132 0.017760
1520530403.602946 1.338111 0.017759
1520530403.652254 1.338217 0.017755
1520530403.752257 1.338274 0.017759
1520530403.802258 1.338249 0.017754
1520530403.902261 1.338154 0.017758
1520530403.952263 1.338118 0.017759
1520530404.052745 1.338583 0.017759
1520530404.102746 1.338265 0.017760
1520530404.202749 1.338260 0.017760
1520530404.302752 1.338379 0.017759
1520530404.402755 1.338236 0.017757
1520530404.503114 1.338212 0.017759
1520530404.553115 1.338224 0.017759
1520530404.653119 1.338249 0.017759
1520530404.703120 1.338262 0.017760
1520530404.803123 1.338251 0.017759
1520530404.852642 1.338238 0.017760
1520530404.952645 1.338243 0.017759
1520530405.002647 1.338271 0.017759
1520530405.102650 1.338269 0.017759
1520530405.152651 1.338179 0.017757
1520530405.252327 1.338257 0.017759
1520530405.302330 1.338274 0.017759
1520530405.402333 1.338297 0.017759
1520530405.452334 1.338273 0.017760
1520530405.552337 1.338274 0.017759
1520530405.602339 1.338274 0.017759
1520530405.702792 1.338286 0.017758
1520530405.752795 1.338227 0.017758
1520530405.852855 1.338247 0.017759
1520530405.902800 1.338292 0.017759
1520530406.002803 1.338257 0.017759
1520530406.103570 1.338247 0.017759
1520530406.203573 1.338401 0.017760
1520530406.253574 1.338302 0.017760
1520530406.353577 1.338322 0.017760
1520530406.403579 1.338355 0.017760
1520530406.503485 1.338453 0.017759
1520530406.553487 1.338635 0.017758
1520530406.653490 1.338666 0.017760
1520530406.753493 1.338339 0.017760
1520530406.853497 1.338465 0.017760
1520530406.952693 1.338339 0.017759
1520530407.002694 1.338237 0.017759
1520530407.102698 1.338207 0.017760
1520530407.152699 1.338064 0.017760
1520530407.252702 1.339123 0.017752
1520530407.303185 1.339353 0.017756
1520530407.403187 1.338693 0.017759
1520530407.453221 1.338727 0.017754
1520530407.553191 1.338564 0.017759
1520530407.603193 1.338378 0.017760
1520530407.703510 1.338322 0.017760
1520530407.753511 1.338249 0.017759
1520530407.853515 1.338235 0.017759
1520530407.903516 1.338195 0.017758
1520530408.003519 1.338218 0.017760
1520530408.053521 1.338234 0.017759
1520530408.153603 1.338270 0.017760
1520530408.253606 1.338271 0.017760
1520530408.353609 1.338244 0.017760
1520530408.453613 1.338195 0.017759
1520530408.553374 1.338123 0.017758
1520530408.653377 1.338065 0.017758
1520530408.753380 1.338014 0.017758
1520530408.853383 1.338069 0.017759
1520530408.952878 1.338093 0.017758
1520530409.002880 1.338178 0.017758
1520530409.102883 1.338148 0.017756
1520530409.202886 1.338095 0.017759
1520530409.302889 1.337954 0.017757
1520530409.402904 1.338017 0.017759
1520530409.502907 1.338027 0.017759
1520530409.602910 1.338208 0.017759
1520530409.702913 1.337903 0.017759
1520530409.802656 1.338030 0.017759
1520530409.902659 1.338154 0.017758
1520530410.002662 1.338068 0.017752
1520530410.102666 1.338293 0.017737
1520530410.203224 1.338251 0.017757
1520530410.303227 1.338227 0.017760
1520530410.403230 1.338095 0.017759
1520530410.503232 1.338186 0.017759
1520530410.603875 1.338312 0.017758
1520530410.703878 1.338264 0.017761
1520530410.803881 1.338153 0.017760
1520530410.903884 1.338113 0.017760
1520530411.003418 1.338187 0.017760
1520530411.103421 1.338296 0.017758
1520530411.253426 1.338371 0.017759
1520530411.403009 1.338218 0.017760
1520530411.453010 1.338145 0.017759
1520530411.553013 1.338219 0.017759
1520530411.653017 1.338243 0.017760
1520530411.753020 1.338151 0.017759
1520530411.802907 1.338252 0.017759
1520530411.902909 1.338237 0.017760
1520530411.952910 1.338164 0.017759
1520530412.052913 1.338223 0.017759
1520530412.102915 1.338211 0.017759
1520530412.203416 1.338209 0.017757
1520530412.253417 1.338209 0.017759
1520530412.353420 1.338271 0.017759
1520530412.453423 1.338358 0.017760
1520530412.553426 1.338334 0.017760
1520530412.653630 1.338202 0.017760
1520530412.753633 1.338158 0.017758
1520530412.853636 1.338189 0.017757
1520530412.903637 1.338242 0.017759
1520530413.003641 1.338225 0.017759
1520530413.053009 1.338131 0.017757
1520530413.153012 1.338142 0.017757
1520530413.253016 1.338036 0.017759
1520530413.353019 1.337952 0.017758
1520530413.452940 1.337974 0.017759
1520530413.552943 1.338061 0.017760
1520530413.652946 1.338191 0.017759
1520530413.853107 1.338613 0.017729
1520530413.953110 1.338147 0.017736
1520530414.053113 1.338093 0.017758
1520530414.153116 1.338224 0.017759
1520530414.252894 1.338224 0.017757
1520530414.352897 1.338179 0.017759
1520530414.452900 1.338354 0.017758
1520530414.552903 1.338330 0.017759
1520530414.652705 1.338397 0.017758
1520530414.752708 1.338519 0.017760
1520530414.852712 1.338461 0.017757
1520530414.952715 1.338093 0.017758
1520530415.052718 1.338046 0.017758
1520530415.103195 1.338193 0.017755
1520530415.203199 1.338383 0.017759
1520530415.303202 1.338398 0.017758
1520530415.453206 1.338276 0.017758
1520530415.553069 1.338342 0.017758
1520530415.653072 1.338203 0.017757
1520530415.753075 1.338198 0.017758
1520530415.853079 1.338272 0.017758
1520530415.953363 1.338199 0.017757
1520530416.103368 1.338277 0.017757
1520530416.503381 1.338465 0.017756
1520530416.653386 1.338311 0.017757
1520530416.753274 1.338273 0.017758
1520530416.853277 1.338311 0.017759
1520530416.953280 1.338265 0.017758
1520530417.053283 1.338343 0.017758
1520530417.153371 1.338193 0.017759
1520530417.253374 1.338243 0.017759
1520530417.553464 1.338277 0.017759
1520530417.603465 1.338249 0.017758
1520530417.703468 1.338232 0.017759
1520530417.803472 1.338232 0.017759
1520530417.903475 1.338222 0.017758
1520530418.003458 1.338211 0.017758
1520530418.103461 1.338189 0.017758
1520530418.203465 1.338142 0.017758
1520530418.303468 1.338389 0.017757
1520530418.453434 1.338310 0.017758
1520530418.603439 1.338261 0.017758
1520530418.753343 1.338211 0.017759
1520530418.853346 1.338185 0.017756
1520530418.953350 1.338152 0.017758
1520530419.053353 1.338189 0.017759
1520530419.153533 1.338170 0.017757
1520530419.253536 1.338155 0.017751
1520530419.403541 1.338203 0.017757
1520530419.553545 1.338217 0.017757
1520530419.703733 1.338222 0.017759
1520530419.803736 1.338212 0.017758
1520530419.903739 1.338242 0.017757
1520530420.003597 1.338167 0.017754
1520530420.103600 1.338193 0.017758
1520530420.203604 1.338214 0.017757
1520530420.303607 1.338201 0.017757
1520530420.403699 1.338186 0.017758
1520530420.503702 1.338191 0.017757
1520530420.653707 1.338257 0.017758
1520530420.803356 1.338322 0.017751
1520530420.903359 1.338136 0.017758
1520530421.003363 1.338199 0.017759
1520530421.103366 1.338216 0.017757
1520530421.153367 1.338173 0.017757
1520530421.253431 1.338130 0.017757
1520530421.303432 1.338246 0.017758
1520530421.403435 1.338257 0.017757
1520530421.503439 1.338193 0.017755
1520530421.603611 1.338123 0.017758
1520530421.703614 1.338083 0.017757
1520530421.853618 1.338198 0.017757
1520530422.003623 1.338211 0.017757
1520530422.103474 1.338222 0.017758
1520530422.203477 1.338197 0.017757
1520530422.303480 1.338127 0.017757
1520530422.403483 1.338067 0.017756
1520530422.503396 1.338098 0.017757
1520530422.553398 1.338193 0.017755
1520530422.653400 1.338208 0.017758
1520530422.753403 1.338187 0.017758
1520530422.853580 1.338140 0.017757
1520530423.053588 1.338260 0.017758
1520530423.153591 1.338271 0.017758
1520530423.253316 1.338266 0.017758
1520530423.353319 1.338294 0.017757
1520530423.453322 1.338296 0.017758
1520530423.603327 1.338583 0.017757
1520530423.652983 1.338523 0.017754
1520530423.752986 1.338285 0.017756
1520530423.802988 1.338365 0.017754
1520530423.902991 1.338354 0.017757
1520530424.002994 1.338278 0.017757
1520530424.052950 1.338264 0.017757
1520530424.153255 1.338273 0.017757
1520530424.253258 1.338267 0.017757
1520530424.353261 1.338882 0.017722
1520530424.403263 1.338231 0.017757
1520530424.504722 1.337825 0.017758
1520530424.554724 1.338373 0.017757
1520530424.654727 1.338334 0.017758
1520530424.754730 1.338261 0.017758
1520530424.854733 1.340054 0.017687
1520530424.953377 1.338091 0.017755
1520530425.053379 1.338249 0.017755
1520530425.153383 1.338311 0.017758
1520530425.253385 1.338671 0.017709
1520530425.353734 1.337906 0.017754
1520530425.453737 1.338211 0.017757
1520530425.603741 1.338355 0.017759
1520530425.653743 1.338339 0.017758
1520530425.753677 1.338406 0.017758
1520530425.803679 1.338390 0.017758
1520530425.903682 1.338420 0.017758
1520530426.003685 1.338411 0.017758
1520530426.103474 1.338490 0.017759
1520530426.203477 1.338433 0.017758
1520530426.253478 1.338275 0.017757
1520530426.353481 1.338262 0.017757
1520530426.403483 1.338302 0.017756
1520530426.503486 1.338318 0.017758
1520530426.703556 1.338509 0.017758
1520530426.753558 1.338499 0.017758
1520530426.853560 1.338472 0.017755
1520530426.903562 1.338409 0.017755
1520530427.003600 1.338414 0.017757
1520530427.103603 1.338547 0.017757
1520530427.203606 1.338472 0.017757
1520530427.303609 1.338446 0.017758
1520530427.403594 1.338442 0.017758
1520530427.503597 1.338409 0.017756
1520530427.803679 1.338816 0.017756
1520530427.903683 1.338702 0.017757
1520530427.953684 1.338720 0.017742
1520530428.053687 1.338649 0.017752
1520530428.103692 1.338526 0.017755
1520530428.203537 1.338441 0.017757
1520530428.253538 1.338432 0.017757
1520530428.353542 1.338476 0.017757
1520530428.403618 1.338436 0.017756
1520530428.503546 1.338182 0.017756
1520530428.553451 1.338222 0.017757
1520530428.653454 1.338272 0.017758
1520530428.703455 1.338281 0.017758
1520530428.803458 1.338315 0.017758
1520530428.853460 1.338465 0.017758
1520530428.953463 1.338583 0.017758
1520530429.003444 1.338678 0.017757
1520530429.103447 1.338855 0.017757
1520530429.153448 1.338886 0.017757
1520530429.253451 1.338730 0.017757
1520530429.303453 1.338428 0.017756
1520530429.403551 1.338467 0.017758
1520530429.453553 1.338530 0.017757
1520530429.553556 1.338622 0.017758
1520530429.603558 1.338640 0.017756
1520530429.703560 1.338520 0.017757
1520530429.803622 1.338448 0.017757
1520530429.853626 1.338429 0.017757
1520530429.953626 1.338400 0.017758
1520530430.003663 1.338335 0.017757
1520530430.103631 1.338379 0.017758
1520530430.153632 1.338419 0.017758
1520530430.253346 1.338322 0.017757
1520530430.303347 1.338326 0.017758
1520530430.403350 1.338360 0.017757
1520530430.453352 1.338397 0.017758
1520530430.553355 1.338304 0.017757
1520530430.653528 1.338330 0.017757
1520530430.753532 1.338338 0.017758
1520530430.853534 1.338347 0.017757
1520530430.953538 1.338369 0.017757
1520530431.053698 1.338371 0.017757
1520530431.103700 1.338390 0.017757
1520530431.203703 1.338370 0.017757
1520530431.253704 1.338315 0.017757
1520530431.353708 1.338545 0.017756
1520530431.403709 1.338609 0.017757
1520530431.503564 1.338720 0.017757
1520530431.553565 1.338638 0.017757
1520530431.653568 1.338667 0.017757
1520530431.703570 1.338974 0.017756
1520530431.803573 1.338954 0.017757
1520530431.853524 1.338769 0.017757
1520530431.953527 1.339143 0.017757
1520530432.003529 1.338656 0.017756
1520530432.103532 1.338513 0.017757
1520530432.153533 1.338423 0.017754
1520530432.253696 1.338479 0.017757
1520530432.303698 1.338430 0.017757
1520530432.403701 1.338327 0.017757
1520530432.503704 1.338359 0.017757
1520530432.553705 1.338293 0.017757
1520530432.653548 1.338301 0.017758
1520530432.703550 1.338325 0.017756
1520530432.803553 1.338282 0.017757
1520530432.853554 1.338352 0.017758
1520530432.953557 1.338548 0.017757
1520530433.003559 1.338589 0.017756
1520530433.103691 1.338625 0.017757
1520530433.153693 1.338720 0.017757
1520530433.253695 1.338684 0.017758
1520530433.353699 1.338515 0.017758
1520530433.453702 1.338448 0.017758
1520530433.553795 1.338341 0.017757
1520530433.603796 1.338306 0.017757
1520530433.703799 1.338286 0.017758
1520530433.803803 1.338299 0.017758
1520530433.903631 1.338334 0.017758
1520530433.953632 1.338328 0.017757
1520530434.053635 1.338323 0.017758
1520530434.103637 1.338411 0.017758
1520530434.203641 1.338325 0.017757
1520530434.253642 1.338207 0.017758
1520530434.353481 1.338161 0.017758
1520530434.403481 1.338234 0.017758
1520530434.503485 1.338310 0.017758
1520530434.553486 1.338314 0.017758
1520530434.653489 1.338349 0.017757
1520530434.703655 1.338270 0.017756
1520530434.803658 1.338285 0.017758
1520530434.853723 1.338320 0.017756
1520530434.953663 1.338326 0.017757
1520530435.053667 1.338229 0.017758
1520530435.103796 1.338251 0.017757
1520530435.203799 1.338263 0.017757
1520530435.253801 1.338257 0.017757
1520530435.353804 1.338312 0.017758
1520530435.403806 1.338302 0.017758
1520530435.504086 1.338284 0.017757
1520530435.554088 1.338271 0.017757
1520530435.654091 1.338303 0.017757
1520530435.704092 1.338247 0.017756
1520530435.804096 1.338262 0.017758
1520530435.854097 1.338300 0.017757
1520530435.953835 1.338317 0.017757
1520530436.003837 1.338287 0.017756
1520530436.103839 1.338315 0.017758
1520530436.153841 1.338289 0.017758
1520530436.253844 1.338201 0.017757
1520530436.353956 1.338126 0.017757
1520530436.453978 1.338242 0.017757
1520530436.603963 1.338358 0.017757
1520530436.754031 1.338383 0.017757
1520530436.854034 1.338421 0.017757
1520530436.904035 1.338286 0.017757
1520530437.004039 1.338280 0.017758
1520530437.054040 1.338277 0.017756
1520530437.153533 1.338260 0.017755
1520530437.203536 1.338273 0.017746
1520530437.303539 1.338271 0.017756
1520530437.353539 1.338526 0.017756
1520530437.453545 1.338531 0.017758
1520530437.503545 1.338360 0.017757
1520530437.603872 1.338322 0.017757
1520530437.653873 1.338302 0.017755
1520530437.753876 1.338296 0.017757
1520530437.803878 1.338289 0.017756
1520530437.903881 1.338266 0.017757
1520530438.004481 1.338311 0.017757
1520530438.104484 1.338299 0.017757
1520530438.204487 1.338263 0.017757
1520530438.304490 1.338206 0.017757
1520530438.354492 1.338244 0.017755
1520530438.453623 1.338218 0.017755
1520530438.503624 1.338187 0.017757
1520530438.603628 1.338226 0.017757
1520530438.703631 1.338186 0.017757
1520530438.753632 1.338212 0.017756
1520530438.854392 1.338299 0.017756
1520530438.954395 1.338322 0.017756
1520530439.054398 1.338303 0.017758
1520530439.204654 1.338373 0.017757
1520530439.354659 1.338212 0.017757
1520530439.604177 1.337852 0.017757
1520530439.704263 1.338099 0.017755
1520530439.804183 1.338155 0.017756
1520530439.904186 1.338317 0.017755
1520530440.004099 1.338438 0.017756
1520530440.104102 1.338456 0.017757
1520530440.204106 1.338561 0.017757
1520530440.304109 1.338743 0.017756
1520530440.404112 1.338975 0.017756
1520530440.503979 1.339008 0.017757
1520530440.603982 1.339038 0.017757
1520530440.703986 1.338948 0.017756
1520530440.803989 1.338904 0.017757
1520530440.903872 1.338815 0.017757
1520530441.003875 1.338774 0.017757
1520530441.103878 1.338642 0.017757
1520530441.203881 1.338578 0.017757
1520530441.303927 1.338435 0.017757
1520530441.403893 1.338316 0.017756
1520530441.503896 1.338450 0.017757
1520530441.654083 1.338466 0.017757
1520530441.804088 1.338472 0.017757
1520530441.954092 1.338418 0.017756
1520530442.104032 1.338319 0.017755
1520530442.204035 1.338299 0.017757
1520530442.304038 1.338304 0.017748
1520530442.404042 1.338260 0.017746
1520530442.503716 1.338209 0.017748
1520530442.553717 1.338278 0.017749
1520530442.653721 1.338272 0.017752
1520530442.703722 1.338209 0.017751
1520530442.803725 1.338182 0.017756
1520530442.853726 1.338270 0.017755
1520530442.954377 1.338325 0.017754
1520530443.054381 1.338312 0.017756
1520530443.154384 1.338237 0.017753
1520530443.304466 1.338347 0.017756
1520530443.504473 1.338419 0.017757
1520530443.604476 1.338279 0.017755
1520530443.704013 1.338464 0.017741
1520530443.754014 1.338243 0.017750
1520530443.854018 1.338119 0.017757
1520530443.954022 1.338383 0.017755
1520530444.054024 1.338287 0.017756
1520530444.154403 1.338267 0.017756
1520530444.204406 1.338250 0.017756
1520530444.304409 1.338250 0.017757
1520530444.404412 1.338261 0.017757
1520530444.505161 1.338192 0.017757
1520530444.555263 1.338070 0.017755
1520530444.655166 1.338124 0.017757
1520530444.755169 1.338129 0.017757
1520530444.855172 1.338243 0.017758
1520530444.954962 1.338281 0.017757
1520530445.054965 1.338320 0.017756
1520530445.104967 1.338360 0.017754
1520530445.204970 1.338320 0.017757
1520530445.304973 1.338181 0.017758
1520530445.353892 1.338180 0.017756
1520530445.453896 1.338142 0.017755
1520530445.503898 1.338142 0.017756
1520530445.603900 1.338154 0.017756
1520530445.653902 1.338152 0.017756
1520530445.753751 1.338181 0.017752
1520530445.803752 1.338137 0.017755
1520530445.903755 1.338158 0.017757
1520530445.953757 1.338159 0.017757
1520530446.053761 1.338140 0.017757
1520530446.154954 1.338227 0.017755
1520530446.204900 1.338187 0.017756
1520530446.304903 1.338162 0.017758
1520530446.404906 1.338090 0.017758
1520530446.504909 1.338173 0.017758
1520530446.604785 1.338191 0.017757
1520530446.704788 1.338222 0.017757
1520530446.804791 1.338259 0.017753
1520530446.904794 1.338204 0.017755
1520530447.004332 1.338208 0.017756
1520530447.104335 1.338216 0.017755
1520530447.204338 1.338094 0.017757
1520530447.304342 1.338184 0.017755
1520530447.404124 1.338334 0.017757
1520530447.504127 1.338345 0.017757
1520530447.654131 1.338570 0.017757
1520530447.804072 1.338709 0.017756
1520530447.954077 1.338702 0.017755
1520530448.253886 1.338634 0.017756
1520530448.953942 1.338376 0.017756
