DelayedMarginalization 0.000968015 2.92132e-08 0.00179642 1385
DelayedMarginalizationOnly 0.000466452 1.81166e-08 0.00116115 1385
EF-marginalizeFrame 0.00140678 4.47319e-08 0.00225302 1385
FullSystem::trackNewCoarse 0.00312133 7.40258e-07 0.0104827 2673
FullSystem::trackNewCoarseNoIMU 0.00241903 1.94387e-05 0.048018 110
FullSystemOptimize 0.0394845 4.85157e-05 0.0587356 1391
GraphUnrolling 0.0146585 0.000374949 0.049241 10
IMUInitAddPose 2.56184e-05 1.63581e-11 7.1689e-05 1391
IMUInitOptimize 0.00309759 2.01356e-06 0.00520345 4
IMUIntegration::finishKeyframeOperations 5.76232e-05 2.04617e-10 0.000324391 1382
InitializerFirstFrame 0.034915 -nan 0.034915 1
InitializerOtherFrames 0.0597565 8.96898e-05 0.0803067 35
MainMarginalization 0.00120842 3.57072e-08 0.0020106 1385
MarginalizationReplacementBuildGraph 0.000933973 6.9759e-07 0.00234316 8
MarginalizationReplacementReplaceGraph 0.0181329 0.000421287 0.0494996 8
MarginalizeMainGraph 0.000500816 6.98812e-09 0.0011879 1385
PGBA 0.0107454 6.19508e-06 0.0125054 2
PGBAFull 0.00274803 2.47276e-05 0.0137739 10
PrepareGraphForMainOptimization 0.0147423 0.00037764 0.049452 10
VisualMarginalization 3.96362e-05 7.38612e-11 0.000130669 1385
activatePointsMT 0.00340598 7.63899e-07 0.0082573 1391
addActiveFrame 0.0438023 0.00104015 0.141778 2819
addIMUData 0.000694356 2.57445e-08 0.00117107 2673
addIMUDataToBA 3.63601e-05 1.4296e-10 0.000125304 2818
addKeyframeToBA 3.58578e-05 9.70588e-11 0.000321562 1391
afterCoarseTracking 0.000102816 1.62747e-07 0.00471628 2783
baIteration 0.00606878 1.26146e-06 0.0108476 7985
baMatrixInversion 0.000228886 2.03866e-09 0.000805616 7985
baUpdateBuildHessians 0.000508074 6.65212e-09 0.00341494 7985
coarseTrackingIteration 0.000196918 5.10225e-09 0.00225122 28202
computeBAUpdate 0.00082282 1.50053e-08 0.0037114 7985
computeCoarseUpdate 9.63637e-05 8.82837e-10 0.00219098 25940
computeFactorForCoarseGraphAndMarginalCovariances 0.00306327 3.49393e-07 0.00540326 1382
convertHAndBFromDSO 0.000149697 3.41805e-09 0.000664294 13528
debugPlot 8.48577e-08 1.85225e-15 5.24e-07 1391
debugPlotIDepthMap 0.00288708 3.28134e-07 0.0062355 1391
debugPlotIDepthMapFloat 1.47918e-07 9.39731e-16 3.83e-07 1391
deliverTrackedFrame 0.0374521 0.00102838 0.119292 2784
flagFramesForMarginalization 1.723e-06 4.8004e-13 1.276e-05 1391
fullCoarseTracking 0.00398146 1.99356e-06 0.053754 2783
initObjectsAndMakeImage 0.00212647 4.22872e-08 0.00388111 2819
makeKeyframe 0.0678117 7.94589e-05 0.118216 1391
makeKeyframeChangeTrackingRef 0.00516399 8.93769e-07 0.00982276 1391
makeNewTraces 0.00533156 5.84575e-07 0.0108568 1391
makeNonKeyframe 0.00498071 2.78694e-06 0.0081859 1393
marginalizeAndRemovePoints 0.00322759 9.17282e-07 0.0076076 1391
marginalizeFrame 0.00260716 3.83987e-07 0.00639472 1385
marginalizeFrameOverhead 0.00119799 2.88679e-07 0.00451782 1385
marginalizeFrames 0.00260409 5.68124e-07 0.00640746 1391
newFrameAndNewResidualsForOldPoints 0.00104836 5.4559e-08 0.0019164 1391
printBiases 3.73701e-05 1.85996e-10 0.000306476 1391
printEigenValLine 1.09638e-07 7.79048e-14 1.048e-05 1391
printLogLine 1.50114e-07 2.18051e-15 4.67e-07 1391
publishInMakeKeyframe 0.00030775 7.03027e-08 0.00306837 1391
removeOutliers 0.000178757 2.13005e-09 0.000519839 1391
swapTrackingRef 2.32937e-05 1.30573e-11 4.3228e-05 1391
timeMeasurement 9.1576e-07 8.3149e-13 1.2489e-05 2819
traceNewCoarse 0.00415561 2.7819e-06 0.00817016 2784
updateBAValues 6.03368e-06 4.54039e-12 9.0735e-05 13146
zero 1.11965e-07 7.03943e-14 1.0648e-05 2819
