1520530315.599645 1.103089 0.437527
1520530315.749639 1.107711 0.253204
1520530315.899643 1.106265 0.207708
1520530316.100221 1.108007 0.198696
1520530316.300227 1.108267 0.180008
1520530316.450231 1.105008 0.168360
1520530316.650280 1.103296 0.161685
1520530316.900287 1.100961 0.155578
1520530316.949773 1.101120 0.153137
1520530317.149779 1.100859 0.134704
1520530317.299784 1.099751 0.121001
1520530317.449747 1.099513 0.110298
1520530317.649755 1.099067 0.102119
1520530317.750237 1.099420 0.097709
1520530317.900242 1.098933 0.093105
1520530318.050246 1.098657 0.091927
1520530318.150816 1.099159 0.090354
1520530318.300772 1.098954 0.088506
1520530318.450777 1.098635 0.085852
1520530318.600567 1.098129 0.083389
1520530318.750571 1.097537 0.081676
1520530318.900576 1.096946 0.080211
1520530318.999955 1.097564 0.078227
1520530319.149961 1.098087 0.072956
1520530319.299965 1.097643 0.067347
1520530319.399832 1.096923 0.064289
1520530319.549837 1.096558 0.061383
1520530319.699841 1.095651 0.060238
1520530319.800341 1.095755 0.060374
1520530319.900344 1.095465 0.059951
1520530320.000347 1.094616 0.058863
1520530320.100350 1.095021 0.057506
1520530320.200401 1.094630 0.056097
1520530320.300404 1.093953 0.054969
1520530320.450408 1.093567 0.053718
1520530320.599869 1.093682 0.052086
1520530320.749874 1.094654 0.049082
1520530320.899879 1.095072 0.045883
1520530321.049740 1.094613 0.043769
1520530321.249747 1.094929 0.041846
1520530321.399751 1.094048 0.040422
1520530321.549859 1.093810 0.039150
1520530321.649862 1.094164 0.038458
1520530321.749865 1.095154 0.037821
1520530321.850152 1.095949 0.037066
1520530322.000157 1.096104 0.035756
1520530322.100160 1.095636 0.035024
1520530322.250207 1.095062 0.034646
1520530322.500215 1.095146 0.034492
1520530322.650023 1.095188 0.034014
1520530322.850030 1.094838 0.033083
1520530323.000035 1.094826 0.032574
1520530323.150076 1.094819 0.032158
1520530323.300080 1.094333 0.031823
1520530323.450085 1.094632 0.030542
1520530323.550346 1.093969 0.029384
1520530323.650349 1.093120 0.028527
1520530323.750353 1.093370 0.028041
1520530323.900153 1.093075 0.027631
1520530324.050157 1.092976 0.027427
1520530324.200162 1.093203 0.027224
1520530324.299908 1.093417 0.027032
1520530324.399911 1.093821 0.026739
1520530324.499994 1.093668 0.026424
1520530324.599917 1.093530 0.026133
1520530324.750020 1.093523 0.025846
1520530324.900024 1.093495 0.025742
1520530325.100816 1.093739 0.025577
1520530325.300822 1.093943 0.025128
1520530325.500828 1.094509 0.024303
1520530325.700918 1.094745 0.023331
1520530325.900924 1.094533 0.022803
1520530326.000543 1.094340 0.022610
1520530326.150548 1.093990 0.022316
1520530326.300552 1.093842 0.022066
1520530326.400206 1.094137 0.021958
1520530326.600213 1.094187 0.021821
1520530326.750427 1.094033 0.021804
1520530326.950432 1.094189 0.021372
1520530327.050437 1.094069 0.021009
1520530327.150431 1.093563 0.020711
1520530327.250435 1.093401 0.020469
1520530327.400439 1.093372 0.020210
1520530327.550090 1.093453 0.019877
1520530327.650103 1.093435 0.019604
1520530327.750096 1.093345 0.019385
1520530327.850099 1.092457 0.019268
1520530327.950102 1.092264 0.019149
1520530328.050282 1.092436 0.018981
1520530328.150285 1.092198 0.018820
1520530328.300290 1.091723 0.018660
1520530328.400337 1.091681 0.018589
1520530328.450338 1.091946 0.018563
1520530328.550342 1.092170 0.018537
1520530328.650346 1.092319 0.018516
1520530328.750348 1.092442 0.018483
1520530328.850087 1.092579 0.018423
1520530329.000092 1.092807 0.018221
1520530329.100095 1.092898 0.018051
1520530329.200044 1.093157 0.017882
1520530329.300047 1.093297 0.017680
1520530329.400050 1.092943 0.017438
1520530329.650099 1.092906 0.017095
1520530329.750102 1.092934 0.017021
1520530329.850105 1.092820 0.016963
1520530329.950109 1.093393 0.016886
1520530330.050161 1.093425 0.016775
1520530330.150164 1.093792 0.016590
1520530330.250167 1.094157 0.016357
1520530330.350170 1.094161 0.016102
1520530330.450787 1.094325 0.015911
1520530330.550790 1.094575 0.015826
1520530330.650793 1.094663 0.015802
1520530330.750797 1.095002 0.015774
1520530330.800798 1.095058 0.015740
1520530330.900277 1.094666 0.015635
1520530331.000280 1.094472 0.015493
1520530331.100283 1.094222 0.015382
1520530331.200286 1.094249 0.015302
1520530331.250735 1.094412 0.015274
1520530331.350738 1.094342 0.015241
1520530331.450741 1.094284 0.015226
1520530331.550744 1.094040 0.015208
1520530331.650479 1.093756 0.015149
1520530331.700481 1.093669 0.015088
1520530331.800484 1.093092 0.014901
1520530331.900488 1.092508 0.014625
1520530332.000491 1.092163 0.014357
1520530332.050387 1.092166 0.014234
1520530332.150390 1.092362 0.014036
1520530332.250393 1.092447 0.013890
1520530332.350396 1.092710 0.013810
1520530332.450399 1.092667 0.013776
1520530332.550483 1.092849 0.013769
1520530332.600486 1.093226 0.013764
1520530332.700489 1.093270 0.013734
1520530332.800492 1.093203 0.013666
1520530332.900164 1.093311 0.013581
1520530333.000168 1.093546 0.013501
1520530333.100171 1.093651 0.013456
1520530333.150173 1.093829 0.013447
1520530333.250175 1.094157 0.013410
1520530333.350610 1.094416 0.013353
1520530333.450613 1.094436 0.013293
1520530333.650619 1.094723 0.013266
1520530333.700541 1.095360 0.013261
1520530333.800544 1.095488 0.013254
1520530333.850545 1.095595 0.013252
1520530333.950549 1.095610 0.013228
1520530334.000561 1.095243 0.013210
1520530334.100216 1.095873 0.013116
1520530334.350224 1.095612 0.012818
1520530334.450227 1.095354 0.012717
1520530334.550086 1.095402 0.012650
1520530334.650089 1.095354 0.012616
1520530334.750092 1.095478 0.012567
1520530334.850095 1.095380 0.012518
1520530334.950928 1.095285 0.012480
1520530335.100933 1.095120 0.012462
1520530335.200936 1.095590 0.012458
1520530335.300938 1.095557 0.012450
1520530335.401458 1.095549 0.012439
1520530335.501461 1.095546 0.012425
1520530335.601512 1.095233 0.012407
1520530335.750223 1.095239 0.012390
1520530335.900227 1.095485 0.012360
1520530336.000230 1.095460 0.012313
1520530336.100233 1.095443 0.012273
1520530336.200179 1.095370 0.012237
1520530336.300182 1.095495 0.012181
1520530336.400185 1.095426 0.012094
1520530336.500188 1.095022 0.011999
1520530336.600584 1.094684 0.011905
1520530336.700586 1.094598 0.011841
1520530336.800590 1.094645 0.011795
1520530336.900594 1.094502 0.011761
1520530337.000258 1.094574 0.011723
1520530337.100266 1.094771 0.011650
1520530337.200351 1.094958 0.011570
1520530337.300267 1.095161 0.011495
1520530337.400301 1.095210 0.011446
1520530337.500304 1.095527 0.011404
1520530337.600307 1.096058 0.011347
1520530337.700310 1.096370 0.011245
1520530337.800854 1.096417 0.011097
1520530337.950858 1.096253 0.010874
1520530338.050862 1.096047 0.010766
1520530338.150864 1.095523 0.010694
1520530338.200470 1.095373 0.010673
1520530338.300474 1.095269 0.010659
1520530338.400477 1.095235 0.010639
1520530338.500480 1.095276 0.010612
1520530338.600260 1.095334 0.010571
1520530338.700263 1.095400 0.010519
1520530338.800266 1.095294 0.010464
1520530338.900269 1.095605 0.010417
1520530339.000272 1.095711 0.010364
1520530339.100960 1.095738 0.010320
1520530339.150962 1.095822 0.010300
1520530339.250965 1.096051 0.010280
1520530339.350968 1.096153 0.010272
1520530339.451687 1.096100 0.010266
1520530339.551690 1.096034 0.010260
1520530339.651693 1.095979 0.010252
1520530339.751697 1.095978 0.010241
1520530339.851056 1.096001 0.010227
1520530339.951059 1.096115 0.010210
1520530340.051062 1.096209 0.010199
1520530340.151065 1.096380 0.010185
1520530340.250395 1.096566 0.010162
1520530340.350399 1.096540 0.010119
1520530340.450401 1.096578 0.010072
1520530340.550404 1.096650 0.010026
1520530340.650347 1.096654 0.009993
1520530340.750350 1.096705 0.009966
1520530340.900354 1.096730 0.009944
1520530341.050774 1.096853 0.009931
1520530341.300782 1.097016 0.009885
1520530341.450787 1.096976 0.009860
1520530341.650717 1.096979 0.009844
1520530341.900542 1.096849 0.009836
1520530342.100548 1.096732 0.009814
1520530342.250553 1.096697 0.009783
1520530342.350675 1.096628 0.009762
1520530342.500679 1.096686 0.009733
1520530342.650684 1.096602 0.009699
1520530342.750644 1.096466 0.009662
1520530342.850648 1.096185 0.009611
1520530342.950651 1.095906 0.009547
1520530343.050654 1.095673 0.009468
1520530343.151133 1.095441 0.009379
1520530343.251136 1.095166 0.009277
1520530343.351140 1.094876 0.009162
1520530343.401141 1.094693 0.009099
1520530343.501404 1.094402 0.008973
1520530343.601407 1.094066 0.008841
1520530343.701410 1.093803 0.008692
1520530343.801413 1.093446 0.008532
1520530343.901416 1.093078 0.008374
1520530344.001403 1.092648 0.008219
1520530344.101406 1.092282 0.008071
1520530344.201410 1.091954 0.007936
1520530344.301413 1.091664 0.007809
1520530344.401411 1.091351 0.007693
1520530344.451412 1.091215 0.007639
1520530344.551415 1.091068 0.007539
1520530344.651418 1.090853 0.007447
1520530344.751636 1.090562 0.007366
1520530344.851639 1.090464 0.007297
1520530344.951642 1.090496 0.007244
1520530345.051645 1.090438 0.007188
1520530345.151845 1.090370 0.007137
1520530345.251745 1.090270 0.007092
1520530345.351748 1.090210 0.007056
1520530345.451751 1.090184 0.007021
1520530345.551195 1.090203 0.006990
1520530345.651198 1.090202 0.006961
1520530345.751201 1.090143 0.006935
1520530345.801203 1.090091 0.006923
1520530345.901206 1.090036 0.006906
1520530345.951161 1.089972 0.006898
1520530346.051476 1.089969 0.006885
1520530346.101479 1.090005 0.006879
1520530346.201481 1.090046 0.006867
1520530346.301485 1.090029 0.006858
1520530346.401376 1.089995 0.006850
1520530346.501379 1.090001 0.006844
1520530346.551380 1.089993 0.006841
1520530346.651383 1.089982 0.006835
1520530346.701385 1.089984 0.006832
1520530346.801545 1.089997 0.006828
1520530346.851546 1.090019 0.006826
1520530346.951549 1.090026 0.006824
1520530347.001551 1.089976 0.006823
1520530347.101554 1.089942 0.006822
1520530347.151556 1.089941 0.006821
1520530347.251402 1.089903 0.006819
1520530347.301403 1.089868 0.006818
1520530347.401407 1.089863 0.006816
1520530347.451408 1.089864 0.006815
1520530347.551411 1.089887 0.006814
1520530347.601218 1.089893 0.006813
1520530347.701222 1.089857 0.006811
1520530347.801224 1.089874 0.006810
1520530347.901227 1.089887 0.006809
1520530347.951229 1.089897 0.006809
1520530348.051164 1.089923 0.006809
1520530348.101166 1.089909 0.006809
1520530348.201169 1.089908 0.006809
1520530348.251170 1.089919 0.006808
1520530348.351173 1.089911 0.006808
1520530348.451416 1.089928 0.006808
1520530348.551419 1.089906 0.006808
1520530348.651423 1.089920 0.006808
1520530348.751426 1.089891 0.006807
1520530348.801428 1.089904 0.006807
1520530348.901315 1.089922 0.006806
1520530348.951318 1.089916 0.006806
1520530349.051321 1.089969 0.006804
1520530349.101323 1.089998 0.006803
1520530349.201326 1.090010 0.006800
1520530349.251106 1.090020 0.006798
1520530349.351109 1.090012 0.006796
1520530349.451112 1.090047 0.006793
1520530349.501114 1.090046 0.006792
1520530349.601117 1.090085 0.006791
1520530349.700937 1.090112 0.006789
1520530349.750943 1.090123 0.006788
1520530349.850941 1.090140 0.006785
1520530349.900986 1.090155 0.006784
1520530350.000946 1.090207 0.006781
1520530350.051376 1.090227 0.006780
1520530350.151379 1.090260 0.006776
1520530350.201381 1.090249 0.006774
1520530350.301384 1.090310 0.006770
1520530350.351387 1.090320 0.006768
1520530350.451515 1.090365 0.006765
1520530350.551518 1.090405 0.006763
1520530350.651521 1.090473 0.006761
1520530350.751524 1.090477 0.006759
1520530350.851527 1.090502 0.006758
1520530350.951573 1.090517 0.006756
1520530351.051576 1.090572 0.006754
1520530351.151579 1.090607 0.006752
1520530351.201581 1.090643 0.006751
1520530351.301683 1.090705 0.006750
1520530351.401685 1.090750 0.006749
1520530351.501759 1.090761 0.006748
1520530351.601688 1.090761 0.006747
1520530351.701695 1.090795 0.006746
1520530351.801698 1.090771 0.006745
1520530351.901701 1.090705 0.006744
1520530352.001704 1.090656 0.006743
1520530352.101805 1.090662 0.006742
1520530352.201808 1.090662 0.006741
1520530352.301811 1.090682 0.006741
1520530352.401814 1.090677 0.006740
1520530352.501469 1.090666 0.006739
1520530352.601472 1.090677 0.006739
1520530352.701475 1.090698 0.006738
1520530352.801478 1.090707 0.006738
1520530352.901098 1.090691 0.006737
1520530353.001101 1.090690 0.006737
1520530353.101208 1.090718 0.006736
1520530353.201107 1.090752 0.006735
1520530353.301110 1.090765 0.006734
1520530353.401399 1.090772 0.006733
1520530353.451401 1.090768 0.006732
1520530353.551404 1.090793 0.006731
1520530353.651407 1.090813 0.006730
1520530353.751736 1.090797 0.006730
1520530353.851739 1.090790 0.006730
1520530353.951742 1.090781 0.006729
1520530354.001744 1.090792 0.006729
1520530354.101747 1.090806 0.006728
1520530354.151896 1.090819 0.006728
1520530354.251899 1.090839 0.006727
1520530354.301900 1.090847 0.006727
1520530354.401904 1.090811 0.006726
1520530354.451905 1.090805 0.006726
1520530354.551594 1.090829 0.006725
1520530354.601593 1.090835 0.006725
1520530354.701596 1.090842 0.006725
1520530354.801599 1.090859 0.006724
1520530354.901602 1.090863 0.006724
1520530354.951359 1.090867 0.006724
1520530355.051362 1.090851 0.006723
1520530355.151365 1.090843 0.006722
1520530355.251368 1.090833 0.006722
1520530355.351371 1.090848 0.006721
1520530355.451408 1.090858 0.006721
1520530355.551411 1.090842 0.006721
1520530355.651416 1.090844 0.006721
1520530355.751418 1.090855 0.006721
1520530355.851533 1.090855 0.006721
1520530355.951536 1.090859 0.006721
1520530356.001537 1.090842 0.006720
1520530356.101541 1.090836 0.006720
1520530356.151542 1.090833 0.006720
1520530356.251380 1.090835 0.006720
1520530356.301379 1.090848 0.006720
1520530356.401382 1.090862 0.006720
1520530356.501385 1.090875 0.006719
1520530356.601233 1.090899 0.006719
1520530356.701236 1.090904 0.006719
1520530356.751237 1.090903 0.006719
1520530356.851240 1.090923 0.006719
1520530356.951243 1.090926 0.006718
1520530357.001153 1.090922 0.006718
1520530357.101156 1.090909 0.006718
1520530357.201159 1.090920 0.006718
1520530357.251160 1.090926 0.006718
1520530357.351164 1.090951 0.006718
1520530357.401658 1.090977 0.006718
1520530357.501662 1.090997 0.006717
1520530357.551663 1.091011 0.006717
1520530357.651666 1.091032 0.006716
1520530357.701667 1.091052 0.006716
1520530357.801671 1.091083 0.006716
1520530357.901559 1.091112 0.006716
1520530358.001562 1.091097 0.006715
1520530358.101565 1.091101 0.006715
1520530358.201568 1.091100 0.006715
1520530358.301626 1.091082 0.006715
1520530358.401629 1.091087 0.006714
1520530358.501632 1.091080 0.006714
1520530358.601636 1.091057 0.006714
1520530358.701800 1.091055 0.006714
1520530358.801803 1.091046 0.006713
1520530358.901806 1.091041 0.006713
1520530359.001810 1.091042 0.006713
1520530359.101811 1.091051 0.006713
1520530359.201810 1.091036 0.006712
1520530359.301813 1.091034 0.006712
1520530359.401817 1.091035 0.006711
1520530359.501870 1.091022 0.006711
1520530359.601873 1.091036 0.006710
1520530359.651874 1.091035 0.006710
1520530359.751878 1.091037 0.006709
1520530359.851881 1.091064 0.006709
1520530359.951828 1.091090 0.006708
1520530360.051831 1.091128 0.006706
1520530360.151834 1.091173 0.006705
1520530360.251837 1.091241 0.006704
1520530360.301316 1.091262 0.006703
1520530360.401319 1.091281 0.006701
1520530360.501323 1.091310 0.006700
1520530360.601326 1.091337 0.006699
1520530360.700978 1.091388 0.006699
1520530360.800981 1.091440 0.006697
1520530360.900984 1.091492 0.006694
1520530361.000988 1.091551 0.006691
1520530361.101044 1.091589 0.006689
1520530361.201047 1.091616 0.006686
1520530361.301050 1.091640 0.006684
1520530361.401053 1.091712 0.006682
1520530361.501690 1.091775 0.006681
1520530361.601693 1.091840 0.006681
1520530361.651695 1.091848 0.006680
1520530361.751698 1.091870 0.006680
1520530361.801700 1.091855 0.006680
1520530361.901939 1.091892 0.006680
1520530361.951941 1.091848 0.006679
1520530362.051944 1.091836 0.006677
1520530362.151947 1.091890 0.006675
1520530362.251950 1.091950 0.006673
1520530362.351623 1.092014 0.006669
1520530362.451626 1.092140 0.006666
1520530362.551629 1.092257 0.006661
1520530362.651727 1.092361 0.006656
1520530362.751364 1.092466 0.006652
1520530362.851367 1.092495 0.006649
1520530362.951370 1.092507 0.006648
1520530363.051374 1.092528 0.006647
1520530363.151650 1.092492 0.006646
1520530363.251653 1.092479 0.006646
1520530363.351656 1.092472 0.006645
1520530363.451659 1.092466 0.006645
1520530363.551745 1.092493 0.006645
1520530363.601746 1.092489 0.006644
1520530363.701749 1.092517 0.006643
1520530363.751751 1.092555 0.006642
1520530363.851754 1.092586 0.006641
1520530363.901756 1.092573 0.006640
1520530364.001782 1.092625 0.006639
1520530364.051784 1.092658 0.006638
1520530364.151786 1.092711 0.006637
1520530364.201788 1.092724 0.006636
1520530364.301791 1.092789 0.006635
1520530364.351792 1.092811 0.006634
1520530364.451854 1.092857 0.006633
1520530364.551858 1.092874 0.006632
1520530364.651861 1.092873 0.006632
1520530364.751864 1.092869 0.006631
1520530364.802376 1.092853 0.006631
1520530364.902379 1.092852 0.006630
1520530365.002383 1.092865 0.006629
1520530365.102386 1.092903 0.006628
1520530365.201844 1.092929 0.006627
1520530365.351849 1.093008 0.006625
1520530365.451852 1.093086 0.006623
1520530365.551855 1.093189 0.006620
1520530365.651537 1.093234 0.006618
1520530365.751540 1.093269 0.006617
1520530365.851543 1.093284 0.006616
1520530365.951546 1.093269 0.006615
1520530366.001907 1.093261 0.006614
1520530366.101910 1.093250 0.006613
1520530366.151911 1.093221 0.006613
1520530366.251915 1.093215 0.006613
1520530366.301916 1.093207 0.006613
1520530366.402120 1.093223 0.006613
1520530366.452121 1.093235 0.006613
1520530366.552125 1.093261 0.006612
1520530366.602127 1.093270 0.006612
1520530366.702130 1.093280 0.006611
1520530366.752132 1.093286 0.006611
1520530366.852166 1.093302 0.006611
1520530366.902167 1.093306 0.006610
1520530367.002170 1.093306 0.006610
1520530367.102178 1.093302 0.006610
1520530367.202177 1.093292 0.006610
1520530367.252540 1.093305 0.006610
1520530367.352543 1.093308 0.006609
1520530367.452546 1.093317 0.006608
1520530367.552549 1.093334 0.006607
1520530367.652264 1.093372 0.006607
1520530367.752267 1.093434 0.006605
1520530367.852271 1.093490 0.006604
1520530367.952274 1.093503 0.006603
1520530368.052124 1.093471 0.006602
1520530368.152127 1.093451 0.006601
1520530368.252130 1.093416 0.006601
1520530368.352134 1.093381 0.006600
1520530368.452048 1.093359 0.006600
1520530368.502050 1.093343 0.006600
1520530368.602053 1.093356 0.006600
1520530368.652054 1.093335 0.006600
1520530368.752057 1.093358 0.006599
1520530368.802058 1.093373 0.006599
1520530368.901391 1.093400 0.006599
1520530368.951392 1.093406 0.006599
1520530369.051395 1.093418 0.006599
1520530369.101397 1.093434 0.006599
1520530369.201400 1.093446 0.006599
1520530369.251401 1.093444 0.006599
1520530369.351538 1.093453 0.006599
1520530369.451542 1.093452 0.006599
1520530369.551545 1.093436 0.006599
1520530369.601546 1.093446 0.006599
1520530369.701896 1.093452 0.006598
1520530369.801900 1.093504 0.006599
1520530369.901903 1.093501 0.006598
1520530370.051908 1.093495 0.006598
1520530370.201933 1.093544 0.006598
1520530370.351937 1.093565 0.006597
1520530370.501883 1.093588 0.006596
1520530370.651886 1.093617 0.006596
1520530370.851892 1.093602 0.006595
1520530371.001944 1.093663 0.006594
1520530371.101947 1.093683 0.006593
1520530371.251952 1.093703 0.006593
1520530371.401953 1.093692 0.006592
1520530371.551958 1.093716 0.006592
1520530371.701962 1.093722 0.006591
1520530371.801961 1.093659 0.006591
1520530371.901964 1.093656 0.006591
1520530372.001968 1.093658 0.006591
1520530372.101971 1.093670 0.006591
1520530372.251958 1.093710 0.006591
1520530372.401963 1.093755 0.006590
1520530372.551956 1.093776 0.006589
1520530372.651960 1.093789 0.006589
1520530372.751963 1.093764 0.006588
1520530372.851966 1.093719 0.006587
1520530372.951617 1.093708 0.006587
1520530373.051620 1.093684 0.006587
1520530373.201626 1.093705 0.006586
1520530373.301629 1.093687 0.006586
1520530373.351457 1.093663 0.006586
1520530373.451460 1.093647 0.006585
1520530373.551463 1.093648 0.006585
1520530373.601465 1.093662 0.006585
1520530373.701467 1.093668 0.006585
1520530373.751469 1.093653 0.006585
1520530373.851583 1.093643 0.006584
1520530373.901585 1.093641 0.006584
1520530374.001588 1.093641 0.006584
1520530374.051589 1.093632 0.006584
1520530374.151592 1.093624 0.006584
1520530374.201953 1.093612 0.006583
1520530374.301956 1.093611 0.006583
1520530374.401959 1.093614 0.006583
1520530374.501962 1.093629 0.006583
1520530374.602407 1.093650 0.006583
1520530374.752412 1.093697 0.006582
1520530374.852415 1.093712 0.006582
1520530374.952418 1.093735 0.006582
1520530375.052444 1.093756 0.006581
1520530375.152447 1.093767 0.006581
1520530375.252454 1.093760 0.006581
1520530375.352453 1.093733 0.006581
1520530375.452214 1.093732 0.006580
1520530375.552217 1.093753 0.006580
1520530375.652220 1.093749 0.006580
1520530375.702222 1.093709 0.006580
1520530375.802225 1.093691 0.006579
1520530375.902259 1.093703 0.006579
1520530376.002262 1.093705 0.006579
1520530376.052264 1.093695 0.006578
1520530376.152267 1.093710 0.006579
1520530376.202270 1.093732 0.006579
1520530376.301951 1.093739 0.006579
1520530376.401954 1.093717 0.006578
1520530376.451957 1.093701 0.006578
1520530376.551960 1.093679 0.006578
1520530376.601961 1.093681 0.006578
1520530376.702664 1.093681 0.006578
1520530376.752666 1.093696 0.006578
1520530376.852669 1.093681 0.006578
1520530376.902671 1.093693 0.006578
1520530377.002721 1.093697 0.006578
1520530377.102900 1.093694 0.006578
1520530377.202903 1.093694 0.006578
1520530377.302906 1.093712 0.006578
1520530377.402909 1.093750 0.006578
1520530377.451719 1.093772 0.006577
1520530377.551722 1.093781 0.006577
1520530377.651725 1.093766 0.006577
1520530377.751728 1.093819 0.006577
1520530377.851407 1.093799 0.006577
1520530377.951411 1.093797 0.006577
1520530378.051414 1.093798 0.006576
1520530378.151417 1.093781 0.006576
1520530378.201419 1.093762 0.006576
1520530378.301511 1.093763 0.006576
1520530378.351513 1.093762 0.006576
1520530378.451516 1.093779 0.006576
1520530378.501517 1.093793 0.006576
1520530378.601571 1.093796 0.006576
1520530378.651522 1.093790 0.006576
1520530378.752210 1.093785 0.006576
1520530378.802212 1.093786 0.006576
1520530378.902215 1.093807 0.006576
1520530379.002218 1.093819 0.006576
1520530379.102149 1.093821 0.006575
1520530379.202152 1.093838 0.006575
1520530379.302155 1.093862 0.006575
1520530379.402159 1.093884 0.006575
1520530379.501850 1.093902 0.006574
1520530379.601853 1.093927 0.006574
1520530379.701856 1.093912 0.006574
1520530379.801860 1.093924 0.006574
1520530379.901824 1.093928 0.006573
1520530380.001827 1.093924 0.006573
1520530380.101830 1.093915 0.006573
1520530380.151832 1.093925 0.006573
1520530380.251835 1.093920 0.006573
1520530380.301736 1.093897 0.006573
1520530380.402163 1.093904 0.006573
1520530380.502165 1.093927 0.006573
1520530380.552166 1.093933 0.006573
1520530380.652170 1.093949 0.006573
1520530380.752135 1.093955 0.006573
1520530380.852138 1.093984 0.006573
1520530380.902139 1.093960 0.006573
1520530381.002143 1.093983 0.006573
1520530381.052144 1.093975 0.006573
1520530381.152048 1.093988 0.006573
1520530381.202049 1.093974 0.006573
1520530381.302052 1.093977 0.006573
1520530381.402056 1.093970 0.006573
1520530381.502058 1.093987 0.006573
1520530381.602264 1.093991 0.006573
1520530381.702267 1.093998 0.006572
1520530381.802324 1.093999 0.006573
1520530381.902273 1.094024 0.006572
1520530382.002334 1.094064 0.006572
1520530382.102337 1.094087 0.006572
1520530382.202340 1.094096 0.006572
1520530382.302343 1.094109 0.006572
1520530382.402160 1.094103 0.006572
1520530382.502164 1.094116 0.006572
1520530382.602167 1.094113 0.006572
1520530382.702170 1.094113 0.006572
1520530382.802244 1.094092 0.006572
1520530382.952249 1.094085 0.006572
1520530383.052252 1.094086 0.006572
1520530383.152255 1.094082 0.006572
1520530383.252208 1.094072 0.006572
1520530383.352211 1.094068 0.006572
1520530383.452214 1.094064 0.006572
1520530383.552217 1.094087 0.006572
1520530383.652472 1.094071 0.006572
1520530383.752476 1.094091 0.006572
1520530383.852479 1.094095 0.006572
1520530383.902481 1.094095 0.006571
1520530384.002530 1.094130 0.006572
1520530384.102533 1.094153 0.006572
1520530384.202536 1.094134 0.006571
1520530384.302539 1.094226 0.006571
1520530384.352541 1.094228 0.006571
1520530384.452434 1.094237 0.006571
1520530384.502435 1.094247 0.006571
1520530384.602439 1.094234 0.006571
1520530384.702442 1.094246 0.006571
1520530384.802857 1.094212 0.006571
1520530384.902860 1.094268 0.006571
1520530385.002916 1.094296 0.006571
1520530385.052864 1.094264 0.006571
1520530385.152867 1.094274 0.006571
1520530385.202869 1.094272 0.006571
1520530385.302707 1.094318 0.006571
1520530385.352709 1.094300 0.006570
1520530385.452712 1.094343 0.006570
1520530385.502713 1.094348 0.006570
1520530385.602716 1.094361 0.006571
1520530385.652486 1.094365 0.006570
1520530385.752489 1.094393 0.006570
1520530385.802491 1.094382 0.006570
1520530385.902494 1.094387 0.006570
1520530385.952497 1.094382 0.006570
1520530386.052544 1.094392 0.006570
1520530386.152547 1.094403 0.006570
1520530386.252550 1.094396 0.006570
1520530386.352553 1.094405 0.006570
1520530386.452758 1.094398 0.006570
1520530386.552761 1.094402 0.006570
1520530386.652764 1.094409 0.006570
1520530386.752767 1.094382 0.006570
1520530386.852674 1.094383 0.006570
1520530386.952678 1.094377 0.006570
1520530387.052681 1.094394 0.006571
1520530387.152684 1.094428 0.006571
1520530387.252606 1.094435 0.006570
1520530387.352609 1.094472 0.006570
1520530387.402611 1.094471 0.006570
1520530387.502614 1.094504 0.006570
1520530387.602617 1.094524 0.006570
1520530387.652619 1.094516 0.006570
1520530387.752459 1.094529 0.006569
1520530387.802460 1.094523 0.006569
1520530387.902463 1.094541 0.006569
1520530387.952465 1.094537 0.006569
1520530388.052468 1.094530 0.006570
1520530388.102494 1.094518 0.006569
1520530388.202544 1.094542 0.006569
1520530388.252499 1.094559 0.006569
1520530388.352502 1.094551 0.006569
1520530388.452505 1.094522 0.006569
1520530388.552854 1.094503 0.006569
1520530388.702858 1.094507 0.006569
1520530388.852863 1.094511 0.006569
1520530388.902233 1.094526 0.006569
1520530389.002237 1.094526 0.006569
1520530389.102240 1.094531 0.006569
1520530389.202243 1.094524 0.006569
1520530389.302934 1.094515 0.006569
1520530389.402938 1.094517 0.006569
1520530389.502940 1.094536 0.006569
1520530389.602943 1.094561 0.006569
1520530389.702846 1.094555 0.006569
1520530389.753403 1.094565 0.006569
1520530389.853406 1.094570 0.006569
1520530389.903408 1.094576 0.006569
1520530390.003411 1.094581 0.006569
1520530390.053412 1.094570 0.006569
1520530390.152569 1.094557 0.006569
1520530390.202569 1.094551 0.006569
1520530390.302572 1.094536 0.006569
1520530390.352575 1.094517 0.006569
1520530390.452578 1.094499 0.006569
1520530390.553324 1.094445 0.006568
1520530390.603326 1.094466 0.006568
1520530390.703329 1.094491 0.006569
1520530390.803333 1.094473 0.006569
1520530390.903336 1.094450 0.006569
1520530391.003381 1.094454 0.006569
1520530391.103384 1.094469 0.006569
1520530391.203387 1.094478 0.006569
1520530391.352333 1.094503 0.006569
1520530391.402366 1.094494 0.006568
1520530391.502338 1.094491 0.006569
1520530391.602341 1.094499 0.006569
1520530391.702344 1.094484 0.006569
1520530391.802426 1.094478 0.006569
1520530391.902429 1.094469 0.006569
1520530392.002432 1.094476 0.006569
1520530392.102435 1.094473 0.006569
1520530392.152436 1.094472 0.006569
1520530392.253143 1.094454 0.006569
1520530392.303145 1.094460 0.006569
1520530392.403148 1.094431 0.006569
1520530392.453150 1.094432 0.006568
1520530392.553153 1.094433 0.006569
1520530392.652236 1.094434 0.006569
1520530392.752239 1.094438 0.006568
1520530392.802241 1.094445 0.006568
1520530392.902243 1.094462 0.006569
1520530392.952245 1.094487 0.006569
1520530393.052154 1.094491 0.006569
1520530393.152157 1.094485 0.006568
1520530393.252160 1.094503 0.006569
1520530393.352164 1.094506 0.006568
1520530393.452923 1.094506 0.006568
1520530393.552926 1.094537 0.006568
1520530393.602927 1.094566 0.006568
1520530393.702931 1.094523 0.006568
1520530393.752932 1.094457 0.006568
1520530393.852959 1.094488 0.006568
1520530394.002964 1.094480 0.006568
1520530394.102968 1.094441 0.006568
1520530394.202165 1.094473 0.006568
1520530394.302169 1.094489 0.006568
1520530394.402172 1.094499 0.006568
1520530394.502175 1.094501 0.006568
1520530394.602189 1.094518 0.006568
1520530394.702878 1.094489 0.006568
1520530394.802881 1.094497 0.006568
1520530394.902884 1.094515 0.006568
1520530395.002887 1.094529 0.006568
1520530395.053731 1.094535 0.006568
1520530395.153734 1.094538 0.006568
1520530395.253737 1.094519 0.006568
1520530395.353740 1.094562 0.006568
1520530395.452705 1.094571 0.006568
1520530395.552709 1.094569 0.006568
1520530395.652712 1.094554 0.006568
1520530395.752715 1.094540 0.006568
1520530395.853078 1.094530 0.006568
1520530395.953081 1.094502 0.006568
1520530396.053084 1.094506 0.006568
1520530396.153087 1.094506 0.006568
1520530396.253235 1.094522 0.006568
1520530396.353238 1.094519 0.006568
1520530396.453241 1.094509 0.006568
1520530396.553244 1.094492 0.006568
1520530396.653248 1.094465 0.006568
1520530396.753147 1.094462 0.006568
1520530396.853150 1.094476 0.006568
1520530396.953153 1.094482 0.006568
1520530397.053156 1.094489 0.006568
1520530397.102782 1.094480 0.006568
1520530397.202785 1.094498 0.006568
1520530397.302788 1.094504 0.006568
1520530397.402791 1.094528 0.006568
1520530397.502304 1.094532 0.006568
1520530397.602308 1.094539 0.006568
1520530397.702310 1.094556 0.006568
1520530397.802315 1.094540 0.006568
1520530397.902585 1.094533 0.006568
1520530397.952586 1.094526 0.006568
1520530398.052589 1.094504 0.006568
1520530398.102591 1.094499 0.006568
1520530398.202594 1.094486 0.006568
1520530398.303365 1.094478 0.006568
1520530398.403368 1.094470 0.006568
1520530398.503371 1.094467 0.006568
1520530398.603375 1.094459 0.006568
1520530398.653376 1.094447 0.006568
1520530398.753223 1.094454 0.006568
1520530398.803225 1.094446 0.006568
1520530398.903227 1.094428 0.006568
1520530398.953229 1.094428 0.006568
1520530399.053232 1.094434 0.006568
1520530399.103233 1.094420 0.006568
1520530399.202332 1.094410 0.006568
1520530399.252333 1.094412 0.006568
1520530399.352336 1.094409 0.006568
1520530399.402342 1.094412 0.006568
1520530399.502341 1.094420 0.006568
1520530399.553006 1.094426 0.006568
1520530399.653009 1.094430 0.006568
1520530399.703011 1.094426 0.006568
1520530399.803014 1.094416 0.006568
1520530399.903017 1.094430 0.006568
1520530400.003276 1.094427 0.006567
1520530400.053278 1.094431 0.006567
1520530400.153281 1.094424 0.006568
1520530400.203283 1.094421 0.006568
1520530400.303286 1.094426 0.006568
1520530400.352494 1.094431 0.006568
1520530400.452498 1.094442 0.006568
1520530400.502500 1.094442 0.006568
1520530400.602502 1.094448 0.006568
1520530400.702505 1.094446 0.006568
1520530400.752291 1.094444 0.006568
1520530400.852294 1.094431 0.006568
1520530400.952297 1.094430 0.006567
1520530401.052300 1.094442 0.006568
1520530401.152303 1.094443 0.006568
1520530401.202755 1.094432 0.006568
1520530401.302758 1.094436 0.006568
1520530401.352759 1.094460 0.006567
1520530401.452763 1.094440 0.006567
1520530401.502764 1.094434 0.006568
1520530401.603037 1.094408 0.006568
1520530401.703041 1.094414 0.006568
1520530401.803044 1.094423 0.006568
1520530401.903047 1.094416 0.006568
1520530401.953048 1.094381 0.006568
1520530402.052283 1.094390 0.006568
1520530402.102285 1.094388 0.006568
1520530402.202287 1.094393 0.006568
1520530402.252289 1.094390 0.006568
1520530402.352292 1.094392 0.006568
1520530402.402567 1.094372 0.006568
1520530402.502571 1.094381 0.006567
1520530402.552572 1.094378 0.006568
1520530402.652672 1.094362 0.006568
1520530402.752578 1.094346 0.006568
1520530402.853417 1.094329 0.006567
1520530402.953420 1.094335 0.006568
1520530403.003422 1.094351 0.006567
1520530403.103425 1.094360 0.006568
1520530403.202933 1.094369 0.006568
1520530403.302936 1.094354 0.006567
1520530403.352938 1.094326 0.006567
1520530403.452941 1.094312 0.006567
1520530403.502943 1.094324 0.006568
1520530403.602946 1.094320 0.006568
1520530403.652254 1.094317 0.006567
1520530403.752257 1.094310 0.006567
1520530403.802258 1.094315 0.006567
1520530403.902261 1.094296 0.006567
1520530403.952263 1.094296 0.006568
1520530404.052745 1.094293 0.006567
1520530404.102746 1.094294 0.006567
1520530404.202749 1.094287 0.006568
1520530404.302752 1.094286 0.006567
1520530404.402755 1.094277 0.006567
1520530404.453112 1.094279 0.006568
1520530404.553115 1.094271 0.006568
1520530404.653119 1.094265 0.006568
1520530404.753122 1.094263 0.006568
1520530404.852642 1.094266 0.006567
1520530404.902643 1.094266 0.006568
1520530405.002647 1.094278 0.006567
1520530405.052648 1.094273 0.006567
1520530405.152651 1.094259 0.006567
1520530405.202653 1.094264 0.006567
1520530405.302330 1.094266 0.006567
1520530405.352331 1.094270 0.006567
1520530405.452334 1.094276 0.006567
1520530405.502335 1.094274 0.006567
1520530405.602339 1.094266 0.006567
1520530405.652792 1.094273 0.006567
1520530405.752795 1.094261 0.006567
1520530405.802797 1.094258 0.006567
1520530405.902800 1.094242 0.006567
1520530405.952801 1.094244 0.006567
1520530406.052804 1.094239 0.006567
1520530406.153570 1.094268 0.006567
1520530406.203573 1.094249 0.006567
1520530406.303576 1.094227 0.006567
1520530406.353577 1.094227 0.006567
1520530406.453580 1.094208 0.006567
1520530406.553487 1.094209 0.006567
1520530406.653490 1.094219 0.006567
1520530406.753493 1.094235 0.006567
1520530406.853497 1.094232 0.006567
1520530406.902692 1.094223 0.006568
1520530407.002694 1.094238 0.006568
1520530407.052696 1.094240 0.006567
1520530407.152699 1.094282 0.006568
1520530407.202701 1.094292 0.006567
1520530407.303185 1.094275 0.006567
1520530407.353185 1.094266 0.006568
1520530407.453221 1.094271 0.006567
1520530407.503190 1.094238 0.006567
1520530407.603193 1.094199 0.006567
1520530407.653194 1.094185 0.006568
1520530407.753511 1.094167 0.006567
1520530407.803513 1.094133 0.006567
1520530407.903516 1.094142 0.006567
1520530407.953518 1.094167 0.006567
1520530408.053521 1.094172 0.006567
1520530408.103522 1.094167 0.006567
1520530408.203605 1.094171 0.006567
1520530408.303608 1.094174 0.006567
1520530408.403612 1.094169 0.006567
1520530408.503614 1.094168 0.006567
1520530408.553374 1.094162 0.006567
1520530408.653377 1.094153 0.006567
1520530408.753380 1.094141 0.006567
1520530408.853383 1.094160 0.006567
1520530408.952878 1.094161 0.006567
1520530409.052890 1.094156 0.006567
1520530409.152884 1.094158 0.006567
1520530409.252887 1.094164 0.006567
1520530409.352902 1.094173 0.006567
1520530409.452906 1.094156 0.006567
1520530409.552909 1.094155 0.006567
1520530409.652912 1.094160 0.006567
1520530409.752654 1.094165 0.006567
1520530409.852657 1.094174 0.006567
1520530409.952660 1.094166 0.006567
1520530410.052664 1.094158 0.006567
1520530410.153223 1.094161 0.006567
1520530410.253226 1.094156 0.006567
1520530410.353231 1.094148 0.006567
1520530410.453232 1.094145 0.006567
1520530410.553235 1.094144 0.006567
1520530410.603875 1.094127 0.006567
1520530410.703878 1.094134 0.006567
1520530410.803881 1.094144 0.006567
1520530410.903884 1.094123 0.006567
1520530411.003418 1.094144 0.006567
1520530411.103421 1.094158 0.006567
1520530411.253426 1.094165 0.006567
1520530411.403009 1.094154 0.006568
1520530411.503012 1.094147 0.006567
1520530411.603015 1.094121 0.006567
1520530411.703018 1.094113 0.006567
1520530411.802907 1.094121 0.006567
1520530411.852907 1.094127 0.006567
1520530411.952910 1.094128 0.006567
1520530412.002912 1.094130 0.006567
1520530412.102915 1.094129 0.006567
1520530412.152916 1.094124 0.006567
1520530412.253417 1.094129 0.006567
1520530412.303419 1.094116 0.006567
1520530412.403422 1.094114 0.006567
1520530412.503425 1.094104 0.006567
1520530412.553426 1.094115 0.006567
1520530412.653630 1.094110 0.006567
1520530412.753633 1.094100 0.006567
1520530412.803634 1.094102 0.006567
1520530412.903637 1.094103 0.006567
1520530412.953639 1.094096 0.006567
1520530413.053009 1.094092 0.006567
1520530413.103011 1.094114 0.006567
1520530413.203014 1.094120 0.006567
1520530413.303017 1.094120 0.006567
1520530413.403021 1.094098 0.006567
1520530413.502941 1.094103 0.006567
1520530413.602944 1.094093 0.006567
1520530413.853107 1.094092 0.006567
1520530413.953110 1.094094 0.006567
1520530414.053113 1.094100 0.006567
1520530414.153116 1.094099 0.006567
1520530414.252894 1.094084 0.006567
1520530414.352897 1.094078 0.006567
1520530414.452900 1.094097 0.006567
1520530414.552903 1.094103 0.006567
1520530414.652705 1.094099 0.006567
1520530414.752708 1.094092 0.006567
1520530414.852712 1.094082 0.006567
1520530414.952715 1.094079 0.006567
1520530415.052718 1.094069 0.006567
1520530415.103195 1.094064 0.006567
1520530415.203199 1.094048 0.006567
1520530415.303202 1.094048 0.006567
1520530415.453206 1.094064 0.006567
1520530415.553069 1.094068 0.006567
1520530415.653072 1.094070 0.006567
1520530415.753075 1.094063 0.006567
1520530415.903361 1.094058 0.006567
1520530416.053366 1.094072 0.006567
1520530416.453380 1.094082 0.006567
1520530416.603384 1.094083 0.006567
1520530416.703272 1.094083 0.006567
1520530416.803277 1.094081 0.006567
1520530416.903278 1.094085 0.006567
1520530416.953280 1.094084 0.006567
1520530417.053283 1.094077 0.006567
1520530417.153371 1.094083 0.006567
1520530417.253374 1.094083 0.006567
1520530417.603465 1.094064 0.006567
1520530417.703468 1.094051 0.006567
1520530417.803472 1.094055 0.006567
1520530417.903475 1.094066 0.006567
1520530418.003458 1.094060 0.006567
1520530418.103461 1.094045 0.006567
1520530418.203465 1.094055 0.006567
1520530418.303468 1.094063 0.006567
1520530418.453434 1.094056 0.006567
1520530418.603439 1.094044 0.006567
1520530418.753343 1.094037 0.006567
1520530418.853346 1.094037 0.006567
1520530418.953350 1.094053 0.006567
1520530419.053353 1.094058 0.006567
1520530419.153533 1.094046 0.006567
1520530419.253536 1.094047 0.006567
1520530419.353539 1.094051 0.006567
1520530419.503544 1.094050 0.006567
1520530419.653731 1.094049 0.006567
1520530419.753734 1.094049 0.006567
1520530419.853738 1.094057 0.006567
1520530419.953740 1.094051 0.006567
1520530420.053599 1.094037 0.006567
1520530420.153602 1.094031 0.006567
1520530420.253605 1.094021 0.006567
1520530420.353608 1.094010 0.006567
1520530420.453700 1.094005 0.006567
1520530420.603705 1.094006 0.006567
1520530420.803356 1.094010 0.006567
1520530420.953361 1.094018 0.006567
1520530421.053364 1.094012 0.006567
1520530421.153367 1.094009 0.006567
1520530421.253431 1.094014 0.006567
1520530421.353434 1.094012 0.006567
1520530421.453437 1.094003 0.006567
1520530421.553440 1.093998 0.006567
1520530421.653613 1.094002 0.006567
1520530421.753616 1.094004 0.006567
1520530421.903620 1.094001 0.006567
1520530422.053472 1.094001 0.006567
1520530422.153476 1.093995 0.006567
1520530422.253479 1.093995 0.006567
1520530422.353482 1.093996 0.006567
1520530422.453395 1.093987 0.006567
1520530422.503396 1.093990 0.006567
1520530422.603400 1.093988 0.006567
1520530422.703403 1.093978 0.006567
1520530422.803406 1.093972 0.006567
1520530422.903583 1.093963 0.006567
1520530423.053588 1.093960 0.006566
1520530423.153591 1.093967 0.006567
1520530423.203592 1.093955 0.006567
1520530423.303317 1.093956 0.006567
1520530423.403322 1.093971 0.006567
1520530423.503324 1.093980 0.006567
1520530423.603327 1.093981 0.006567
1520530423.652983 1.093980 0.006567
1520530423.752986 1.093969 0.006567
1520530423.802988 1.093965 0.006567
1520530423.902991 1.093957 0.006567
1520530423.952993 1.093950 0.006567
1520530424.052950 1.093952 0.006567
1520530424.103253 1.093947 0.006567
1520530424.203257 1.093936 0.006567
1520530424.353261 1.093928 0.006566
1520530424.453264 1.093945 0.006566
1520530424.504722 1.093988 0.006567
1520530424.604726 1.093980 0.006567
1520530424.704729 1.093990 0.006567
1520530424.854733 1.094007 0.006566
1520530424.953377 1.094014 0.006566
1520530425.003378 1.094044 0.006566
1520530425.103381 1.094001 0.006567
1520530425.203384 1.093967 0.006567
1520530425.303732 1.093958 0.006566
1520530425.403735 1.093935 0.006567
1520530425.603741 1.093936 0.006566
1520530425.653743 1.093939 0.006566
1520530425.753677 1.093926 0.006567
1520530425.803679 1.093922 0.006567
1520530425.903682 1.093956 0.006567
1520530426.003685 1.093944 0.006567
1520530426.103474 1.093927 0.006567
1520530426.203477 1.093944 0.006566
1520530426.253478 1.093936 0.006567
1520530426.353481 1.093940 0.006567
1520530426.403483 1.093932 0.006567
1520530426.503486 1.093948 0.006567
1520530426.703556 1.093940 0.006566
1520530426.803559 1.093956 0.006567
1520530426.853560 1.093970 0.006566
1520530426.953598 1.093954 0.006567
1520530427.053602 1.093960 0.006567
1520530427.153605 1.093975 0.006567
1520530427.203606 1.093978 0.006567
1520530427.303609 1.093942 0.006567
1520530427.403594 1.093957 0.006567
1520530427.503597 1.093956 0.006567
1520530427.803679 1.093936 0.006567
1520530427.903683 1.093926 0.006567
1520530428.003686 1.093957 0.006567
1520530428.053687 1.093971 0.006567
1520530428.153535 1.093944 0.006567
1520530428.203537 1.093947 0.006567
1520530428.303540 1.093955 0.006567
1520530428.353542 1.093938 0.006567
1520530428.453544 1.093932 0.006567
1520530428.503546 1.093935 0.006567
1520530428.603452 1.093935 0.006567
1520530428.703455 1.093945 0.006567
1520530428.803458 1.093942 0.006567
1520530428.903461 1.093947 0.006567
1520530428.953463 1.093939 0.006567
1520530429.053445 1.093938 0.006567
1520530429.103447 1.093934 0.006567
1520530429.203450 1.093933 0.006567
1520530429.253451 1.093921 0.006567
1520530429.353455 1.093924 0.006567
1520530429.403551 1.093934 0.006567
1520530429.503555 1.093930 0.006567
1520530429.553556 1.093944 0.006567
1520530429.653559 1.093941 0.006567
1520530429.703560 1.093942 0.006567
1520530429.803622 1.093934 0.006566
1520530429.853626 1.093926 0.006566
1520530429.953626 1.093925 0.006567
1520530430.003663 1.093927 0.006567
1520530430.103631 1.093928 0.006567
1520530430.153632 1.093921 0.006567
1520530430.253346 1.093913 0.006567
1520530430.303347 1.093908 0.006567
1520530430.403350 1.093907 0.006567
1520530430.453352 1.093912 0.006567
1520530430.553355 1.093914 0.006567
1520530430.653528 1.093919 0.006567
1520530430.703530 1.093913 0.006567
1520530430.803533 1.093910 0.006567
1520530430.903536 1.093917 0.006567
1520530431.003696 1.093916 0.006567
1520530431.103700 1.093910 0.006567
1520530431.153701 1.093909 0.006567
1520530431.253704 1.093905 0.006567
1520530431.303706 1.093903 0.006567
1520530431.403709 1.093893 0.006567
1520530431.453562 1.093905 0.006567
1520530431.553565 1.093912 0.006567
1520530431.603567 1.093913 0.006567
1520530431.703570 1.093905 0.006567
1520530431.753571 1.093912 0.006567
1520530431.853524 1.093923 0.006567
1520530431.903526 1.093913 0.006567
1520530432.003529 1.093913 0.006567
1520530432.053530 1.093898 0.006567
1520530432.153533 1.093891 0.006567
1520530432.203536 1.093888 0.006567
1520530432.303698 1.093875 0.006567
1520530432.353700 1.093893 0.006567
1520530432.453702 1.093892 0.006567
1520530432.503704 1.093890 0.006567
1520530432.603708 1.093889 0.006567
1520530432.653548 1.093881 0.006567
1520530432.753551 1.093885 0.006567
1520530432.803553 1.093891 0.006567
1520530432.903556 1.093900 0.006567
1520530432.953557 1.093895 0.006567
1520530433.053690 1.093879 0.006567
1520530433.103691 1.093871 0.006567
1520530433.203694 1.093883 0.006567
1520530433.303697 1.093899 0.006567
1520530433.403700 1.093919 0.006567
1520530433.503793 1.093905 0.006567
1520530433.603796 1.093884 0.006567
1520530433.703799 1.093882 0.006567
1520530433.803803 1.093903 0.006567
1520530433.853804 1.093883 0.006567
1520530433.953632 1.093866 0.006567
1520530434.003634 1.093860 0.006567
1520530434.103637 1.093852 0.006567
1520530434.153638 1.093870 0.006567
1520530434.253642 1.093844 0.006567
1520530434.303478 1.093856 0.006567
1520530434.403481 1.093862 0.006567
1520530434.453483 1.093855 0.006567
1520530434.553486 1.093853 0.006567
1520530434.603488 1.093854 0.006567
1520530434.703655 1.093859 0.006567
1520530434.753658 1.093859 0.006567
1520530434.853723 1.093857 0.006567
1520530434.903661 1.093854 0.006567
1520530435.003664 1.093866 0.006567
1520530435.103796 1.093875 0.006567
1520530435.153798 1.093879 0.006567
1520530435.253801 1.093878 0.006567
1520530435.303802 1.093867 0.006567
1520530435.403806 1.093888 0.006567
1520530435.453807 1.093879 0.006567
1520530435.554088 1.093875 0.006567
1520530435.604089 1.093862 0.006567
1520530435.704092 1.093863 0.006567
1520530435.754094 1.093860 0.006567
1520530435.854097 1.093860 0.006567
1520530435.904099 1.093858 0.006566
1520530436.003837 1.093849 0.006567
1520530436.053838 1.093843 0.006567
1520530436.153841 1.093841 0.006567
1520530436.203843 1.093845 0.006567
1520530436.303846 1.093853 0.006567
1520530436.403957 1.093851 0.006567
1520530436.553962 1.093850 0.006566
1520530436.703966 1.093818 0.006566
1520530436.804032 1.093818 0.006566
1520530436.904035 1.093823 0.006566
1520530436.954037 1.093833 0.006566
1520530437.054040 1.093834 0.006566
1520530437.104042 1.093839 0.006566
1520530437.203536 1.093838 0.006566
1520530437.253536 1.093849 0.006566
1520530437.353539 1.093851 0.006566
1520530437.403543 1.093856 0.006566
1520530437.503545 1.093871 0.006566
1520530437.553870 1.093865 0.006566
1520530437.653873 1.093849 0.006566
1520530437.753876 1.093838 0.006566
1520530437.853879 1.093835 0.006566
1520530437.954482 1.093836 0.006566
1520530438.104484 1.093846 0.006566
1520530438.204487 1.093850 0.006566
1520530438.254489 1.093860 0.006566
1520530438.354492 1.093841 0.006566
1520530438.403621 1.093857 0.006566
1520530438.503624 1.093849 0.006566
1520530438.553626 1.093871 0.006566
1520530438.653629 1.093861 0.006566
1520530438.753632 1.093847 0.006566
1520530438.804389 1.093849 0.006566
1520530438.904392 1.093851 0.006566
1520530439.004395 1.093855 0.006566
1520530439.154401 1.093844 0.006566
1520530439.254655 1.093808 0.006566
1520530439.404660 1.093826 0.006566
1520530439.604177 1.093832 0.006566
1520530439.754182 1.093839 0.006566
1520530439.854185 1.093825 0.006566
1520530439.954188 1.093843 0.006566
1520530440.054101 1.093847 0.006566
1520530440.204106 1.093839 0.006566
1520530440.304109 1.093829 0.006566
1520530440.404112 1.093834 0.006566
1520530440.503979 1.093825 0.006566
1520530440.603982 1.093830 0.006566
1520530440.703986 1.093816 0.006566
1520530440.853871 1.093836 0.006566
1520530440.953874 1.093835 0.006566
1520530441.053876 1.093834 0.006566
1520530441.153883 1.093838 0.006566
1520530441.253889 1.093839 0.006566
1520530441.353892 1.093830 0.006566
1520530441.453895 1.093813 0.006566
1520530441.553898 1.093803 0.006566
1520530441.654083 1.093814 0.006566
1520530441.804088 1.093822 0.006566
1520530441.904091 1.093837 0.006566
1520530442.004094 1.093842 0.006566
1520530442.104032 1.093856 0.006566
1520530442.204035 1.093869 0.006566
1520530442.304038 1.093878 0.006566
1520530442.404042 1.093886 0.006566
1520530442.503716 1.093870 0.006566
1520530442.603719 1.093868 0.006566
1520530442.653721 1.093864 0.006566
1520530442.753723 1.093868 0.006566
1520530442.803725 1.093867 0.006566
1520530442.904376 1.093865 0.006566
1520530443.004379 1.093879 0.006566
1520530443.104382 1.093893 0.006566
1520530443.204385 1.093879 0.006566
1520530443.404470 1.093886 0.006566
1520530443.554474 1.093889 0.006566
1520530443.654478 1.093884 0.006566
1520530443.704013 1.093877 0.006566
1520530443.804016 1.093877 0.006566
1520530443.904020 1.093887 0.006566
1520530444.004023 1.093880 0.006566
1520530444.104403 1.093866 0.006566
1520530444.204406 1.093863 0.006566
1520530444.254406 1.093866 0.006566
1520530444.354410 1.093867 0.006566
1520530444.454413 1.093860 0.006566
1520530444.505161 1.093855 0.006566
1520530444.605164 1.093838 0.006566
1520530444.705167 1.093828 0.006566
1520530444.805170 1.093842 0.006566
1520530444.905173 1.093845 0.006566
1520530445.004964 1.093840 0.006566
1520530445.054965 1.093862 0.006566
1520530445.154968 1.093870 0.006566
1520530445.204970 1.093866 0.006566
1520530445.304973 1.093843 0.006566
1520530445.353892 1.093843 0.006566
1520530445.453896 1.093854 0.006566
1520530445.503898 1.093862 0.006566
1520530445.603900 1.093854 0.006566
1520530445.703904 1.093863 0.006566
1520530445.753751 1.093862 0.006566
1520530445.853755 1.093869 0.006566
1520530445.903755 1.093867 0.006566
1520530446.003758 1.093860 0.006566
1520530446.103761 1.093860 0.006566
1520530446.154954 1.093870 0.006566
1520530446.254902 1.093877 0.006566
1520530446.354905 1.093880 0.006566
1520530446.454908 1.093890 0.006566
1520530446.554783 1.093883 0.006566
1520530446.654786 1.093873 0.006566
1520530446.754789 1.093872 0.006566
1520530446.854792 1.093870 0.006566
1520530446.954330 1.093861 0.006566
1520530447.054334 1.093846 0.006566
1520530447.154337 1.093851 0.006566
1520530447.254340 1.093853 0.006566
1520530447.354343 1.093854 0.006566
1520530447.454125 1.093858 0.006566
1520530447.604130 1.093855 0.006566
1520530447.754142 1.093846 0.006566
1520530448.203885 1.093846 0.006566
