1403636636.063555 -0.688234  0.476962  0.238547 0.548634 0.298035 0.124874
1403636636.263556 -0.702455  0.498247  0.339812 0.550438 0.312080 0.128289
1403636636.413555 -0.685726  0.473658  0.343640 0.543139 0.315426 0.133647
1403636636.563555 -0.605657  0.440397  0.204264 0.521066 0.317814 0.136700
1403636636.813555 -0.478827  0.303108 -0.004786 0.450298 0.297558 0.132271
1403636637.163556 -0.392402  0.137759 -0.184517 0.314664 0.216021 0.120252
1403636637.663556 -0.458543  0.104395  0.177428 0.250134 0.171520 0.117243
1403636637.913555 -0.522658  0.098446  0.304142 0.234811 0.157532 0.118482
1403636638.313555 -0.441811  0.073435 -0.152766 0.215409 0.142755 0.116148
1403636638.513556 -0.436747  0.117822 -0.201095 0.203697 0.137506 0.113997
1403636638.813555 -0.566528  0.221051  0.128508 0.209163 0.139532 0.113642
1403636639.013556 -0.603079  0.239061  0.171194 0.216798 0.139996 0.113238
1403636639.213556 -0.614838  0.318761 -0.086790 0.220786 0.140528 0.113240
1403636639.463556 -0.624163  0.432164 -0.242628 0.223371 0.146867 0.113881
1403636639.663556 -0.641832  0.399339 -0.250835 0.223507 0.152918 0.115892
1403636639.863556 -0.578396  0.351595 -0.133044 0.228877 0.157014 0.116868
1403636640.113555 -0.552463  0.327214  0.097370 0.230993 0.161442 0.116284
1403636640.363556 -0.473364  0.296237  0.103199 0.221732 0.162066 0.113714
1403636640.813555 -0.383751  0.242146 -0.032255 0.203441 0.163946 0.113429
1403636641.663556 -0.215521  0.198787 -0.063738 0.183978 0.168050 0.114758
1403636642.213556 -0.187511  0.175879  0.083419 0.154904 0.150278 0.110959
1403636642.763556 -0.119761  0.145832 -0.156996 0.134362 0.134958 0.110384
1403636643.613555 -0.261616  0.234405  0.113508 0.142697 0.145595 0.111155
1403636644.063555 -0.438226  0.279512  0.031436 0.133022 0.133636 0.109560
1403636644.363556 -0.566105  0.312970 -0.108516 0.136455 0.128764 0.108746
1403636644.713556 -0.465716  0.482896 -0.345043 0.142199 0.130279 0.109840
1403636644.963556 -0.372397  0.476963 -0.345204 0.139697 0.133922 0.113282
1403636645.113555 -0.326268  0.458791 -0.219323 0.137405 0.136010 0.114893
1403636645.313555 -0.516354  0.488179 -0.056175 0.138842 0.139424 0.115594
1403636645.563555 -0.685665  0.509064 -0.132821 0.147222 0.141793 0.114521
1403636645.813555 -0.807850  0.510150 -0.020094 0.158999 0.145069 0.114541
1403636646.013556 -0.839508  0.518532  0.193396 0.169909 0.147325 0.112272
1403636646.213556 -0.840704  0.591925  0.168817 0.178622 0.148371 0.110585
1403636646.363556 -0.766604  0.641457  0.067093 0.184726 0.149367 0.109881
1403636646.513556 -0.672632  0.655814  0.043494 0.189441 0.152926 0.109515
1403636646.713556 -0.577051  0.633396  0.181431 0.193262 0.159439 0.109148
1403636646.963556 -0.471244  0.581667  0.243614 0.191701 0.165401 0.109156
1403636647.213556 -0.430866  0.559513  0.116622 0.186381 0.167519 0.109552
1403636647.463556 -0.392525  0.547663 -0.009591 0.180133 0.168250 0.109235
1403636647.713556 -0.292659  0.577762  0.072758 0.171648 0.169770 0.108826
1403636648.013556 -0.130833  0.578840 -0.077778 0.157194 0.170960 0.108281
1403636648.213556 -0.050228  0.565285 -0.201978 0.150336 0.171721 0.107463
1403636648.413555  0.039942  0.525032 -0.276309 0.147906 0.175969 0.106960
1403636648.613555  0.097084  0.476835 -0.204523 0.150742 0.181355 0.106991
1403636648.863556  0.114843  0.448847 -0.040957 0.158157 0.188713 0.106983
1403636649.213556 0.037458 0.507599 0.253913 0.169478 0.197087 0.106408
1403636649.563555 0.075419 0.431916 0.477860 0.172121 0.194763 0.107936
1403636649.863556 0.173515 0.357698 0.309509 0.167339 0.185110 0.110805
1403636650.213556  0.298399  0.236370 -0.015601 0.164976 0.174030 0.110237
1403636650.413555  0.350706  0.177810 -0.120728 0.165866 0.168197 0.108232
1403636650.613555  0.361437  0.115623 -0.184250 0.169735 0.164501 0.106714
1403636651.013556 0.328072 0.089999 0.057403 0.179786 0.165568 0.105857
1403636651.813555  0.362628 -0.089314 -0.066847 0.187930 0.169094 0.107885
1403636652.063555  0.508166 -0.155462 -0.195848 0.178011 0.157356 0.106532
1403636652.213556  0.563490 -0.220123 -0.250627 0.177835 0.154184 0.106021
1403636652.363556  0.565583 -0.283583 -0.325104 0.177381 0.154056 0.105941
1403636652.563555  0.533043 -0.218625 -0.213506 0.180981 0.156581 0.106180
1403636652.913555 0.538568 0.023809 0.119382 0.188733 0.161148 0.105673
1403636653.263556  0.513600  0.146074 -0.090031 0.187676 0.154136 0.105311
1403636653.713556 0.429893 0.070414 0.130627 0.181800 0.151641 0.105353
1403636654.313555  0.386314 -0.130751  0.038943 0.170924 0.150309 0.105724
1403636654.563555  0.361095 -0.188481  0.201301 0.161816 0.146612 0.105307
1403636654.863556  0.325559 -0.183002  0.033326 0.155137 0.144693 0.105096
1403636655.313555  0.270460 -0.278751 -0.117485 0.150334 0.146861 0.104947
1403636655.663556  0.221927 -0.487459 -0.074431 0.145735 0.149626 0.104836
1403636655.913555  0.282159 -0.504369 -0.330310 0.141837 0.150927 0.105069
1403636656.113555  0.332311 -0.488956 -0.155921 0.140721 0.154363 0.105492
1403636656.413555  0.402957 -0.437387  0.136367 0.143126 0.158479 0.104978
1403636656.713556  0.455026 -0.368837  0.118093 0.144681 0.157084 0.104395
1403636656.963556  0.414419 -0.403487 -0.068260 0.144199 0.154168 0.104279
1403636657.263556  0.349059 -0.524697 -0.084116 0.143315 0.155518 0.104353
1403636657.513556  0.371751 -0.590606 -0.094287 0.141201 0.158492 0.104333
1403636657.763556  0.444701 -0.604769 -0.185421 0.139660 0.162094 0.104484
1403636658.013556  0.554283 -0.642629 -0.122729 0.140530 0.165908 0.104862
1403636658.213556  0.629289 -0.652575 -0.012047 0.142228 0.169130 0.104652
1403636658.363556  0.640659 -0.614389 -0.095209 0.143407 0.169403 0.104529
1403636658.563555  0.645719 -0.541874 -0.144145 0.146233 0.167942 0.104567
1403636658.663556  0.624100 -0.497777 -0.172430 0.147261 0.165681 0.104604
1403636658.863556  0.558543 -0.398571 -0.215383 0.148673 0.160423 0.104840
1403636658.963556  0.515610 -0.357439 -0.249925 0.148376 0.156854 0.104981
1403636659.163556  0.439446 -0.348397 -0.323666 0.145974 0.151297 0.105519
1403636659.413555  0.358473 -0.340940 -0.217180 0.142489 0.147536 0.106319
1403636659.663556  0.307372 -0.300845 -0.172445 0.138032 0.143960 0.106082
1403636659.963556  0.203484 -0.275937 -0.342361 0.132615 0.139641 0.106696
1403636660.163556  0.167585 -0.221612 -0.395906 0.128460 0.136112 0.107626
1403636660.413555  0.173414 -0.076975 -0.292941 0.125362 0.132215 0.108703
1403636660.763556  0.162604  0.151971 -0.323276 0.123753 0.125624 0.108631
1403636660.913555  0.076906  0.185325 -0.412707 0.121606 0.122035 0.109214
1403636661.063555 -0.015103  0.221956 -0.470319 0.119553 0.119385 0.109956
1403636661.313555 -0.143376  0.196506 -0.368511 0.117843 0.118059 0.111150
1403636661.663556 -0.256272  0.160882 -0.112577 0.118562 0.119329 0.109935
1403636662.113555 -0.266458  0.012176  0.181100 0.122769 0.122067 0.105990
1403636662.513556 -0.349665 -0.030643 -0.060024 0.122769 0.119873 0.104712
1403636662.813555 -0.302711  0.010185 -0.175006 0.122533 0.117665 0.104575
1403636663.163556 -0.081813 -0.014793 -0.102185 0.122398 0.117484 0.104926
1403636663.513556  0.051394  0.108177 -0.270671 0.118877 0.116494 0.105295
1403636663.913555  0.052513  0.523850 -0.122561 0.118320 0.118140 0.106290
1403636664.163556 -0.136754  0.735881  0.014955 0.116604 0.118978 0.105452
1403636664.363556 -0.258558  0.769781 -0.182426 0.115177 0.120468 0.104880
1403636664.563555 -0.361874  0.757594 -0.301449 0.114823 0.123001 0.105244
1403636664.713556 -0.412892  0.706418 -0.203714 0.115045 0.124960 0.105408
1403636664.863556 -0.448646  0.679979 -0.098586 0.115585 0.126481 0.105341
1403636665.013556 -0.485677  0.658610  0.008687 0.116340 0.127801 0.104990
1403636665.163556 -0.496377  0.651844  0.101130 0.117218 0.128918 0.104536
1403636665.313555 -0.463545  0.665434  0.120786 0.117960 0.129752 0.103946
1403636665.463556 -0.432180  0.615066  0.113138 0.118532 0.130138 0.103561
1403636665.613555 -0.455646  0.597297  0.136094 0.118981 0.130535 0.103365
1403636665.763556 -0.480480  0.628490  0.148198 0.119729 0.130891 0.103244
1403636665.913555 -0.522592  0.639067  0.151449 0.120586 0.131498 0.103232
1403636666.063555 -0.508834  0.593256