1520530315.649646 1.227694 0.447940
1520530315.799640 1.254121 0.255319
1520530315.899643 1.232760 0.226174
1520530316.100221 1.208268 0.211922
1520530316.250226 1.221376 0.205819
1520530316.400230 1.228694 0.185397
1520530316.600278 1.228048 0.173524
1520530316.700281 1.220463 0.170360
1520530316.900287 1.216080 0.165136
1520530316.949773 1.213737 0.159305
1520530317.099778 1.211011 0.144327
1520530317.249782 1.211691 0.128881
1520530317.399745 1.215534 0.116527
1520530317.599752 1.216076 0.105293
1520530317.750237 1.215979 0.099113
1520530317.900242 1.212522 0.096096
1520530318.050246 1.211121 0.095130
1520530318.150816 1.204466 0.093967
1520530318.350774 1.206600 0.090587
1520530318.550780 1.204533 0.085570
1520530318.700570 1.201492 0.081614
1520530318.900576 1.206770 0.078722
1520530318.999955 1.198848 0.075303
1520530319.149961 1.196373 0.069882
1520530319.299965 1.194097 0.064640
1520530319.399832 1.195183 0.062282
1520530319.549837 1.195595 0.059815
1520530319.699841 1.197317 0.059160
1520530319.800341 1.198777 0.058806
1520530319.900344 1.198114 0.058250
1520530320.000347 1.197975 0.056898
1520530320.100350 1.199092 0.055550
1520530320.200401 1.197190 0.053938
1520530320.300404 1.199539 0.053123
1520530320.450408 1.200423 0.052059
1520530320.550412 1.204332 0.051448
1520530320.649871 1.204241 0.050254
1520530320.799876 1.204748 0.047700
1520530320.949880 1.204806 0.045184
1520530321.049740 1.205639 0.044104
1520530321.199745 1.207748 0.042801
1520530321.349750 1.209287 0.041404
1520530321.499857 1.209057 0.040299
1520530321.599860 1.209075 0.039664
1520530321.699863 1.209055 0.039091
1520530321.850152 1.208021 0.038090
1520530321.950155 1.204398 0.037113
1520530322.100160 1.203897 0.036017
1520530322.300208 1.204981 0.035761
1520530322.600218 1.205042 0.035354
1520530322.750027 1.202624 0.034505
1520530322.950033 1.203429 0.033707
1520530323.150076 1.202270 0.033066
1520530323.300080 1.203340 0.032712
1520530323.450085 1.194440 0.031131
1520530323.550346 1.195056 0.030183
1520530323.700351 1.199038 0.029280
1520530323.850356 1.198968 0.028800
1520530324.000156 1.199968 0.028592
1520530324.200162 1.200678 0.028350
1520530324.299908 1.199263 0.028087
1520530324.399911 1.196393 0.027674
1520530324.499994 1.196557 0.027376
1520530324.649919 1.198105 0.027083
1520530324.800021 1.199029 0.026910
1520530324.950026 1.198960 0.026816
1520530325.100816 1.199070 0.026663
1520530325.300822 1.200558 0.026253
1520530325.400825 1.198427 0.025821
1520530325.600915 1.198427 0.024783
1520530325.800921 1.197672 0.024034
1520530325.950541 1.197415 0.023739
1520530326.100546 1.196956 0.023472
1520530326.250551 1.196583 0.023212
1520530326.350204 1.196926 0.023095
1520530326.550210 1.196730 0.022928
1520530326.700216 1.196333 0.022886
1520530326.950432 1.193374 0.022387
1520530327.100437 1.195048 0.021928
1520530327.250435 1.197065 0.021663
1520530327.400439 1.197792 0.021427
1520530327.550090 1.199699 0.021120
1520530327.650103 1.198713 0.020806
1520530327.750096 1.199835 0.020644
1520530327.800097 1.199468 0.020567
1520530327.900100 1.203293 0.020494
1520530328.000280 1.204512 0.020359
1520530328.100283 1.203070 0.020209
1520530328.200287 1.203534 0.020052
1520530328.300290 1.202518 0.019932
1520530328.400337 1.200474 0.019882
1520530328.450338 1.200013 0.019872
1520530328.550342 1.198871 0.019844
1520530328.650346 1.197231 0.019813
1520530328.750348 1.198192 0.019802
1520530328.850087 1.199331 0.019773
1520530329.000092 1.201021 0.019654
1520530329.100095 1.202442 0.019546
1520530329.200044 1.202899 0.019421
1520530329.300047 1.204611 0.019273
1520530329.400050 1.205047 0.019051
1520530329.600097 1.202005 0.018705
1520530329.700100 1.199781 0.018613
1520530329.800104 1.198444 0.018544
1520530329.900107 1.198204 0.018508
1520530330.000110 1.198596 0.018450
1520530330.100162 1.200828 0.018350
1520530330.200165 1.201187 0.018133
1520530330.300169 1.204008 0.017895
1520530330.400172 1.206704 0.017673
1520530330.450787 1.204363 0.017516
1520530330.550790 1.201472 0.017374
1520530330.650793 1.196635 0.017296
1520530330.750797 1.193474 0.017263
1520530330.850367 1.197500 0.017208
1520530330.950279 1.199419 0.017088
1520530331.050282 1.198444 0.016898
1520530331.150285 1.197156 0.016802
1520530331.250735 1.196067 0.016746
1520530331.350738 1.195729 0.016728
1520530331.450741 1.196049 0.016721
1520530331.500743 1.195765 0.016723
1520530331.600746 1.196261 0.016722
1520530331.650479 1.196304 0.016704
1520530331.750483 1.198137 0.016629
1520530331.850486 1.200960 0.016453
1520530331.950489 1.201113 0.016146
1520530332.050387 1.200461 0.015816
1520530332.150390 1.200839 0.015608
1520530332.250393 1.201512 0.015474
1520530332.350396 1.199968 0.015360
1520530332.450399 1.200046 0.015314
1520530332.550483 1.198529 0.015290
1520530332.650488 1.197221 0.015282
1520530332.750491 1.197779 0.015232
1520530332.850494 1.199037 0.015170
1520530332.900164 1.198855 0.015131
1520530333.000168 1.198715 0.015058
1520530333.100171 1.199098 0.015016
1520530333.200174 1.198734 0.014975
1520530333.300608 1.200478 0.014937
1520530333.400612 1.202336 0.014869
1520530333.500615 1.201779 0.014829
1520530333.650619 1.199488 0.014756
1520530333.750542 1.199474 0.014756
1520530333.800544 1.198691 0.014746
1520530333.900547 1.198174 0.014723
1520530333.950549 1.197573 0.014699
1520530334.050551 1.199318 0.014677
1520530334.100216 1.201754 0.014639
1520530334.300222 1.206588 0.014445
1520530334.400225 1.206816 0.014346
1520530334.500228 1.206802 0.014278
1520530334.600088 1.208445 0.014236
1520530334.700091 1.209587 0.014183
1520530334.800094 1.210905 0.014147
1520530334.900097 1.214362 0.014137
1520530334.950928 1.213725 0.014130
1520530335.050931 1.213016 0.014113
1520530335.150934 1.213492 0.014105
1520530335.250937 1.214150 0.014088
1520530335.351457 1.215033 0.014073
1520530335.451459 1.214847 0.014061
1520530335.551462 1.213442 0.014035
1520530335.651465 1.213128 0.014025
1520530335.750223 1.213154 0.014012
1520530335.850226 1.212973 0.013984
1520530335.950229 1.212673 0.013960
1520530336.050232 1.213544 0.013939
1520530336.150177 1.215432 0.013932
1520530336.250180 1.217656 0.013920
1520530336.350183 1.219497 0.013901
1520530336.400185 1.218855 0.013869
1520530336.500188 1.221180 0.013815
1520530336.550582 1.222002 0.013784
1520530336.650586 1.223141 0.013726
1520530336.750588 1.224245 0.013696
1520530336.850591 1.225045 0.013667
1520530336.950594 1.222765 0.013662
1520530337.050259 1.221932 0.013632
1520530337.150262 1.221330 0.013592
1520530337.250265 1.222903 0.013569
1520530337.350269 1.224022 0.013546
1520530337.450303 1.225274 0.013523
1520530337.550306 1.224906 0.013490
1520530337.650309 1.225284 0.013432
1520530337.750312 1.226594 0.013361
1520530337.800854 1.227748 0.013313
1520530337.950858 1.229914 0.013198
1520530338.050862 1.230455 0.013129
1520530338.150864 1.229164 0.013081
1520530338.250473 1.228040 0.013062
1520530338.350476 1.227319 0.013051
1520530338.450479 1.226442 0.013032
1520530338.550482 1.225847 0.013015
1520530338.600260 1.225976 0.013011
1520530338.700263 1.226064 0.012992
1520530338.800266 1.226880 0.012972
1520530338.900269 1.227168 0.012946
1520530339.000272 1.227075 0.012916
1520530339.100960 1.229026 0.012903
1520530339.150962 1.228666 0.012890
1520530339.250965 1.229667 0.012880
1520530339.350968 1.230109 0.012872
1520530339.451687 1.229917 0.012869
1520530339.551690 1.230060 0.012865
1520530339.651693 1.229715 0.012853
1520530339.751697 1.228808 0.012844
1520530339.851056 1.229752 0.012829
1520530339.951059 1.230862 0.012816
1520530340.051062 1.231287 0.012806
1520530340.151065 1.231262 0.012786
1520530340.250395 1.231190 0.012761
1520530340.350399 1.231242 0.012736
1520530340.450401 1.232430 0.012712
1520530340.550404 1.232426 0.012681
1520530340.650347 1.232889 0.012668
1520530340.750350 1.233138 0.012654
1520530340.900354 1.234516 0.012628
1520530341.050774 1.235476 0.012617
1520530341.250780 1.235804 0.012596
1520530341.400785 1.237077 0.012578
1520530341.600716 1.236965 0.012566
1520530341.900542 1.236452 0.012563
1520530342.050546 1.234531 0.012548
1520530342.200551 1.232630 0.012524
1520530342.350675 1.232328 0.012500
1520530342.450678 1.232300 0.012482
1520530342.600683 1.231768 0.012458
1520530342.750644 1.231178 0.012416
1520530342.850648 1.230552 0.012372
1520530342.950651 1.230175 0.012322
1520530343.050654 1.230233 0.012258
1520530343.151133 1.229459 0.012186
1520530343.251136 1.229670 0.012105
1520530343.351140 1.229335 0.012004
1520530343.451144 1.229378 0.011902
1520530343.551476 1.229216 0.011791
1520530343.651407 1.230398 0.011679
1520530343.751410 1.230912 0.011555
1520530343.801413 1.231728 0.011488
1520530343.901416 1.232544 0.011350
1520530344.001403 1.233366 0.011215
1520530344.101406 1.234410 0.011083
1520530344.201410 1.234846 0.010961
1520530344.301413 1.236392 0.010840
1520530344.401411 1.236756 0.010722
1520530344.501414 1.236947 0.010629
1520530344.601418 1.237537 0.010535
1520530344.701421 1.238273 0.010446
1520530344.801638 1.238770 0.010368
1520530344.901641 1.239476 0.010306
1520530345.001644 1.239958 0.010248
1520530345.101647 1.240652 0.010189
1520530345.201744 1.240392 0.010135
1520530345.301746 1.240804 0.010093
1520530345.401749 1.240353 0.010051
1520530345.501752 1.240507 0.010020
1520530345.601196 1.240933 0.009982
1520530345.701199 1.240830 0.009951
1520530345.751201 1.240921 0.009938
1520530345.851204 1.240993 0.009915
1520530345.901206 1.241042 0.009901
1520530346.001475 1.240998 0.009887
1520530346.101479 1.241369 0.009873
1520530346.201481 1.241723 0.009855
1520530346.251483 1.241780 0.009846
1520530346.351486 1.241775 0.009835
1520530346.451378 1.241712 0.009824
1520530346.551380 1.241649 0.009815
1520530346.651383 1.241726 0.009806
1520530346.751386 1.241832 0.009799
1520530346.801545 1.241997 0.009795
1520530346.901548 1.242015 0.009789
1520530347.001551 1.241836 0.009784
1520530347.101554 1.241445 0.009778
1520530347.201400 1.241474 0.009777
1520530347.301403 1.241591 0.009773
1520530347.351405 1.241657 0.009771
1520530347.451408 1.241441 0.009767
1520530347.551411 1.241329 0.009764
1520530347.651220 1.241336 0.009762
1520530347.751223 1.241466 0.009760
1520530347.851226 1.241257 0.009756
1520530347.951229 1.241112 0.009755
1520530348.051164 1.241128 0.009754
1520530348.151168 1.241087 0.009753
1520530348.251170 1.241021 0.009752
1520530348.351173 1.241098 0.009751
1520530348.451416 1.240619 0.009746
1520530348.551419 1.241093 0.009747
1520530348.651423 1.240957 0.009749
1520530348.701425 1.240900 0.009749
1520530348.801428 1.240579 0.009748
1520530348.851315 1.240964 0.009746
1520530348.951318 1.240861 0.009748
1520530349.051321 1.240853 0.009748
1520530349.151325 1.240984 0.009747
1520530349.251106 1.240883 0.009745
1520530349.351109 1.240476 0.009746
1520530349.401110 1.240513 0.009746
1520530349.501114 1.240688 0.009745
1520530349.601117 1.240492 0.009745
1520530349.650935 1.240432 0.009744
1520530349.750943 1.240489 0.009745
1520530349.850941 1.240524 0.009744
1520530349.950944 1.240524 0.009743
1520530350.000946 1.240534 0.009743
1520530350.101378 1.240622 0.009742
1520530350.151379 1.240674 0.009741
1520530350.251384 1.240811 0.009741
1520530350.351387 1.241001 0.009739
1520530350.451515 1.241024 0.009738
1520530350.501516 1.240869 0.009737
1520530350.601520 1.240934 0.009737
1520530350.701523 1.240919 0.009736
1520530350.801526 1.240897 0.009735
1520530350.901571 1.240906 0.009733
1520530351.001574 1.240793 0.009732
1520530351.101578 1.240768 0.009730
1520530351.201581 1.240899 0.009731
1520530351.301683 1.241025 0.009729
1520530351.401685 1.241289 0.009729
1520530351.501759 1.241304 0.009727
1520530351.601688 1.241239 0.009727
1520530351.701695 1.241319 0.009725
1520530351.851700 1.240910 0.009723
1520530351.951703 1.240796 0.009723
1520530352.051706 1.240631 0.009721
1520530352.151806 1.240561 0.009721
1520530352.251809 1.240535 0.009721
1520530352.351812 1.240608 0.009720
1520530352.451816 1.240579 0.009719
1520530352.551471 1.240613 0.009718
1520530352.651474 1.240595 0.009719
1520530352.751477 1.240602 0.009718
1520530352.851480 1.240438 0.009718
1520530352.901098 1.240457 0.009717
1520530353.001101 1.240348 0.009717
1520530353.101208 1.240221 0.009717
1520530353.201107 1.240293 0.009716
1520530353.301110 1.240370 0.009715
1520530353.351398 1.240383 0.009715
1520530353.451401 1.240461 0.009711
1520530353.501402 1.240373 0.009714
1520530353.601405 1.240394 0.009713
1520530353.701408 1.240373 0.009713
1520530353.801738 1.240312 0.009713
1520530353.901741 1.240312 0.009713
1520530354.001744 1.240401 0.009712
1520530354.051745 1.240380 0.009712
1520530354.151896 1.240717 0.009711
1520530354.251899 1.240715 0.009710
1520530354.351902 1.240560 0.009710
1520530354.451905 1.240471 0.009710
1520530354.551594 1.240447 0.009709
1520530354.601593 1.240410 0.009709
1520530354.701596 1.240561 0.009709
1520530354.801599 1.240550 0.009709
1520530354.901602 1.240465 0.009708
1520530355.001360 1.240506 0.009707
1520530355.101363 1.240465 0.009706
1520530355.201366 1.240438 0.009706
1520530355.301370 1.240429 0.009706
1520530355.401407 1.240423 0.009706
1520530355.451408 1.240363 0.009705
1520530355.551411 1.240218 0.009705
1520530355.651416 1.240216 0.009705
1520530355.751418 1.240350 0.009704
1520530355.851533 1.240393 0.009704
1520530355.951536 1.240361 0.009703
1520530356.051539 1.240167 0.009704
1520530356.101541 1.240242 0.009704
1520530356.201376 1.240179 0.009703
1520530356.301379 1.240157 0.009704
1520530356.401382 1.240259 0.009703
1520530356.501385 1.240216 0.009704
1520530356.601233 1.240285 0.009702
1520530356.701236 1.240230 0.009703
1520530356.751237 1.240119 0.009703
1520530356.851240 1.240116 0.009703
1520530356.951243 1.240085 0.009703
1520530357.051154 1.240081 0.009703
1520530357.151157 1.240090 0.009702
1520530357.201159 1.240031 0.009702
1520530357.301162 1.240103 0.009702
1520530357.351164 1.240047 0.009702
1520530357.451660 1.240104 0.009702
1520530357.501662 1.240148 0.009702
1520530357.601666 1.240225 0.009702
1520530357.701667 1.240335 0.009702
1520530357.801671 1.240367 0.009701
1520530357.901559 1.240366 0.009701
1520530357.951560 1.240305 0.009701
1520530358.051563 1.240361 0.009701
1520530358.151567 1.240308 0.009701
1520530358.251625 1.240226 0.009697
1520530358.351628 1.240209 0.009701
1520530358.451631 1.240140 0.009700
1520530358.551634 1.240215 0.009700
1520530358.651798 1.240197 0.009700
1520530358.751801 1.240281 0.009699
1520530358.851805 1.240154 0.009699
1520530358.951808 1.240168 0.009699
1520530359.051806 1.240235 0.009699
1520530359.151809 1.240155 0.009699
1520530359.251812 1.240072 0.009696
1520530359.351815 1.239983 0.009698
1520530359.451919 1.239966 0.009698
1520530359.551871 1.239881 0.009697
1520530359.651874 1.239819 0.009697
1520530359.751878 1.239806 0.009697
1520530359.851881 1.239868 0.009697
1520530359.951828 1.239907 0.009697
1520530360.051831 1.239938 0.009697
1520530360.151834 1.240064 0.009696
1520530360.251837 1.240158 0.009696
1520530360.301316 1.240051 0.009695
1520530360.401319 1.240068 0.009695
1520530360.501323 1.240051 0.009695
1520530360.601326 1.239978 0.009695
1520530360.700978 1.240025 0.009695
1520530360.800981 1.240101 0.009695
1520530360.900984 1.240307 0.009694
1520530361.000988 1.240462 0.009693
1520530361.101044 1.240485 0.009693
1520530361.201047 1.240287 0.009693
1520530361.301050 1.240330 0.009692
1520530361.401053 1.240439 0.009691
1520530361.501690 1.240526 0.009691
1520530361.601693 1.240549 0.009691
1520530361.701696 1.240578 0.009691
1520530361.801700 1.240553 0.009691
1520530361.851701 1.240548 0.009691
1520530361.951941 1.240380 0.009690
1520530362.051944 1.240395 0.009690
1520530362.151947 1.240467 0.009689
1520530362.251950 1.240503 0.009689
1520530362.351623 1.240503 0.009689
1520530362.451626 1.240511 0.009687
1520530362.551629 1.240783 0.009686
1520530362.651727 1.240718 0.009683
1520530362.751364 1.240510 0.009684
1520530362.851367 1.240623 0.009682
1520530362.951370 1.240742 0.009684
1520530363.051374 1.240838 0.009682
1520530363.151650 1.240807 0.009683
1520530363.251653 1.240863 0.009682
1520530363.351656 1.240767 0.009683
1520530363.451659 1.240762 0.009683
1520530363.551745 1.240818 0.009682
1520530363.601746 1.240645 0.009682
1520530363.701749 1.240690 0.009682
1520530363.751751 1.240951 0.009681
1520530363.851754 1.240999 0.009682
1520530363.901756 1.240738 0.009681
1520530364.001782 1.241068 0.009681
1520530364.101785 1.241195 0.009680
1520530364.151786 1.241088 0.009680
1520530364.251789 1.241077 0.009680
1520530364.301791 1.241041 0.009680
1520530364.401853 1.240935 0.009680
1520530364.451854 1.241069 0.009678
1520530364.551858 1.241076 0.009680
1520530364.601859 1.241012 0.009679
1520530364.701862 1.240983 0.009679
1520530364.802376 1.240951 0.009679
1520530364.902379 1.240909 0.009680
1520530365.002383 1.240979 0.009680
1520530365.152386 1.241183 0.009679
1520530365.251846 1.241108 0.009679
1520530365.351849 1.241231 0.009679
1520530365.451852 1.241356 0.009678
1520530365.551855 1.241544 0.009677
1520530365.601535 1.241660 0.009677
1520530365.701539 1.241703 0.009677
1520530365.801546 1.241746 0.009676
1520530365.901545 1.241732 0.009677
1520530366.001907 1.241752 0.009677
1520530366.101910 1.241666 0.009676
1520530366.201913 1.241630 0.009676
1520530366.251915 1.241570 0.009675
1520530366.351918 1.241532 0.009676
1520530366.402120 1.241519 0.009676
1520530366.502124 1.241563 0.009676
1520530366.552125 1.241585 0.009676
1520530366.652128 1.241650 0.009675
1520530366.702130 1.241666 0.009676
1520530366.802133 1.241702 0.009676
1520530366.852166 1.241770 0.009675
1520530366.952169 1.241887 0.009675
1520530367.002170 1.241895 0.009675
1520530367.102178 1.241850 0.009675
1520530367.202177 1.241781 0.009675
1520530367.302541 1.241737 0.009675
1520530367.402544 1.241711 0.009675
1520530367.552549 1.241764 0.009675
1520530367.652264 1.241861 0.009675
1520530367.752267 1.241982 0.009675
1520530367.852271 1.242122 0.009674
1520530367.952274 1.242254 0.009674
1520530368.052124 1.242279 0.009673
1520530368.202129 1.242240 0.009674
1520530368.302132 1.242136 0.009673
1520530368.402135 1.242088 0.009673
1520530368.452048 1.241963 0.009674
1520530368.552051 1.242020 0.009673
1520530368.602053 1.242097 0.009672
1520530368.702056 1.242071 0.009673
1520530368.752057 1.242167 0.009671
1520530368.851389 1.242213 0.009673
1520530368.901391 1.242109 0.009670
1520530369.001394 1.242111 0.009673
1520530369.051395 1.242032 0.009671
1520530369.151398 1.242143 0.009673
1520530369.201400 1.242256 0.009671
1520530369.301537 1.242121 0.009673
1520530369.401540 1.242140 0.009673
1520530369.501543 1.242124 0.009673
1520530369.551545 1.242108 0.009669
1520530369.651548 1.242198 0.009673
1520530369.701896 1.242277 0.009673
1520530369.801900 1.242175 0.009673
1520530369.951905 1.242287 0.009672
1520530370.101930 1.242223 0.009672
1520530370.251934 1.242214 0.009672
1520530370.451940 1.242240 0.009673
1520530370.651886 1.242288 0.009672
1520530370.851892 1.242428 0.009672
1520530371.001944 1.242454 0.009671
1520530371.101947 1.242297 0.009671
1520530371.251952 1.242182 0.009672
1520530371.401953 1.242190 0.009671
1520530371.551958 1.242123 0.009670
1520530371.701962 1.242037 0.009670
1520530371.801961 1.242018 0.009663
1520530371.901964 1.241993 0.009670
1520530372.001968 1.241985 0.009669
1520530372.101971 1.241880 0.009668
1520530372.251958 1.241944 0.009661
1520530372.401963 1.241955 0.009666
1520530372.551956 1.242021 0.009669
1520530372.651960 1.242086 0.009669
1520530372.751963 1.242061 0.009668
1520530372.851966 1.242048 0.009670
1520530372.951617 1.242051 0.009670
1520530373.101622 1.241995 0.009670
1520530373.251627 1.241876 0.009670
1520530373.351457 1.241795 0.009670
1520530373.451460 1.241714 0.009670
1520530373.551463 1.241619 0.009670
1520530373.601465 1.241671 0.009670
1520530373.701467 1.241821 0.009669
1520530373.751469 1.241688 0.009669
1520530373.851583 1.241669 0.009670
1520530373.901585 1.241659 0.009670
1520530374.001588 1.241747 0.009670
1520530374.101591 1.241829 0.009668
1520530374.201953 1.241754 0.009669
1520530374.301956 1.241728 0.009669
1520530374.401959 1.241710 0.009669
1520530374.501962 1.241728 0.009670
1520530374.602407 1.241730 0.009670
1520530374.752412 1.241856 0.009670
1520530374.902417 1.241916 0.009670
1520530375.002442 1.241968 0.009669
1520530375.102445 1.241947 0.009670
1520530375.202449 1.242185 0.009666
1520530375.352453 1.242052 0.009666
1520530375.452214 1.242073 0.009669
1520530375.552217 1.241978 0.009669
1520530375.652220 1.241933 0.009666
1520530375.702222 1.241879 0.009667
1520530375.802225 1.241823 0.009669
1520530375.902259 1.241726 0.009669
1520530376.002262 1.241737 0.009669
1520530376.052264 1.241748 0.009667
1520530376.152267 1.241916 0.009667
1520530376.251950 1.241928 0.009668
1520530376.351954 1.241997 0.009668
1520530376.401954 1.242010 0.009666
1520530376.501958 1.241918 0.009669
1520530376.601961 1.241866 0.009669
1520530376.702664 1.241819 0.009668
1520530376.752666 1.241792 0.009665
1520530376.852669 1.241788 0.009667
1520530376.902671 1.241728 0.009669
1520530377.002721 1.241734 0.009668
1520530377.102900 1.241662 0.009668
1520530377.202903 1.241732 0.009669
1520530377.302906 1.241883 0.009668
1520530377.402909 1.241948 0.009669
1520530377.451719 1.241954 0.009665
1520530377.551722 1.241930 0.009668
1520530377.651725 1.241854 0.009667
1520530377.751728 1.241940 0.009667
1520530377.851407 1.241785 0.009669
1520530377.951411 1.241835 0.009668
1520530378.051414 1.241907 0.009665
1520530378.151417 1.241940 0.009668
1520530378.201419 1.241922 0.009668
1520530378.301511 1.241951 0.009669
1520530378.351513 1.241963 0.009669
1520530378.451516 1.241990 0.009668
1520530378.501517 1.242047 0.009669
1520530378.601571 1.242038 0.009668
1520530378.651522 1.241999 0.009668
1520530378.752210 1.241957 0.009669
1520530378.852213 1.241873 0.009669
1520530378.952216 1.241870 0.009669
1520530379.052220 1.241885 0.009669
1520530379.152151 1.241910 0.009669
1520530379.252154 1.241922 0.009669
1520530379.352157 1.241912 0.009668
1520530379.452160 1.242026 0.009669
1520530379.501850 1.242018 0.009668
1520530379.601853 1.242073 0.009669
1520530379.701856 1.242021 0.009668
1520530379.801860 1.242126 0.009668
1520530379.901824 1.242062 0.009668
1520530380.001827 1.242154 0.009668
1520530380.101830 1.242123 0.009668
1520530380.201888 1.242044 0.009668
1520530380.301736 1.241995 0.009668
1520530380.352160 1.242099 0.009667
1520530380.452163 1.242261 0.009667
1520530380.552166 1.242208 0.009668
1520530380.652170 1.242213 0.009665
1520530380.752135 1.242163 0.009663
1520530380.852138 1.242365 0.009665
1520530380.902139 1.242261 0.009667
1520530381.002143 1.242208 0.009667
1520530381.052144 1.242190 0.009664
1520530381.152048 1.242084 0.009669
1520530381.202049 1.242073 0.009669
1520530381.302052 1.242149 0.009668
1520530381.402056 1.242102 0.009668
1520530381.502058 1.242039 0.009668
1520530381.602264 1.242034 0.009668
1520530381.752268 1.241983 0.009668
1520530381.852271 1.241953 0.009668
1520530381.952332 1.242069 0.009668
1520530382.052335 1.242233 0.009668
1520530382.152338 1.242394 0.009668
1520530382.252342 1.242442 0.009669
1520530382.352159 1.242502 0.009668
1520530382.452162 1.242520 0.009668
1520530382.552165 1.242447 0.009668
1520530382.652168 1.242496 0.009668
1520530382.752171 1.242529 0.009669
1520530382.902248 1.242544 0.009669
1520530383.052252 1.242524 0.009668
1520530383.202206 1.242583 0.009668
1520530383.302209 1.242535 0.009668
1520530383.402267 1.242509 0.009668
1520530383.502216 1.242445 0.009668
1520530383.602472 1.242526 0.009668
1520530383.702475 1.242509 0.009668
1520530383.802478 1.242629 0.009668
1520530383.852479 1.242569 0.009668
1520530383.952482 1.242779 0.009668
1520530384.052531 1.243067 0.009667
1520530384.152534 1.243481 0.009667
1520530384.252537 1.243656 0.009666
1520530384.302539 1.243403 0.009660
1520530384.402432 1.242901 0.009661
1520530384.502435 1.242820 0.009667
1520530384.602439 1.242807 0.009668
1520530384.702442 1.242909 0.009668
1520530384.802857 1.242761 0.009668
1520530384.902860 1.242859 0.009668
1520530384.952861 1.242761 0.009668
1520530385.052864 1.243024 0.009668
1520530385.152867 1.243058 0.009668
1520530385.202869 1.243125 0.009667
1520530385.302707 1.243298 0.009667
1520530385.352709 1.243069 0.009667
1520530385.452712 1.243073 0.009668
1520530385.502713 1.243037 0.009668
1520530385.602716 1.242801 0.009668
1520530385.652486 1.242793 0.009668
1520530385.752489 1.242789 0.009668
1520530385.852492 1.242912 0.009668
1520530385.902494 1.242915 0.009667
1520530386.002497 1.242805 0.009668
1520530386.102546 1.242818 0.009668
1520530386.202549 1.242823 0.009668
1520530386.302552 1.242873 0.009668
1520530386.402554 1.242921 0.009668
1520530386.502760 1.242977 0.009668
1520530386.602814 1.243097 0.009668
1520530386.702766 1.243039 0.009668
1520530386.802769 1.242950 0.009668
1520530386.902676 1.243051 0.009668
1520530387.002679 1.242971 0.009668
1520530387.102682 1.242822 0.009668
1520530387.202685 1.242742 0.009668
1520530387.252606 1.242806 0.009668
1520530387.352609 1.242928 0.009668
1520530387.402611 1.243143 0.009668
1520530387.502614 1.242921 0.009668
1520530387.602617 1.242942 0.009668
1520530387.652619 1.243088 0.009655
1520530387.752459 1.242910 0.009668
1520530387.802460 1.242984 0.009667
1520530387.902463 1.243095 0.009668
1520530388.002466 1.242933 0.009667
1520530388.102494 1.243043 0.009662
1520530388.152496 1.243020 0.009666
1520530388.252499 1.243018 0.009668
1520530388.352502 1.242939 0.009667
1520530388.452505 1.242889 0.009667
1520530388.552854 1.242860 0.009668
1520530388.702858 1.242869 0.009668
1520530388.852863 1.242896 0.009668
1520530388.902233 1.242933 0.009668
1520530389.002237 1.242942 0.009668
1520530389.102240 1.242878 0.009668
1520530389.202243 1.242850 0.009668
1520530389.302934 1.242852 0.009668
1520530389.402938 1.242784 0.009668
1520530389.502940 1.242872 0.009668
1520530389.602943 1.242954 0.009668
1520530389.702846 1.243002 0.009668
1520530389.803445 1.243057 0.009668
1520530389.853406 1.243029 0.009667
1520530389.953409 1.243186 0.009667
1520530390.003411 1.243072 0.009667
1520530390.103414 1.243035 0.009668
1520530390.152569 1.243031 0.009666
1520530390.252572 1.243125 0.009664
1520530390.302572 1.242952 0.009667
1520530390.402575 1.242768 0.009663
1520530390.502578 1.242665 0.009665
1520530390.603326 1.242627 0.009668
1520530390.703329 1.242693 0.009668
1520530390.803333 1.242700 0.009667
1520530390.903336 1.242708 0.009667
1520530391.003381 1.242676 0.009667
1520530391.053383 1.242629 0.009667
1520530391.153385 1.242641 0.009668
1520530391.253388 1.242702 0.009668
1520530391.352333 1.242593 0.009663
1520530391.452336 1.242572 0.009667
1520530391.502338 1.242685 0.009667
1520530391.602341 1.242692 0.009667
1520530391.702344 1.242693 0.009667
1520530391.802426 1.242598 0.009668
1520530391.952430 1.242652 0.009668
1520530392.052433 1.242596 0.009668
1520530392.102435 1.242589 0.009668
1520530392.203142 1.242728 0.009667
1520530392.253143 1.242640 0.009668
1520530392.353147 1.242622 0.009667
1520530392.453150 1.242704 0.009667
1520530392.553153 1.242569 0.009667
1520530392.602235 1.242414 0.009667
1520530392.702237 1.242271 0.009666
1520530392.802241 1.242513 0.009668
1520530392.902243 1.242576 0.009667
1520530393.002174 1.242661 0.009666
1520530393.102156 1.242574 0.009666
1520530393.202159 1.242539 0.009668
1520530393.302161 1.242582 0.009666
1520530393.402921 1.242578 0.009667
1520530393.502924 1.243012 0.009633
1520530393.552926 1.242543 0.009657
1520530393.652929 1.242548 0.009667
1520530393.702931 1.242531 0.009667
1520530393.802958 1.242539 0.009667
1520530393.902961 1.242314 0.009668
1520530394.052965 1.242619 0.009667
1520530394.152969 1.242542 0.009666
1520530394.202165 1.242564 0.009668
1520530394.302169 1.242504 0.009667
1520530394.352170 1.242487 0.009667
1520530394.452173 1.242538 0.009666
1520530394.502175 1.242482 0.009665
1520530394.602189 1.242436 0.009667
1520530394.702878 1.242377 0.009668
1520530394.802881 1.242183 0.009667
1520530394.902884 1.242347 0.009667
1520530395.002887 1.242360 0.009668
1520530395.053731 1.242389 0.009666
1520530395.153734 1.242389 0.009667
1520530395.253737 1.242462 0.009666
1520530395.353740 1.242478 0.009667
1520530395.452705 1.242487 0.009667
1520530395.552709 1.242403 0.009668
1520530395.652712 1.242406 0.009668
1520530395.802716 1.242425 0.009668
1520530395.903079 1.242389 0.009668
1520530396.003083 1.242283 0.009666
1520530396.103085 1.242241 0.009667
1520530396.203089 1.242310 0.009668
1520530396.303237 1.242361 0.009668
1520530396.403240 1.242404 0.009668
1520530396.503243 1.242431 0.009668
1520530396.603246 1.242433 0.009668
1520530396.703145 1.242430 0.009667
1520530396.803148 1.242363 0.009667
1520530396.903152 1.242309 0.009668
1520530397.053156 1.242195 0.009667
1520530397.152784 1.242337 0.009667
1520530397.252787 1.242432 0.009667
1520530397.352790 1.242371 0.009668
1520530397.452793 1.242419 0.009668
1520530397.502304 1.242425 0.009667
1520530397.602308 1.242573 0.009663
1520530397.652309 1.242506 0.009666
1520530397.752312 1.242365 0.009664
1520530397.852315 1.242158 0.009660
1520530397.952586 1.242182 0.009659
1520530398.002588 1.242279 0.009654
1520530398.102591 1.242245 0.009665
1520530398.202594 1.242252 0.009664
1520530398.303365 1.242273 0.009664
1520530398.403368 1.242367 0.009667
1520530398.503371 1.242047 0.009666
1520530398.553373 1.242149 0.009667
1520530398.653376 1.242248 0.009667
1520530398.703221 1.242195 0.009667
1520530398.803225 1.242280 0.009668
1520530398.853226 1.242333 0.009668
1520530398.953229 1.242242 0.009668
1520530399.003230 1.242327 0.009668
1520530399.103233 1.242217 0.009667
1520530399.152330 1.242294 0.009667
1520530399.252333 1.242346 0.009668
1520530399.302335 1.242316 0.009666
1520530399.402342 1.242335 0.009668
1520530399.452339 1.242370 0.009666
1520530399.553006 1.242328 0.009663
1520530399.603008 1.242377 0.009668
1520530399.703011 1.242247 0.009667
1520530399.803014 1.242127 0.009665
1520530399.903017 1.242096 0.009667
1520530400.003276 1.242077 0.009668
1520530400.053278 1.241973 0.009666
1520530400.153281 1.241991 0.009667
1520530400.253284 1.241892 0.009667
1520530400.352494 1.242093 0.009667
1520530400.402496 1.242138 0.009668
1520530400.502500 1.242173 0.009667
1520530400.552501 1.242188 0.009668
1520530400.652504 1.242189 0.009666
1520530400.752291 1.242222 0.009667
1520530400.852294 1.242117 0.009666
1520530400.952297 1.242035 0.009666
1520530401.052300 1.241961 0.009663
1520530401.152303 1.242001 0.009666
1520530401.252756 1.241757 0.009667
1520530401.302758 1.241714 0.009666
1520530401.402761 1.242139 0.009667
1520530401.452763 1.242210 0.009667
1520530401.552766 1.242202 0.009667
1520530401.653039 1.242198 0.009668
1520530401.753042 1.242191 0.009667
1520530401.853045 1.242207 0.009667
1520530401.903047 1.242268 0.009667
1520530402.002281 1.242060 0.009666
1520530402.052283 1.242200 0.009665
1520530402.152286 1.242184 0.009667
1520530402.202287 1.242207 0.009666
1520530402.302290 1.242231 0.009667
1520530402.352292 1.242209 0.009667
1520530402.452569 1.242259 0.009665
1520530402.502571 1.242225 0.009667
1520530402.602574 1.242171 0.009667
1520530402.702577 1.242154 0.009668
1520530402.803416 1.242073 0.009667
1520530402.903419 1.242003 0.009667
1520530402.953420 1.242297 0.009667
1520530403.053424 1.242284 0.009667
1520530403.103425 1.242334 0.009667
1520530403.202933 1.242313 0.009667
1520530403.302936 1.242558 0.009664
1520530403.402940 1.242472 0.009667
1520530403.452941 1.242266 0.009667
1520530403.552945 1.242193 0.009668
1520530403.602946 1.242200 0.009667
1520530403.702256 1.242118 0.009668
1520530403.752257 1.242072 0.009666
1520530403.852261 1.242054 0.009667
1520530403.902261 1.242008 0.009667
1520530404.002264 1.242193 0.009667
1520530404.052745 1.242135 0.009668
1520530404.152748 1.242148 0.009667
1520530404.202749 1.242087 0.009659
1520530404.302752 1.242048 0.009667
1520530404.402755 1.242043 0.009667
1520530404.503114 1.241940 0.009667
1520530404.603117 1.241945 0.009668
1520530404.703120 1.241951 0.009668
1520530404.803123 1.241918 0.009667
1520530404.852642 1.241870 0.009667
1520530404.952645 1.241942 0.009667
1520530405.002647 1.241944 0.009667
1520530405.102650 1.241906 0.009668
1520530405.152651 1.241937 0.009667
1520530405.252327 1.241976 0.009667
1520530405.352331 1.241998 0.009666
1520530405.402333 1.242200 0.009667
1520530405.502335 1.242213 0.009668
1520530405.552337 1.242257 0.009667
1520530405.652792 1.242175 0.009666
1520530405.702792 1.242236 0.009667
1520530405.802797 1.242238 0.009667
1520530405.852855 1.242224 0.009659
1520530405.952801 1.242065 0.009666
1520530406.052804 1.242104 0.009667
1520530406.153570 1.242270 0.009667
1520530406.253574 1.242314 0.009667
1520530406.303576 1.242199 0.009664
1520530406.403579 1.241969 0.009666
1520530406.503485 1.241947 0.009667
1520530406.553487 1.241907 0.009663
1520530406.653490 1.241749 0.009668
1520530406.753493 1.241660 0.009667
1520530406.853497 1.241972 0.009667
1520530406.952693 1.242125 0.009667
1520530407.002694 1.242178 0.009666
1520530407.102698 1.242203 0.009667
1520530407.152699 1.242196 0.009666
1520530407.252702 1.241982 0.009666
1520530407.303185 1.241881 0.009666
1520530407.403187 1.242291 0.009667
1520530407.453221 1.242240 0.009662
1520530407.553191 1.241995 0.009667
1520530407.603193 1.242140 0.009667
1520530407.703510 1.242123 0.009667
1520530407.753511 1.242134 0.009664
1520530407.853515 1.242140 0.009667
1520530407.903516 1.242171 0.009667
1520530408.003519 1.242159 0.009667
1520530408.103522 1.242158 0.009667
1520530408.203605 1.242122 0.009667
1520530408.303608 1.242088 0.009667
1520530408.403612 1.242095 0.009668
1520530408.503614 1.242069 0.009667
1520530408.553374 1.242093 0.009668
1520530408.653377 1.242094 0.009668
1520530408.753380 1.242070 0.009667
1520530408.853383 1.242117 0.009667
1520530408.952878 1.242161 0.009667
1520530409.052890 1.242095 0.009667
1520530409.152884 1.242100 0.009667
1520530409.252887 1.242233 0.009667
1520530409.352902 1.242168 0.009666
1520530409.452906 1.242009 0.009666
1520530409.552909 1.241854 0.009667
1520530409.652912 1.241484 0.009666
1520530409.752654 1.241651 0.009663
1520530409.852657 1.242155 0.009663
1520530409.952660 1.242259 0.009664
1520530410.052664 1.242319 0.009662
1520530410.153223 1.242231 0.009664
1520530410.253226 1.242242 0.009667
1520530410.353231 1.242268 0.009666
1520530410.453232 1.242270 0.009667
1520530410.553235 1.242215 0.009667
1520530410.653876 1.242066 0.009665
1520530410.803881 1.242073 0.009667
1520530410.903884 1.242235 0.009667
1520530411.003418 1.242357 0.009667
1520530411.103421 1.242202 0.009668
1520530411.253426 1.241971 0.009667
1520530411.403009 1.242128 0.009667
1520530411.503012 1.242228 0.009667
1520530411.603015 1.242255 0.009668
1520530411.703018 1.242327 0.009667
1520530411.753020 1.242367 0.009666
1520530411.852907 1.242373 0.009667
1520530411.902909 1.242399 0.009666
1520530412.002912 1.242407 0.009667
1520530412.052913 1.242480 0.009667
1520530412.152916 1.242500 0.009667
1520530412.203416 1.242497 0.009667
1520530412.303419 1.242457 0.009667
1520530412.403422 1.242321 0.009666
1520530412.503425 1.242364 0.009667
1520530412.603428 1.242378 0.009665
1520530412.703631 1.242533 0.009666
1520530412.803634 1.242478 0.009666
1520530412.903637 1.242296 0.009667
1520530412.953639 1.242261 0.009666
1520530413.053009 1.242405 0.009668
1520530413.103011 1.242530 0.009668
1520530413.203014 1.242114 0.009666
1520530413.303017 1.241905 0.009664
1520530413.403021 1.241854 0.009666
1520530413.502941 1.241579 0.009662
1520530413.602944 1.241924 0.009654
1520530413.702947 1.242298 0.009660
1520530413.853107 1.242374 0.009666
1520530413.953110 1.242421 0.009666
1520530414.053113 1.242400 0.009666
1520530414.153116 1.242524 0.009666
1520530414.252894 1.242500 0.009667
1520530414.352897 1.242433 0.009667
1520530414.452900 1.242403 0.009668
1520530414.552903 1.242496 0.009666
1520530414.652705 1.242557 0.009667
1520530414.752708 1.242378 0.009666
1520530414.852712 1.242606 0.009666
1520530414.952715 1.242592 0.009667
1520530415.052718 1.242583 0.009667
1520530415.103195 1.242532 0.009667
1520530415.203199 1.242303 0.009667
1520530415.303202 1.242125 0.009667
1520530415.453206 1.242258 0.009667
1520530415.553069 1.242283 0.009666
1520530415.653072 1.242404 0.009667
1520530415.753075 1.242393 0.009665
1520530415.903361 1.242446 0.009667
1520530416.053366 1.242276 0.009666
1520530416.253372 1.242171 0.009666
1520530416.503381 1.242304 0.009665
1520530416.603384 1.242293 0.009667
1520530416.703272 1.242409 0.009666
1520530416.803277 1.242361 0.009666
1520530416.903278 1.242351 0.009666
1520530417.003283 1.242406 0.009667
1520530417.103391 1.242399 0.009665
1520530417.203373 1.242368 0.009666
1520530417.353378 1.242491 0.009666
1520530417.603465 1.242645 0.009666
1520530417.703468 1.242363 0.009667
1520530417.803472 1.242321 0.009667
1520530417.903475 1.242368 0.009667
1520530418.003458 1.242434 0.009667
1520530418.103461 1.242399 0.009667
1520530418.203465 1.242421 0.009667
1520530418.303468 1.242389 0.009667
1520530418.453434 1.242314 0.009668
1520530418.603439 1.242286 0.009667
1520530418.753343 1.242440 0.009667
1520530418.853346 1.242331 0.009666
1520530418.953350 1.242380 0.009667
1520530419.053353 1.242404 0.009667
1520530419.153533 1.242333 0.009666
1520530419.253536 1.242353 0.009668
1520530419.403541 1.242382 0.009668
1520530419.553545 1.242455 0.009667
1520530419.703733 1.242420 0.009667
1520530419.803736 1.242416 0.009667
1520530419.903739 1.242402 0.009667
1520530420.003597 1.242357 0.009667
1520530420.103600 1.242371 0.009667
1520530420.203604 1.242353 0.009667
1520530420.303607 1.242379 0.009666
1520530420.403699 1.242373 0.009667
1520530420.553704 1.242325 0.009667
1520530420.803356 1.242224 0.009666
1520530420.953361 1.242197 0.009666
1520530421.053364 1.242234 0.009666
1520530421.153367 1.242246 0.009667
1520530421.253431 1.242237 0.009667
1520530421.353434 1.242288 0.009666
1520530421.453437 1.242228 0.009664
1520530421.553440 1.242250 0.009665
1520530421.653613 1.242294 0.009666
1520530421.803617 1.242303 0.009666
1520530421.953693 1.242292 0.009667
1520530422.053472 1.242358 0.009666
1520530422.153476 1.242261 0.009666
1520530422.253479 1.242214 0.009666
1520530422.353482 1.242269 0.009667
1520530422.453395 1.242302 0.009665
1520530422.503396 1.242277 0.009667
1520530422.603400 1.242222 0.009667
1520530422.703403 1.242241 0.009667
1520530422.803406 1.242272 0.009667
1520530422.903583 1.242227 0.009664
1520530423.053588 1.242205 0.009667
1520530423.153591 1.242221 0.009666
1520530423.253316 1.242209 0.009666
1520530423.353319 1.242206 0.009667
1520530423.453322 1.242274 0.009666
1520530423.603327 1.242271 0.009666
1520530423.702985 1.242258 0.009666
1520530423.752986 1.242188 0.009662
1520530423.852990 1.242200 0.009666
1520530423.952993 1.242253 0.009666
1520530424.052950 1.242306 0.009666
1520530424.103253 1.242362 0.009662
1520530424.203257 1.242288 0.009663
1520530424.353261 1.242300 0.009648
1520530424.453264 1.242367 0.009657
1520530424.504722 1.242471 0.009665
1520530424.604726 1.242355 0.009665
1520530424.704729 1.242379 0.009663
1520530424.854733 1.242306 0.009660
1520530424.953377 1.242401 0.009651
1520530425.003378 1.242184 0.009662
1520530425.103381 1.242286 0.009664
1520530425.203384 1.242371 0.009657
1520530425.303732 1.242389 0.009662
1520530425.403735 1.242464 0.009663
1520530425.603741 1.242620 0.009666
1520530425.703675 1.242544 0.009663
1520530425.753677 1.242375 0.009665
1520530425.853680 1.242393 0.009665
1520530425.953683 1.242304 0.009666
1520530426.103474 1.242406 0.009666
1520530426.203477 1.242400 0.009665
1520530426.253478 1.242352 0.009664
1520530426.353481 1.242432 0.009665
1520530426.403483 1.242387 0.009663
1520530426.503486 1.242336 0.009666
1520530426.653554 1.242534 0.009663
1520530426.753558 1.242431 0.009657
1520530426.803559 1.242378 0.009663
1520530426.903562 1.242264 0.009664
1520530427.003600 1.242131 0.009661
1520530427.103603 1.242166 0.009661
1520530427.203606 1.241882 0.009663
1520530427.303609 1.241564 0.009664
1520530427.403594 1.242079 0.009664
1520530427.503597 1.242185 0.009666
1520530427.803679 1.242517 0.009666
1520530427.903683 1.242718 0.009666
1520530427.953684 1.242557 0.009666
1520530428.053687 1.242527 0.009666
1520530428.103692 1.242555 0.009666
1520530428.203537 1.242398 0.009666
1520530428.253538 1.242464 0.009665
1520530428.353542 1.242508 0.009666
1520530428.403618 1.242427 0.009663
1520530428.503546 1.242515 0.009666
1520530428.553451 1.242300 0.009661
1520530428.653454 1.242285 0.009666
1520530428.703455 1.242166 0.009665
1520530428.803458 1.242066 0.009665
1520530428.903461 1.241904 0.009664
1520530428.953463 1.241622 0.009665
1520530429.053445 1.241988 0.009666
1520530429.103447 1.242408 0.009666
1520530429.203450 1.241942 0.009666
1520530429.253451 1.241624 0.009664
1520530429.353455 1.242087 0.009666
1520530429.403551 1.242421 0.009666
1520530429.503555 1.242477 0.009666
1520530429.553556 1.242444 0.009666
1520530429.653559 1.242414 0.009666
1520530429.703560 1.242398 0.009666
1520530429.803622 1.242740 0.009666
1520530429.853626 1.242683 0.009666
1520530429.953626 1.242672 0.009666
1520530430.003663 1.242601 0.009664
1520530430.103631 1.242542 0.009665
1520530430.153632 1.242464 0.009666
1520530430.253346 1.242401 0.009666
1520530430.303347 1.242386 0.009665
1520530430.403350 1.242411 0.009666
1520530430.453352 1.242478 0.009666
1520530430.553355 1.242421 0.009666
1520530430.603527 1.242440 0.009666
1520530430.703530 1.242467 0.009666
1520530430.753532 1.242503 0.009666
1520530430.853534 1.242483 0.009666
1520530430.903536 1.242421 0.009666
1520530431.003696 1.242370 0.009666
1520530431.103700 1.242343 0.009666
1520530431.203703 1.242394 0.009666
1520530431.253704 1.242429 0.009666
1520530431.353708 1.242372 0.009667
1520530431.403709 1.242396 0.009666
1520530431.503564 1.242340 0.009667
1520530431.553565 1.242233 0.009666
1520530431.653568 1.242141 0.009665
1520530431.703570 1.242359 0.009667
1520530431.803573 1.242372 0.009666
1520530431.853524 1.242450 0.009666
1520530431.953527 1.242440 0.009666
1520530432.003529 1.242584 0.009666
1520530432.103532 1.242604 0.009667
1520530432.153533 1.242609 0.009666
1520530432.253696 1.242623 0.009664
1520530432.303698 1.242545 0.009665
1520530432.403701 1.242444 0.009667
1520530432.503704 1.242510 0.009666
1520530432.603708 1.242438 0.009666
1520530432.653548 1.242516 0.009665
1520530432.753551 1.242553 0.009665
1520530432.803553 1.242534 0.009666
1520530432.903556 1.242647 0.009666
1520530433.003559 1.242729 0.009666
1520530433.053690 1.242711 0.009666
1520530433.153693 1.242926 0.009665
1520530433.203694 1.242925 0.009662
1520530433.303697 1.242759 0.009665
1520530433.403700 1.242680 0.009665
1520530433.503793 1.242573 0.009665
1520530433.603796 1.242661 0.009666
1520530433.703799 1.242589 0.009666
1520530433.803803 1.242519 0.009666
1520530433.853804 1.242468 0.009665
1520530433.953632 1.242514 0.009666
1520530434.003634 1.242563 0.009666
1520530434.103637 1.242605 0.009666
1520530434.153638 1.242648 0.009666
1520530434.253642 1.242599 0.009666
1520530434.303478 1.242722 0.009666
1520530434.403481 1.242563 0.009666
1520530434.453483 1.242357 0.009666
1520530434.553486 1.242591 0.009666
1520530434.603488 1.242725 0.009666
1520530434.703655 1.242826 0.009665
1520530434.753658 1.242844 0.009665
1520530434.853723 1.242646 0.009666
1520530434.903661 1.242535 0.009666
1520530435.003664 1.242493 0.009666
1520530435.103796 1.242714 0.009666
1520530435.153798 1.242692 0.009666
1520530435.253801 1.242770 0.009666
1520530435.303802 1.242861 0.009665
1520530435.403806 1.242817 0.009665
1520530435.453807 1.243013 0.009665
1520530435.554088 1.242795 0.009666
1520530435.604089 1.242865 0.009665
1520530435.704092 1.242744 0.009666
1520530435.754094 1.242743 0.009666
1520530435.854097 1.242629 0.009666
1520530435.904099 1.242655 0.009666
1520530436.003837 1.242590 0.009666
1520530436.053838 1.242507 0.009666
1520530436.153841 1.242560 0.009666
1520530436.203843 1.242627 0.009666
1520530436.303846 1.242574 0.009666
1520530436.403957 1.242494 0.009665
1520530436.553962 1.242325 0.009664
1520530436.754031 1.242576 0.009665
1520530436.854034 1.242822 0.009666
1520530436.954037 1.242995 0.009665
1520530437.004039 1.243031 0.009663
1520530437.104042 1.243284 0.009655
1520530437.153533 1.242863 0.009663
1520530437.253536 1.242744 0.009664
1520530437.303539 1.242667 0.009666
1520530437.403543 1.242627 0.009665
1520530437.503545 1.242655 0.009666
1520530437.553870 1.242719 0.009666
1520530437.653873 1.242575 0.009665
1520530437.703875 1.242592 0.009665
1520530437.803878 1.242663 0.009666
1520530437.903881 1.242564 0.009665
1520530437.954482 1.242322 0.009664
1520530438.104484 1.242531 0.009665
1520530438.204487 1.242669 0.009666
1520530438.304490 1.242647 0.009666
1520530438.354492 1.242528 0.009666
1520530438.453623 1.242467 0.009666
1520530438.503624 1.242399 0.009664
1520530438.603628 1.242641 0.009666
1520530438.653629 1.242580 0.009666
1520530438.753632 1.242619 0.009664
1520530438.804389 1.242664 0.009658
1520530438.904392 1.242593 0.009666
1520530439.054398 1.242740 0.009665
1520530439.204654 1.243091 0.009666
1520530439.354659 1.242897 0.009665
1520530439.554665 1.243084 0.009665
1520530439.654178 1.242612 0.009666
1520530439.754182 1.242329 0.009665
1520530439.854185 1.242504 0.009666
1520530439.954188 1.242498 0.009666
1520530440.054101 1.242405 0.009667
1520530440.154104 1.242541 0.009666
1520530440.254107 1.242565 0.009666
1520530440.354110 1.242659 0.009666
1520530440.453977 1.242732 0.009666
1520530440.553980 1.242719 0.009666
1520530440.653984 1.242642 0.009666
1520530440.753987 1.242598 0.009666
1520530440.853871 1.242667 0.009666
1520530440.953874 1.242775 0.009666
1520530441.053876 1.242979 0.009666
1520530441.153883 1.243029 0.009666
1520530441.253889 1.243066 0.009666
1520530441.353892 1.242796 0.009667
1520530441.453895 1.242655 0.009666
1520530441.603899 1.242473 0.009666
1520530441.704084 1.242405 0.009665
1520530441.854089 1.242559 0.009666
1520530442.004094 1.242598 0.009666
1520530442.104032 1.242479 0.009666
1520530442.204035 1.242378 0.009665
1520530442.304038 1.242324 0.009666
1520530442.404042 1.242266 0.009665
1520530442.453714 1.242616 0.009665
1520530442.553717 1.242770 0.009665
1520530442.653721 1.242746 0.009666
1520530442.703722 1.242750 0.009665
1520530442.803725 1.242668 0.009666
1520530442.853726 1.242687 0.009666
1520530442.954377 1.242820 0.009665
1520530443.054381 1.243034 0.009666
1520530443.204385 1.242411 0.009661
1520530443.354468 1.242691 0.009665
1520530443.554474 1.243042 0.009663
1520530443.654478 1.243045 0.009666
1520530443.704013 1.242923 0.009663
1520530443.804016 1.242879 0.009666
1520530443.904020 1.242851 0.009666
1520530444.004023 1.242793 0.009666
1520530444.104403 1.242764 0.009663
1520530444.204406 1.242694 0.009664
1520530444.254406 1.242580 0.009662
1520530444.354410 1.242634 0.009665
1520530444.454413 1.242969 0.009665
1520530444.505161 1.242801 0.009666
1520530444.605164 1.242584 0.009666
1520530444.705167 1.242126 0.009666
1520530444.805170 1.242212 0.009665
1520530444.905173 1.242376 0.009666
1520530445.004964 1.242469 0.009666
1520530445.054965 1.242662 0.009665
1520530445.154968 1.242637 0.009666
1520530445.254971 1.242867 0.009666
1520530445.353892 1.242769 0.009664
1520530445.453896 1.242883 0.009660
1520530445.503898 1.242609 0.009665
1520530445.603900 1.242850 0.009664
1520530445.653902 1.242775 0.009665
1520530445.753751 1.242694 0.009666
1520530445.803752 1.242678 0.009666
1520530445.903755 1.242686 0.009665
1520530445.953757 1.242687 0.009653
1520530446.053761 1.242664 0.009665
1520530446.154954 1.242907 0.009664
1520530446.304903 1.243206 0.009666
1520530446.404906 1.243217 0.009664
1520530446.504909 1.243002 0.009666
1520530446.604785 1.242809 0.009666
1520530446.704788 1.242605 0.009666
1520530446.804791 1.242519 0.009666
1520530446.904794 1.242556 0.009666
1520530446.954330 1.242650 0.009666
1520530447.054334 1.242726 0.009666
1520530447.154337 1.242651 0.009666
1520530447.254340 1.242590 0.009665
1520530447.354343 1.242544 0.009667
1520530447.454125 1.242502 0.009666
1520530447.554128 1.242638 0.009666
1520530447.704133 1.242823 0.009666
1520530447.954077 1.242662 0.009666
1520530448.253886 1.242630 0.009666
