DelayedMarginalization 0.000940471 2.56686e-08 0.00132146 1409
DelayedMarginalizationOnly 0.000455706 1.63768e-08 0.000748214 1409
EF-marginalizeFrame 0.00132347 4.29308e-08 0.00211471 1409
FullSystem::trackNewCoarse 0.00227839 6.09171e-07 0.0098789 2673
FullSystem::trackNewCoarseNoIMU 0.00250345 5.1927e-05 0.0578549 99
FullSystemOptimize 0.0354221 4.81754e-05 0.0615012 1415
GraphUnrolling 0.00655263 3.00232e-05 0.0200872 11
IMUInitAddPose 2.43672e-05 2.07769e-11 8.7606e-05 1415
IMUInitOptimize 0.00452172 4.79979e-06 0.0074778 6
IMUIntegration::finishKeyframeOperations 5.7298e-05 2.11095e-10 0.000311931 1404
InitializerFirstFrame 0.0341416 -nan 0.0341416 1
InitializerOtherFrames 0.0607465 7.29945e-05 0.0803625 46
MainMarginalization 0.00117117 3.17794e-08 0.0016887 1409
MarginalizationReplacementBuildGraph 0.000512188 8.72473e-08 0.0011699 9
MarginalizationReplacementReplaceGraph 0.00765444 3.1548e-05 0.0202416 9
MarginalizeMainGraph 0.000484055 5.84366e-09 0.000705498 1409
PGBA 0.0159323 5.8647e-08 0.0161035 2
PGBAFull 0.00347174 5.10527e-05 0.018475 11
PrepareGraphForMainOptimization 0.00661759 3.02644e-05 0.0202049 11
VisualMarginalization 3.9209e-05 6.77365e-11 0.000104345 1409
activatePointsMT 0.00301832 5.73244e-07 0.00768112 1415
addActiveFrame 0.0376511 0.000775777 0.101447 2819
addIMUData 0.000666045 2.25512e-08 0.0015803 2673
addIMUDataToBA 3.60486e-05 1.40639e-10 0.000104887 2818
addKeyframeToBA 3.28952e-05 5.02338e-11 0.000148703 1415
afterCoarseTracking 3.04482e-07 4.59332e-15 1.668e-06 2772
baIteration 0.00530533 1.41949e-06 0.0106183 8441
baMatrixInversion 0.000221614 1.36199e-09 0.000597472 8441
baUpdateBuildHessians 0.000486238 4.22988e-09 0.00117705 8441
coarseTrackingIteration 0.000182532 4.12029e-09 0.000735235 28223
computeBAUpdate 0.000789196 1.09331e-08 0.00189965 8441
computeCoarseUpdate 9.53038e-05 4.5871e-10 0.000712792 25442
computeFactorForCoarseGraphAndMarginalCovariances 0.00289793 2.41578e-07 0.00564715 1404
convertHAndBFromDSO 0.00014441 2.9693e-09 0.000471147 14078
debugPlot 7.44678e-08 1.8396e-15 3.9e-07 1415
debugPlotIDepthMap 3.25057e-07 6.06308e-15 9.7e-07 1415
debugPlotIDepthMapFloat 7.70382e-08 5.84836e-16 3.14e-07 1415
deliverTrackedFrame 0.0320738 0.000757639 0.0959218 2773
flagFramesForMarginalization 1.67158e-06 4.54499e-13 1.1644e-05 1415
fullCoarseTracking 0.00305158 2.59264e-06 0.0579663 2772
initObjectsAndMakeImage 0.00209299 5.57053e-08 0.00370736 2819
makeKeyframe 0.0582555 8.18102e-05 0.0959188 1415
makeKeyframeChangeTrackingRef 0.00214643 1.44649e-07 0.0045888 1415
makeNewTraces 0.00534756 7.27792e-07 0.0115636 1415
makeNonKeyframe 0.00478882 2.53458e-06 0.0102427 1358
marginalizeAndRemovePoints 0.00253147 9.82299e-07 0.0102832 1415
marginalizeFrame 0.00217245 1.61127e-07 0.00432521 1409
marginalizeFrameOverhead 0.000846727 7.51987e-08 0.0022382 1409
marginalizeFrames 0.00217098 2.97807e-07 0.00463885 1415
newFrameAndNewResidualsForOldPoints 0.00093686 7.29512e-08 0.00188622 1415
printBiases 3.70339e-05 1.86722e-10 0.000358881 1415
printEigenValLine 1.08529e-07 4.80778e-16 5e-07 1415
printLogLine 1.55466e-07 2.31868e-15 4.61e-07 1415
publishInMakeKeyframe 2.09513e-07 8.02615e-15 1.943e-06 1415
removeOutliers 0.000145311 3.39689e-09 0.000629639 1415
swapTrackingRef 2.32676e-05 2.58872e-11 9.8295e-05 1414
timeMeasurement 7.85056e-07 9.73669e-14 7.589e-06 2819
traceNewCoarse 0.00394169 2.71394e-06 0.010228 2773
updateBAValues 5.67388e-06 4.2072e-12 2.983e-05 14139
zero 1.06087e-07 2.64483e-14 6.746e-06 2819
