DelayedMarginalization 0.000944895 2.35393e-08 0.00156657 1369
DelayedMarginalizationOnly 0.000450648 1.66306e-08 0.000784302 1369
EF-marginalizeFrame 0.00136367 4.40868e-08 0.00267856 1369
FullSystem::trackNewCoarse 0.0022822 2.1816e-07 0.0131196 2672
FullSystem::trackNewCoarseNoIMU 0.00134368 1.13688e-07 0.00279732 111
FullSystemOptimize 0.0292784 6.08537e-05 0.0557026 1375
GraphUnrolling 0.000298066 -nan 0.000298066 1
IMUInitAddPose 2.38156e-05 1.95996e-11 6.3734e-05 1375
IMUInitOptimize 0.00579684 2.77991e-06 0.0069758 2
IMUIntegration::finishKeyframeOperations 5.99614e-05 2.3773e-10 0.00032491 1368
InitializerFirstFrame 0.0345108 -nan 0.0345108 1
InitializerOtherFrames 0.0593053 9.90464e-05 0.0843166 35
MainMarginalization 0.0011802 2.94998e-08 0.0019195 1369
MarginalizeMainGraph 0.00049386 5.33211e-09 0.000801734 1369
PGBA 0.0132784 -nan 0.0132784 1
PGBAFull 0.0140549 -nan 0.0140549 1
PrepareGraphForMainOptimization 0.00032125 -nan 0.00032125 1
VisualMarginalization 3.87369e-05 7.21125e-11 0.000136751 1369
activatePointsMT 0.00349076 9.89446e-07 0.0113694 1375
addActiveFrame 0.0350459 0.000665705 0.104419 2819
addIMUData 0.000684836 1.87576e-07 0.0137245 2672
addIMUDataToBA 3.56362e-05 1.5209e-10 0.000298187 2818
addKeyframeToBA 3.49918e-05 4.96905e-11 7.6714e-05 1375
afterCoarseTracking 2.77225e-07 5.01472e-15 7.49e-07 2783
baIteration 0.00649598 2.0574e-06 0.0264969 5089
baMatrixInversion 0.000223053 1.44204e-09 0.00069821 5089
baUpdateBuildHessians 0.000504835 3.64846e-08 0.00975955 5089
coarseTrackingIteration 0.000211499 9.66609e-09 0.00979006 22741
computeBAUpdate 0.000814303 4.42333e-08 0.0101262 5089
computeCoarseUpdate 9.471e-05 4.99841e-09 0.00957141 21058
computeFactorForCoarseGraphAndMarginalCovariances 0.00289415 2.4588e-07 0.0113081 1368
convertHAndBFromDSO 0.000142924 3.65698e-09 0.000559903 10570
debugPlot 7.64473e-08 1.37993e-15 3.54e-07 1375
debugPlotIDepthMap 3.61292e-07 8.46327e-15 9.41e-07 1375
debugPlotIDepthMapFloat 7.51447e-08 7.15256e-16 3.32e-07 1375
deliverTrackedFrame 0.0295875 0.00065775 0.0975471 2784
flagFramesForMarginalization 1.78605e-06 7.59445e-13 1.4699e-05 1375
fullCoarseTracking 0.00301798 6.27522e-07 0.0218246 2783
initObjectsAndMakeImage 0.00209422 6.99124e-08 0.0050948 2819
makeKeyframe 0.0546275 8.85172e-05 0.0975432 1375
makeKeyframeChangeTrackingRef 0.00230852 1.40869e-07 0.00463134 1375
makeNewTraces 0.00528807 1.01495e-06 0.024013 1375
makeNonKeyframe 0.00514764 3.60042e-06 0.0129865 1409
marginalizeAndRemovePoints 0.00354086 1.24189e-06 0.00873574 1375
marginalizeFrame 0.00269208 1.90101e-07 0.00529021 1369
marginalizeFrameOverhead 0.00132619 8.87324e-08 0.00302629 1369
marginalizeFrames 0.00268883 4.64721e-07 0.00778192 1375
newFrameAndNewResidualsForOldPoints 0.00101256 3.64352e-08 0.0023405 1375
printBiases 3.8432e-05 1.35016e-10 0.000185067 1375
printEigenValLine 1.09227e-07 3.90831e-16 3.51e-07 1375
printLogLine 1.96724e-07 3.97534e-15 5.04e-07 1375
publishInMakeKeyframe 2.02447e-07 5.59006e-15 7.46e-07 1375
removeOutliers 0.000202163 4.54082e-09 0.000614763 1375
swapTrackingRef 2.36104e-05 4.43751e-11 0.000122252 1375
timeMeasurement 9.46004e-07 1.3679e-13 7.751e-06 2819
traceNewCoarse 0.00429673 3.38832e-06 0.0129737 2784
updateBAValues 6.39585e-06 6.71994e-12 7.2118e-05 9959
zero 1.12785e-07 1.9668e-14 7.021e-06 2819
