0  9.02085616106968e-05  6.72412575218329e-05 -4.22872150689091e-06 5.66886768943453e-05 2.60561310941321e-06 0.000102356183766694 0.999999993151408
0   0.027349597470054 -0.0259264619293145  0.0491370743560967 -0.00194648669805297 -0.0112267999269308 0.00195846273129591 0.999933165054878
0  0.0581298665395946 -0.0387060765691633    0.11999809330608 0.00566004963543751 -0.0155418337253136 -0.000449724776992344 0.999863097123903
0 0.0830614398005851 -0.049461694543045  0.185137601002877 0.00360611847955863 -0.0172861552582815 -0.00905706715963844 0.999803057747056
0  0.0947646817811556 -0.0622062270654208   0.255173351173911 -0.00937326101416885 -0.0262608349319649 0.00406843090259074 0.999602900354249
0  0.0948478883096835 -0.0636730103693266   0.288564665887355 -0.0118163894719598 -0.0707561892761742 -0.00990960056120788 0.997374420383679
0 0.0953776214688824  -0.07094380523846  0.310369920750008 -0.000513656887378311 -0.0968695805844496 -0.0334271100341723 0.994735466759258
0  0.0967249189024136 -0.0862606325987084   0.365547243701922 -0.00422199423381839 -0.130532087883177 -0.0442959094943786 0.990445062181449
0 0.0961452112031716  -0.09157598271779  0.416525768370277 -0.0140062760937246 -0.127943598258869 -0.0391113943208562 0.990910974169142
0  0.0949652991572527 -0.0990629889574801   0.443137441639318 -0.012795532145445 -0.124812527469278 -0.0340882436628712 0.991512026648102
0 0.0971979246495219 -0.123225419611892  0.507973868971195 -0.0117287370733696 -0.123249484180465 -0.0235277459980604 0.992027442435019
0  0.100143896353063 -0.137174332499032  0.537776269559575 -0.00200046028084747 -0.122264423745764 -0.0330916803253176 0.991943722969216
0    0.1044654191016 -0.158271923105781  0.589344244639965 0.0132059610588157 -0.125110520835402 -0.0414831545132182 0.991187221497755
0  0.109953661626655 -0.175384461052888  0.646374543404999 0.00800364104768991 -0.144680796193228 -0.0524476239622308 0.988054986164024
0  0.112077172481872 -0.198341922133591  0.698882350775213 0.000764578124270748 -0.157248819475206 -0.059935263840418 0.985738296071693
0  0.109996047124267 -0.216696199878047  0.754963961741194 -0.00703204659056664 -0.165627229647611 -0.0492864041524653 0.984930972954819
0 0.109792303674484 -0.25051687860717  0.81060116521631 0.00108316759022803 -0.167185943415777 -0.03651042748829 0.98524853501884
0  0.112443137539192 -0.279865020166495  0.846658627106561 -0.00637490990164427 -0.166734513495967 -0.0316518758357509 0.985473044425411
0  0.122040172395306 -0.310107062520604  0.884090961553701 -0.0029150968743627 -0.161151466548954 -0.0467308592342127 0.985818408143491
0  0.127524376770958 -0.335902720709098  0.913647612894059 0.0169475548307158 -0.159667120799657 -0.0497167399624731 0.985772507573787
0  0.128273446260847 -0.362150579999866  0.944181346286333 0.0343874006742614 -0.157781952214617 -0.0544725370508372 0.98537054194727
0  0.136903709665284 -0.381516823273558  0.979890046947914 0.0401585883191046 -0.152311198077916 -0.0699325908063093 0.985037065022126
0  0.138043529099926 -0.391898493304094   1.00382272779745 0.0389204848235513 -0.148834158631574 -0.0802825052379982 0.984829075747788
0  0.133306310840493 -0.400313244989281   1.04418132052267 0.018721716517737 -0.161797855431984 -0.0581685313974149 0.984930136234702
0  0.127646385901311 -0.403191517346394   1.06888836113714 0.00650007241945499 -0.164041144905098 -0.0585951685648285 0.984690234570053
0  0.117307738050342 -0.425815605533097    1.1051591862963 0.000369177746625288 -0.168777397285413 -0.0589871144655143 0.983887480457184
0  0.106435232880852 -0.455814330799272   1.13365999045446 0.01280640372959 -0.171241108500173 -0.0569581919105084 0.983497962965573
0 0.100534111030983 -0.46424763334146  1.15046646830189 0.0176651787019484 -0.172420460064247 -0.0556141077037682 0.983293545914431
0 0.0946950398629123  -0.46702510130818   1.16798170790501 0.0161185626812474 -0.173635792816152 -0.054960063258599 0.983143018505857
0 0.0860686996457171  -0.46541476825878   1.19936114795029 -0.0258924877340661 -0.179222617027938 -0.0430699666050056 0.982524203570193
0 0.0786981508346238 -0.481990814490753   1.24663807595439 -0.00803814267983746 -0.176235432091294 -0.0550557096754758 0.982774302457071
0 0.0731201184958905 -0.512094636053191   1.29394198545176 -0.0054596139023606 -0.185822218039854 -0.0308976890965389 0.982082292227734
0 0.0722579820339932 -0.518938946701273   1.32460857214237 -0.00710832035703285 -0.185569674514504 -0.0309382487702375 0.982118217143595
0 0.0769320722790094 -0.521691681198205   1.38205057059735 0.00142154073942866 -0.174755466019063 -0.0621139775114595 0.982649662960351
0  0.080146453684687 -0.524998840049486   1.43927372034048 0.0166122744273563 -0.175916359476553 -0.0615936517369981 0.982335833039072
0 0.0807271149095663  -0.53519871891148   1.48938109044577 0.0196907949591915 -0.180911733064963 -0.0570446346089218 0.981646131299686
0 0.0844638332887883 -0.559989917259697    1.5355868109405 0.0198161888509984 -0.201425657313499 -0.068763984842778 0.976886143633837
0 0.0881537191478501 -0.572069976443721   1.57220544673455 0.0194686250238834 -0.209943633359391 -0.0734345288236268 0.974757412604792
0 0.0939126762992688 -0.589142166684929   1.64166556604593 0.016717398233201 -0.212010056009462 -0.0759660175359423 0.974167043646471
0  0.093770028614343 -0.591382406086402   1.65860639980149 0.0167802091003611 -0.212443856917736 -0.0706154679842439 0.974473954460473
0 0.0936932877577547 -0.591239964540225    1.6765389147978 0.0145226104407795 -0.213980089066854 -0.0626954092219778 0.974715805212686
0  0.103499056934329 -0.608622178567901   1.72469459723819 0.0193636615300661 -0.201918921073988 -0.0667892194762342 0.976930395722347
0   0.10757490282206 -0.621976972915214   1.73650097437255 0.0219701436563027 -0.185986841070945 -0.0612597966309705 0.980394535405469
0 0.113868905488174 -0.62826395682759  1.75214143235268 0.0211260664631522 -0.163553576889797 -0.0509209849268696 0.984992878195789
0 0.131825740186408 -0.62978146093637  1.80257487837761 0.0043767750409302 -0.155288902189075 -0.0454394887145853 0.986813788696991
0  0.140402613886444 -0.643076241864828   1.82056595351619 -0.0147917391076736 -0.15743807768255 -0.051065409483827 0.986096739728939
0  0.148464770237673 -0.667143021303295   1.85179345767719 -0.026539869363139 -0.157195631273914 -0.057549682054849 0.985531939075527
0  0.147973445068729 -0.674276425228465   1.87152663819606 -0.021241812277685 -0.157854870699109 -0.0547040820183746 0.985717042877039
0  0.148146363803712 -0.685646672213783   1.91590944607734 0.00778090248813903 -0.166779849103669 -0.0241117983752463 0.985668585615134
0  0.156163514716928 -0.686787983121161   1.96350166725062 0.0180234451228308 -0.166866180933049 -0.0206253111629247 0.985599020710835
0  0.165216037520401 -0.681718632335651    1.9925995506277 0.0194611057045784 -0.157090191339891 -0.0445996344541864 0.986384716911259
0  0.178357166711493 -0.668571139897576   2.02650590066136 0.00415047888984435 -0.152549100702736 -0.0507199269729956 0.986984819745281
0  0.187207110804022 -0.666105949758459   2.05205160821642 -0.0293627774790761 -0.15104164447837 -0.0542224022173854 0.986602341386721
0  0.195246742575146 -0.673608086867254   2.09339358627459 -0.0296552492551161 -0.149949723979718 -0.0545652951092139 0.986741240163635
0  0.203667957386018 -0.683572131468693   2.15020413248192 -0.0167466880740636 -0.149184379607769 -0.05360623043815 0.987213219815156
0  0.208175110576109 -0.697118412081269   2.20891153525783 -0.0137777117082865 -0.150372182992019 -0.0503773395519834 0.98724895791384
0  0.212031931650849 -0.724489910455201   2.25305376381992 -0.00182814526314914 -0.139746424431444 -0.0335243682282024 0.98961796238671
0  0.219123718923391 -0.745904831875135   2.28999469826046 0.00614632065380705 -0.114337618679876 -0.0130119228686729 0.993337717777945
0 0.228563676864125 -0.76639624741116  2.32591797106171 0.0154013502125096 -0.0792269137420573 0.00825563068475943 0.996703435888799
0  0.239445470767956 -0.782129516732196   2.36702231803805 0.028406333103687 -0.0411560576239754 0.0130802180871589 0.998663189997132
0  0.255415277700139 -0.803406307454573   2.41342721119719 0.0260849608889364 -0.0122503963017831 0.0135416097312355 0.999492935148498
0 0.279723619382116 -0.83683788002443  2.45414793694465 0.0225767048536002 -0.00250685700259293 0.0150278854597866 0.999629016547904
0 0.303704916638426 -0.86929613032307  2.50166478994764 0.0115565906288354 -0.00445668687020287 0.0137668426539939 0.999828513895517
0  0.321179463164577 -0.883419469108943   2.52988724943758 0.0195674357480623 -0.0107918045675475 0.0174421996804054 0.999598130291734
0  0.332968054673498 -0.890611910104155   2.55330420659802 0.0299994923100698 -0.0137154737782363 0.02326236380158 0.999185057269443
0  0.367701631560735 -0.910775944261228   2.58810223095552 0.0226413655542981 0.00348827528421661 0.0219228688704313 0.999497167740794
0 0.397298221443676 -0.91344797749817  2.60843058015671 0.0196244183899141 0.0412475331080267 0.0341391910830725 0.998372695363587
0 0.422362554828662 -0.90932285503214  2.63090869871568 0.0184737730059545 0.0938183971783791 0.0525054561165308 0.994032195222971
0  0.440825826830119 -0.900778309564055   2.64557603705905 0.0172568835287627 0.134792005946512 0.0666649549976488 0.98847817319299
0  0.462485829902324 -0.889814191076974   2.66012139603038 0.0132134281339072 0.177127754141097 0.0793205439913671 0.980897250139277
0  0.494145906956721 -0.886433770627579   2.67261858653081 -0.0151194386507134 0.196751093146146 0.0876761018970152 0.976408373108726
0  0.534878527940541 -0.912129614957129   2.68624853345799 0.0159069436922679 0.19914925458164 0.0787713865566909 0.976668629680448
0 0.565440161771723 -0.94326980621998  2.68452681275279 0.0164358285398178 0.190114637811609 0.0775384951896938 0.978557136703672
0  0.594691970178673 -0.970119561987321   2.67934056476104 0.0277050221726529 0.204724501829072 0.0844690657749428 0.974774480084681
0  0.619090588204976 -0.984188874163952   2.67753140060967 0.0294899767811604 0.222253246663801 0.086508890766789 0.970695651290942
0  0.640948023933037 -0.984124455572904   2.67104183298355 0.024269157038257 0.262811295257679 0.101199051134866 0.959218423066945
0 0.656446403703544 -0.97429099757844  2.66350612088509 0.0117771222811738 0.31215692805896 0.121636132687915 0.942137995667458
0 0.676058016850543  -0.9542288518358  2.65238170777873 0.00691704351840677 0.353969067026823 0.138487290494811 0.924921253117545
0  0.688549723305921 -0.948866230278787   2.59825227484902 0.0329248627288865 0.372568572669834 0.153154651777949 0.914686976354109
0  0.691546761975034 -0.937475108489458   2.58906006619817 0.0252318081444706 0.407952624997179 0.160534361381257 0.898424582495149
0  0.687168774763076 -0.921959907273324   2.57578351305361 0.0104601708332046 0.45617886792705 0.175169462375251 0.872414514284409
0    0.6795614409885 -0.908926291258184   2.56242753046119 -0.00604692608239971 0.498023916051198 0.196807944976065 0.844513023298209
0  0.669494857621526 -0.895690136257299   2.54825154411333 -0.0205173446989619 0.528133837979378 0.217302680293182 0.82062977821005
0  0.677421188284779 -0.893134028921839   2.52997657093257 0.00505599514706934 0.538079810462585 0.185744193066164 0.822157922316523
0  0.670881006252567 -0.887458565849515   2.49132154146311 0.0156616812411331 0.542095815056377 0.18598081443042 0.819327758411041
0  0.657071334680184 -0.885802549156885    2.4805549256555 0.00528676759962199 0.57932857156271 0.197619686845057 0.790757178677955
0  0.638840098092485 -0.892762570875962   2.47486730673891 -0.00234759636064935 0.613966029608578 0.215746938847073 0.75927166525304
0  0.608565008900075 -0.893195786924734   2.47294118496256 0.0105563052105108 0.641240672605919 0.21012984993982 0.737932524273379
0  0.581142222537704 -0.890759769899858   2.47579149278934 0.0210352085675075 0.656461347434838 0.214317350449503 0.72296894305417
0  0.558576528468674 -0.891964675285378   2.47794227097218 0.0171528580552394 0.668498285007474 0.222133490362143 0.709557985553073
0 0.526037786679991 -0.89340338769973  2.48353975222504 0.00305267191965314 0.683556420073821 0.248124562185948 0.686422248626925
0 0.491322015514452 -0.88671632316945  2.49076219724894 0.00150757528538398 0.706583769276574 0.265937213624388 0.655754910482084
0  0.453218699415357 -0.885670247037302   2.49924704899067 -0.00135348308185779 0.727921901395506 0.271911717424573 0.629437758225162
0  0.380271473731358 -0.892237489774394    2.4883716668406 -0.0102586108056398 0.738728797829499 0.272138360507673 0.61653486268168
0  0.329343423448919 -0.899369736180001   2.46965551814145 0.00404671163495901 0.746245532063398 0.247192667307651 0.618059070987303
0  0.282690279323619 -0.900062082875292   2.45755709307703 0.0105995058388542 0.747178058278703 0.242044183639657 0.618891923415592
0  0.233441624717394 -0.899332188116317   2.45012402322724 0.00942811185653192 0.745935722131261 0.253377220978693 0.615866051219297
0  0.171089946494718 -0.899466171271848   2.43429196165992 0.000234610543575875 0.743079909834753 0.271008857194967 0.611871221646962
0 0.0874916437431907 -0.891593949544893   2.40788260616729 -0.00166784114717305 0.747625652079681 0.275034524397186 0.604490788224232
0 0.000860746161282372   -0.879882333632647     2.37759568093168 -0.00163671512568664 0.75107330471255 0.289536106486143 0.593342274873965
0 -0.0596578025759431  -0.874988992679056    2.34274756781151 -0.0235219294262242 0.7634719822209 0.274922868431681 0.583930361955134
0 -0.152995131676176 -0.866827175087309   2.29902336574053 -0.0407329152652355 0.770420124557648 0.265595592847405 0.578145865980731
0 -0.136207560952106  -0.85930042254851   2.29657594347475 -0.0473381033203533 0.777035553717812 0.260105515556247 0.571244232364498
0 -0.238068464972658 -0.841271768578855   2.26557728740179 -0.0386991852627379 0.786497028647241 0.245215986784771 0.565503242089938
0 -0.224914495495844 -0.836140849526336   2.29135743258113 -0.0257990905092974 0.788945510403114 0.24384577531116 0.563416920589507
0 -0.217281160008978 -0.836865539735061   2.33188477084195 -0.0354168002078966 0.787682387570763 0.257823771669038 0.558416519576747
0 -0.415986790392269 -0.827350264665223   2.34889030716201 -0.0396825917893029 0.791467941156784 0.25641062221654 0.553405260947573
0 -0.412639429245047 -0.829264387457021   2.39595010502916 -0.0500264919639882 0.789546042135069 0.271747066812253 0.547967087633519
0 -0.494704680812742 -0.819564623621742   2.43622874893532 -0.0646444017644236 0.786488024210965 0.28242145982752 0.54543176303012
0 -0.497200366547879 -0.825680721795967   2.52852867284478 -0.0635916410215028 0.791995546637005 0.272387260706194 0.542682538418475
0 -0.507164090189838 -0.819935844062288    2.5792703017819 -0.0628132281448145 0.799263898502775 0.243989078717467 0.545619875359005
0 -0.330897643697147 -0.834851338807529   2.67102275002917 -0.039220205617432 0.801117143237622 0.25406681575595 0.540484182389966
0 -0.431198922982293 -0.836019907674347   2.88562911602034 -0.0417292836822141 0.798384619531567 0.259781832446384 0.541621699814181
0 -0.299430249918906 -0.907719480207189   2.95849181729825 -0.0173322892987697 0.796174343787335 0.267980305410705 0.54221080951458
0 -0.418520930558716  -1.01434721402736   3.20719490975996 -0.038888272153849 0.800033225899923 0.260344464329702 0.539124567830044
0 -0.321815013523989   -1.0509790791662   3.23824386266679 -0.0501470756262958 0.796318429737422 0.280046719282402 0.533794027960055
0 -0.363085887064201  -1.14122083724494   3.49846917661416 -0.030280998544881 0.791006588683305 0.309299689326405 0.526996527473678
0 -0.348732484705347  -1.15328572381872   3.55674360777242 -0.0327317636186646 0.788492486567903 0.321635166218103 0.523219886977006
0 -0.258636197621988  -1.14264225278008   3.56306803942079 -0.0826327706687309 0.793966086020331 0.306152670946863 0.518710151754588
0 -0.128339951912619  -1.16565026446229    3.7290361822981 -0.110549850838391 0.803483166512899 0.279578676414053 0.513837810310395
0 -0.0279692940349881   -1.12481456689867     3.6983765373591 -0.0937121984752929 0.812082457595675 0.257051600535823 0.515426600578849
0 0.0644977740745243  -1.23021921831129   3.90914388518283 -0.0745494120746361 0.807921065711024 0.256906126962158 0.525076355084661
0 0.227707339013269 -1.23413214170857  3.98009369255563 -0.0637172511109711 0.804411166845138 0.25795546356694 0.531339595157062
0 0.331253311520318 -1.28082060900729  4.14350537749763 -0.0531351526824514 0.797177063807301 0.264821084669363 0.539958496186073
0 0.420951196181778 -1.25544501899813  4.15605684660572 -0.0564936128816479 0.797695560412911 0.263151370343548 0.539668065469343
0 0.510461587007883 -1.34600612837429  4.34610936983416 -0.0628267086944959 0.787382726255568 0.276054096439682 0.547608786368368
0 0.611233759964628 -1.38609932639393  4.44737972587966 -0.0649186160821777 0.782817197366657 0.288257171179534 0.547622691327304
0  0.53239230579807 -1.31036927496433  4.28265629503386 -0.0324777797089379 0.783260725811546 0.281486767629035 0.553365185818646
0 0.799396374740228 -1.46364169976491  4.67084148246235 -0.0604274278229523 0.788956977381323 0.2788937847827 0.544163275697294
0  0.89805537624983 -1.51173757017523  4.78157104926936 -0.0736466171050875 0.79423733022212 0.272295390570673 0.538162112513116
0 0.992522773818574 -1.56119319182287  4.90907031760707 -0.0716169014538354 0.799604036765103 0.264694254832832 0.534267119775862
0  0.87247316661889 -1.57297678544471  4.80115579002894 -0.0252247675915714 0.794073482483796 0.27144483392442 0.543257505840234
0  1.18083059105857 -1.67704980220268  5.15955410569683 -0.0380055772461431 0.802247336090154 0.274663432061242 0.528691580151206
0  1.07625786314766 -1.69477005084658  5.10580062330058 -0.02491592145059 0.798726790058496 0.268120088213536 0.538076509427317
0  1.24904120937041 -1.73545579773042  5.29860320727888 -0.0291213536944469 0.803605952348461 0.269196821426623 0.530002350412646
0  1.32039031602246 -1.78518602989316  5.42320029416666 -0.0283079909858646 0.801070687208747 0.276909065140178 0.529911107058951
0  1.15639466566562 -1.73506684951849  5.22775527515513 -0.0298747824928757 0.789733119117185 0.277094006694098 0.546486970928545
0 1.44391325896769 -1.9057879240528 5.64581984196157 -0.0494850701086543 0.794125951242175 0.291106242849688 0.531198980396227
0   1.3214640544051 -1.92183506484366  5.57623294795771 -0.026637254809822 0.776919810962306 0.314765526052545 0.544617964815113
0  1.48843947896994 -1.99689527132808   5.7628437816003 -0.028675170359701 0.788646102644116 0.289208859119585 0.541824044497692
0  1.41029098965895 -1.90947501217464  5.61880818199012 -0.031415154296199 0.791148044328216 0.265617699073015 0.550040996631472
0  1.57009929939692 -2.01999451119197  5.86761132252575 -0.0377479367663021 0.78864033482474 0.279259824015971 0.546475494645439
0  1.66249391148543 -2.05386660137205   5.9832147115909 -0.0304060453230444 0.781975083476132 0.298876390687949 0.546134914027344
0 1.78616642541415 -2.1036151889835 6.09943524519316 -0.0249919649083594 0.782896855780293 0.299697108783421 0.544637088239692
0  1.81938397456822 -1.97574800357853  6.03406002821078 -0.042718505229073 0.790939830419826 0.286365963160868 0.539058298432924
0  2.01138338871913 -2.02191461556598  6.26188910305944 -0.0438924332626811 0.793130130350085 0.287447458102102 0.535156060849336
0   2.0984745187655 -1.94309634514699  6.26282474932637 -0.0505094231450117 0.799752845709413 0.280708203779259 0.528249077883035
0  2.27570796762933 -1.94783778100663  6.41510334447964 -0.0596614870736021 0.807723948086352 0.260221545898307 0.525649386662116
0   2.4088444929544 -1.96278549329338  6.55672837839627 -0.0409965606196443 0.811460334445637 0.262909650918426 0.520317137035373
0  2.59039783939403 -1.98891147271789  6.76482525958999 -0.0381262652817042 0.813397970294427 0.262890189327225 0.517512200988606
0  2.70910383279028 -2.02931347491693  6.93847665458279 -0.0302027086363245 0.816849440494672 0.252974734806483 0.517540888726833
0  2.80923336183266 -2.02750389173634  7.09652268682612 -0.0253033228987953 0.819818592310899 0.241529903799379 0.518575474856185
0  2.87879552574325 -2.07067091996028  7.24539838990437 -0.00153226061546757 0.81526664160188 0.256760982736738 0.519048892699582
0  2.96914223704048 -2.12326975309031  7.43137258749477 0.0160806313184453 0.80313291728157 0.289212855539365 0.520648494347157
0  3.02958107374485 -2.15100111159525  7.61306519705497 0.0410287407532081 0.796095811457145 0.291117579132055 0.528959976305285
0  3.10340905537941 -2.20892993300881  7.79124389490009 0.0552543765220608 0.778303832099952 0.302271794928299 0.547559915264542
0  3.14716508724936 -2.26674228796955  7.91921095917344 0.0525029857515826 0.751324404085626 0.297304049644617 0.586826531759991
0  3.16737833210178 -2.30093725813218  7.98978295499099 0.0689118458841241 0.71801731097347 0.295299710361474 0.626498507340361
0  3.17472284530209 -2.33183056877892  8.01888983599864 0.0666785525394508 0.690570259540305 0.281388641648185 0.662938247215431
0  3.17199107510289 -2.35213352398376  8.02280973498492 0.0531519529410204 0.673453734488057 0.271445932097063 0.685530483166578
0 3.15552993354553 -2.3629247703895 8.03249883340951 0.0261629480498727 0.662272252926241 0.260837329858111 0.70190800715324
0  3.15492408318026 -2.37939676654866  8.01584956032027 -0.0146782646599093 0.6543804213963 0.245222342205184 0.715148107403759
0  3.15882784424221 -2.40334756355457   7.9980094274974 -0.0457476843883616 0.641772459605811 0.238565816332265 0.727407458541863
0  3.15169620698904 -2.41097504258923  8.00430467238277 -0.0760894085661867 0.623266380752893 0.241260797030159 0.739961247866137
0  3.17044710954365 -2.42152782254875   8.0101574127592 -0.0934695754770989 0.615294657954148 0.246472948920566 0.742917901119376
0     3.19580701809 -2.42606683414906  8.02246188176389 -0.106227022773871 0.613291942679126 0.250556765918279 0.741491820406696
0  3.25282029626276 -2.44523543962224  8.05476529914179 -0.126724784185515 0.615655381997961 0.251479083212178 0.735980672570171
0  3.30125692918247 -2.45921212095766  8.08446135051292 -0.132617014090785 0.621866363073601 0.240350431906739 0.733434812327245
0  3.36816143493202 -2.48638512686358  8.16249205195219 -0.133214051657171 0.627644049300375 0.234314157144869 0.730351860119764
0  3.42968172712678 -2.51201542569271  8.24249569512035 -0.133416109860405 0.63080773330964 0.229198817816197 0.729211661411231
0  3.54628653186099 -2.56134602804757  8.37056182163232 -0.130893541792925 0.637681343520226 0.213669547587821 0.728405593935659
0  3.63429506018649 -2.58041894844874  8.43225685679668 -0.110337345354213 0.645276116426863 0.199353225676107 0.729179467073629
0 3.77303484394282 -2.6432311024597 8.54253966836306 -0.0791792503500104 0.648158458137329 0.201216614028406 0.730159663154569
0  3.90985327707705 -2.60546378655664  8.67982228442192 -0.0659559381299974 0.648590471304708 0.204804700340249 0.730092630750831
0  4.13127527761903 -2.60460176778038  9.01099419637546 -0.0718461988191706 0.642558539525292 0.214929570927487 0.731957598867097
0   4.3594871268492 -2.60280359456393   9.2030768943517 -0.081349101527752 0.617165232319402 0.211610889693864 0.75346548100078
0  4.60099174807807 -2.62566722216524  9.50741100010837 -0.0997209316333337 0.601230076204131 0.213082935124284 0.763658165687092
0  4.97095281046057 -2.67773431338358  9.86074535215636 -0.114723067840752 0.588510130239435 0.219477520492826 0.769625923620749
0  5.33886768239474 -2.75362625999716  10.2390446993491 -0.0931312962687284 0.591354987929767 0.20141805179811 0.775278406971164
0  5.60643668910617 -2.78273105278894  10.5322079480834 -0.0881175819549085 0.594189578560886 0.196159374598732 0.775045505913744
0  5.86341836133093 -2.85367779770601  10.8047849228946 -0.0827348476870572 0.596924727527452 0.191238586045133 0.774766815146296
0 6.32351296346046 -2.9824955894904 11.3758452909747 -0.0815003836019333 0.594078209837462 0.192158555742205 0.776855107162284
0  6.92258896519659 -3.06958316052758  12.0524839797978 -0.0700722168612831 0.594258341571292 0.199067819242719 0.776092076521228
0  7.46351319660019 -3.19379704837088  12.7954225395241 -0.0518849926626802 0.57954939586639 0.216683166983755 0.783887013818437
0 7.92189582825513 -3.2566393566017 13.3637044294237 -0.0474064197438021 0.561582908374876 0.216215619420751 0.797262863995804
0  8.37670308676614 -3.35217785076759  13.9003797742079 -0.0593969598032633 0.549300977955185 0.228661700893764 0.801532446834174
0 8.86890349692383 -3.4027673846809 14.4982162904476 -0.0796902327202284 0.539938522984935 0.242206011854509 0.802154664654751
0  9.94745968873476 -3.55640092477099  15.6784424022341 -0.108312202755474 0.547987912563245 0.223799434808817 0.798681117466845
0  10.8615911973134 -3.73341734631193  16.6666148003635 -0.0930252286081803 0.551607666950594 0.197858717748335 0.804939262562526
0  11.1834136597575 -3.77849331317015  16.9812200996357 -0.083688260859978 0.545714355886028 0.175939108138493 0.81500769751062
0  11.7074834732903 -3.86485093658233  17.5791048104462 -0.0712095620414387 0.531658494953142 0.167220235032686 0.827227801765415
0  12.0787836407503 -3.92401604415772  18.0115614219881 -0.0540116175141019 0.512976268477133 0.17723786655276 0.838167543998581
0 12.7055702925437 -3.9418159339149 18.8634203364701 -0.0471755603848048 0.48763714520338 0.194212519058209 0.849862329181228
0  13.0018416252337 -4.04630764519804  19.1187099452103 -0.0542326284363525 0.46049908840251 0.193713979792708 0.864565963721804
0   14.082788371114 -3.87012422087749  20.7752323094419 -0.0848501023684871 0.433214351863717 0.166122365180795 0.88177613102992
0  14.6635101492272 -4.29803319780294  21.1262018283722 -0.0926701014614255 0.395700626134234 0.133174002511398 0.903934705510967
0  15.9008156742869 -4.08651327095828  23.1915136202067 -0.089201674262624 0.351572942697092 0.145058683289975 0.920541963016478
0  16.2990808264338 -4.59616320449687  23.3299892461138 -0.0704611813619413 0.330753960893167 0.156435349737536 0.927989773988408
0  17.7809361539315 -4.42536832836611  25.9114625156655 -0.0824113644417206 0.320848789869007 0.152153603034184 0.931189401858808
0  18.8518527790528 -4.59372826222824  27.5225466809403 -0.082434930794999 0.321176103860002 0.136745328281929 0.933461894073454
0  19.8896892808356 -4.74623505481815  29.1585055435202 -0.0630969057877977 0.304089344758005 0.12407796269614 0.942418755149656
0  20.8390016583651 -4.91446143554976  30.4454911448894 -0.0499453090253471 0.281323383209213 0.127308013926228 0.949818556228633
0  21.132570459944 -5.0206177685938 31.0603998577422 -0.0508131873911799 0.257494714419044 0.129717198662142 0.956184051532262
0   21.939324521291 -5.07618140024273  32.2641632581918 -0.0559622523983687 0.233227014397218 0.146863405760948 0.959637705652584
0  22.2779010033149 -5.18500524672936  32.6675744303283 -0.0619489587755116 0.202776491368954 0.151194496935346 0.965496890285616
0  23.2093480933823 -5.21060444456772  34.0076758155934 -0.0681225315325246 0.166579534918248 0.152156893908932 0.971832731945167
0 23.8793177665142 -5.4237475439849  34.870207574358 -0.0659466363275501 0.145759068130383 0.125955775310633 0.97905080454527
0  24.9741671589642 -5.36548377385027  36.5128707846653 -0.0666376375545771 0.115605766066969 0.119682347740839 0.983804283255798
0  25.6287273071561 -5.74074442305359  37.5932788819355 -0.0627588301202923 0.0853228657446956 0.107865478075293 0.988507145377631
0  25.7323015273243 -5.42843975279866  37.8995442487839 -0.062631414704691 0.0579617964543506 0.0917994803872249 0.992114202823702
0  26.7982068404671 -5.69946901181947  39.3407867949738 -0.061892367561803 0.0239289680597905 0.0561010683558026 0.996217551268058
0  28.0483709845974 -5.77638951512002  40.8753943090284 -0.0577274017257641 -0.0036787594261416 0.0390290435189878 0.997562402850604
0  27.5843230521816 -5.68741329710736  40.6457712949899 -0.0553060050714819 -0.0288452423000864 0.0409642021125894 0.997211678604378
0  28.8476518030708 -5.86190178275476  42.1991639354596 -0.0456411848331514 -0.0598441460794877 0.0512159274610593 0.995847623485313
0  28.8542267918343 -5.87093318028942  42.5361930962734 -0.0385965270707383 -0.0909044545122386 0.0572680135711684 0.993462159757242
0  29.2072283611527 -5.89063320593593  43.1465565973963 -0.033778594167347 -0.130273476322118 0.0563936495900121 0.989296509762845
0  30.1687812246434 -6.03031580444477  44.5656483531166 -0.0350157302412148 -0.166941551123038 0.0478857152189555 0.984180560376132
0 31.4480770309118 -6.3386330484348 46.4584072446999 -0.0189743994127795 -0.179214315385086 0.0313590849358415 0.983127056447927
0  32.8000896301897 -6.67737423264714  48.4204772371702 -0.00810703837360197 -0.169773480319745 -0.00122316568031461 0.985449006887038
0  34.4213396962563 -7.00817155435607  50.7963725503562 -0.0107520107025328 -0.158528263353948 -0.0170668764524066 0.98714837066775
0  35.2460523536029 -7.15430629927118  52.0023673929675 -0.0175924994707327 -0.157197763496586 -0.0130776510490732 0.987323828415522
0  36.0393125081873 -7.28389691463823  53.1982349376382 -0.0238320879153875 -0.159256399253994 0.00248710100539451 0.986946424691247
0  36.5750853399748 -7.37193576639788   54.002974320649 -0.0310034913888201 -0.163137658578198 0.0228865852469909 0.985850441036093
0  37.0782766837639 -7.43189461969374  54.8479809715465 -0.0466867949493983 -0.167026236506445 0.0380039725214779 0.984112939437559
0  37.5991180186699 -7.47739164317588  55.6818678758344 -0.0625137724766262 -0.168151979111039 0.0369605502415404 0.983082325086574
0   38.131874144674 -7.61120156018618  56.5183533909651 -0.0664366561507267 -0.167601844123129 0.0329304850102655 0.983062244073602
0  38.3991824683024 -7.66400556085182    56.93200287326 -0.0591647569220991 -0.165659130078461 0.0285213328632441 0.983993454110189
0  38.9822391851643 -7.74269981402029  57.7443321122771 -0.0430786399696073 -0.162648606878033 0.023404529937062 0.985465316202163
0  39.2249794350472 -7.79785891597983  58.1877839427759 -0.0362491018750306 -0.163052992450584 0.0230817178918172 0.985680961855978
0  39.9143755694635 -7.91927976747913  58.7482031694321 -0.0278055361814332 -0.164526669131354 0.0292896863799404 0.985545504567886
0 40.0519623772366 -7.9418457180413 59.5112811518949 -0.0286461957505614 -0.166955060763001 0.0270362949404989 0.985177365711643
0   40.724402822787 -8.18961813316953  60.0053039029022 -0.0219047469237228 -0.167253756662571 0.0285036256210292 0.985258294190372
0  40.8827431429518 -8.18768113657657  60.7785023523693 -0.0281250950427646 -0.170435538734028 0.0203356036199856 0.984757416519768
0  41.4425951173971 -8.28121959299741   61.676842834876 -0.0270226285379406 -0.173600751721705 0.0191776435407044 0.984258489695052
0  41.8672649205432 -8.40984256323604  61.6914894835342 -0.0175047286532899 -0.168529308916528 0.0255797869482465 0.985209181347076
0  42.2994704216557 -8.42529929599904  63.0325353703312 -0.0244462708950401 -0.177442905221617 0.0210352442709385 0.98360251815675
0  42.9974609851232 -8.61215166883128  63.3596288311643 -0.0143984889446213 -0.172700246491369 0.0283519035607817 0.984461008848198
0  43.4647751114867 -8.84457754469357  64.2666717105138 -0.0123964162215089 -0.175597689501165 0.0287643656693446 0.983963612932082
0  43.9711427783886 -9.02180491139579  65.1145728943604 -0.0176715807913254 -0.176783748504381 0.0285904324248998 0.983675662335321
0  44.1532383216177 -9.13262397216199  65.6002341843473 -0.0211470563114468 -0.176683471835539 0.0286749371606629 0.983622641447589
0  44.7267715049116 -9.28352483529977  66.3823291854827 -0.0322788227871149 -0.175649337369833 0.0272883868086751 0.983544982106257
0  44.9041073835864 -9.34398640911813  66.7591885939371 -0.0353692084794935 -0.175828448658881 0.0265280467118818 0.983427495279341
0  45.3467784268576 -9.46082046666923  67.3797698681981 -0.0282182162371597 -0.172867163809477 0.023330876207257 0.98426436802531
0  45.9984834885742 -9.56306606703273  68.5640648573964 -0.0216660148706965 -0.170603500291362 0.0218306370223846 0.9848596106934
0   46.158693565317 -9.58110917457658  68.9599655183735 -0.0175251474449804 -0.169441862891184 0.0219276699907195 0.98514034614149
0  46.7676133375426 -9.70156895158956  69.9317170975002 -0.0135307013475895 -0.168446597340919 0.0249126790351117 0.985303010443286
0 47.4513889669572 -9.7865184721923  70.066243291306 -0.00675059715592871 -0.163619748088741 0.0253623050376793 0.98617430556499
0 48.3114104130511 -9.9673769943372  71.561829466144 -0.00468947634266753 -0.159249376862103 0.01713065506009 0.987078611579582
0  48.7481000816601 -10.0144745816111  72.3973422217149 -0.00700911097782278 -0.15822994435278 0.0155595266155289 0.987254809157655
0  49.4789556868407 -10.2941478441645  73.6484588543382 -0.00640981684364314 -0.162625497618041 0.0184267961128913 0.986494964486656
0  49.6352838483808 -10.1751954531567   73.778743320896 -0.00899222259094815 -0.162008287591478 0.017556539767312 0.986592227111055
0  50.3794543480728 -10.3649227956007   75.251164477282 -0.0116265367551115 -0.167690203198548 0.0201617632321047 0.985564976395613
0  50.8837272783922 -10.4476390215035  76.1864446243049 -0.0137981319936137 -0.170988073215386 0.0178365688094564 0.985014998456715
0  51.4017918931672 -10.4876994236051  77.1058267833797 -0.0166816774423004 -0.170646266375684 0.017644867941936 0.985033112156674
0  51.9426369588936 -10.5681513685716  78.0437396859992 -0.0230077417167688 -0.17255016972399 0.017926799849426 0.984568795258348
0  52.3131955049504 -10.7135577470826  78.3727400642107 -0.0248225728665198 -0.172802722758105 0.016640653427011 0.98450299518955
0    52.84264230265 -10.7791156138002  79.4490100554608 -0.0307193334369929 -0.175561996216313 0.0165465760820971 0.983849845686673
0  53.4575070532368 -10.8349221662905  80.4736387890251 -0.0290533464933884 -0.178974796939333 0.0159695045864559 0.983294920174676
0  53.7430561413151 -11.0259285959646  80.7386012514727 -0.0261167811765373 -0.177497704584001 0.0157458816860164 0.98364858858147
0  54.3115209285348 -11.1717826571596  81.6554213045467 -0.0225232771140323 -0.180639531299393 0.0150284779099714 0.983176589719105
0  54.9168629244739 -11.2645346413835  82.3562977282468 -0.0174435798499265 -0.181858373711936 0.0178034809488291 0.983008794212429
0  55.2498413022108 -11.4317388342118  83.0025295266377 -0.0151073163840433 -0.184628171786365 0.015848760864874 0.982564513888806
0  55.8431620124247 -11.4113480614862  83.6422773677744 -0.0112975196427328 -0.183269040743761 0.0168645841135537 0.982853198884483
0 56.0786463730497 -11.650455413248 84.4567849820045 -0.00924159267007071 -0.187876555025676 0.0160779037560713 0.982017563003542
0 56.5922527248939 -11.654167618303 85.2282948356216 -0.00888229285556266 -0.188871227273896 0.0183456400076687 0.981790304430834
0  57.3869022278069 -11.8009600284264  86.2186210521612 -0.00659925150105298 -0.191514827203999 0.0234836232260701 0.981186547136081
0  57.4415409913906 -11.8535244749706  86.7639703715814 -0.00722711374328569 -0.190945682143226 0.019818778366515 0.981373899857673
0  58.3720046583552 -11.9854226746283  87.5915811444406 -0.00579705917346809 -0.189974648215949 0.0227704610705541 0.981507785625158
0 58.3664895391139 -12.035941999341 88.2638803785564 -0.0070869580749964 -0.189279890599377 0.0198451882989354 0.981697033988242
0 58.9702128244786 -12.164366656228 89.2939987354118 -0.00804072767028674 -0.186572846813545 0.0139442463964229 0.982309257577703
0  59.2718539230341 -12.2492545295264  89.7639962189508 -0.00888969715025545 -0.184044613537634 0.0080341224370496 0.982844853671741
0  59.8421575419901 -12.3924116147562  90.7665554791762 -0.0115391722382254 -0.181071552375689 0.00219164148734596 0.983399784996878
0   60.138789877351 -12.4557314146396  91.2560271524209 -0.0134812157655615 -0.1804729592672 0.00140444660822836 0.983486550657683
0  60.6776358724822 -12.6092032173548  92.2940808037112 -0.0185030352118663 -0.178467465995308 -0.00028627472319176 0.98377178213036
0 60.9397604674484 -12.724158702187 92.7900472954011 -0.0206370456541089 -0.17651824115309 -0.00341104037069551 0.984075092505892
0 61.5342800122962 -12.913492066038  93.770675954949 -0.0223880256096735 -0.173794286998501 -0.00715814297113598 0.984501438853793
0  61.8353239624392 -13.0239307711551  94.2261919953602 -0.0226186350950698 -0.173474489014411 -0.00753744437193316 0.984549737666902
0   62.388604412033 -13.1961030673654  95.2035634415845 -0.0237763814603891 -0.172301151540832 -0.00354894283098195 0.984750933925496
0  62.6142169229789 -13.2518009196943  95.7371434124394 -0.0238437624350568 -0.172444039925367 -0.00326456151821891 0.98472527677787
0  63.1629151021565 -13.4226495480671  96.7411086162379 -0.0224499914590498 -0.170791983341804 -0.00253356018550344 0.985048058412608
0  63.4353895063884 -13.5159305649879  97.1923018336806 -0.0217311475435118 -0.169947838149051 -0.00315767910937081 0.985208363036748
0  63.9541413145834 -13.6173538799996  98.1787169711653 -0.0213797750940791 -0.168274460542419 -0.00570084754001671 0.985491811981921
0  64.5120516897289 -13.7777998899818  99.1432347725053 -0.0220363029380746 -0.168970250639953 -0.006898139494186 0.985350633745679
0  64.6008426394668 -13.8470497909338  99.6234657736006 -0.0227253307072738 -0.171880192731464 -0.00460002392015518 0.984844961641564
0  63.4892698256637 -13.7801058879455  99.0916140788679 -0.0273624427038047 -0.180577288500342 -0.00229410209650421 0.983177439073292
0  65.4284866008115 -14.1466312253579  101.672645955796 -0.0291966720645815 -0.176915288071991 0.00442091443828685 0.983782999803456
0 66.1084192285136 -14.308592875664 102.823516880046 -0.0305153467408547 -0.178686751830203 0.00550615503092589 0.983417276943227
0  66.0943699485352 -14.4093781286662  103.322308949658 -0.031185547573897 -0.17439587934168 0.00340978813505566 0.984175752716979
0  66.6429360883047 -14.5880942828884  104.403141175642 -0.0332828739893231 -0.175118852993038 0.00345945213815746 0.983978490525234
0 66.4441476226545 -14.676152879421 104.769623936118 -0.0384708744127231 -0.184139377827534 0.000688319032772389 0.982146734236854
0  68.3010269749804 -15.3486895346353  108.747259207296 -0.0315753380063994 -0.187597075869723 0.00189631398565682 0.981736593566818
0  69.8308803855909 -15.8112820901983  109.892740896328 -0.0310057990871831 -0.18083021347772 0.00201405926481463 0.983023406578829
0   70.007815982795 -15.7732144846104   111.04040325305 -0.0311616159386718 -0.183007642614253 -0.00218150510085224 0.982615081032425
0  69.6301599301194 -15.8489500994759  111.554418517844 -0.0293085360369247 -0.18979733586467 0.00331520257189799 0.981380145736581
0   71.496796028945 -16.5650282313693    115.9056152131 -0.0226346329834384 -0.19099726595494 0.00307639653990044 0.981324744196218
0  72.0152422993116 -16.7510226750617  116.918321708052 -0.0200862568353285 -0.189530449462563 0.00381947123993565 0.981661939087134
0  74.8168954313975 -17.5982947562316  123.307806586618 -0.0211139996982495 -0.185320261030377 -0.0116398004613218 0.982382366959829
0    77.28990119249 -18.7099104085151  129.995787821431 -0.0252725835633778 -0.1787528981608 -0.0263811205291601 0.98321550760694
0  78.3705515751577 -19.3010239310734  132.981956076714 -0.032937457803534 -0.194198385856444 -0.0223216629921342 0.980155015375353
0  79.2374309990093 -19.5055312461712   133.92758577993 -0.0385476661202953 -0.200153927251166 -0.0202422497136341 0.978796574457198
0  79.6240682254649 -19.7635825927343  134.889596582867 -0.0411412115908327 -0.206268083457318 -0.0204798556428433 0.977415701719863
0  79.9092971065785 -19.7690757436541  135.981083852911 -0.0427125861233945 -0.212176274432256 -0.0227848479626573 0.976031615398814
0  80.9208305412007 -20.6602659360575  139.689127848391 -0.0470083728909927 -0.21947776336908 -0.0176305155451196 0.974324837611287
0 81.5491196577844 -21.288624662767 142.057450634915 -0.0613738027611063 -0.225186401499864 -0.00314262954805683 0.972375680893813
0  82.5006584395741 -22.1596602502666  145.373873443155 -0.054111396162465 -0.227979737639498 0.0123113074736506 0.972083138285746
0  83.9710542519305 -22.6084357758801  148.231991531784 -0.0399426803188256 -0.22000843806006 0.00812310964966289 0.974646030393055
0  84.3157160347818 -23.5748501097975  150.143638170085 -0.051427598446258 -0.219225611333606 -0.000501170806345264 0.974317752214995
0  88.1381707149949 -23.7910903627104  153.037127808861 -0.0131347867663923 -0.24487182873173 0.0261633076756838 0.96911338149963
0   86.23329112542 -24.453187575423 155.286431270203 -0.0285962713998305 -0.233702968900424 0.052241473551345 0.97048235637251
0  88.1870340409655 -25.0846393379998  157.536837866852 0.00465852325968419 -0.274903559228504 0.0585696588432002 0.959674906594692
0  87.2555088616372 -24.7247032578801  158.487539788006 0.00867888944796741 -0.238992056185651 0.0753550607091832 0.968054279874646
0  88.9404849827826 -25.7093056751908  159.620064277432 0.0300988578049163 -0.278813813872783 0.0546119607590888 0.958318553349877
0  91.1997502618196 -24.4857033691106  157.585454246565 0.0440384720674868 -0.237776228919039 0.0453709341390549 0.969259798131725
0 90.9235506921347 -25.539128204751 159.995475643957 0.0472015031270327 -0.254571671223052 0.0292086579380298 0.965459546855646
0 91.6015082902152 -27.090006732616 160.229958652428 0.0408225050574348 -0.253738075346058 0.00129736889630838 0.966410279867956
0 91.0300708084274 -26.608365781952 163.521035885612 0.0175998925265863 -0.266302523227311 0.00125795419898944 0.963727984162053
0  93.3413378525423 -27.7386613013774  162.238355797277 0.0255183318827538 -0.257894941625718 -0.0221193102734159 0.965582596122578
0  92.3303450496562 -27.6678396984906  165.457324462496 0.018332283097624 -0.268703006571615 -0.0235092715145803 0.96276161940984
0   94.645391439259 -28.5154766590058  164.678343343077 0.0302473789929206 -0.269650195830942 -0.0116623851108543 0.962412518998958
0  94.8858103339096 -28.6356797884824   166.39711115526 0.0271379013741695 -0.265140113244442 -0.0268632445289881 0.963453486552987
0  95.8725271825603 -29.2578382148246  167.013273516942 0.0228543368998068 -0.271871487831021 -0.0204811944832407 0.961844111102187
0  96.5799052169793 -29.6331103569307   168.03963368043 0.0273759026973337 -0.260267838355335 -0.0267870989940747 0.964776483749904
0  97.2481104327749 -30.0202733951899  169.074399404146 0.0263608026614996 -0.262745534823979 -0.0254993684834607 0.964167866203831
0  97.9941375842311 -30.3953932897211  170.072963123148 0.0161007112935252 -0.273446849494414 -0.0455885927298104 0.960671258969653
0  98.8073408897233 -30.8483450233709  171.400722771922 0.0129122042290394 -0.270458420134398 -0.0544438006263079 0.961104255808763
0  96.5676046586744 -34.7829567939516  171.666309314489 0.0202420731312409 -0.26904387109763 -0.0509783518452205 0.961564798411057
0  100.368797264025 -31.6605740760168  173.991327922642 -0.00900912670329265 -0.294109293176094 -0.035574972331179 0.95506700322393
0 98.3525694935008 -35.662595809723 175.130770407645 -0.0223781202953139 -0.29007639677405 -0.043696381941197 0.955743443593458
0  101.791544506184 -32.5181889342152  176.902120094866 -0.0117124236258515 -0.30694236073286 -0.0315108535216473 0.951134203165297
0  102.451617376976 -32.8569418335701  178.211526054891 0.0163671271865382 -0.308489045864292 -0.021320939926156 0.950848065281759
0  100.645477008343 -36.2938708272491  176.213711922275 0.0227417240022199 -0.293688152054355 -0.0260689404756147 0.955275087958847
0 101.637354237877 -36.524891546015 184.443481124579 0.0173080680706958 -0.311108852579456 -0.0232189407792641 0.949932941536108
0  103.067762628108 -38.0969141748619  185.341385082355 0.0121397806356562 -0.309118528051575 -0.0164978627696322 0.950802914312625
0  104.087133637411 -37.9317974641713  182.302687819343 0.0230794997024885 -0.289176616088222 -0.0229612656530812 0.95672200856929
0  105.746137487537 -39.6982172109405  187.115842789542 0.0307460837811118 -0.287255583490661 -0.0353818438724234 0.956706346383127
0  107.163049062711 -39.8163168834472  187.899003574777 0.0128334490057191 -0.28602083607713 -0.0340495264961781 0.957532252021697
0  107.917110517414 -39.9255408654049  187.090363524647 0.0200781071071143 -0.282662166118469 -0.0351661407159678 0.958364394167143
0  110.472284242963 -41.6579238523685  193.556016995947 0.0301534653156814 -0.285956310811344 -0.0402579894622859 0.956921653596091
0  111.18430500998 -41.009840447714 190.402047649326 0.027581684898984 -0.276555783237535 -0.0580710967586912 0.958845085056627
0  113.140399906264 -42.2308462810488  194.443415560319 0.015145294869305 -0.264315267464095 -0.0405433333534003 0.963464736017515
0 113.573757013479 -42.399169080811 194.106967147649 0.00483696301633968 -0.220215596769371 -0.0239689780537024 0.975144698400883
0  115.268994537891 -43.1496048568618  196.837728309751 0.00323952850900427 -0.172475927404644 -0.00382792055782288 0.985000967991987
0  115.980102633478 -43.3708094768757  197.313709074449 -0.00702710413597324 -0.125518400938343 0.0222640177928415 0.991816547726979
0  115.508185716099 -42.5153091933958  194.366914639808 -0.0130088731658477 -0.0857839560731674 0.0281501152778476 0.995831036425977
0  117.755904686809 -43.2297223492876  197.708845555304 -0.0243566293404182 -0.0108227761053284 0.0598956832715579 0.99784875068819
0  117.722000134028 -43.8789200186376   199.13879459366 -0.0276809641408156 0.0369336862435242 0.0927490224178963 0.994619166256726
0 117.111394889456  -43.00802090145 197.370408990762 -0.0330024709026752 0.0805869602261865 0.124842905600658 0.988347523736973
0  120.061032902203 -43.6900296231846  199.701094320183 -0.0394961240423405 0.144424008305476 0.14565310814204 0.977940148526061
0  120.050202773503 -44.0623879963497  200.643868514727 -0.0300728043380972 0.187620713841267 0.144240415093656 0.971127590397135
0  119.771308387502 -43.6453448605224   199.84182320899 -0.027164021622736 0.20354111050556 0.15052228816163 0.9670450729051
0  122.364558591561 -44.9993277879581  204.274946017712 -0.0348148311386118 0.241274196887554 0.154796918297971 0.957398873790077
0  123.227575294846 -44.3681930163463  203.500743373785 -0.0417543150458945 0.270750348199069 0.158203099573358 0.948642506643316
0  125.802681225078 -45.8763513739563  207.168203272538 -0.0592814303852619 0.26670344735305 0.154215157852439 0.949511805229416
0 126.490766793443 -45.019424963769 207.236380431437 -0.0380469438345018 0.262335468378443 0.147358522867909 0.952899783730537
0  127.78740495811 -46.559624632839 209.611804228104 -0.0503671072166072 0.286178511852282 0.156101095291956 0.944032553418205
0  128.168400725576 -46.7965499794233  210.407858031037 -0.0529712145521394 0.327551199244003 0.171632578940423 0.927602565837841
0  128.365396571476 -46.4652411832942  210.821624375892 -0.061658487200879 0.345602491972881 0.180967362304518 0.918699059691899
0  130.464843183994 -46.1970836282962  210.677911367595 -0.0757914719044239 0.374377872813262 0.179929795468646 0.906488902213915
0  130.346482459283 -46.6342596447149  212.727671743101 -0.0879411349680174 0.378999562345292 0.178908540187469 0.903668867877279
0  131.225120754902 -47.2148725119499  214.560050995701 -0.0847450421728558 0.373569790811844 0.182736913545987 0.905467343225366
0 134.771531218314 -46.853426793101 216.745488912098 -0.0522873414418217 0.374644205955669 0.186442955138945 0.906723098496917
0  137.673027838737 -48.1370213751315  220.248137575751 -0.0674787122865866 0.37738606368748 0.171158061516052 0.907596441322178
0  138.707947640617 -48.9576673983384  222.531477252861 -0.0972999218410537 0.378134928935728 0.172473932840189 0.904322643318818
0  140.543671464578 -49.2975182336497  224.321509495726 -0.108852066362876 0.377353936934689 0.163463036370888 0.905005563335846
0  141.229279318017 -49.6389591311499  225.693916395528 -0.121937371175338 0.371289297146436 0.170804249748852 0.90448960392206
0  142.140629852832 -50.0316295856842  227.190681337089 -0.109945932253066 0.371129384300536 0.162023817490534 0.907702128815121
0  141.832291633183 -51.3184600492056   229.38088135898 -0.0879316426030621 0.376345732956035 0.159275153193944 0.908440059161835
0  143.842746367454 -51.1076895402895   230.72030324412 -0.101137026313155 0.377414030711105 0.158499915826922 0.906756708281658
0  144.570548033954 -51.5516408614431  232.374332209576 -0.0911148993347901 0.378770325477888 0.158987838202246 0.907168111741348
0   143.60897046481 -53.3416321711697  233.182052970854 -0.0797000123824055 0.377324609896124 0.179838658782174 0.904948674566912
0  146.796730392051 -52.3506391594206  235.577877845848 -0.0666684147716765 0.37573098819124 0.178927169827174 0.906844316783374
0  147.002731103706 -52.9160182759647  236.971612040699 -0.0809993680336617 0.381453654839467 0.168138262551738 0.905351719639303
0  148.100965249565 -53.0331382890476    237.7913671273 -0.0927396016148637 0.383814069856644 0.156427960173751 0.905326692055567
0   146.28230068373 -55.0919138159936  238.711291159785 -0.104868939500172 0.389440800847893 0.167191339456209 0.899658504196953
0  148.072291339177 -54.3662459404405  240.891694248536 -0.109942490784918 0.389101744382652 0.164829977464818 0.899635237064074
0  147.958941825342 -55.8180224414671  242.460345366099 -0.10933360303793 0.395209303844679 0.167689991089436 0.896513154554786
0   149.21423440846 -55.9788695667472  243.287138875278 -0.1095902404603 0.40672664450655 0.172533322254291 0.89039073925788
0  149.729437571815 -57.4874083101404  245.693145744736 -0.114012189034619 0.410768222910115 0.169845478768078 0.888494907774289
0  151.368592969728 -56.8006719760688  246.103400080375 -0.1092655394235 0.42494168968479 0.180207339015785 0.880347043629487
0  151.938985519684 -58.6950110946926  249.518893786536 -0.11068911688805 0.415530893892274 0.190111625170584 0.882575529684928
0  153.270754716386 -58.6796478035735  251.840956046859 -0.0978025591210144 0.42099459011969 0.185326294277666 0.882526135119319
0  153.920600430292 -59.5410516344793  254.495864437135 -0.100280032808243 0.414417294563415 0.188716059693052 0.884640305322251
0 156.299996086987 -58.632846082855 253.429864439497 -0.0828190277484005 0.425170773210121 0.208986766830359 0.876752732268632
0  155.613386864386 -60.7285817682906  258.757299334546 -0.0896985454540359 0.424187229593765 0.195319737213597 0.879698565105007
0   157.06733460885 -60.9269982547016  260.230498381723 -0.095320326204541 0.437523489078492 0.173945481886015 0.877057695507134
0  160.237382377534 -60.0614842741356  258.249922179952 -0.0998269930020902 0.460149602505982 0.169892409045109 0.865698263906424
0  159.970964050455 -62.3086619989325  265.281371007769 -0.106074108654152 0.461791555286193 0.173292281003677 0.86340409327506
0  161.162638189277 -63.1861277182734  267.328284421797 -0.116339724708727 0.464233730688602 0.176618091162003 0.860091949514661
0  163.475105251871 -62.5047928885888  267.218260847612 -0.125198724748876 0.471782774321143 0.182625058284484 0.853460240000488
0  164.093604074742 -63.8755193561237  272.771426853966 -0.125818973632426 0.462168065014278 0.179834092863865 0.859203098573831
0  165.289443972584 -64.2537315800341  275.294609379217 -0.124339252447079 0.459873512332688 0.179261144749561 0.860767997162288
0  166.683309411576 -64.9564834495229  277.612201518239 -0.119312698017897 0.452408441666411 0.190408777955163 0.863038573459078
0  169.263309143686 -65.3295119007232  277.889514605775 -0.113307233270213 0.433913138728283 0.213991659535308 0.867806676960338
0  171.448753135859 -65.4529799010812  279.643664883652 -0.110969757937258 0.412983324611082 0.213988579355935 0.878259286499012
0  172.474059933968 -66.2870838927396  283.333092555757 -0.119512582349988 0.379753585891232 0.190917442140383 0.897248286122276
0  175.348812812886 -67.0129418287631  286.593134541623 -0.131711198419983 0.350645141272516 0.165840789155621 0.912248309269461
0  177.831908909306 -67.8788914532469  291.042119460552 -0.10800069780432 0.351166843320823 0.172951631379366 0.913841031377495
0  181.603905000025 -70.2600905388486   298.85301572911 -0.118171657127426 0.360401438064951 0.188410220399348 0.905896159469474
0  185.008353791089 -72.0399708337711  306.270419943793 -0.118896756433937 0.331473011963274 0.174407579348064 0.919549454850272
0  190.051320798451 -72.4330312267775  308.780350293949 -0.108824144056641 0.322989916396287 0.165131946590724 0.925508649225828
0  191.970142576434 -74.1136064715023  315.306856680503 -0.103154155166533 0.303093370141218 0.170923523050058 0.9318147769361
0  197.166246030039 -75.5669481167951  321.701741357408 -0.113496995282182 0.297426926263984 0.177188780104941 0.931267841063997
0  201.381671802612 -77.2856950383288  327.794551414737 -0.117413469178997 0.299451153426738 0.188804860266422 0.927844711525871
0  200.420721743968 -79.9067514264135  334.541297698879 -0.116842681889262 0.291189555779771 0.191398762063019 0.930012335495851
0  204.989459443505 -78.7147140867129  334.023633312422 -0.124005722490672 0.306934683292454 0.19399559264675 0.923460551954096
0  210.619860066187 -80.4113942069392  341.615698266216 -0.132402181374222 0.317903119967963 0.197882655872407 0.917741642940357
0  213.830285198967 -82.6511830127538  350.415088895456 -0.147728126083291 0.27447439517454 0.190980938055577 0.930788100728035
0  216.563058648382 -83.4315962107661  354.131650317513 -0.144629421874044 0.233342456987345 0.168583990439928 0.946685304767555
0  220.263587106992 -84.1894245054407  358.891741950717 -0.146460268517487 0.189461956433169 0.151757601292877 0.958969857326148
0  224.326796298349 -85.9845034927715  366.387743892168 -0.125424082550635 0.176295721832007 0.161561870061122 0.962853249525812
0  229.591206821388 -87.2384883866863  375.835270817463 -0.106114849484481 0.199144728038127 0.152571339067218 0.962186573648137
0  240.110910703615 -90.5877141819451  391.622286742913 -0.124528223328903 0.202478262936962 0.159931487589461 0.958079951731587
0  244.439887288295 -93.1425693278391  401.017252540213 -0.122208718731268 0.162848180031636 0.143490932984023 0.968481208634334
0  249.566726086599 -92.7478137484902  404.157493817256 -0.12572942526061 0.129234083274102 0.140260260383003 0.973559306206474
0 262.920975639945 -96.734452782548 426.740899924619 -0.125166005589385 0.0821071779982029 0.0990384948977689 0.983759756695889
0  264.809467008042 -99.4239732518063  435.366976636146 -0.115497297146405 0.0327035801387364 0.101174065150602 0.987600455011482
0  268.042769543772 -99.3539872480343  440.647798855629 -0.117308057454406 0.0112260376046588 0.110103079862423 0.986909371493037
0   273.49126297723 -99.8155648988448  444.719951171058 -0.123269935648764 -0.0369693582860969 0.107661997807616 0.985822846023126
0  281.812639727849 -104.507046606101  463.589076858997 -0.112936624067046 -0.0567263940416508 0.087973123607944 0.988072955143511
0 285.111434451888 -104.80379844896  467.61959501447 -0.103368918836967 -0.0562914786442862 0.0864331193595019 0.989280269654815
0  293.705264857777 -106.656277885169  482.656197835694 -0.120974526944751 -0.0594814030230259 0.0974074435854775 0.986072470186166
0  301.881579975617 -109.932560709466  497.355031318649 -0.129286856475729 -0.0503417077507881 0.0969414614971546 0.98557240943837
0  306.713732557815 -111.782379584619  506.629016507422 -0.130345246591713 -0.0526173938815117 0.0991122358983786 0.985098112498084
0  304.111819794748 -114.123855238249  517.338791648497 -0.119451960407601 -0.0752909177924723 0.105860534078806 0.984304858352989
0  317.412094963229 -116.848058399376    533.5341209676 -0.128132250372811 -0.0238736204824497 0.110940129396179 0.985243352857059
0  325.415257479208 -120.203303710475  551.457212131276 -0.129413123497234 0.037267598582505 0.120313315683028 0.983558882646046
0  334.249640371601 -122.180441699591  564.932253574096 -0.135776405539619 0.0592777019617821 0.111374167698756 0.982673250128587
0  331.480186079467 -121.645104764916  569.916912618495 -0.135804630063035 0.0667629787151108 0.103391352093048 0.983061562385032
0  349.371044090488 -126.590830867911  604.511211156681 -0.136404847230947 0.0699404697166655 0.106601908374389 0.982414414327606
0  361.085707270162 -133.134956065946  622.549545908637 -0.137670722107452 0.0707314401713227 0.110173724055601 0.981786935222416
0  365.830281189574 -134.694307864511  631.494006263536 -0.134900727456523 0.0838387760586035 0.102371178439261 0.981984213307757
0  372.426936864495 -132.746279048549   634.91764255981 -0.123744515265683 0.113717903976844 0.109701754441608 0.979653539946244
0  373.330340868717 -137.918372069443  649.913370090935 -0.139014860462092 0.118852924315899 0.116440182042997 0.976212341121571
0  377.716859316028 -139.392148789217  658.777343741883 -0.155876844094874 0.129775868174071 0.12692436402855 0.97095357218079
0  382.896238726811 -140.590357654244  669.978803517932 -0.159311034898361 0.167251985662252 0.133627673682487 0.963737730027135
0  397.662186237999 -143.289426269772  681.966061149473 -0.158736479892631 0.229402092589335 0.129646709762598 0.951508875688852
0  405.257812077376 -144.367751308735  706.618698161082 -0.156445422154775 0.222884865226396 0.138543329189952 0.952183234822369
0  419.388563506433 -150.402146617094  727.079448020322 -0.154133472711619 0.228970652517789 0.128578092754759 0.952514035035171
0  438.789371186316 -160.369337659662  768.466615964395 -0.146000261436589 0.239694314964756 0.129267181825351 0.951062855302927
0  470.363879956423 -168.373596461369  840.326987405823 -0.134650259476965 0.215548600489703 0.10373338221098 0.961585926407405
0  473.071837111961 -172.269948651164  844.353605481849 -0.133613568735319 0.224508785331017 0.113397380351203 0.958584505241186
0   487.27523374744 -182.228980515339  881.164978156536 -0.13547966526893 0.230093416194977 0.133558322992016 0.954392191125799
0  501.687513170783 -183.602953591403  915.058594401103 -0.125006869906945 0.177060048454359 0.0947936758279211 0.971615757766639
0   507.20863249955 -185.652573281166   925.94344345091 -0.123687655262088 0.161990045459375 0.0902706549633909 0.974839370337656
0  520.784426139569 -194.992336719201  957.344913250618 -0.130324241022816 0.157197405923832 0.0918673475708694 0.974610157048929
0  536.190855683002 -201.693100489732  992.663756755253 -0.15085540654749 0.159959598790528 0.100664657314714 0.970320668561624
0  587.975637478149 -225.157619543923  1134.69165464682 -0.136784932519586 0.154219154831443 0.091456444844306 0.974239217654026
0 590.541786361942 -228.19234955279 1143.25441111752 -0.13275497050368 0.159397849067749 0.064503860829585 0.976118689226479
0 598.744379068646  -236.1095340096 1176.84488143816 -0.140352482670878 0.155222370975708 0.0899548293349017 0.973712136535295
0  623.692207672651 -244.866601409083  1238.99341887673 -0.153920694625549 0.150212101114697 0.0791065587772558 0.973389386013181
0  641.935531898762 -259.711885939211  1317.08631042788 -0.160992071054767 0.133734928156907 0.0933267307384325 0.973389255836554
0  661.314982114701 -265.964288688949  1357.34782116827 -0.16045751921243 0.145299747608343 0.0936764182076056 0.971785005309785
0  669.891194349447 -271.630176896357  1384.76417247434 -0.156458811926261 0.154305897015044 0.0958729399115306 0.970834027890311
0  665.124702111418 -273.783321102196  1396.07864989517 -0.15561600861742 0.130056936993531 0.104937685017337 0.97357944373587
0  677.252407827482 -278.704901143819  1426.56493243485 -0.141494476034013 0.100965725252609 0.0939476293856211 0.980285202636915
0  694.795515048083 -289.188222477122  1475.29828030559 -0.140406851941653 0.088755146032878 0.0592482069652637 0.984326211147462
0 698.705259040412 -290.22166385159 1491.49962991485 -0.139334650499509 0.0653871960784556 0.0829422884786606 0.984596844673545
0  709.850532505272 -296.244343858337  1527.11276700066 -0.150786756238791 0.0544593582787028 0.089538018718833 0.98299566410171
0   723.76051940841 -305.018994635749    1574.209460629 -0.151769459919202 0.0459080409196389 0.0977745063290207 0.982496121481846
0  734.663549021135 -310.111564819116  1604.90057637872 -0.147346192590794 0.0538798594503306 0.0986286610048072 0.982679219024707
0  744.975047665365 -314.473027739221  1630.29913080613 -0.155216181735048 0.101346670789057 0.108904426492841 0.976614875546053
0  748.921444659803 -316.728351136566  1644.28648673424 -0.149396085680782 0.12628064095387 0.118721040593626 0.9734676799072
0  754.448757130682 -319.013343035177  1656.51839228938 -0.149034063804633 0.175939388547408 0.137186132962518 0.963334907654773
0  761.520091810363 -321.904096718958  1673.38761002359 -0.155119025592386 0.234834143470406 0.141247700055616 0.949125966449548
0  768.057878801999 -324.963098419422  1690.76505741769 -0.166572154185547 0.304860068281387 0.10762980956517 0.931520198552033
0  778.757276226621 -328.427747237425  1717.74308379954 -0.167841208735582 0.366125535545695 0.109670590648033 0.908709955056325
0  797.064050597066 -336.895054122177  1769.79375631012 -0.173574753176138 0.387606487725456 0.064883820302407 0.903007810373722
0 838.677630589234 -332.87478231113 1791.27285855882 -0.169009859745952 0.434799901490204 0.0524695336046158 0.882967531122225
0  826.823275865836 -346.197624169737  1843.36680622082 -0.18104006870211 0.399605700777816 0.0561072739100926 0.896878894413613
0  851.602455735237 -345.883694130575  1871.67345995194 -0.1722889112857 0.449402633780378 0.0532252516678681 0.874940498767853
0  861.947543221408 -356.107783290487  1934.76679308838 -0.192326831094301 0.453962937696465 0.0449042391748926 0.868856518962333
0  878.673813617594 -377.029845707961  2041.17350666838 -0.176373383539306 0.421197830314787 0.0427806149950612 0.888625138231897
0  887.120729429811 -376.788210457513   2068.2047433408 -0.209141473042981 0.450600572812777 0.063253689150335 0.865573762797303
0  891.146120465132 -385.326666894959  2126.26571648671 -0.20384778114061 0.458401510542292 0.0607403355444463 0.862916420573014
0  887.089437432693 -390.469619964863  2161.13986174021 -0.192987664432981 0.469977192952611 0.061519335482428 0.859123140674774
0  901.509708498006 -402.262795454542  2230.35283515707 -0.176737124450371 0.487044388446874 0.0825336953582211 0.851316593080354
0  912.664660421256 -413.838986054899  2322.93426685255 -0.216596590875414 0.478053943194015 0.0755125491443352 0.847849160605544
0  920.787747073802 -430.842407426927  2419.52872844822 -0.213469557817502 0.513890141253344 0.0493243038717031 0.829406283829216
0 934.768465775456 -435.62235618887 2477.10734296892 -0.198137510918078 0.523675893968289 0.0481735107586283 0.82715439774258
0  937.652101153157 -442.249163849257  2502.39499277951 -0.228907470163757 0.508699526875409 0.0876973982012421 0.825309231626968
0   941.36360618075 -452.442582903765  2568.64769529299 -0.220634599047612 0.501512727678528 0.0696887186595836 0.83363591583564
0   953.44399457951 -458.764527672494  2625.12894262836 -0.220195510092066 0.512243564155642 0.0607526960265682 0.82790674489457
0  927.668189026081 -469.306438782268  2652.52407577488 -0.258392725026337 0.478858471101832 0.13894965979244 0.82741812667541
0  963.898493756509 -478.773574274659  2739.20820669546 -0.223047513785894 0.520912406008015 0.0741645848097809 0.820609338370497
0  963.044783917269 -495.215161596921  2844.16870567626 -0.207919505553013 0.518441169203132 0.115126591228314 0.821421999509405
0  985.344684310284 -505.009305662971  2932.33363666005 -0.199494470039276 0.54796030444917 0.0417248444014995 0.811295567922931
0  985.495008564161 -512.412452448499  2968.98606311668 -0.201712922194573 0.530667783201705 0.0614806934175642 0.820928574985918
0  996.426264597714 -521.307173761485  3037.96495481507 -0.210596238491419 0.530330869405463 0.0589500830000514 0.819099066659948
0  999.504500523064 -526.215618811619  3068.87519277661 -0.214818675353843 0.519468260808444 0.056977927464772 0.825081316303848
0   1002.4510572154 -530.639211266059   3099.7379148461 -0.218402724243641 0.517449320339886 0.0571494168642842 0.825397113560993
0  994.012631873664 -539.802535315144  3147.88827066789 -0.270139926661407 0.459489967364035 0.145315898751488 0.833532650521391
0  1010.8569414926  -544.7778132561 3204.50538133828 -0.249096241353656 0.480546334980289 0.139026054988682 0.82927561070779
0  1018.94812001348 -551.999737578921  3258.50796352747 -0.25156942563538 0.47112254749296 0.137398197483629 0.83419308595641
0  1021.98689810723 -558.513195672736  3298.69839138483 -0.265620355675796 0.458077048442072 0.133066506408965 0.837797439249713
0  1030.82259964416 -562.901084807307  3339.73897528754 -0.229390561490493 0.458586452123889 0.0898885574292346 0.85381408015492
0  1034.3582488136 -569.62721005934 3381.01530297488 -0.244720374968182 0.395453767035034 0.104051847489181 0.879148149771881
0   1041.8964458849 -574.449154069698  3422.04787112145 -0.249812406493339 0.343178247622282 0.0961043049393309 0.900325726886128
0  1050.41068734949 -578.733408078683  3462.73049185174 -0.257533927983672 0.286443488178777 0.0907954530655811 0.918358638942266
0  1056.90183735666 -582.251615876984  3497.11638386358 -0.259722153290414 0.23839899954886 0.0714052146105493 0.933065707992055
0   1073.5494635998 -588.857407657823  3566.13712707157 -0.254226712717467 0.195775125075421 0.0826282718852195 0.943511233440194
0  1096.30235200114 -609.207570732045  3727.48147707412 -0.249538745670376 0.184240175958898 0.0649105239010107 0.948458009539055
0  1103.58984926317 -615.325480402392  3766.29812687742 -0.251614034700021 0.13907947695712 0.0736778915719 0.954944419809253
0   1112.9808806103 -626.243261320402  3855.50701689779 -0.276103690400566 0.100829179838762 0.0936317424437553 0.951227273288133
0  1135.15948278424 -637.515130995974  3964.55975305525 -0.265886305582135 0.120497432315131 0.0808665918380043 0.953019116090464
0  1145.79927562342 -645.566628383508  4039.50240439617 -0.264091402385094 0.118511898740933 0.0780393958134637 0.954002365691072
0  1149.17307133927 -652.817297059346  4095.19033195984 -0.264624816735618 0.0971389198855941 0.092857611330453 0.954942511688061
0  1161.50105256919 -661.302383763807  4170.84194765285 -0.267542888532012 0.0906299299998979 0.0965288899213504 0.954405150863465
0  1166.59497317792 -665.554806582878  4209.17770064058 -0.271939482223219 0.0866440937342126 0.0950411225146855 0.95368176246602
0  1170.56725047346 -668.878950388447  4238.09254832173 -0.278937582613984 0.0853673855530823 0.0937496660729576 0.95190190387482
0  1178.72984337622 -672.566223146122  4276.44154322869 -0.297022923062521 0.0741019062616285 0.0930756703092214 0.947429791731439
0  1190.34285527506 -678.079649913548   4335.0477870207 -0.305945491277659 0.053632467943302 0.103132433835624 0.944925719747496
0   1195.7990884081 -681.006512373614  4364.53850255753 -0.286113151488485 0.0515511138264643 0.105256692720293 0.951000933672604
0 1205.40639622454 -685.87048771509 4413.53151014567 -0.277276553836598 0.0504298687280794 0.110997278968891 0.953023685484296
0  1209.49548779281 -687.576388446955  4433.84003372949 -0.293440162547777 0.0464732412801291 0.117497702937273 0.947590311607985
0  1217.35604560578 -691.409278001486   4473.3749703694 -0.318667276036023 0.0430530336247322 0.140616388499521 0.936389147077667
