1520530315.599645 1.184111 0.494643
1520530315.749639 1.196846 0.247202
1520530315.899643 1.195640 0.208612
1520530316.100221 1.176467 0.197402
1520530316.250226 1.179661 0.182980
1520530316.400230 1.185735 0.166230
1520530316.600278 1.184168 0.155988
1520530316.700281 1.170120 0.153643
1520530316.900287 1.169765 0.149941
1520530316.949773 1.166649 0.145591
1520530317.149779 1.163453 0.128581
1520530317.299784 1.164205 0.115746
1520530317.449747 1.171832 0.106374
1520530317.649755 1.167694 0.097964
1520530317.750237 1.165933 0.093883
1520530317.900242 1.165752 0.090948
1520530318.050246 1.165148 0.089893
1520530318.150816 1.159717 0.088703
1520530318.300772 1.159448 0.090628
1520530318.500778 1.159010 0.086246
1520530318.650568 1.155729 0.082312
1520530318.850574 1.157144 0.079022
1520530318.999955 1.155252 0.075170
1520530319.149961 1.151820 0.069409
1520530319.299965 1.150002 0.063980
1520530319.399832 1.152505 0.061787
1520530319.549837 1.153333 0.059270
1520530319.699841 1.156389 0.058557
1520530319.800341 1.157129 0.058555
1520530319.900344 1.155490 0.057998
1520530320.000347 1.155584 0.056721
1520530320.100350 1.156022 0.055353
1520530320.200401 1.153087 0.053672
1520530320.300404 1.157552 0.052892
1520530320.450408 1.159320 0.051898
1520530320.550412 1.159604 0.051174
1520530320.649871 1.159657 0.050002
1520530320.799876 1.161911 0.047339
1520530320.949880 1.161857 0.044713
1520530321.049740 1.161911 0.043568
1520530321.199745 1.163608 0.042215
1520530321.349750 1.164416 0.040786
1520530321.499857 1.164963 0.039626
1520530321.599860 1.164536 0.038939
1520530321.699863 1.164437 0.038322
1520530321.850152 1.161865 0.037301
1520530322.000157 1.157238 0.035828
1520530322.150162 1.158417 0.035057
1520530322.400212 1.159077 0.034965
1520530322.600218 1.158527 0.034451
1520530322.750027 1.156059 0.033596
1520530322.950033 1.157876 0.032785
1520530323.100074 1.157329 0.032241
1520530323.250079 1.157526 0.031931
1520530323.400084 1.154409 0.030948
1520530323.500345 1.151176 0.029805
1520530323.650349 1.153557 0.028716
1520530323.800354 1.154186 0.028076
1520530323.900153 1.155157 0.027888
1520530324.100159 1.156367 0.027625
1520530324.250163 1.158319 0.027385
1520530324.299908 1.157227 0.027187
1520530324.399911 1.154463 0.026747
1520530324.499994 1.154922 0.026432
1520530324.649919 1.156295 0.026138
1520530324.800021 1.157500 0.025968
1520530324.950026 1.157314 0.025894
1520530325.100816 1.156626 0.025772
1520530325.300822 1.157250 0.025380
1520530325.400825 1.155164 0.024949
1520530325.600915 1.154642 0.023920
1520530325.800921 1.153197 0.023154
1520530325.950541 1.153556 0.022844
1520530326.100546 1.153259 0.022531
1520530326.250551 1.153188 0.022234
1520530326.350204 1.153604 0.022109
1520530326.550210 1.153594 0.021927
1520530326.700216 1.153375 0.021897
1520530326.900431 1.150429 0.021553
1520530327.050437 1.151167 0.021067
1520530327.200433 1.153369 0.020726
1520530327.350437 1.155524 0.020477
1520530327.500442 1.154112 0.020115
1520530327.600091 1.155026 0.019873
1520530327.700094 1.153568 0.019562
1520530327.750096 1.155608 0.019513
1520530327.850099 1.157886 0.019437
1520530327.950102 1.158384 0.019309
1520530328.050282 1.158616 0.019146
1520530328.150285 1.158511 0.018991
1520530328.300290 1.158845 0.018774
1520530328.350291 1.154378 0.018730
1520530328.450338 1.154662 0.018670
1520530328.550342 1.156178 0.018646
1520530328.650346 1.153940 0.018630
1520530328.750348 1.153872 0.018611
1520530328.800086 1.154345 0.018603
1520530328.950091 1.157427 0.018545
1520530329.050093 1.157689 0.018452
1520530329.150097 1.160277 0.018337
1520530329.250095 1.160351 0.018176
1520530329.350049 1.159606 0.017991
1520530329.500053 1.158654 0.017697
1520530329.650099 1.156744 0.017510
1520530329.750102 1.154342 0.017421
1520530329.850105 1.153792 0.017365
1520530329.950109 1.154205 0.017316
1520530330.050161 1.155176 0.017222
1520530330.150164 1.156418 0.017049
1520530330.250167 1.157182 0.016850
1520530330.350170 1.160339 0.016620
1520530330.450787 1.160144 0.016386
1520530330.550790 1.156291 0.016212
1520530330.650793 1.152695 0.016137
1520530330.750797 1.149468 0.016090
1520530330.800798 1.148968 0.016056
1520530330.900277 1.148646 0.015994
1520530331.000280 1.148590 0.015935
1520530331.100283 1.146417 0.015816
1520530331.200286 1.145488 0.015739
1520530331.250735 1.145682 0.015707
1520530331.350738 1.146595 0.015700
1520530331.450741 1.146046 0.015696
1520530331.550744 1.146710 0.015687
1520530331.600746 1.147006 0.015691
1520530331.700481 1.149316 0.015665
1520530331.750483 1.148784 0.015642
1520530331.850486 1.150901 0.015559
1520530331.950489 1.150626 0.015381
1520530332.050387 1.150306 0.015194
1520530332.150390 1.151851 0.015059
1520530332.250393 1.154010 0.014973
1520530332.350396 1.153894 0.014865
1520530332.450399 1.154809 0.014804
1520530332.550483 1.154916 0.014767
1520530332.650488 1.154665 0.014744
1520530332.750491 1.154851 0.014715
1520530332.850494 1.155607 0.014674
1520530332.950166 1.154865 0.014617
1520530333.050169 1.154250 0.014587
1520530333.150173 1.154243 0.014579
1520530333.250175 1.154580 0.014571
1520530333.300608 1.155218 0.014568
1520530333.400612 1.155363 0.014542
1520530333.500615 1.154446 0.014503
1520530333.650619 1.152228 0.014422
1520530333.750542 1.151695 0.014411
1520530333.800544 1.150994 0.014392
1520530333.900547 1.149584 0.014350
1520530333.950549 1.149055 0.014314
1520530334.050551 1.150025 0.014303
1520530334.100216 1.152619 0.014269
1520530334.300222 1.155740 0.014143
1520530334.400225 1.155488 0.014078
1520530334.500228 1.154975 0.014037
1520530334.600088 1.154875 0.014003
1520530334.700091 1.155086 0.013963
1520530334.800094 1.154392 0.013945
1520530334.900097 1.154590 0.013926
1520530335.000929 1.154812 0.013911
1520530335.050931 1.153690 0.013904
1520530335.150934 1.153785 0.013898
1520530335.250937 1.153566 0.013889
1520530335.351457 1.153233 0.013869
1520530335.451459 1.152647 0.013852
1520530335.551462 1.151519 0.013830
1520530335.701467 1.150503 0.013817
1520530335.750223 1.150780 0.013811
1520530335.850226 1.150518 0.013790
1520530335.950229 1.149907 0.013773
1520530336.050232 1.149560 0.013764
1520530336.150177 1.150192 0.013760
1520530336.250180 1.149921 0.013754
1520530336.350183 1.150420 0.013732
1520530336.450186 1.151361 0.013700
1520530336.550582 1.151477 0.013663
1520530336.650586 1.151087 0.013628
1520530336.750588 1.151909 0.013598
1520530336.850591 1.152523 0.013578
1520530336.950594 1.151805 0.013568
1520530337.050259 1.150095 0.013565
1520530337.150262 1.150081 0.013551
1520530337.250265 1.150502 0.013551
1520530337.350269 1.149005 0.013547
1520530337.450303 1.148866 0.013543
1520530337.550306 1.148573 0.013520
1520530337.650309 1.147861 0.013493
1520530337.750312 1.147633 0.013459
1520530337.800854 1.147889 0.013432
1520530337.950858 1.149070 0.013370
1520530338.050862 1.149152 0.013324
1520530338.150864 1.148134 0.013293
1520530338.250473 1.148441 0.013271
1520530338.350476 1.148500 0.013253
1520530338.450479 1.147779 0.013225
1520530338.550482 1.148284 0.013214
1520530338.600260 1.148176 0.013209
1520530338.700263 1.148604 0.013198
1520530338.800266 1.149124 0.013182
1520530338.900269 1.149298 0.013166
1520530339.000272 1.149237 0.013151
1520530339.050959 1.149455 0.013143
1520530339.150962 1.150278 0.013134
1520530339.250965 1.151134 0.013124
1520530339.350968 1.151330 0.013110
1520530339.451687 1.151164 0.013104
1520530339.551690 1.151094 0.013100
1520530339.651693 1.150583 0.013086
1520530339.751697 1.150176 0.013072
1520530339.851056 1.151075 0.013056
1520530339.951059 1.152209 0.013037
1520530340.051062 1.152312 0.013023
1520530340.151065 1.152010 0.013004
1520530340.250395 1.151668 0.012977
1520530340.350399 1.152120 0.012959
1520530340.450401 1.152867 0.012942
1520530340.550404 1.152657 0.012921
1520530340.650347 1.153051 0.012910
1520530340.750350 1.153014 0.012900
1520530340.850353 1.153173 0.012889
1520530341.000358 1.153747 0.012877
1520530341.100776 1.153518 0.012873
1520530341.250780 1.154382 0.012862
1520530341.400785 1.155903 0.012854
1520530341.600716 1.155187 0.012854
1520530341.900542 1.154388 0.012843
1520530342.050546 1.153896 0.012830
1520530342.200551 1.152453 0.012809
1520530342.350675 1.152645 0.012791
1520530342.500679 1.152377 0.012768
1520530342.650684 1.152471 0.012742
1520530342.750644 1.152590 0.012712
1520530342.850648 1.152242 0.012673
1520530342.950651 1.152092 0.012630
1520530343.050654 1.152534 0.012575
1520530343.101131 1.152078 0.012538
1520530343.201134 1.152800 0.012477
1520530343.301138 1.152278 0.012394
1520530343.401141 1.152901 0.012307
1520530343.501404 1.153395 0.012216
1520530343.601407 1.153305 0.012117
1520530343.701410 1.154239 0.012002
1520530343.801413 1.155344 0.011904
1520530343.901416 1.156164 0.011777
1520530344.001403 1.157062 0.011661
1520530344.101406 1.158061 0.011555
1520530344.201410 1.158817 0.011442
1520530344.301413 1.160039 0.011323
1520530344.401411 1.160288 0.011216
1520530344.501414 1.160313 0.011135
1520530344.601418 1.161509 0.011058
1520530344.701421 1.162324 0.010973
1520530344.801638 1.163097 0.010900
1520530344.901641 1.163860 0.010834
1520530345.001644 1.164732 0.010796
1520530345.101647 1.165543 0.010734
1520530345.201744 1.165548 0.010686
1520530345.301746 1.166037 0.010646
1520530345.401749 1.165927 0.010604
1520530345.501752 1.165872 0.010578
1520530345.601196 1.166309 0.010539
1520530345.701199 1.166236 0.010509
1520530345.751201 1.166543 0.010502
1520530345.851204 1.166625 0.010472
1520530345.901206 1.166436 0.010459
1520530346.001475 1.166551 0.010445
1520530346.101479 1.166943 0.010432
1520530346.201481 1.167395 0.010412
1520530346.301485 1.167530 0.010396
1520530346.351486 1.167525 0.010391
1520530346.451378 1.167487 0.010380
1520530346.551380 1.167461 0.010368
1520530346.651383 1.167451 0.010359
1520530346.751386 1.167595 0.010351
1520530346.801545 1.167797 0.010347
1520530346.901548 1.167897 0.010339
1520530347.001551 1.167780 0.010332
1520530347.101554 1.167490 0.010327
1520530347.201400 1.167547 0.010323
1520530347.301403 1.167653 0.010318
1520530347.351405 1.167696 0.010316
1520530347.451408 1.167520 0.010312
1520530347.501410 1.167519 0.010310
1520530347.601218 1.167468 0.010306
1520530347.701222 1.167487 0.010302
1520530347.801224 1.167473 0.010299
1520530347.901227 1.167380 0.010296
1520530348.001163 1.167397 0.010294
1520530348.101166 1.167425 0.010293
1520530348.201169 1.167404 0.010291
1520530348.301184 1.167461 0.010289
1520530348.401175 1.167486 0.010287
1520530348.451416 1.167403 0.010287
1520530348.551419 1.167463 0.010282
1520530348.651423 1.167366 0.010284
1520530348.751426 1.167238 0.010284
1520530348.801428 1.167154 0.010283
1520530348.901315 1.167389 0.010281
1520530348.951318 1.167439 0.010280
1520530349.051321 1.167356 0.010281
1520530349.151325 1.167532 0.010280
1520530349.251106 1.167203 0.010278
1520530349.351109 1.166931 0.010279
1520530349.401110 1.166983 0.010279
1520530349.501114 1.167140 0.010278
1520530349.601117 1.166973 0.010278
1520530349.650935 1.166956 0.010278
1520530349.750943 1.167000 0.010277
1520530349.850941 1.167069 0.010277
1520530349.950944 1.167098 0.010276
1520530350.051376 1.167152 0.010275
1520530350.101378 1.167170 0.010276
1520530350.201381 1.167231 0.010275
1520530350.251384 1.167281 0.010275
1520530350.351387 1.167460 0.010274
1520530350.451515 1.167441 0.010272
1520530350.551518 1.167429 0.010273
1520530350.651521 1.167593 0.010272
1520530350.751524 1.167558 0.010271
1520530350.851527 1.167548 0.010270
1520530350.951573 1.167702 0.010269
1520530351.051576 1.167698 0.010267
1520530351.151579 1.167773 0.010268
1520530351.201581 1.167909 0.010267
1520530351.301683 1.168085 0.010266
1520530351.401685 1.168204 0.010265
1520530351.501759 1.168180 0.010263
1520530351.601688 1.168225 0.010263
1520530351.751696 1.168309 0.010262
1520530351.851700 1.168089 0.010259
1520530351.951703 1.167944 0.010259
1520530352.051706 1.167852 0.010259
1520530352.151806 1.167851 0.010258
1520530352.251809 1.167936 0.010257
1520530352.351812 1.167998 0.010256
1520530352.451816 1.168023 0.010255
1520530352.551471 1.168039 0.010255
1520530352.651474 1.167967 0.010255
1520530352.751477 1.168034 0.010253
1520530352.851480 1.167866 0.010254
1520530352.901098 1.167895 0.010252
1520530353.001101 1.167818 0.010253
1520530353.101208 1.167765 0.010253
1520530353.201107 1.167814 0.010252
1520530353.251108 1.167861 0.010247
1520530353.351398 1.167819 0.010250
1520530353.451401 1.167776 0.010251
1520530353.501402 1.167776 0.010250
1520530353.601405 1.167856 0.010250
1520530353.701408 1.167760 0.010249
1520530353.801738 1.167704 0.010249
1520530353.901741 1.167695 0.010249
1520530354.001744 1.167652 0.010248
1520530354.101747 1.167616 0.010248
1520530354.151896 1.167888 0.010246
1520530354.251899 1.168037 0.010246
1520530354.351902 1.167884 0.010246
1520530354.451905 1.167746 0.010246
1520530354.551594 1.167717 0.010245
1520530354.651595 1.167813 0.010245
1520530354.801599 1.167809 0.010245
1520530354.951359 1.167771 0.010244
1520530355.051362 1.167717 0.010243
1520530355.151365 1.167647 0.010243
1520530355.251368 1.167693 0.010243
1520530355.351371 1.167714 0.010242
1520530355.401407 1.167703 0.010242
1520530355.501410 1.167631 0.010242
1520530355.601414 1.167654 0.010242
1520530355.701417 1.167736 0.010242
1520530355.801531 1.167924 0.010241
1520530355.901534 1.167876 0.010240
1520530356.001537 1.167895 0.010240
1520530356.051539 1.167801 0.010240
1520530356.151542 1.167805 0.010240
1520530356.251380 1.167435 0.010235
1520530356.301379 1.168088 0.010226
1520530356.401382 1.167599 0.010238
1520530356.501385 1.167541 0.010237
1520530356.601233 1.167941 0.010238
1520530356.701236 1.167741 0.010239
1520530356.801239 1.167667 0.010238
1520530356.901242 1.167614 0.010236
1520530357.001153 1.167668 0.010238
1520530357.101156 1.167686 0.010237
1520530357.201159 1.167713 0.010237
1520530357.251160 1.167708 0.010237
1520530357.351164 1.167712 0.010237
1520530357.401658 1.167799 0.010236
1520530357.501662 1.167833 0.010237
1520530357.601666 1.167910 0.010237
1520530357.651666 1.168033 0.010236
1520530357.751669 1.168036 0.010236
1520530357.851585 1.167979 0.010236
1520530357.951560 1.167954 0.010236
1520530358.001562 1.167963 0.010235
1520530358.101565 1.167926 0.010236
1520530358.201568 1.167940 0.010236
1520530358.301626 1.167943 0.010236
1520530358.401629 1.167907 0.010235
1520530358.501632 1.167942 0.010235
1520530358.601636 1.167933 0.010235
1520530358.701800 1.167934 0.010234
1520530358.801803 1.167899 0.010235
1520530358.901806 1.167877 0.010234
1520530359.001810 1.167941 0.010235
1520530359.101811 1.167875 0.010233
1520530359.201810 1.167796 0.010234
1520530359.301813 1.167678 0.010234
1520530359.401817 1.167688 0.010234
1520530359.501870 1.167708 0.010233
1520530359.601873 1.167696 0.010233
1520530359.701876 1.167652 0.010233
1520530359.801879 1.167730 0.010233
1520530359.901826 1.167697 0.010232
1520530360.001829 1.167658 0.010233
1520530360.101832 1.167802 0.010232
1520530360.201836 1.167839 0.010232
1520530360.251837 1.167800 0.010232
1520530360.351317 1.167729 0.010231
1520530360.401319 1.167745 0.010232
1520530360.501323 1.167708 0.010232
1520530360.601326 1.167675 0.010232
1520530360.700978 1.167726 0.010232
1520530360.800981 1.167714 0.010232
1520530360.900984 1.167938 0.010231
1520530361.000988 1.168001 0.010230
1520530361.101044 1.167968 0.010231
1520530361.201047 1.167771 0.010231
1520530361.251048 1.167791 0.010231
1520530361.351051 1.167951 0.010231
1520530361.451055 1.167931 0.010231
1520530361.551692 1.167962 0.010230
1520530361.651695 1.168018 0.010231
1520530361.701696 1.168036 0.010229
1520530361.801700 1.167937 0.010231
1520530361.901939 1.167873 0.010230
1520530362.001942 1.167791 0.010230
1520530362.101945 1.167839 0.010230
1520530362.201949 1.167871 0.010230
1520530362.301951 1.167890 0.010230
1520530362.401625 1.167818 0.010229
1520530362.501628 1.167944 0.010229
1520530362.601631 1.168008 0.010228
1520530362.701634 1.167795 0.010228
1520530362.751364 1.167792 0.010228
1520530362.851367 1.167841 0.010228
1520530362.951370 1.167917 0.010228
1520530363.101375 1.167913 0.010228
1520530363.201651 1.167944 0.010228
1520530363.301654 1.167986 0.010228
1520530363.401658 1.167956 0.010228
1520530363.501661 1.167976 0.010228
1520530363.601746 1.168016 0.010227
1520530363.651748 1.168066 0.010227
1520530363.751751 1.168213 0.010227
1520530363.801753 1.168159 0.010227
1520530363.901756 1.167927 0.010226
1520530364.001782 1.168252 0.010226
1520530364.051784 1.168264 0.010225
1520530364.151786 1.168280 0.010226
1520530364.201788 1.168169 0.010227
1520530364.301791 1.168188 0.010226
1520530364.351792 1.168255 0.010223
1520530364.451854 1.168125 0.010226
1520530364.501856 1.168298 0.010225
1520530364.601859 1.168233 0.010225
1520530364.701862 1.168202 0.010224
1520530364.802376 1.168150 0.010224
1520530364.902379 1.168170 0.010225
1520530365.002383 1.168193 0.010225
1520530365.152386 1.168346 0.010225
1520530365.251846 1.168265 0.010224
1520530365.351849 1.168334 0.010225
1520530365.451852 1.168418 0.010225
1520530365.551855 1.168500 0.010224
1520530365.601535 1.168617 0.010224
1520530365.701539 1.168643 0.010224
1520530365.801546 1.168670 0.010224
1520530365.901545 1.168661 0.010224
1520530366.001907 1.168681 0.010224
1520530366.101910 1.168576 0.010223
1520530366.151911 1.168518 0.010223
1520530366.251915 1.168492 0.010223
1520530366.301916 1.168500 0.010224
1520530366.402120 1.168481 0.010224
1520530366.452121 1.168494 0.010223
1520530366.552125 1.168523 0.010224
1520530366.652128 1.168554 0.010224
1520530366.702130 1.168554 0.010223
1520530366.802133 1.168533 0.010223
1520530366.852166 1.168587 0.010223
1520530366.952169 1.168666 0.010223
1520530367.052172 1.168660 0.010222
1520530367.102178 1.168600 0.010222
1520530367.202177 1.168577 0.010223
1520530367.302541 1.168489 0.010223
1520530367.402544 1.168413 0.010223
1520530367.552549 1.168408 0.010223
1520530367.652264 1.168475 0.010221
1520530367.752267 1.168606 0.010222
1520530367.852271 1.168744 0.010223
1520530367.952274 1.168842 0.010223
1520530368.052124 1.168812 0.010221
1520530368.202129 1.168735 0.010223
1520530368.302132 1.168710 0.010222
1520530368.402135 1.168740 0.010222
1520530368.502050 1.168723 0.010222
1520530368.552051 1.168713 0.010221
1520530368.652054 1.168657 0.010220
1520530368.702056 1.168760 0.010221
1520530368.802058 1.168811 0.010222
1520530368.851389 1.168828 0.010222
1520530368.951392 1.168850 0.010221
1520530369.001394 1.168744 0.010221
1520530369.101397 1.168702 0.010221
1520530369.151398 1.168821 0.010222
1520530369.251401 1.168980 0.010220
1520530369.301537 1.168720 0.010219
1520530369.401540 1.168841 0.010222
1520530369.501543 1.168806 0.010222
1520530369.601546 1.168843 0.010221
1520530369.651548 1.168851 0.010222
1520530369.751899 1.168814 0.010222
1520530369.851902 1.168838 0.010222
1520530370.001906 1.168892 0.010220
1520530370.151931 1.168856 0.010222
1520530370.301935 1.168839 0.010222
1520530370.451940 1.168838 0.010222
1520530370.651886 1.168798 0.010221
1520530370.851892 1.168842 0.010221
1520530371.001944 1.168815 0.010220
1520530371.101947 1.168787 0.010220
1520530371.251952 1.168687 0.010222
1520530371.401953 1.168622 0.010220
1520530371.551958 1.168527 0.010221
1520530371.751959 1.168470 0.010218
1520530371.851963 1.168442 0.010218
1520530371.951966 1.168441 0.010221
1520530372.001968 1.168438 0.010219
1520530372.101971 1.168436 0.010214
1520530372.251958 1.168370 0.010207
1520530372.451964 1.168398 0.010218
1520530372.601958 1.168563 0.010217
1520530372.701961 1.168495 0.010215
1520530372.801964 1.168536 0.010220
1520530372.951617 1.168461 0.010221
1520530373.101622 1.168373 0.010221
1520530373.251627 1.168247 0.010221
1520530373.351457 1.168224 0.010221
1520530373.451460 1.168169 0.010220
1520530373.551463 1.168108 0.010221
1520530373.601465 1.168051 0.010221
1520530373.701467 1.168327 0.010220
1520530373.801615 1.168221 0.010219
1520530373.851583 1.168251 0.010220
1520530373.951586 1.168323 0.010219
1520530374.001588 1.168227 0.010218
1520530374.101591 1.168347 0.010221
1520530374.151592 1.168377 0.010204
1520530374.251955 1.168285 0.010220
1520530374.351958 1.168263 0.010221
1520530374.451961 1.168297 0.010218
1520530374.602407 1.168227 0.010221
1520530374.752412 1.168377 0.010220
1520530374.902417 1.168372 0.010221
1520530375.002442 1.168354 0.010220
1520530375.102445 1.168327 0.010220
1520530375.202449 1.168341 0.010221
1520530375.302452 1.168357 0.010218
1520530375.402252 1.168498 0.010217
1520530375.502216 1.168561 0.010219
1520530375.602219 1.168541 0.010218
1520530375.652220 1.168410 0.010218
1520530375.752223 1.168419 0.010220
1520530375.802225 1.168350 0.010219
1520530375.902259 1.168464 0.010220
1520530376.002262 1.168408 0.010220
1520530376.102265 1.168365 0.010219
1520530376.202270 1.168478 0.010219
1520530376.251950 1.168492 0.010219
1520530376.351954 1.168491 0.010220
1520530376.401954 1.168498 0.010219
1520530376.501958 1.168502 0.010220
1520530376.601961 1.168456 0.010221
1520530376.652663 1.168432 0.010220
1520530376.752666 1.168401 0.010220
1520530376.802668 1.168377 0.010219
1520530376.902671 1.168269 0.010220
1520530376.952672 1.168199 0.010220
1520530377.052898 1.168218 0.010218
1520530377.152900 1.168163 0.010220
1520530377.252903 1.168268 0.010218
1520530377.352906 1.168391 0.010219
1520530377.451719 1.168445 0.010220
1520530377.551722 1.168487 0.010219
1520530377.651725 1.168463 0.010217
1520530377.751728 1.168419 0.010218
1520530377.851407 1.168316 0.010220
1520530377.951411 1.168311 0.010218
1520530378.051414 1.168230 0.010219
1520530378.101416 1.168369 0.010218
1520530378.201419 1.168437 0.010220
1520530378.251420 1.168448 0.010220
1520530378.351513 1.168410 0.010220
1520530378.401515 1.168430 0.010219
1520530378.501517 1.168493 0.010219
1520530378.551519 1.168475 0.010220
1520530378.651522 1.168501 0.010220
1520530378.702209 1.168501 0.010220
1520530378.802212 1.168455 0.010220
1520530378.902215 1.168431 0.010220
1520530379.002218 1.168364 0.010220
1520530379.102149 1.168382 0.010220
1520530379.202152 1.168387 0.010220
1520530379.302155 1.168431 0.010220
1520530379.402159 1.168457 0.010220
1520530379.501850 1.168611 0.010219
1520530379.601853 1.168669 0.010220
1520530379.701856 1.168585 0.010219
1520530379.801860 1.168573 0.010220
1520530379.901824 1.168583 0.010219
1520530380.001827 1.168572 0.010220
1520530380.101830 1.168595 0.010219
1520530380.201888 1.168581 0.010220
1520530380.251835 1.168630 0.010220
1520530380.352160 1.168668 0.010219
1520530380.452163 1.168858 0.010220
1520530380.552166 1.168903 0.010219
1520530380.652170 1.168799 0.010218
1520530380.752135 1.168684 0.010214
1520530380.852138 1.168837 0.010218
1520530380.902139 1.168783 0.010218
1520530381.002143 1.168849 0.010218
1520530381.052144 1.168715 0.010217
1520530381.152048 1.168757 0.010219
1520530381.202049 1.168677 0.010220
1520530381.302052 1.168684 0.010220
1520530381.402056 1.168661 0.010219
1520530381.502058 1.168621 0.010219
1520530381.602264 1.168601 0.010220
1520530381.752268 1.168577 0.010220
1520530381.852271 1.168533 0.010219
1520530381.952332 1.168558 0.010219
1520530382.052335 1.168691 0.010220
1520530382.152338 1.168840 0.010219
1520530382.252342 1.168828 0.010219
1520530382.352159 1.168808 0.010218
1520530382.452162 1.168879 0.010219
1520530382.552165 1.168836 0.010220
1520530382.652168 1.168802 0.010220
1520530382.752171 1.168749 0.010220
1520530382.902248 1.168712 0.010220
1520530383.052252 1.168715 0.010220
1520530383.152255 1.168793 0.010219
1520530383.252208 1.168736 0.010220
1520530383.352211 1.168670 0.010219
1520530383.452214 1.168672 0.010220
1520530383.552217 1.168719 0.010220
1520530383.652472 1.168771 0.010220
1520530383.752476 1.168672 0.010220
1520530383.852479 1.168753 0.010220
1520530383.902481 1.168853 0.010220
1520530384.002530 1.169085 0.010220
1520530384.102533 1.169164 0.010218
1520530384.202536 1.169330 0.010218
1520530384.252537 1.169407 0.010216
1520530384.352541 1.169532 0.010213
1520530384.402432 1.168905 0.010215
1520530384.502435 1.168820 0.010219
1520530384.602439 1.168918 0.010220
1520530384.702442 1.169014 0.010219
1520530384.752443 1.168918 0.010220
1520530384.852858 1.168973 0.010220
1520530384.902860 1.168888 0.010220
1520530385.002916 1.168972 0.010219
1520530385.052864 1.168939 0.010220
1520530385.152867 1.169204 0.010219
1520530385.202869 1.169179 0.010218
1520530385.302707 1.169357 0.010219
1520530385.352709 1.169226 0.010219
1520530385.452712 1.169204 0.010219
1520530385.502713 1.169136 0.010219
1520530385.602716 1.168933 0.010220
1520530385.652486 1.168858 0.010220
1520530385.752489 1.168847 0.010220
1520530385.852492 1.168960 0.010219
1520530385.902494 1.169018 0.010219
1520530386.002497 1.168965 0.010220
1520530386.102546 1.168986 0.010220
1520530386.202549 1.168947 0.010220
1520530386.302552 1.168960 0.010220
1520530386.402554 1.169036 0.010220
1520530386.502760 1.169087 0.010220
1520530386.602814 1.169172 0.010220
1520530386.702766 1.169108 0.010220
1520530386.802769 1.169095 0.010220
1520530386.902676 1.169079 0.010220
1520530387.002679 1.169047 0.010220
1520530387.102682 1.168965 0.010220
1520530387.202685 1.168927 0.010219
1520530387.302607 1.168921 0.010219
1520530387.352609 1.169025 0.010220
1520530387.452612 1.169119 0.010219
1520530387.552615 1.169189 0.010218
1520530387.652619 1.169151 0.010210
1520530387.702457 1.168835 0.010218
1520530387.802460 1.168988 0.010220
1520530387.852464 1.169028 0.010219
1520530387.952465 1.169116 0.010219
1520530388.002466 1.169094 0.010216
1520530388.102494 1.169265 0.010210
1520530388.152496 1.169152 0.010218
1520530388.252499 1.169116 0.010220
1520530388.352502 1.169129 0.010220
1520530388.452505 1.169063 0.010219
1520530388.552854 1.169042 0.010219
1520530388.702858 1.169025 0.010220
1520530388.852863 1.169040 0.010220
1520530388.902233 1.169101 0.010220
1520530389.002237 1.169070 0.010220
1520530389.102240 1.169061 0.010220
1520530389.202243 1.169048 0.010220
1520530389.302934 1.169098 0.010219
1520530389.402938 1.168975 0.010220
1520530389.502940 1.169086 0.010219
1520530389.602943 1.169117 0.010219
1520530389.702846 1.169158 0.010219
1520530389.803445 1.169120 0.010219
1520530389.903408 1.169132 0.010219
1520530389.953409 1.169251 0.010217
1520530390.053412 1.169294 0.010219
1520530390.103414 1.169210 0.010219
1520530390.202569 1.169207 0.010218
1520530390.252572 1.169043 0.010218
1520530390.352575 1.169018 0.010218
1520530390.402575 1.168932 0.010206
1520530390.502578 1.168880 0.010216
1520530390.603326 1.168835 0.010219
1520530390.703329 1.168792 0.010219
1520530390.803333 1.168797 0.010218
1520530390.903336 1.168850 0.010218
1520530391.003381 1.168854 0.010219
1520530391.053383 1.168839 0.010219
1520530391.153385 1.168837 0.010217
1520530391.253388 1.168876 0.010219
1520530391.352333 1.168803 0.010213
1520530391.452336 1.168762 0.010219
1520530391.552339 1.168820 0.010217
1520530391.652342 1.168834 0.010219
1520530391.752424 1.168857 0.010219
1520530391.852427 1.168808 0.010219
1520530391.952430 1.168780 0.010218
1520530392.052433 1.168787 0.010219
1520530392.152436 1.168843 0.010219
1520530392.203142 1.168850 0.010219
1520530392.303145 1.168884 0.010218
1520530392.353147 1.168831 0.010218
1520530392.453150 1.168870 0.010220
1520530392.553153 1.168772 0.010219
1520530392.602235 1.168689 0.010218
1520530392.702237 1.168482 0.010219
1520530392.802241 1.168686 0.010219
1520530392.902243 1.168788 0.010219
1520530393.002174 1.168884 0.010216
1520530393.102156 1.168741 0.010218
1520530393.202159 1.168758 0.010218
1520530393.302161 1.168704 0.010217
1520530393.402921 1.168855 0.010218
1520530393.502924 1.169328 0.010183
1520530393.552926 1.168729 0.010215
1520530393.652929 1.168712 0.010219
1520530393.702931 1.168783 0.010217
1520530393.802958 1.168818 0.010218
1520530393.902961 1.168753 0.010219
1520530394.052965 1.168804 0.010219
1520530394.152969 1.168773 0.010218
1520530394.202165 1.168758 0.010219
1520530394.302169 1.168724 0.010219
1520530394.402172 1.168789 0.010217
1520530394.502175 1.168719 0.010216
1520530394.602189 1.168739 0.010215
1520530394.652876 1.168749 0.010217
1520530394.752879 1.168744 0.010216
1520530394.852882 1.168666 0.010218
1520530394.952885 1.168653 0.010219
1520530395.053731 1.168650 0.010219
1520530395.153734 1.168687 0.010218
1520530395.253737 1.168742 0.010218
1520530395.353740 1.168744 0.010216
1520530395.452705 1.168751 0.010218
1520530395.552709 1.168703 0.010219
1520530395.652712 1.168649 0.010219
1520530395.802716 1.168643 0.010219
1520530395.903079 1.168655 0.010219
1520530396.003083 1.168649 0.010217
1520530396.103085 1.168660 0.010217
1520530396.203089 1.168678 0.010219
1520530396.303237 1.168670 0.010219
1520530396.403240 1.168711 0.010219
1520530396.503243 1.168744 0.010219
1520530396.603246 1.168759 0.010219
1520530396.703145 1.168761 0.010218
1520530396.803148 1.168694 0.010218
1520530396.903152 1.168693 0.010219
1520530397.053156 1.168624 0.010219
1520530397.152784 1.168693 0.010218
1520530397.252787 1.168772 0.010218
1520530397.352790 1.168667 0.010219
1520530397.452793 1.168705 0.010219
1520530397.502304 1.168768 0.010219
1520530397.602308 1.168927 0.010214
1520530397.652309 1.168872 0.010208
1520530397.752312 1.168528 0.010214
1520530397.852315 1.168630 0.010216
1520530397.902585 1.168630 0.010213
1520530398.002588 1.168613 0.010212
1520530398.052589 1.168634 0.010213
1520530398.152592 1.168594 0.010218
1520530398.252596 1.168609 0.010219
1520530398.353367 1.168637 0.010219
1520530398.453370 1.168606 0.010219
1520530398.503371 1.168605 0.010219
1520530398.603375 1.168674 0.010219
1520530398.653376 1.168606 0.010218
1520530398.753223 1.168685 0.010219
1520530398.803225 1.168576 0.010219
1520530398.903227 1.168555 0.010219
1520530398.953229 1.168465 0.010219
1520530399.053232 1.168469 0.010219
1520530399.103233 1.168513 0.010219
1520530399.202332 1.168655 0.010219
1520530399.252333 1.168691 0.010219
1520530399.352336 1.168660 0.010218
1520530399.402342 1.168654 0.010218
1520530399.502341 1.168681 0.010219
1520530399.553006 1.168713 0.010217
1520530399.653009 1.168762 0.010219
1520530399.753012 1.168541 0.010214
1520530399.853016 1.168515 0.010218
1520530399.953275 1.168460 0.010219
1520530400.003276 1.168463 0.010218
1520530400.103279 1.168340 0.010217
1520530400.153281 1.168293 0.010218
1520530400.253284 1.168433 0.010219
1520530400.352494 1.168510 0.010219
1520530400.452498 1.168524 0.010219
1520530400.502500 1.168555 0.010218
1520530400.602502 1.168522 0.010218
1520530400.702505 1.168565 0.010218
1520530400.752291 1.168546 0.010218
1520530400.852294 1.168485 0.010217
1520530400.952297 1.168376 0.010215
1520530401.052300 1.168332 0.010214
1520530401.152303 1.168393 0.010217
1520530401.252756 1.168184 0.010218
1520530401.302758 1.168339 0.010218
1520530401.402761 1.168457 0.010219
1520530401.452763 1.168551 0.010218
1520530401.552766 1.168507 0.010218
1520530401.653039 1.168504 0.010219
1520530401.753042 1.168547 0.010218
1520530401.853045 1.168557 0.010219
1520530401.903047 1.168584 0.010218
1520530402.002281 1.168493 0.010217
1520530402.052283 1.168546 0.010216
1520530402.152286 1.168522 0.010218
1520530402.202287 1.168566 0.010215
1520530402.302290 1.168574 0.010219
1520530402.352292 1.168549 0.010217
1520530402.452569 1.168562 0.010217
1520530402.502571 1.168507 0.010219
1520530402.602574 1.168531 0.010217
1520530402.702577 1.168542 0.010219
1520530402.803416 1.168510 0.010219
1520530402.903419 1.168442 0.010219
1520530402.953420 1.168717 0.010218
1520530403.053424 1.168656 0.010218
1520530403.103425 1.168755 0.010217
1520530403.202933 1.168711 0.010218
1520530403.302936 1.168934 0.010214
1520530403.402940 1.168843 0.010218
1520530403.502943 1.168619 0.010219
1520530403.552945 1.168529 0.010219
1520530403.652254 1.168586 0.010219
1520530403.702256 1.168484 0.010218
1520530403.802258 1.168462 0.010217
1520530403.852261 1.168449 0.010216
1520530403.952263 1.168436 0.010218
1520530404.002264 1.168570 0.010218
1520530404.102746 1.168515 0.010218
1520530404.152748 1.168577 0.010218
1520530404.252829 1.168453 0.010213
1520530404.352754 1.168508 0.010217
1520530404.453112 1.168447 0.010218
1520530404.553115 1.168421 0.010219
1520530404.653119 1.168417 0.010219
1520530404.753122 1.168341 0.010219
1520530404.852642 1.168361 0.010219
1520530404.952645 1.168423 0.010219
1520530405.002647 1.168369 0.010215
1520530405.102650 1.168255 0.010218
1520530405.152651 1.168336 0.010217
1520530405.252327 1.168485 0.010218
1520530405.352331 1.168514 0.010216
1520530405.402333 1.168615 0.010218
1520530405.502335 1.168584 0.010219
1520530405.552337 1.168613 0.010218
1520530405.652792 1.168472 0.010219
1520530405.702792 1.168506 0.010219
1520530405.802797 1.168532 0.010219
1520530405.852855 1.168618 0.010212
1520530405.952801 1.168512 0.010219
1520530406.052804 1.168490 0.010219
1520530406.153570 1.168634 0.010219
1520530406.253574 1.168490 0.010219
1520530406.303576 1.168555 0.010216
1520530406.403579 1.168345 0.010217
1520530406.503485 1.168333 0.010219
1520530406.553487 1.168343 0.010212
1520530406.653490 1.168241 0.010218
1520530406.753493 1.168158 0.010219
1520530406.853497 1.168437 0.010218
1520530406.952693 1.168533 0.010219
1520530407.002694 1.168663 0.010218
1520530407.102698 1.168718 0.010218
1520530407.152699 1.168640 0.010218
1520530407.252702 1.168399 0.010217
1520530407.303185 1.168386 0.010217
1520530407.403187 1.168800 0.010218
1520530407.453221 1.168729 0.010213
1520530407.553191 1.168465 0.010218
1520530407.603193 1.168509 0.010218
1520530407.703510 1.168476 0.010219
1520530407.753511 1.168463 0.010216
1520530407.853515 1.168478 0.010218
1520530407.903516 1.168538 0.010219
1520530408.003519 1.168551 0.010218
1520530408.103522 1.168566 0.010219
1520530408.203605 1.168548 0.010218
1520530408.303608 1.168523 0.010218
1520530408.403612 1.168530 0.010218
1520530408.503614 1.168511 0.010218
1520530408.553374 1.168543 0.010218
1520530408.653377 1.168593 0.010218
1520530408.753380 1.168581 0.010218
1520530408.853383 1.168600 0.010218
1520530408.952878 1.168591 0.010217
1520530409.052890 1.168587 0.010218
1520530409.152884 1.168601 0.010218
1520530409.252887 1.168645 0.010218
1520530409.352902 1.168631 0.010217
1520530409.452906 1.168422 0.010217
1520530409.552909 1.168251 0.010218
1520530409.652912 1.167729 0.010215
1520530409.752654 1.167684 0.010216
1520530409.852657 1.168179 0.010213
1520530409.952660 1.168576 0.010213
1520530410.052664 1.168640 0.010204
1520530410.153223 1.168615 0.010217
1520530410.253226 1.168611 0.010218
1520530410.353231 1.168637 0.010217
1520530410.453232 1.168650 0.010218
1520530410.553235 1.168633 0.010218
1520530410.603875 1.168553 0.010217
1520530410.753879 1.168590 0.010217
1520530410.903884 1.168753 0.010218
1520530411.003418 1.168827 0.010217
1520530411.103421 1.168669 0.010217
1520530411.253426 1.168564 0.010217
1520530411.403009 1.168504 0.010218
1520530411.503012 1.168619 0.010218
1520530411.603015 1.168759 0.010218
1520530411.703018 1.168737 0.010217
1520530411.802907 1.168658 0.010217
1520530411.852907 1.168628 0.010216
1520530411.952910 1.168703 0.010218
1520530412.002912 1.168801 0.010216
1520530412.102915 1.168855 0.010218
1520530412.152916 1.168853 0.010218
1520530412.253417 1.168806 0.010218
1520530412.353420 1.168622 0.010217
1520530412.453423 1.168766 0.010218
1520530412.553426 1.168820 0.010216
1520530412.653630 1.168893 0.010215
1520530412.753633 1.168849 0.010216
1520530412.803634 1.168777 0.010217
1520530412.903637 1.168827 0.010218
1520530412.953639 1.168808 0.010217
1520530413.053009 1.168900 0.010218
1520530413.153012 1.168862 0.010216
1520530413.253016 1.168465 0.010216
1520530413.353019 1.168289 0.010216
1520530413.452940 1.167861 0.010214
1520530413.552943 1.168017 0.010207
1520530413.652946 1.168567 0.010201
1520530413.853107 1.168706 0.010217
1520530413.953110 1.168811 0.010214
1520530414.053113 1.168851 0.010216
1520530414.153116 1.168868 0.010217
1520530414.252894 1.168821 0.010218
1520530414.352897 1.168910 0.010218
1520530414.452900 1.168849 0.010218
1520530414.552903 1.168902 0.010215
1520530414.652705 1.168819 0.010217
1520530414.752708 1.168884 0.010218
1520530414.852712 1.168946 0.010218
1520530414.952715 1.168938 0.010217
1520530415.052718 1.168796 0.010217
1520530415.103195 1.168955 0.010218
1520530415.203199 1.168834 0.010218
1520530415.303202 1.168834 0.010218
1520530415.453206 1.168741 0.010218
1520530415.553069 1.168757 0.010218
1520530415.653072 1.168744 0.010218
1520530415.803077 1.168786 0.010217
1520530415.903361 1.168865 0.010217
1520530416.053366 1.168750 0.010218
1520530416.253372 1.168332 0.010217
1520530416.503381 1.168745 0.010216
1520530416.603384 1.168581 0.010215
1520530416.703272 1.168741 0.010216
1520530416.803277 1.168766 0.010218
1520530416.903278 1.168666 0.010216
1520530417.003283 1.168694 0.010217
1520530417.103391 1.168677 0.010215
1520530417.203373 1.168718 0.010215
1520530417.353378 1.169052 0.010216
1520530417.603465 1.169085 0.010216
1520530417.703468 1.168663 0.010217
1520530417.803472 1.168688 0.010218
1520530417.903475 1.168772 0.010218
1520530418.003458 1.168780 0.010218
1520530418.103461 1.168767 0.010218
1520530418.203465 1.168766 0.010218
1520530418.303468 1.168774 0.010218
1520530418.503435 1.168685 0.010218
1520530418.703442 1.168744 0.010218
1520530418.803345 1.168772 0.010218
1520530418.903348 1.168778 0.010218
1520530419.003351 1.168744 0.010218
1520530419.103354 1.168732 0.010217
1520530419.203534 1.168727 0.010217
1520530419.303537 1.168761 0.010218
1520530419.453542 1.168809 0.010218
1520530419.603729 1.169042 0.010218
1520530419.753734 1.168801 0.010218
1520530419.853738 1.168800 0.010218
1520530419.953740 1.168785 0.010218
1520530420.053599 1.168734 0.010218
1520530420.153602 1.168799 0.010218
1520530420.253605 1.168779 0.010217
1520530420.353608 1.168790 0.010218
1520530420.453700 1.168778 0.010218
1520530420.603705 1.168743 0.010218
1520530420.803356 1.168788 0.010218
1520530420.953361 1.168725 0.010218
1520530421.053364 1.168729 0.010217
1520530421.153367 1.168733 0.010218
1520530421.253431 1.168766 0.010218
1520530421.353434 1.168776 0.010217
1520530421.453437 1.168733 0.010217
1520530421.553440 1.168745 0.010218
1520530421.653613 1.168780 0.010218
1520530421.803617 1.168739 0.010218
1520530421.953693 1.168758 0.010218
1520530422.053472 1.168789 0.010218
1520530422.153476 1.168728 0.010218
1520530422.253479 1.168681 0.010218
1520530422.353482 1.168732 0.010219
1520530422.453395 1.168745 0.010218
1520530422.503396 1.168754 0.010218
1520530422.603400 1.168747 0.010218
1520530422.703403 1.168754 0.010218
1520530422.803406 1.168775 0.010218
1520530422.903583 1.168742 0.010218
1520530423.053588 1.168669 0.010218
1520530423.153591 1.168665 0.010219
1520530423.253316 1.168739 0.010218
1520530423.353319 1.168756 0.010218
1520530423.453322 1.168832 0.010218
1520530423.603327 1.168792 0.010218
1520530423.702985 1.168819 0.010218
1520530423.752986 1.168741 0.010217
1520530423.852990 1.168748 0.010218
1520530423.952993 1.168759 0.010218
1520530424.052950 1.168822 0.010217
1520530424.103253 1.168816 0.010215
1520530424.203257 1.168713 0.010209
1520530424.353261 1.168731 0.010197
1520530424.453264 1.168779 0.010208
1520530424.504722 1.168833 0.010218
1520530424.604726 1.168792 0.010217
1520530424.704729 1.168788 0.010216
1520530424.854733 1.168826 0.010213
1520530424.953377 1.168835 0.010205
1520530425.003378 1.168835 0.010215
1520530425.103381 1.168841 0.010209
1520530425.203384 1.168859 0.010210
1520530425.303732 1.168864 0.010211
1520530425.403735 1.168932 0.010213
1520530425.603741 1.169154 0.010215
1520530425.703675 1.168955 0.010210
1520530425.753677 1.168837 0.010215
1520530425.853680 1.168837 0.010216
1520530425.953683 1.168776 0.010217
1520530426.103474 1.168921 0.010217
1520530426.203477 1.168911 0.010217
1520530426.253478 1.168894 0.010216
1520530426.353481 1.168871 0.010215
1520530426.453484 1.168790 0.010216
1520530426.503486 1.168855 0.010218
1520530426.603553 1.168954 0.010218
1520530426.703556 1.169174 0.010211
1520530426.803559 1.168943 0.010211
1520530426.853560 1.168839 0.010218
1520530426.953598 1.169003 0.010218
1520530427.053602 1.168804 0.010215
1520530427.153605 1.168485 0.010212
1520530427.253608 1.168052 0.010215
1520530427.353592 1.167995 0.010214
1520530427.453595 1.168189 0.010216
1520530427.803679 1.168240 0.010216
1520530427.903683 1.168088 0.010211
1520530428.003686 1.168490 0.010216
1520530428.053687 1.168935 0.010215
1520530428.153535 1.169202 0.010218
1520530428.203537 1.169011 0.010217
1520530428.303540 1.169063 0.010218
1520530428.353542 1.168968 0.010214
1520530428.453544 1.168821 0.010214
1520530428.503546 1.168778 0.010213
1520530428.603452 1.168672 0.010214
1520530428.653454 1.168708 0.010214
1520530428.753457 1.168749 0.010217
1520530428.803458 1.168789 0.010215
1520530428.903461 1.168394 0.010215
1520530429.003444 1.168374 0.010218
1520530429.053445 1.168456 0.010217
1520530429.153448 1.168402 0.010217
1520530429.203450 1.168897 0.010218
1520530429.303453 1.168034 0.010217
1520530429.353455 1.168300 0.010217
1520530429.453553 1.168682 0.010218
1520530429.503555 1.168984 0.010218
1520530429.603558 1.168748 0.010218
1520530429.653559 1.168888 0.010218
1520530429.753562 1.168905 0.010218
1520530429.803622 1.168820 0.010218
1520530429.903625 1.168679 0.010217
1520530429.953626 1.168977 0.010217
1520530430.053629 1.168869 0.010217
1520530430.103631 1.168875 0.010216
1520530430.203344 1.168809 0.010218
1520530430.253346 1.168770 0.010217
1520530430.353349 1.168699 0.010217
1520530430.403350 1.168802 0.010217
1520530430.503353 1.168795 0.010218
1520530430.553355 1.168845 0.010218
1520530430.653528 1.168809 0.010218
1520530430.703530 1.168829 0.010218
1520530430.803533 1.168877 0.010218
1520530430.903536 1.168829 0.010218
1520530431.003696 1.168786 0.010217
1520530431.103700 1.168862 0.010218
1520530431.153701 1.168822 0.010217
1520530431.253704 1.168819 0.010217
1520530431.303706 1.168780 0.010218
1520530431.403709 1.168841 0.010218
1520530431.453562 1.168859 0.010218
1520530431.553565 1.168765 0.010217
1520530431.603567 1.168602 0.010216
1520530431.703570 1.168727 0.010218
1520530431.753571 1.168860 0.010218
1520530431.853524 1.168881 0.010218
1520530431.903526 1.168906 0.010218
1520530432.003529 1.169074 0.010218
1520530432.053530 1.169105 0.010217
1520530432.153533 1.168998 0.010218
1520530432.203536 1.168942 0.010217
1520530432.303698 1.169030 0.010216
1520530432.353700 1.169002 0.010216
1520530432.453702 1.168787 0.010218
1520530432.553705 1.168748 0.010218
1520530432.603708 1.168854 0.010218
1520530432.703550 1.168824 0.010217
1520530432.753551 1.168765 0.010216
1520530432.853554 1.168800 0.010217
1520530432.903556 1.169009 0.010216
1520530433.003559 1.169043 0.010216
1520530433.053690 1.169297 0.010218
1520530433.153693 1.169569 0.010217
1520530433.253695 1.169341 0.010215
1520530433.353699 1.169071 0.010214
1520530433.403700 1.169086 0.010214
1520530433.503793 1.169197 0.010217
1520530433.603796 1.169149 0.010217
1520530433.703799 1.169021 0.010217
1520530433.803803 1.168869 0.010216
1520530433.903631 1.168860 0.010217
1520530433.953632 1.168903 0.010216
1520530434.053635 1.168925 0.010217
1520530434.103637 1.169057 0.010217
1520530434.203641 1.169006 0.010218
1520530434.253642 1.168864 0.010218
1520530434.353481 1.168817 0.010217
1520530434.403481 1.168802 0.010218
1520530434.503485 1.168742 0.010218
1520530434.553486 1.168979 0.010217
1520530434.653489 1.169067 0.010217
1520530434.703655 1.169351 0.010214
1520530434.803658 1.169181 0.010217
1520530434.853723 1.168864 0.010216
1520530434.953663 1.168836 0.010217
1520530435.053667 1.168662 0.010217
1520530435.153798 1.168815 0.010217
1520530435.203799 1.168923 0.010217
1520530435.303802 1.168995 0.010217
1520530435.353804 1.168934 0.010216
1520530435.453807 1.169098 0.010216
1520530435.504086 1.169143 0.010217
1520530435.604089 1.169120 0.010217
1520530435.654091 1.169198 0.010217
1520530435.754094 1.169008 0.010218
1520530435.804096 1.169010 0.010217
1520530435.904099 1.168938 0.010218
1520530435.953835 1.168792 0.010217
1520530436.053838 1.168821 0.010217
1520530436.103839 1.168874 0.010218
1520530436.203843 1.168879 0.010217
1520530436.303846 1.168895 0.010217
1520530436.403957 1.168791 0.010215
1520530436.553962 1.168807 0.010216
1520530436.754031 1.169014 0.010217
1520530436.854034 1.168925 0.010216
1520530436.904035 1.169040 0.010214
1520530437.004039 1.169260 0.010215
1520530437.054040 1.169401 0.010211
1520530437.153533 1.168994 0.010217
1520530437.203536 1.169351 0.010214
1520530437.303539 1.169240 0.010214
1520530437.353539 1.169088 0.010215
1520530437.453545 1.169131 0.010217
1520530437.503545 1.169156 0.010213
1520530437.603872 1.168848 0.010216
1520530437.653873 1.168925 0.010214
1520530437.753876 1.168967 0.010217
1520530437.853879 1.168960 0.010217
1520530437.954482 1.168754 0.010213
1520530438.104484 1.168903 0.010215
1520530438.204487 1.168886 0.010216
1520530438.304490 1.168778 0.010217
1520530438.354492 1.168812 0.010217
1520530438.453623 1.168793 0.010217
1520530438.503624 1.168642 0.010215
1520530438.603628 1.168899 0.010216
1520530438.653629 1.168895 0.010217
1520530438.753632 1.168902 0.010217
1520530438.804389 1.168887 0.010210
1520530438.904392 1.168913 0.010216
1520530439.054398 1.169030 0.010217
1520530439.204654 1.169099 0.010216
1520530439.354659 1.169144 0.010217
1520530439.554665 1.169336 0.010217
1520530439.654178 1.168989 0.010217
1520530439.754182 1.168780 0.010216
1520530439.854185 1.168924 0.010217
1520530439.954188 1.168987 0.010217
1520530440.054101 1.168902 0.010217
1520530440.154104 1.168959 0.010217
1520530440.254107 1.168991 0.010217
1520530440.354110 1.169011 0.010217
1520530440.453977 1.169118 0.010217
1520530440.553980 1.169170 0.010217
1520530440.653984 1.169138 0.010217
1520530440.753987 1.169093 0.010217
1520530440.853871 1.169102 0.010217
1520530440.953874 1.169259 0.010217
1520530441.053876 1.169410 0.010216
1520530441.153883 1.169393 0.010217
1520530441.253889 1.169386 0.010216
1520530441.353892 1.169185 0.010218
1520530441.453895 1.169036 0.010217
1520530441.553898 1.168917 0.010217
1520530441.654083 1.168845 0.010216
1520530441.804088 1.168881 0.010217
1520530441.954092 1.169056 0.010217
1520530442.054030 1.169097 0.010216
1520530442.154034 1.168903 0.010217
1520530442.254038 1.168801 0.010217
1520530442.354040 1.168784 0.010217
1520530442.453714 1.168854 0.010217
1520530442.553717 1.168959 0.010216
1520530442.603719 1.169121 0.010217
1520530442.703722 1.169163 0.010217
1520530442.753723 1.169060 0.010217
1520530442.853726 1.169100 0.010217
1520530442.904376 1.169070 0.010217
1520530443.004379 1.169423 0.010217
1520530443.104382 1.169512 0.010216
1520530443.254387 1.168845 0.010214
1520530443.454471 1.169362 0.010216
1520530443.554474 1.169420 0.010216
1520530443.654478 1.169293 0.010216
1520530443.754014 1.169331 0.010217
1520530443.854018 1.169268 0.010217
1520530443.954022 1.169160 0.010217
1520530444.054024 1.169430 0.010217
1520530444.104403 1.169145 0.010215
1520530444.204406 1.168994 0.010216
1520530444.304409 1.169044 0.010217
1520530444.404412 1.169044 0.010216
1520530444.505161 1.169207 0.010217
1520530444.605164 1.169194 0.010217
1520530444.705167 1.168867 0.010217
1520530444.805170 1.168786 0.010216
1520530444.905173 1.168933 0.010218
1520530444.954962 1.168779 0.010217
1520530445.054965 1.168862 0.010217
1520530445.154968 1.168852 0.010217
1520530445.254971 1.169197 0.010216
1520530445.353892 1.169227 0.010213
1520530445.453896 1.169340 0.010211
1520530445.503898 1.169031 0.010215
1520530445.603900 1.169192 0.010215
1520530445.653902 1.169194 0.010216
1520530445.753751 1.169150 0.010217
1520530445.803752 1.169144 0.010217
1520530445.903755 1.169139 0.010214
1520530445.953757 1.169247 0.010215
1520530446.053761 1.169131 0.010217
1520530446.154954 1.169430 0.010212
1520530446.304903 1.169453 0.010217
1520530446.404906 1.169446 0.010216
1520530446.504909 1.169529 0.010216
1520530446.604785 1.169413 0.010216
1520530446.704788 1.169150 0.010217
1520530446.804791 1.169032 0.010216
1520530446.904794 1.168945 0.010217
1520530447.004332 1.169088 0.010216
1520530447.104335 1.169092 0.010217
1520530447.204338 1.169079 0.010217
1520530447.304342 1.169009 0.010217
1520530447.404124 1.168995 0.010217
1520530447.504127 1.169065 0.010217
1520530447.654131 1.169132 0.010217
1520530447.804072 1.169178 0.010217
1520530447.904075 1.169564 0.010217
1520530448.203885 1.168903 0.010217
1520530448.353889 1.169413 0.010217
