0.000000 -0.430445 -0.048906  0.143990 0.352651 0.147548 0.129621
0.000000 -0.496080 -0.101461  0.333547 0.310661 0.148232 0.135254
0.000000 -0.433680 -0.089861 -0.101175 0.266883 0.146367 0.129102
0.000000 -0.454253 -0.041936 -0.192456 0.241646 0.144370 0.122775
0.000000 -0.613487 -0.012478  0.162441 0.262026 0.141752 0.121093
0.000000 -0.690974  0.029653  0.019487 0.285306 0.138953 0.122324
0.000000 -0.769626  0.135678 -0.227194 0.292121 0.133537 0.120938
0.000000 -0.760552  0.113895 -0.261239 0.297906 0.131290 0.122495
0.000000 -0.672526  0.075979 -0.116871 0.312367 0.129943 0.124027
0.000000 -0.627827  0.058290  0.076503 0.314908 0.129597 0.123079
0.000000 -0.543191  0.064409  0.129299 0.304092 0.132116 0.119518
0.000000 -0.481400  0.060493 -0.038444 0.277106 0.134292 0.119063
0.000000 -0.446242  0.038126  0.078240 0.256851 0.136038 0.118236
0.000000 -0.340956  0.040588 -0.132602 0.217416 0.140633 0.117632
0.000000 -0.289388  0.053827  0.107515 0.193830 0.138711 0.115340
0.000000 -0.210300  0.075574  0.030643 0.164793 0.133029 0.113388
0.000000 -0.181167  0.082170 -0.077714 0.153163 0.128022 0.112823
0.000000 -0.259266  0.095081  0.004695 0.157128 0.146813 0.115053
0.000000 -0.366562  0.086958  0.131906 0.145905 0.134684 0.113349
0.000000 -0.552779  0.046454  0.043395 0.144691 0.124225 0.112368
0.000000 -0.667945  0.019366 -0.045174 0.152457 0.119187 0.111943
0.000000 -0.662948  0.198727 -0.271928 0.161330 0.117542 0.112039
0.000000 -0.584012  0.279685 -0.397408 0.164299 0.118225 0.116561
0.000000 -0.543691  0.266449 -0.272264 0.162871 0.118022 0.118291
0.000000 -0.642115  0.236664 -0.108933 0.169422 0.117447 0.118383
0.000000 -0.824748  0.163299 -0.043011 0.184221 0.117834 0.116395
0.000000 -0.957812  0.083816 -0.054106 0.204088 0.117011 0.117121
0.000000 -0.956958  0.080684  0.077296 0.209948 0.116357 0.117093
0.000000 -0.962449  0.113864  0.258202 0.222187 0.117076 0.113966
0.000000 -0.994231  0.177769  0.210506 0.230693 0.116269 0.113405
0.000000 -0.937632  0.285843  0.107121 0.240067 0.116920 0.113034
0.000000 -0.849284  0.357787  0.081816 0.249809 0.118705 0.112492
0.000000 -0.702798  0.386517  0.246723 0.263432 0.128607 0.112239
0.000000 -0.515515  0.403905  0.135619 0.245755 0.145453 0.113008
0.000000 -0.458670  0.458110  0.005699 0.234288 0.157262 0.112930
0.000000 -0.292246  0.619385 -0.031632 0.207421 0.173286 0.112251
0.000000 -0.235543  0.674157 -0.172038 0.194380 0.179423 0.110583
0.000000 -0.153219  0.683649 -0.263574 0.187561 0.185934 0.108856
0.000000 -0.121518  0.679069 -0.290920 0.187838 0.195259 0.108719
0.000000 -0.019789  0.647653 -0.183380 0.189122 0.206569 0.109321
0.000000 -0.041172  0.633058  0.045206 0.191673 0.220439 0.108985
0.000000 -0.113568  0.614841  0.221788 0.194523 0.228153 0.109247
0.000000 -0.060442  0.483131  0.422929 0.189538 0.219403 0.110532
0.000000 0.034480 0.451938 0.274024 0.180763 0.214116 0.111043
0.000000 0.114930 0.404857 0.036550 0.171411 0.204875 0.110537
0.000000  0.234716  0.380879 -0.142856 0.168171 0.201208 0.108875
0.000000  0.292708  0.327580 -0.213153 0.170195 0.196175 0.107812
0.000000  0.277172  0.270362 -0.197306 0.176060 0.190205 0.106895
0.000000  0.297021 -0.130686 -0.162116 0.206701 0.200593 0.112322
0.000000  0.387774 -0.146335 -0.226083 0.193040 0.181644 0.111113
0.000000  0.433218 -0.181732 -0.269256 0.184306 0.171268 0.110031
0.000000  0.458818 -0.252526 -0.334089 0.188173 0.166752 0.110287
0.000000  0.373108 -0.242400 -0.221361 0.196184 0.168630 0.111868
0.000000  0.073470  0.055515 -0.085449 0.194009 0.171707 0.107916
0.000000  0.139217 -0.194419 -0.116088 0.190485 0.165994 0.108027
0.000000  0.235986 -0.223291  0.072542 0.185152 0.154470 0.106892
0.000000  0.208159 -0.267789  0.174389 0.184517 0.151437 0.106257
0.000000  0.127407 -0.256885 -0.051641 0.172683 0.153264 0.106375
0.000000  0.164545 -0.353798 -0.112047 0.174958 0.154738 0.105513
0.000000  0.215180 -0.481178 -0.007070 0.177535 0.160858 0.105570
0.000000  0.260387 -0.525702 -0.178170 0.181272 0.170916 0.105678
0.000000  0.311916 -0.506599 -0.284379 0.190863 0.182642 0.107270
0.000000  0.356239 -0.491544 -0.016334 0.199941 0.200940 0.108053
0.000000  0.396653 -0.357281  0.206167 0.210160 0.217284 0.105925
0.000000  0.410830 -0.374951  0.051710 0.215965 0.212368 0.106200
0.000000  0.387706 -0.513479 -0.096402 0.220791 0.212627 0.105760
0.000000  0.446113 -0.577828 -0.015536 0.228409 0.218661 0.105528
0.000000  0.535766 -0.564572 -0.100255 0.243544 0.232047 0.105447
0.000000  0.643227 -0.542933 -0.156909 0.257259 0.238631 0.106266
0.000000  0.772236 -0.506394  0.007439 0.286106 0.238434 0.106229
0.000000  0.792393 -0.442876 -0.021723 0.296720 0.221906 0.105782
0.000000  0.784232 -0.357613 -0.093304 0.313433 0.207584 0.105825
0.000000  0.746533 -0.286296 -0.140753 0.313838 0.188002 0.106288
0.000000  0.617830 -0.205797 -0.197669 0.307199 0.169811 0.107654
0.000000  0.562808 -0.206265 -0.287457 0.291571 0.158907 0.108932
0.000000  0.489592 -0.241642 -0.203787 0.266832 0.154697 0.112032
0.000000  0.433394 -0.196838 -0.154862 0.243364 0.150058 0.110236
0.000000  0.359491 -0.199230 -0.283723 0.218993 0.145796 0.111445
0.000000  0.304321 -0.188277 -0.365627 0.197073 0.143081 0.113929
0.000000  0.255402 -0.104197 -0.401158 0.178188 0.139070 0.116959
0.000000  0.120697  0.222571 -0.295780 0.153385 0.131873 0.115801
0.000000  0.030463  0.214338 -0.385387 0.142255 0.128958 0.118736
0.000000 -0.133721  0.185643 -0.477975 0.130111 0.127582 0.121032
0.000000 -0.229747  0.091203 -0.286054 0.124720 0.127866 0.121503
0.000000 -0.290170 -0.005558  0.028539 0.128824 0.129349 0.113748
0.000000 -0.231352 -0.117475  0.207626 0.130856 0.126908 0.107269
0.000000 -0.298833 -0.180434 -0.038399 0.132911 0.125802 0.105781
0.000000 -0.274721 -0.093283 -0.163562 0.135165 0.125441 0.105497
0.000000 -0.023076  0.002442 -0.081737 0.131856 0.126183 0.106157
0.000000 -0.016845  0.164489 -0.258196 0.126426 0.124414 0.107551
0.000000 -0.079379  0.401047 -0.235158 0.123820 0.123652 0.108036
0.000000 -0.294484  0.607031 -0.026702 0.125757 0.128801 0.108039
0.000000 -0.461599  0.663505  0.047656 0.127110 0.133497 0.106829
0.000000 -0.558581  0.632157 -0.065383 0.129091 0.136895 0.105921
0.000000 -0.619020  0.601438 -0.275411 0.131588 0.139948 0.106360
0.000000 -0.668337  0.546474 -0.257806 0.135876 0.143367 0.107123
0.000000 -0.668326  0.495146 -0.130000 0.140531 0.146630 0.107368
0.000000 -0.693380  0.464658 -0.058770 0.145254 0.148719 0.107081
0.000000 -0.703404  0.421628  0.067547 0.150121 0.148101 0.106672
0.000000 -0.695789  0.419713  0.141869 0.155233 0.148901 0.105924
0.000000 -0.634412  0.447951  0.153998 0.156450 0.148587 0.105213
0.000000 -0.586026  0.420636  0.148652 0.158108 0.146683 0.104633
0.000000 -0.627999  0.403100  0.156887 0.160390 0.146653 0.104540
0.000000 -0.695103  0.405671  0.167187 0.164864 0.146604 0.104723
0.000000 -0.690141  0.366576  0.138110 0.167586 0.145129 0.104902
0.000000 -0.626413  0.324691  0.050388 0.167787 0.142489 0.104460
0.000000 -0.596099  0.290981 -0.033041 0.171346 0.141081 0.104378
0.000000 -0.575030  0.216063 -0.070336 0.172472 0.138597 0.104349
0.000000 -0.489580  0.144433  0.104542 0.172899 0.136073 0.104402
0.000000 -0.469492  0.147395  0.153292 0.172317 0.133497 0.104598
0.000000 -0.429022  0.197393  0.061890 0.170807 0.133388 0.104463
0.000000 -0.305361  0.282055  0.012743 0.166113 0.133212 0.104817
0.000000 -0.313763  0.248832 -0.087813 0.163173 0.133419 0.104500
0.000000 -0.358470  0.226741 -0.118416 0.161800 0.133371 0.104152
0.000000 -0.321693  0.262323  0.062873 0.161043 0.134191 0.104189
0.000000 -0.265933  0.301712 -0.045337 0.153298 0.130877 0.103911
0.000000 -0.295083  0.345741 -0.180316 0.147539 0.129930 0.103845
0.000000 -0.338701  0.391233 -0.240819 0.143514 0.128293 0.104290
0.000000 -0.370821  0.414886 -0.225104 0.143155 0.130277 0.104784
0.000000 -0.464874  0.411862 -0.129186 0.146295 0.132232 0.105171
0.000000 -0.572705  0.332876 -0.002774 0.146218 0.131908 0.104678
0.000000 -0.617329  0.268702 -0.110460 0.148386 0.131986 0.104326
0.000000 -0.650743  0.204450 -0.175258 0.150302 0.129631 0.104462
0.000000 -0.689115  0.117107 -0.147723 0.152836 0.126956 0.104593
0.000000 -0.731926 -0.002725 -0.080182 0.159347 0.126055 0.104965
0.000000 -0.616739 -0.196821  0.059516 0.168255 0.125903 0.104727
0.000000 -0.272353 -0.381177  0.090641 0.167374 0.123457 0.104599
0.000000  0.249504 -0.598674  0.161143 0.152423 0.126350 0.104073
0.000000  0.628728 -0.697063  0.214017 0.139311 0.129943 0.104071
0.000000  0.918462 -0.780624  0.228062 0.133796 0.133496 0.104186
0.000000  1.312988 -0.859361  0.362766 0.134861 0.139685 0.104941
0.000000  1.547796 -0.877962  0.440078 0.142864 0.145164 0.105149
0.000000  1.752853 -0.918239  0.425104 0.150240 0.148840 0.105577
0.000000  1.834345 -0.920927  0.397459 0.158994 0.151055 0.105803
0.000000  1.837088 -0.918525  0.352531 0.169219 0.152476 0.105985
0.000000  1.799782 -0.854237  0.256219 0.184421 0.153606 0.105844
0.000000  1.704757 -0.758103  0.194307 0.201601 0.155415 0.106077
0.000000  1.548378 -0.591144  0.292406 0.213652 0.154918 0.106171
0.000000  1.261348 -0.386714  0.468322 0.225678 0.155232 0.107038
0.000000  0.847871 -0.235081  0.343394 0.220159 0.147994 0.109101
0.000000  0.619868 -0.254580  0.115103 0.207276 0.141970 0.108070
0.000000  0.530454 -0.321010 -0.203271 0.192654 0.138350 0.106554
0.000000  0.384205 -0.380362 -0.192439 0.176173 0.137119 0.104840
0.000000  0.235653 -0.390130 -0.057461 0.165361 0.136884 0.104210
0.000000 -0.143737 -0.191721  0.065924 0.147790 0.136805 0.104323
0.000000 -0.403469 -0.166478  0.019997 0.138022 0.134679 0.104483
0.000000 -0.555271 -0.224289  0.065135 0.136897 0.135490 0.103928
0.000000 -0.690991 -0.276490 -0.014501 0.139798 0.135964 0.104522
0.000000 -0.776175 -0.357971 -0.139166 0.144899 0.135876 0.104662
0.000000 -0.838779 -0.449735 -0.221609 0.151534 0.136807 0.104644
0.000000 -0.840250 -0.497834 -0.310472 0.158515 0.140969 0.105050
0.000000 -0.831234 -0.543752 -0.396565 0.163047 0.140513 0.105081
0.000000 -0.813313 -0.536172 -0.360623 0.169944 0.143434 0.106001
0.000000 -0.927703 -0.399688 -0.039304 0.183805 0.153993 0.106607
0.000000 -1.144405 -0.405147  0.111291 0.196276 0.158144 0.108324
0.000000 -1.311635 -0.465888  0.035107 0.213039 0.166433 0.107930
0.000000 -1.413334 -0.578347 -0.074865 0.233482 0.165523 0.107156
0.000000 -1.490408 -0.754379 -0.165878 0.254485 0.167914 0.107151
0.000000 -1.497700 -0.844976 -0.256429 0.269173 0.169977 0.108897
0.000000 -1.457027 -0.916543 -0.323246 0.288608 0.183398 0.110468
0.000000 -1.462789 -0.973409 -0.349750 0.307637 0.192663 0.112120
0.000000 -1.565645 -1.117195 -0.305584 0.341356 0.217387 0.113817
0.000000 -1.701015 -1.325191 -0.151666 0.393242 0.258834 0.117628
0.000000 -1.770478 -1.472047 -0.018825 0.430996 0.291691 0.117331
0.000000 -1.759906 -1.574551 -0.231666 0.480912 0.351949 0.129488
0.000000 -1.812173 -1.843824 -0.316845 0.540230 0.404435 0.138173
0.000000 -1.730898 -2.090650 -0.184718 0.583281 0.448528 0.127847
0.000000 -1.644808 -2.276524 -0.091703 0.592813 0.518322 0.136350
0.000000 -1.636323 -2.350297 -0.058292 0.604963 0.584412 0.144756
0.000000 -1.639018 -2.379778 -0.082160 0.622935 0.637157 0.147270
0.000000 -1.644289 -2.466831 -0.175687 0.605263 0.716347 0.143732
0.000000 -1.674895 -2.609040 -0.083171 0.616013 0.795379 0.141499
0.000000 -1.637595 -2.745896 -0.024262 0.644716 0.837664 0.140285
0.000000 -1.623715 -2.892202 -0.084147 0.675074 0.923003 0.147445
0.000000 -1.653534 -3.110032 -0.244412 0.677437 0.995775 0.149087
0.000000 -1.629429 -3.468165 -0.349421 0.679948 1.090864 0.157695
0.000000 -1.544321 -3.636189 -0.376870 0.680290 1.161921 0.158034
0.000000 -1.464577 -3.796893 -0.250612 0.623083 1.238842 0.159747
0.000000 -1.381797 -3.920362 -0.152212 0.608695 1.370029 0.157423
0.000000 -1.342302 -4.095200  0.011355 0.586023 1.496987 0.152045
0.000000 -1.119102 -4.270072  0.090968 0.571257 1.664553 0.145936
0.000000 -0.825514 -4.516254 -0.113770 0.555325 1.808507 0.154599
0.000000 -0.483902 -4.809294 -0.263099 0.525203 1.877087 0.162105
0.000000 -0.202406 -5.053398 -0.419357 0.497472 1.903061 0.168997
0.000000 -0.269294 -5.343792 -0.486838 0.404194 1.455154 0.159817
0.000000 -0.242987 -5.512043 -0.403363 0.394631 1.498624 0.153370
0.000000 -0.168583 -5.497072 -0.375343 0.404720 1.619000 0.168078
0.000000 -0.088017 -5.446171 -0.405922 0.377232 1.638232 0.177397
0.000000  0.062268 -5.438971 -0.199424 0.361206 1.664611 0.183902
0.000000  0.125541 -5.647831 -0.289144 0.351095 1.697395 0.183503
0.000000  0.037217 -5.995951 -0.378135 0.381515 1.898711 0.175801
0.000000  0.087927 -6.192214 -0.378721 0.410998 2.036548 0.175954
0.000000  0.178045 -6.365155 -0.304810 0.435585 2.298764 0.178623
0.000000  0.286254 -6.513809 -0.448363 0.477845 2.608690 0.184941
0.000000  0.319164 -6.544765 -0.560704 0.511365 2.602836 0.192077
0.000000  0.271828 -6.531869 -0.617269 0.511777 2.405648 0.202201
0.000000  0.125891 -6.759724 -0.428979 0.494109 2.531891 0.199168
0.000000  0.040526 -6.966704 -0.310458 0.499616 2.712240 0.193274
0.000000  0.040968 -7.095930 -0.339743 0.506674 2.785412 0.193835
0.000000  0.065842 -7.260812 -0.465592 0.518465 3.125670 0.185228
0.000000  0.056318 -7.299663 -0.642689 0.547153 2.689170 0.213943
0.000000  0.078448 -7.357541 -0.709242 0.565447 2.630200 0.212540
0.000000  0.050888 -7.832252 -0.591808 0.651162 3.095528 0.234231
0.000000  0.026863 -8.025114 -0.533112 0.715384 3.693236 0.224922
0.000000  0.016573 -7.773401 -0.599518 0.733849 2.616441 0.224650
0.000000 -0.021643 -7.672375 -0.665812 0.704303 2.230001 0.221656
0.000000 -0.101331 -7.834986 -0.776476 0.636767 2.259596 0.222113
0.000000 -0.137653 -7.998198 -0.851915 0.597025 2.206950 0.209879
0.000000 -0.289400 -8.445833 -0.754826 0.616192 2.344176 0.224851
0.000000 -0.391549 -8.832347 -0.711684 0.673892 2.492581 0.233677
0.000000 -0.485973 -9.128853 -0.809454 0.722630 2.775795 0.251454
0.000000 -0.584781 -9.588231 -0.963851 0.796849 2.961403 0.260358
0.000000 -0.731406 -9.865966 -0.952554 0.934275 2.720254 0.280143
0.000000  -0.903378 -10.366755  -0.896221 1.099826 3.070199 0.300777
0.000000  -1.051520 -10.906609  -1.019753 1.268255 3.307656 0.313111
0.000000  -1.201363 -11.391536  -1.213259 1.364985 3.540297 0.330426
0.000000  -1.348246 -11.812035  -1.406900 1.541525 3.710578 0.346343
0.000000  -1.409620 -12.093696  -1.531114 1.607296 3.553126 0.354551
0.000000  -1.555606 -12.451195  -1.633267 1.647127 3.333067 0.375844
0.000000  -1.730047 -12.892401  -1.660482 1.708677 2.755738 0.391518
0.000000  -1.869255 -13.195199  -1.615366 1.824332 2.770415 0.409766
0.000000  -1.966485 -13.517054  -1.591644 1.909886 2.832332 0.424445
0.000000  -2.142841 -13.861835  -1.697165 2.060604 2.804944 0.439516
0.000000  -2.238691 -14.160647  -1.805023 2.072875 3.390151 0.438290
0.000000  -2.327813 -14.475870  -1.869510 2.186955 3.534607 0.457728
0.000000  -2.542734 -14.955436  -1.850208 2.500086 3.901838 0.517155
0.000000  -2.802007 -15.371587  -1.790696 2.684095 4.148622 0.549673
0.000000  -3.051086 -15.692483  -1.732994 2.903516 4.274615 0.552578
0.000000  -3.337063 -16.106195  -1.693371 2.957118 3.896002 0.540823
0.000000  -3.513041 -16.340340  -1.646880 3.069197 4.065109 0.569105
0.000000  -3.679276 -16.617277  -1.620517 3.150470 4.148591 0.580177
0.000000  -3.949229 -16.840921  -1.670553 3.461862 4.676038 0.617013
0.000000  -4.310160 -17.224739  -1.782688 3.552708 4.442546 0.592962
0.000000  -4.572895 -17.451823  -1.845447 3.681019 4.781079 0.630762
0.000000  -4.631847 -17.365989  -1.845112 3.794030 5.271519 0.656389
0.000000  -4.536847 -17.191849  -1.804559 3.285599 3.689959 0.582700
0.000000  -5.010796 -17.953770  -1.828839 3.462010 3.668476 0.588502
0.000000  -5.578603 -18.907715  -2.095946 3.696959 3.950208 0.630117
0.000000  -5.828407 -19.188319  -2.329069 3.760220 3.903426 0.646080
0.000000  -6.089173 -19.480644  -2.483366 3.881963 4.017980 0.682456
0.000000  -6.331289 -19.668937  -2.400367 4.306199 4.576597 0.741639
0.000000  -6.459011 -19.723943  -2.287946 4.840967 5.947530 0.832422
0.000000  -6.529391 -19.902494  -2.225377 5.049628 5.962867 0.850399
0.000000  -6.556590 -20.050075  -2.222125 5.073693 5.842100 0.848033
0.000000  -6.685275 -20.269069  -2.196124 5.161812 5.873407 0.877703
0.000000  -6.802035 -20.508239  -2.121511 5.286753 6.167500 0.905314
0.000000  -6.860748 -20.612416  -2.084625 5.183601 5.818020 0.869424
0.000000  -6.978858 -20.851114  -2.066300 5.287914 5.954113 0.895201
0.000000  -7.029059 -20.981313  -2.083418 5.482402 5.968978 0.899096
0.000000  -7.132725 -21.260913  -2.211591 5.692339 6.260662 0.938319
0.000000  -7.217622 -21.515451  -2.305109 5.975980 6.173597 0.969567
0.000000  -7.338675 -21.761688  -2.379653 6.202382 6.155890 1.001499
0.000000  -7.451681 -21.990158  -2.387368 6.415020 6.357555 1.036030
0.000000  -7.571391 -22.272326  -2.375692 6.568155 6.481707 1.069686
0.000000  -7.665641 -22.619535  -2.351387 6.890722 6.865990 1.103863
0.000000  -7.768936 -22.871365  -2.328462 7.065156 7.046410 1.145350
0.000000  -7.982807 -23.428139  -2.290124 7.577549 7.454144 1.227610
0.000000  -8.076085 -23.690328  -2.353185 7.807590 7.562879 1.265993
0.000000  -8.173094 -23.984461  -2.448667 8.073703 7.911658 1.313198
0.000000  -8.431726 -24.788626  -2.714311 8.803198 8.583249 1.453765
0.000000  -8.547846 -25.067882  -2.839473 8.975710 8.426613 1.473261
0.000000  -8.839624 -25.685124  -3.074213 9.664476 8.915527 1.581221
0.000000  -9.158124 -26.263999  -3.244841 10.173180  9.950169  1.717952
0.000000  -9.610244 -27.006912  -3.419728 11.171712 10.995316  1.895981
0.000000  -9.803005 -27.484019  -3.553567 11.321597 11.258221  1.965579
0.000000 -10.350406 -29.314590  -3.894133 14.034005 14.606887  2.457014
0.000000 -11.087248 -31.825045  -4.213025 18.508807 21.796083  3.418912
0.000000 -11.277340 -32.805619  -4.546591 19.292641 21.462483  3.471698
0.000000 -11.971067 -35.919383  -4.901266 27.208764 31.236794  4.804100
0.000000 -12.336775 -37.441684  -4.867104 27.532870 28.661460  4.770866
0.000000 -12.609966 -38.187987  -5.160214 34.830589 30.334210  5.121579
0.000000 -12.671683 -38.367044  -5.244870 35.066628 24.881297  4.629255
0.000000 -12.912214 -38.801494  -5.389055 52.321500 31.042372  5.098284
0.000000 -13.269905 -38.947422  -5.435242 52.657198 28.203196  4.711726
0.000000 -13.461436 -39.769751  -5.688598 46.162794 23.971690  4.017675
0.000000 -13.929279 -40.555551  -5.979617 51.369778 25.689006  4.205188
0.000000 -14.011283 -40.739594  -5.998970 57.651335 29.138690  5.014318
0.000000 -14.144140 -41.311784  -6.110611 60.529895 37.765093  5.917034
0.000000 -14.201351 -41.569936  -6.020514 48.652259 37.571728  5.660820
0.000000 -14.429787 -42.024795  -5.996291 60.013407 39.109829  5.779259
0.000000 -14.798195 -42.708402  -6.046188 65.440828 37.923479  5.964146
0.000000 -14.979662 -43.029739  -6.144126 86.819167 42.526494  6.452392
0.000000 -15.448612 -43.701014  -6.427008 97.563870 50.789055  7.193077
0.000000 -15.943110 -44.541823  -6.700811 106.348488  50.335483   7.174491
0.000000 -16.496001 -45.169564  -6.952042 144.875470  99.459566  12.790180
0.000000 -16.800240 -45.820285  -6.918919 143.457120  87.265414  11.145713
0.000000 -17.726390 -47.123765  -6.759749 164.177109 128.212937  14.989163
0.000000 -18.137108 -47.891857  -6.923916 166.915386 121.814825  14.655096
0.000000 -18.578386 -48.470633  -7.189834 138.582236  61.392304   8.242527
0.000000 -18.794942 -48.815644  -7.324071 190.331543 123.313611  14.815968
0.000000 -17.866510 -49.583944  -7.411228 206.547400 116.349100  14.894708
0.000000 -18.054259 -50.233001  -7.621331 141.019541  79.330462  10.146821
0.000000 -18.510323 -51.092488  -7.407890 133.375921  81.532186  10.188974
0.000000 -19.547246 -53.707302  -7.791816 172.891736  89.058194  11.564274
0.000000 -20.388769 -54.019141  -7.673072 404.392582 334.809936  36.442812
0.000000 -20.563180 -55.128248  -8.073685 438.376166 385.920462  37.366608
0.000000 -21.289571 -55.519693  -8.143579 303.699389 115.060910  18.845038
0.000000 -21.925102 -55.830645  -8.207371 338.574029 230.335938  26.723900
0.000000 -22.285479 -55.756570  -8.158071 286.214372 139.571532  18.483722
0.000000 -22.228982 -55.552487  -8.091871 326.846886 182.380493  21.952415
0.000000 -22.632049 -55.970310  -8.204337 393.484411 212.851381  23.556309
0.000000 -23.191307 -56.519768  -8.334010 397.020456 197.016172  20.651843
0.000000 -24.150538 -58.321221  -8.731123 404.178981 213.846445  21.458722
0.000000 -25.706190 -60.286225  -8.929816 523.379060 234.147286  26.959114
0.000000 -25.794583 -60.356988  -8.909136 550.992352 273.203645  32.742308
0.000000 -26.872272 -62.161240  -9.394948 348.095040 275.553444  35.573251
0.000000 -27.366987 -62.345416  -9.535258 228.980290 246.482717  26.300913
0.000000 -27.999060 -62.507348  -9.660513 296.070259 265.096128  25.871994
0.000000 -27.939870 -61.690621  -9.378418 204.831965 231.882323  22.592537
0.000000 -28.244326 -61.890331  -9.326690 256.836271 218.376263  23.232474
0.000000 -28.667350 -62.350215  -9.476896 290.242837 192.325610  22.712039
0.000000 -29.350085 -63.069849  -9.675165 352.387388 210.987643  23.568860
0.000000 -30.693898 -65.335029 -10.235648 292.130322 196.896347  21.512396
0.000000 -31.169986 -66.155958 -10.378273 313.317088 239.973394  27.300861
0.000000 -31.477222 -66.628915 -10.646026 431.625138 250.215859  31.183221
0.000000 -32.013174 -67.430791 -10.954542 562.551740 280.595561  38.658961
0.000000 -32.338947 -67.907323 -10.912778 672.146966 328.319964  39.692956
0.000000 -32.167986 -67.653890 -10.906159 609.017576 292.469516  37.598397
0.000000 -32.672559 -68.382621 -11.212207 688.783056 279.336702  35.959502
0.000000 -32.703089 -68.588318 -11.147371 643.539301 327.020694  36.028225
0.000000 -33.067293 -69.408250 -11.072027 844.084089 380.455462  43.690906
0.000000 -33.410074 -70.218964 -11.060184 895.540559 407.149821  45.937400
0.000000 -33.844345 -71.395878 -11.204732 945.502294 416.015131  47.196950
0.000000 -34.069540 -72.666606 -11.213017 1029.717401  436.770308   49.244466
0.000000 -34.475918 -73.420110 -11.241339 951.063239 428.735403  46.795827
0.000000 -34.496673 -73.878960 -11.250423 956.758052 434.224015  47.293747
0.000000 -34.755763 -74.408907 -11.487981 993.484539 446.334445  48.539710
0.000000 -34.852111 -75.026083 -11.579540 929.751300 445.943345  47.234413
0.000000 -35.125737 -76.154159 -11.630392 900.499251 451.014574  46.550396
0.000000 -35.565851 -76.400927 -11.563721 873.208140 386.807852  42.518290
0.000000 -35.739305 -76.903560 -11.746595 661.406762 408.365600  39.285743
0.000000 -35.576546 -77.012421 -11.783673 794.609754 460.963083  42.943590
0.000000 -35.911539 -77.923499 -12.067829 1054.726221  491.078305   46.588565
0.000000 -36.296824 -78.796314 -12.329514 1106.219670  503.576224   48.609763
0.000000 -36.932874 -79.165863 -12.317724 1175.105893  509.151619   48.195257
0.000000 -37.568114 -79.731101 -12.331508 1282.103696  528.583704   50.362442
0.000000 -38.530991 -80.397434 -12.529121 1363.823414  544.367868   53.746283
0.000000 -39.227519 -80.966078 -12.903574 1443.697775  584.583622   57.011195
0.000000 -39.752121 -82.023356 -13.047112 1685.356909  609.828739   61.357020
0.000000 -40.283686 -82.747426 -13.082973 1779.803027  634.806491   63.137974
0.000000 -40.783432 -83.684832 -13.423979 1739.247826  627.676838   62.552994
0.000000 -41.530581 -84.330991 -13.722508 1838.492003  661.085096   63.484898
0.000000 -42.174906 -84.828064 -13.731987 1868.684458  649.288435   65.275480
0.000000 -42.980903 -85.379093 -13.788570 1988.243354  729.763714   70.080610
0.000000 -44.521106 -87.349412 -14.439487 2138.777654  771.319870   75.384803
0.000000 -45.279484 -88.281679 -14.579058 2329.160688  758.529497   78.748831
0.000000 -46.056966 -89.015311 -14.986375 2104.811599  766.324476   72.486020
0.000000 -46.471199 -89.573145 -15.177819 2118.591929  802.674670   71.019787
0.000000 -47.275839 -90.492628 -15.266317 2236.177010  856.569536   81.202613
0.000000 -47.737308 -90.995104 -15.238404 2157.202050  845.013279   79.238877
0.000000 -47.950252 -91.508248 -15.460957 2074.435840  897.507046   74.983061
0.000000 -48.953700 -92.841803 -15.562520 1728.937726  922.383811   75.071755
0.000000 -49.944414 -93.409049 -15.841519 2200.370709  858.666253   77.069002
0.000000 -51.111397 -94.562549 -16.196750 2311.175457  931.774028   80.059964
0.000000 -52.738472 -94.694502 -16.345470 2697.052895  979.319704   86.149288
0.000000 -54.181815 -95.040997 -16.710290 2822.715274 1115.022784   99.218964
0.000000 -54.969364 -96.045897 -16.858652 2598.746947 1070.836538   86.641004
0.000000 -56.029185 -97.134991 -17.252724 2847.139680 1146.489463   94.399047
0.000000 -58.488302 -98.550794 -17.834906 2967.891590 1231.275057  103.249670
0.000000 -58.854117 -99.419896 -18.082194 2497.566223 1191.121422   82.168800
0.000000  -59.544480 -100.147135  -18.341566 2587.128345 1248.085906   89.090831
0.000000  -60.504461 -101.481551  -18.605532 2273.425888 1284.773911   84.985371
0.000000  -60.957846 -101.598906  -18.774270 2911.028956 1270.100883   94.690021
0.000000  -62.514113 -101.966347  -19.103112 3480.852203 1556.266004  134.861840
0.000000  -63.249223 -102.639201  -19.299270 2664.238997 1544.167986  122.183990
0.000000  -63.871081 -103.232634  -19.574386 2580.332171 1483.771734  112.733628
0.000000  -64.632407 -104.128659  -19.963282 3793.157650 1676.139706  131.186141
0.000000  -65.383899 -104.390247  -20.078138 3616.285994 1715.080591  133.102834
0.000000  -66.127345 -106.054289  -20.239226 3481.875721 1800.540296  150.123535
0.000000  -68.686224 -108.483826  -21.080572 4384.008315 1981.069511  181.662531
0.000000  -69.754079 -109.450875  -21.610629 4439.826609 2055.339536  173.434983
0.000000  -70.019129 -110.353762  -21.915001 4399.162962 2040.612558  156.840004
0.000000  -70.822176 -111.506504  -22.048445 3321.404303 2012.586311  141.947391
0.000000  -74.411329 -114.366429  -22.926071 3932.448359 2348.426692  221.662660
0.000000  -76.646284 -116.767367  -23.725025 4451.601078 2389.461242  195.103438
0.000000  -77.333369 -117.289083  -24.050943 5379.052317 2441.796023  202.326829
0.000000  -78.489417 -117.730034  -24.212731 5837.331258 2640.593403  205.787103
0.000000  -78.917581 -118.631924  -24.421568 5138.229207 2526.457007  200.831078
0.000000  -79.939529 -119.515921  -24.815522 5087.620544 2552.136690  186.621488
0.000000  -80.228737 -120.857268  -24.942955 5081.167667 2390.692601  198.192165
0.000000  -80.627884 -122.069268  -25.271902 2794.463728 1984.542976  172.759605
0.000000  -81.941860 -122.242644  -25.661907 4486.103969 2598.077828  193.469126
0.000000  -83.458153 -123.432908  -25.786315 6280.086434 3178.486247  256.666797
0.000000  -84.672706 -123.923129  -26.038211 6423.745080 3029.107947  232.360714
0.000000  -85.726969 -124.541030  -26.438762 6893.645495 3413.252318  221.864067
0.000000  -87.065604 -125.499379  -26.988767 6607.426803 3712.793172  268.092863
0.000000  -88.038370 -125.815085  -27.296962 5848.786432 3049.917468  220.096002
0.000000  -88.532064 -126.601781  -27.439539 5145.722192 3127.064913  156.262384
0.000000  -90.649870 -129.593234  -28.059403 7417.388706 4445.034253  327.315114
0.000000  -91.204053 -130.875911  -28.390624 7697.158197 3836.856021  298.292107
0.000000  -92.545476 -132.349559  -28.721369 8872.978688 4204.487867  326.957609
0.000000  -92.438296 -133.981821  -28.988106 8853.701397 4294.336005  341.489852
0.000000  -93.905992 -135.145047  -29.605244 8285.375095 4478.653892  342.433228
0.000000  -93.887606 -136.319398  -29.575351 8485.783043 4134.082933  357.235997
0.000000  -94.600122 -137.288688  -29.912346 8074.635877 4173.056958  382.757562
0.000000  -95.659015 -138.581750  -30.497664 6872.008174 4187.346997  360.284887
0.000000  -97.571234 -139.019471  -30.468962 10255.427670  5043.389828   490.929050
0.000000  -98.167422 -140.050137  -30.603752 4942.427048 3403.744947  370.245155
0.000000  -98.368036 -140.855364  -30.784376 6713.578343 3813.966771  430.782590
0.000000 -100.677248 -139.719196  -31.041558 5315.775504 4122.427666  447.282618
0.000000 -102.531471 -142.154120  -32.027766 6624.635801 4379.434489  431.726805
0.000000 -102.757591 -143.156822  -32.338732 6134.542913 4604.542201  406.553323
0.000000 -104.678228 -144.913430  -32.951686 4674.035513 4252.253834  405.225489
0.000000 -106.044580 -145.101024  -32.892101 9090.732234 5401.229729  458.504390
0.000000 -108.138787 -143.968200  -33.161977 8108.083366 5383.092043  468.466564
0.000000 -108.422778 -145.631372  -33.519683 11584.027910  5655.223563   569.884503
0.000000 -109.857917 -144.674335  -33.890983 10272.592440  5972.924823   529.961846
0.000000 -109.951485 -146.986985  -34.285553 12134.108837  5424.850609   688.321579
0.000000 -110.683552 -147.453764  -34.583723 14652.770205  6711.424479   658.044597
0.000000 -111.318073 -147.836670  -34.699586 12383.421028  6181.637802   595.164967
0.000000 -112.437137 -149.066673  -34.934732 14637.576960  7238.283003   646.033935
0.000000 -113.555689 -152.099066  -35.954876 10038.599049  5546.827705   650.552926
0.000000 -117.563171 -154.540639  -37.366173 23057.835342 10593.286190  1128.523907
0.000000 -120.228822 -158.548249  -38.235586 22832.295097 13430.960024  1849.408417
0.000000 -129.543481 -161.635721  -41.163429 17595.675134 10805.692460   793.107068
0.000000 -129.850869 -162.566028  -41.471182 21082.476492 11774.112331   877.064304
0.000000 -131.026361 -162.928155  -41.923614 13436.863099  9619.555233   761.030297
0.000000 -132.762483 -164.323430  -42.321819 7182.561103 6753.621578  783.936998
0.000000 -134.196796 -164.877128  -42.598828 15722.137994  8882.651958   971.436514
0.000000 -136.057222 -166.022887  -42.845456 24096.035471 16551.523572   954.415986
0.000000 -137.854017 -166.873330  -43.063933 32215.599011 20964.393187  1094.529740
0.000000 -140.945749 -167.341004  -44.098487 36846.887839 22553.885617  1598.393277
0.000000 -144.006580 -168.356025  -44.506848 29579.558921 20110.985721  1757.915026
0.000000 -145.386950 -168.097886  -44.862440 23242.737170 19818.784835   952.678889
0.000000 -146.735241 -168.802034  -44.986077 10000.490516  8227.101063  1011.175833
0.000000 -147.902928 -169.976189  -45.495610 33541.599169 21648.386073  1281.186409
0.000000 -151.663169 -171.187667  -46.585138 22133.986592 23126.161755   812.488527
0.000000 -153.948805 -174.720603  -47.598075 99494.588491 46412.444034  2907.529694
0.000000 -160.335734 -178.733405  -49.728352 210257.806339 130780.260017   3543.006682
0.000000 -161.786830 -180.089543  -50.413560 117593.680789  55576.801360   3969.448428
0.000000 -160.043864 -182.758439  -50.447132 166707.938650 109741.202681   3037.322894
0.000000 -163.343134 -181.857017  -50.805889 32244.718664  7897.152654  3700.888878
0.000000 -164.749201 -184.398839  -51.683955 7521.957754 5441.551936 1394.451631
0.000000 -165.069616 -185.135459  -51.809540 8886.327865 5520.636968 1469.874706
0.000000 -166.252543 -184.845926  -52.502398 37591.783880 20489.543428  2040.877206
0.000000 -167.183658 -186.143054  -53.000192 12447.876110  6653.303095  1821.128834
0.000000 -167.451555 -185.450288  -53.436779 9275.792693 8934.053533 1546.627090
0.000000 -169.335233 -188.660400  -54.204898 12268.261202 19188.312180  1789.255076
0.000000 -172.815469 -193.385067  -56.032014 11546.598879 13036.117370  1660.453346
0.000000 -174.319595 -195.132408  -57.006174 11209.808125  8375.368202  1904.829630
0.000000 -174.089419 -197.953621  -57.673666 16281.531807 11690.850738  1834.107414
0.000000 -175.740727 -200.950855  -58.655215 31765.890929 17250.621465  2984.548046
0.000000 -173.598088 -203.796466  -58.452491 15497.107215 12293.520888  1807.684469
0.000000 -174.016255 -205.995470  -59.133736 11212.916419 13552.958749  1456.484660
0.000000 -176.192675 -207.311106  -60.165453 147029.025169  82893.468545   5399.629819
0.000000 -171.654577 -214.700817  -59.479780 -20347.491591   6909.230462   1996.026024
0.000000 -127.367304 -234.167295  -47.469833 2302.129472 2239.513938  758.276061
0.000000 -161.416063 -226.678366  -60.143128 -23274.053073 -11696.596408   1575.406777
0.000000 -203.360729 -183.540020  -63.571901 4729.108837 6777.173912 1856.237248
0.000000 -184.786897 -199.574114  -58.935611 4348.122185 9530.665351 1652.910145
0.000000 -184.574799 -205.122060  -60.128520 5115.073746 7084.513021 1021.359925
0.000000 -184.957426 -209.514258  -60.957619 2966.525989 4022.055266 1001.130872
0.000000 -184.504455 -212.867537  -60.408561 2211.396703 4263.589019  766.671167
0.000000 -185.519117 -214.828423  -61.210641 3023.342269 5847.697446  827.131877
0.000000 -185.083084 -217.999067  -62.037847 -18471.728642 -17731.051825   2004.822689
0.000000 -183.148855 -225.012516  -61.779275 -2446.781438  5037.485533  2643.803453
0.000000 -166.624792 -245.581474  -59.279791 -5919.684381    67.374500  2474.829792
0.000000 -150.879965 -261.345155  -58.631538 2119.565267 1412.849397  650.743991
0.000000 -160.035880 -256.298724  -61.000805 3573.770227 2117.147174  816.258904
0.000000 -170.773911 -250.851086  -64.142750 -267361.529488 -137630.030118    2268.920820
0.000000 -134.146874 -289.521671  -59.262978  3607.979765 -5077.896940  3302.703640
0.000000 -118.563938 -320.534003  -64.917012 4397.227205 2451.358124 1074.767740
0.000000 -135.954990 -293.744765  -71.092877 27074.678412  1773.849191  1405.233467
