0.000000 3.603873 0.632497
0.000000 3.568738 0.609689
0.000000 3.468513 0.593504
0.000000 3.486453 0.551177
0.000000 3.444408 0.565385
0.000000 3.491964 0.545409
0.000000 3.478971 0.460616
0.000000 3.472032 0.423707
0.000000 3.485096 0.413681
0.000000 3.480286 0.414996
0.000000 3.530914 0.403784
0.000000 3.528303 0.397319
0.000000 3.526003 0.390212
0.000000 3.524369 0.379170
0.000000 3.530133 0.372700
0.000000 3.526010 0.355203
0.000000 3.519844 0.352397
0.000000 3.513832 0.347445
0.000000 3.517640 0.342331
0.000000 3.556391 0.326879
0.000000 3.570725 0.294103
0.000000 3.581357 0.269625
0.000000 3.596763 0.246134
0.000000 3.597282 0.238633
0.000000 3.585961 0.234535
0.000000 3.553470 0.223866
0.000000 3.570994 0.216272
0.000000 3.586086 0.214346
0.000000 3.583056 0.201588
0.000000 3.593019 0.195734
0.000000 3.597012 0.192915
0.000000 3.596204 0.190732
0.000000 3.584083 0.187999
0.000000 3.599580 0.175670
0.000000 3.636933 0.170369
0.000000 3.675115 0.154695
0.000000 3.701884 0.149706
0.000000 3.736557 0.144989
0.000000 3.743249 0.134506
0.000000 3.755594 0.132386
0.000000 3.758952 0.130431
0.000000 3.770322 0.129031
0.000000 3.773640 0.125860
0.000000 3.754616 0.124281
0.000000 3.737892 0.123771
0.000000 3.761631 0.122379
0.000000 3.770530 0.121736
0.000000 3.764164 0.120522
0.000000 3.664060 0.115552
0.000000 3.671155 0.115263
0.000000 3.678299 0.114469
0.000000 3.695276 0.113596
0.000000 3.707902 0.113118
0.000000 3.636236 0.104946
0.000000 3.603173 0.107147
0.000000 3.590328 0.107416
0.000000 3.595404 0.107557
0.000000 3.589164 0.107942
0.000000 3.584933 0.107325
0.000000 3.597489 0.107826
0.000000 3.587394 0.108117
0.000000 3.584287 0.107508
0.000000 3.587533 0.107353
0.000000 3.584817 0.106759
0.000000 3.586248 0.105641
0.000000 3.592270 0.104201
0.000000 3.588517 0.104161
0.000000 3.580838 0.104003
0.000000 3.568282 0.104683
0.000000 3.554321 0.103556
0.000000 3.551364 0.107329
0.000000 3.551593 0.105710
0.000000 3.555490 0.103799
0.000000 3.552628 0.103605
0.000000 3.551553 0.102965
0.000000 3.548444 0.102658
0.000000 3.547061 0.102148
0.000000 3.541295 0.102511
0.000000 3.540704 0.102407
0.000000 3.538477 0.102542
0.000000 3.521489 0.102172
0.000000 3.523769 0.101695
0.000000 3.510583 0.101247
0.000000 3.504305 0.100801
0.000000 3.491451 0.100485
0.000000 3.492141 0.100290
0.000000 3.494941 0.100018
0.000000 3.491371 0.099984
0.000000 3.487807 0.099558
0.000000 3.494549 0.099175
0.000000 3.492725 0.098315
0.000000 3.493493 0.098290
0.000000 3.488178 0.098611
0.000000 3.488457 0.098351
0.000000 3.495798 0.098637
0.000000 3.494105 0.098411
0.000000 3.497255 0.098346
0.000000 3.501795 0.098022
0.000000 3.506642 0.097758
0.000000 3.506525 0.097902
0.000000 3.506799 0.097626
0.000000 3.502805 0.096589
0.000000 3.511212 0.095534
0.000000 3.517346 0.097558
0.000000 3.511696 0.096332
0.000000 3.510617 0.095594
0.000000 3.506445 0.094081
0.000000 3.515682 0.096458
0.000000 3.521399 0.097365
0.000000 3.524547 0.097754
0.000000 3.528167 0.097295
0.000000 3.530969 0.096854
0.000000 3.533695 0.097404
0.000000 3.530585 0.095946
0.000000 3.533146 0.096879
0.000000 3.528622 0.097633
0.000000 3.526836 0.097767
0.000000 3.528264 0.097697
0.000000 3.531028 0.097265
0.000000 3.520236 0.097549
0.000000 3.526595 0.097668
0.000000 3.525179 0.097467
0.000000 3.524424 0.097342
0.000000 3.524624 0.097057
0.000000 3.520123 0.097225
0.000000 3.523503 0.097085
0.000000 3.523321 0.096850
0.000000 3.535828 0.096621
0.000000 3.534806 0.096322
0.000000 3.537131 0.096378
0.000000 3.537488 0.096066
0.000000 3.532524 0.095736
0.000000 3.522684 0.095756
0.000000 3.527910 0.095476
0.000000 3.527674 0.095662
0.000000 3.522685 0.095585
0.000000 3.521998 0.095608
0.000000 3.519190 0.095823
0.000000 3.520258 0.095765
0.000000 3.521401 0.095727
0.000000 3.521866 0.095575
0.000000 3.527808 0.095376
0.000000 3.520583 0.094632
0.000000 3.515242 0.094488
0.000000 3.485354 0.093784
0.000000 3.478973 0.092235
0.000000 3.445651 0.093367
0.000000 3.463281 0.090312
0.000000 3.473676 0.091183
0.000000 3.474734 0.091706
0.000000 3.456475 0.091857
0.000000 3.447058 0.092202
0.000000 3.459220 0.091947
0.000000 3.465944 0.093187
0.000000 3.459764 0.094357
0.000000 3.462212 0.094209
0.000000 3.475148 0.093896
0.000000 3.472413 0.094757
0.000000 3.471476 0.094776
0.000000 3.467378 0.094917
0.000000 3.466806 0.093659
0.000000 3.471667 0.094050
0.000000 3.476729 0.094525
0.000000 3.473703 0.094595
0.000000 3.474818 0.094822
0.000000 3.471508 0.094562
0.000000 3.461270 0.094858
0.000000 3.464932 0.094697
0.000000 3.464258 0.093484
0.000000 3.472951 0.094015
0.000000 3.472960 0.094520
0.000000 3.471599 0.094295
0.000000 3.465918 0.092352
0.000000 3.462892 0.092981
0.000000 3.469434 0.092774
0.000000 3.476234 0.093250
0.000000 3.461935 0.094029
0.000000 3.462847 0.094750
0.000000 3.463163 0.094335
0.000000 3.468577 0.093165
0.000000 3.460752 0.094824
0.000000 3.457305 0.094799
0.000000 3.445914 0.094416
0.000000 3.456581 0.074664
0.000000 3.473631 0.094103
0.000000 3.471054 0.090977
0.000000 3.460297 0.080343
0.000000 3.442188 0.070816
0.000000 3.419004 0.083710
0.000000 3.426551 0.084027
0.000000 3.463738 0.091679
0.000000 3.484132 0.089043
0.000000 3.484033 0.091187
0.000000 3.486118 0.093159
0.000000 3.463948 0.079042
0.000000 3.412418 0.081057
0.000000 3.424502 0.085995
0.000000 3.458043 0.091934
0.000000 3.461857 0.091261
0.000000 3.492082 0.085276
0.000000 3.449014 0.074845
0.000000 3.442661 0.060322
0.000000 3.493259 0.074021
0.000000 3.482355 0.056251
0.000000 3.359085 0.060641
0.000000 3.281653 0.067771
0.000000 3.291903 0.076527
0.000000 3.318386 0.080358
0.000000 3.350936 0.069258
0.000000 3.407316 0.081327
0.000000 3.446777 0.081728
0.000000 3.523362 0.090546
0.000000 3.494105 0.064235
0.000000 3.530260 0.058051
0.000000 3.579011 0.075466
0.000000 3.620736 0.090157
0.000000 3.632923 0.088774
0.000000 3.620582 0.075762
0.000000 3.625396 0.085335
0.000000 3.632993 0.056145
0.000000 3.641559 0.071388
0.000000 3.617860 0.084593
0.000000 3.617380 0.070542
0.000000 3.587282 0.089515
0.000000 3.592899 0.082692
0.000000 3.593946 0.086365
0.000000 3.585214 0.087745
0.000000 3.568442 0.089680
0.000000 3.560580 0.069400
0.000000 3.560239 0.092608
0.000000 3.563090 0.077204
0.000000 3.529523 0.069759
0.000000 3.538831 0.078022
0.000000 3.546112 0.084100
0.000000 3.495161 0.026658
0.000000 3.383579 0.077434
0.000000 3.457973 0.054037
0.000000 3.560565 0.081105
0.000000 3.540408 0.078143
0.000000 3.552737 0.087121
0.000000 3.542677 0.081898
0.000000 3.525050 0.091410
0.000000 3.532489 0.094352
0.000000 3.545459 0.089203
0.000000 3.545438 0.092338
0.000000 3.542959 0.074200
0.000000 3.536212 0.092435
0.000000 3.534885 0.094367
0.000000 3.529594 0.057613
0.000000 3.533838 0.088150
0.000000 3.529791 0.095120
0.000000 3.528913 0.091392
0.000000 3.524909 0.093484
0.000000 3.521890 0.093227
0.000000 3.532743 0.057450
0.000000 3.525227 0.083849
0.000000 3.521523 0.095148
0.000000 3.520720 0.094857
0.000000 3.518963 0.091605
0.000000 3.516756 0.095214
0.000000 3.514084 0.095220
0.000000 3.510719 0.090362
0.000000 3.506831 0.092157
0.000000 3.508829 0.095116
0.000000 3.506301 0.092056
0.000000 3.508190 0.095068
0.000000 3.503940 0.095161
0.000000 3.504143 0.095253
0.000000 3.498976 0.095232
0.000000 3.503497 0.093973
0.000000 3.504139 0.093464
0.000000 3.489898 0.091950
0.000000 3.481305 0.071535
0.000000 3.453576 0.058743
0.000000 3.478863 0.078687
0.000000 3.521377 0.071206
0.000000 3.501830 0.093366
0.000000 3.511500 0.078925
0.000000 3.499242 0.072961
0.000000 3.502240 0.082200
0.000000 3.503633 0.081023
0.000000 3.494343 0.071053
0.000000 3.510980 0.092115
0.000000 3.511549 0.094460
0.000000 3.511427 0.093813
0.000000 3.507730 0.094167
0.000000 3.506607 0.094600
0.000000 3.508906 0.095082
0.000000 3.505813 0.095185
0.000000 3.502005 0.095141
0.000000 3.499774 0.087407
0.000000 3.497472 0.063840
0.000000 3.490351 0.089308
0.000000 3.493756 0.093499
0.000000 3.486640 0.075991
0.000000 3.499154 0.094103
0.000000 3.509001 0.091043
0.000000 3.522847 0.038427
0.000000 3.501827 0.057460
0.000000 3.488695 0.087409
0.000000 3.509770 0.055895
0.000000 3.514975 0.091106
0.000000 3.562892 0.086003
0.000000 3.527793 0.070831
0.000000 3.520859 0.073340
0.000000 3.517355 0.073202
0.000000 3.516373 0.066999
0.000000 3.509010 0.034303
0.000000 3.461976 0.039214
0.000000 3.457922 0.051417
0.000000 3.476018 0.032490
0.000000 3.474622 0.047322
0.000000 3.540890 0.089156
0.000000 3.548424 0.092854
0.000000 3.546134 0.084461
0.000000 3.549588 0.095127
0.000000 3.537511 0.092249
0.000000 3.496322 0.084277
0.000000 3.499870 0.090963
0.000000 3.484809 0.093040
0.000000 3.491650 0.094077
0.000000 3.481007 0.093836
0.000000 3.482484 0.091663
0.000000 3.476379 0.093267
0.000000 3.476636 0.093962
0.000000 3.468917 0.088278
0.000000 3.467930 0.092544
0.000000 3.462271 0.093663
0.000000 3.471342 0.068266
0.000000 3.458571 0.062916
0.000000 3.453340 0.060571
0.000000 3.423932 0.079161
0.000000 3.428384 0.093244
0.000000 3.440369 0.088958
0.000000 3.440127 0.086224
0.000000 3.444801 0.090161
0.000000 3.447150 0.095180
0.000000 3.449200 0.093026
0.000000 3.453286 0.095043
0.000000 3.439144 0.092570
0.000000 3.449230 0.094185
0.000000 3.451939 0.095118
0.000000 3.454901 0.095087
0.000000 3.453111 0.093904
0.000000 3.452746 0.095031
0.000000 3.454837 0.094561
0.000000 3.455418 0.094292
0.000000 3.453888 0.091257
0.000000 3.459617 0.091698
0.000000 3.457628 0.089294
0.000000 3.452552 0.073588
0.000000 3.460802 0.093884
0.000000 3.464917 0.090391
0.000000 3.471464 0.087790
0.000000 3.463565 0.092475
0.000000 3.455952 0.092130
0.000000 3.459649 0.093190
0.000000 3.466070 0.094490
0.000000 3.457350 0.088129
0.000000 3.469375 0.093689
0.000000 3.473671 0.065166
0.000000 3.475017 0.081357
0.000000 3.467351 0.041256
0.000000 3.461363 0.091071
0.000000 3.458386 0.093120
0.000000 3.460596 0.094468
0.000000 3.464264 0.095095
0.000000 3.461739 0.087358
0.000000 3.466721 0.092318
0.000000 3.466584 0.093276
0.000000 3.466790 0.091317
0.000000 3.459901 0.052199
0.000000 3.469527 0.094457
0.000000 3.489687 0.094730
0.000000 3.473545 0.093114
0.000000 3.470654 0.092672
0.000000 3.464841 0.093355
0.000000 3.467274 0.094750
0.000000 3.466035 0.086928
0.000000 3.468343 0.068619
0.000000 3.454839 0.085564
0.000000 3.447390 0.093273
0.000000 3.455745 0.094895
0.000000 3.453441 0.083636
0.000000 3.452615 0.094498
0.000000 3.452441 0.094789
0.000000 3.432837 0.070091
0.000000 3.427204 0.093374
0.000000 3.443039 0.094477
0.000000 3.453713 0.093880
0.000000 3.458680 0.094157
0.000000 3.469325 0.082445
0.000000 3.466464 0.093413
0.000000 3.474097 0.089738
0.000000 3.476088 0.092241
0.000000 3.467741 0.084394
0.000000 3.477112 0.073448
0.000000 3.493961 0.089303
0.000000 3.497212 0.025700
0.000000 3.455616 0.078073
0.000000 3.473439 0.092558
0.000000 3.469462 0.078212
0.000000 3.468937 0.091127
0.000000 3.469452 0.089723
0.000000 3.434667 0.047224
0.000000 3.456982 0.063098
0.000000 3.425567 0.077538
0.000000 3.457263 0.092503
0.000000 3.455448 0.093593
0.000000 3.452940 0.094004
0.000000 3.458565 0.097145
0.000000 3.464699 0.067881
0.000000 3.464707 0.096016
0.000000 3.479293 0.095880
0.000000 3.463799 0.095421
0.000000 3.463921 0.093930
0.000000 3.458577 0.092851
0.000000 3.462259 0.092974
0.000000 3.464995 0.068098
0.000000 3.470041 0.103641
0.000000 3.473230 0.104042
0.000000 3.462742 0.104153
0.000000 3.464460 0.099119
0.000000 3.460234 0.100332
0.000000 3.463846 0.047587
0.000000 3.460755 0.094520
0.000000 3.466790 0.102541
0.000000 3.486685 0.067039
0.000000 3.471342 0.108863
0.000000 3.459530 0.112517
0.000000 3.457769 0.113681
0.000000 3.461174 0.090015
0.000000 3.468163 0.082780
0.000000 3.460171 0.090002
0.000000 3.426300 0.056959
0.000000 3.441477 0.025263
0.000000 3.389414 0.030312
0.000000 3.429930 0.089058
0.000000 3.439458 0.085337
0.000000 3.438645 0.050824
0.000000 3.441043 0.092850
0.000000 3.453011 0.057442
0.000000 3.440425 0.099246
0.000000 3.440028 0.097607
0.000000 3.440348 0.051995
0.000000 3.492657 0.015608
0.000000 3.440311 0.082975
0.000000 3.673519 0.003783
0.000000 3.744154 0.173692
0.000000 3.393828 0.002421
0.000000 3.401183 0.066720
0.000000 3.406972 0.099269
0.000000 3.415405 0.041428
0.000000 3.418793 0.114063
0.000000 3.418795 0.107988
0.000000 3.450136 0.037626
0.000000 3.562723 0.003605
0.000000 3.542585 0.049860
0.000000 3.570875 0.010226
0.000000 3.602428 -0.186369
0.000000 3.833552 0.028601
0.000000 3.879427 0.008939
0.000000 3.943855 0.037531
