DelayedMarginalization 0.000923495 6.21892e-08 0.00167452 480
DelayedMarginalizationOnly 0.00042424 4.59314e-08 0.000849131 480
EF-marginalizeFrame 0.00133623 9.44224e-08 0.00239889 480
FullSystem::trackNewCoarse 0.00502545 4.34686e-06 0.0162106 2442
FullSystem::trackNewCoarseNoIMU 0.00455277 0.000192272 0.116555 157
FullSystemOptimize 0.0358542 0.000151006 0.0667297 496
GraphUnrolling 0.017955 0.000153696 0.0447195 12
IMUInitAddPose 2.75344e-05 2.41778e-11 5.7798e-05 496
IMUInitOptimize 0.0050495 3.86349e-06 0.0102564 18
IMUIntegration::finishKeyframeOperations 5.75632e-05 2.00126e-10 0.000141056 463
InitializerFirstFrame 0.0556788 1.57106e-05 0.0628554 6
InitializerOtherFrames 0.216825 0.000791881 0.260524 45
MainMarginalization 0.00117832 7.15125e-08 0.00198945 480
MarginalizationReplacementBuildGraph 0.00166602 3.82048e-07 0.0026502 6
MarginalizationReplacementReplaceGraph 0.0304245 9.78884e-05 0.0449579 5
MarginalizeMainGraph 0.000498498 9.94429e-09 0.000824152 480
PGBA 0.0846909 0.00155155 0.151051 8
PGBAFull 0.0524117 0.00300946 0.157998 14
PrepareGraphForMainOptimization 0.0180616 0.000154752 0.0449155 12
VisualMarginalization 4.57419e-05 1.52315e-10 0.000190652 480
activatePointsMT 0.00494791 3.26651e-06 0.0130643 496
addActiveFrame 0.027837 0.00143924 0.294141 2650
addIMUData 0.000894196 7.57724e-08 0.00507613 2442
addIMUDataToBA 3.3162e-05 1.06412e-10 7.0065e-05 2644
addKeyframeToBA 3.35398e-05 7.4015e-11 5.9434e-05 496
afterCoarseTracking 1.55449e-05 7.20822e-09 0.00141228 2599
baIteration 0.00541709 3.45176e-06 0.0133675 2987
baMatrixInversion 0.00021656 4.42746e-09 0.000543053 2987
baUpdateBuildHessians 0.000517991 2.70649e-08 0.00503997 2987
coarseTrackingIteration 0.00022698 7.04434e-09 0.00640231 42277
computeBAUpdate 0.00081396 5.68656e-08 0.00548096 2987
computeCoarseUpdate 0.000107203 8.97106e-10 0.00266149 39328
computeFactorForCoarseGraphAndMarginalCovariances 0.00336729 4.76008e-07 0.00610447 463
convertHAndBFromDSO 0.000149487 4.08518e-09 0.000589695 4906
debugPlot 1.57833e-07 2.59601e-15 4.43e-07 496
debugPlotIDepthMap 0.00323595 9.39278e-07 0.00632761 496
debugPlotIDepthMapFloat 1.67452e-07 1.09827e-15 3.16e-07 496
deliverTrackedFrame 0.0159528 0.000731731 0.245748 2605
flagFramesForMarginalization 1.5977e-06 3.02704e-13 3.123e-06 496
fullCoarseTracking 0.00597548 1.58174e-05 0.116623 2599
initObjectsAndMakeImage 0.00248288 6.37883e-08 0.00557577 2650
makeKeyframe 0.0659962 0.000597116 0.244647 496
makeKeyframeChangeTrackingRef 0.0059847 2.73106e-06 0.0112644 496
makeNewTraces 0.00637717 1.00972e-06 0.0100572 496
makeNonKeyframe 0.00284484 3.83368e-06 0.00923388 2109
marginalizeAndRemovePoints 0.00224413 3.10568e-06 0.00657498 496
marginalizeFrame 0.00209935 4.37536e-07 0.00468888 480
marginalizeFrameOverhead 0.000760335 2.33567e-07 0.00296909 480
marginalizeFrames 0.00203885 6.06679e-07 0.00469976 496
newFrameAndNewResidualsForOldPoints 0.000651593 2.78717e-07 0.00189716 496
printBiases 2.95411e-05 1.82427e-10 0.000222753 496
printEigenValLine 1.46536e-07 1.40121e-15 3.31e-07 496
printLogLine 2.02908e-05 1.08041e-11 3.7697e-05 496
publishInMakeKeyframe 0.000253772 9.31503e-09 0.00127358 496
removeOutliers 0.000130716 8.71255e-09 0.000374879 496
swapTrackingRef 3.44537e-05 6.92548e-11 6.4614e-05 491
timeMeasurement 9.71979e-07 1.51505e-13 1.2284e-05 2650
traceNewCoarse 0.00264499 3.39249e-06 0.00921904 2605
updateBAValues 6.07824e-06 5.74119e-12 2.7826e-05 4739
zero 9.71053e-08 7.69064e-16 4.5e-07 2650
