1520530315.599645 1.106356 0.435056
1520530315.749639 1.114795 0.252064
1520530315.899643 1.114197 0.207928
1520530316.049648 1.115132 0.199397
1520530316.100221 1.115114 0.197844
1520530316.300227 1.115003 0.179412
1520530316.450231 1.112055 0.167203
1520530316.650280 1.108779 0.160079
1520530316.900287 1.107882 0.154718
1520530316.999775 1.109024 0.148307
1520530317.199781 1.108073 0.129474
1520530317.349743 1.106590 0.117079
1520530317.549752 1.106920 0.105776
1520530317.699755 1.106732 0.100382
1520530317.750237 1.107166 0.097499
1520530317.900242 1.106348 0.093847
1520530318.050246 1.106800 0.091832
1520530318.150816 1.107248 0.090629
1520530318.300772 1.106833 0.088688
1520530318.450777 1.106242 0.086070
1520530318.600567 1.105425 0.083596
1520530318.750571 1.104907 0.081862
1520530318.900576 1.104520 0.080520
1520530318.999955 1.104922 0.078417
1520530319.149961 1.105318 0.073117
1520530319.299965 1.104844 0.067699
1520530319.399832 1.104264 0.064618
1520530319.549837 1.103802 0.061690
1520530319.699841 1.103323 0.060674
1520530319.800341 1.103314 0.060682
1520530319.900344 1.103200 0.060512
1520530320.000347 1.102744 0.059414
1520530320.100350 1.103137 0.057821
1520530320.200401 1.102707 0.056409
1520530320.300404 1.102155 0.055263
1520530320.450408 1.102049 0.053998
1520530320.599869 1.101446 0.052214
1520530320.749874 1.102084 0.049315
1520530320.899879 1.102519 0.046083
1520530321.049740 1.102042 0.043974
1520530321.199745 1.102266 0.042528
1520530321.349750 1.102308 0.041014
1520530321.499857 1.101946 0.039672
1520530321.599860 1.102220 0.038945
1520530321.699863 1.102395 0.038219
1520530321.850152 1.103310 0.037216
1520530322.000157 1.103783 0.035896
1520530322.100160 1.103158 0.035153
1520530322.250207 1.102339 0.034776
1520530322.450214 1.102413 0.034674
1520530322.650023 1.102546 0.034113
1520530322.850030 1.102281 0.033182
1520530323.000035 1.102248 0.032671
1520530323.150076 1.102549 0.032248
1520530323.300080 1.102208 0.031915
1520530323.450085 1.102613 0.030636
1520530323.550346 1.102164 0.029486
1520530323.650349 1.101331 0.028626
1520530323.750353 1.101226 0.028144
1520530323.900153 1.100928 0.027736
1520530324.050157 1.100684 0.027533
1520530324.200162 1.101243 0.027321
1520530324.299908 1.101715 0.027105
1520530324.399911 1.102081 0.026840
1520530324.499994 1.101561 0.026496
1520530324.599917 1.101347 0.026218
1520530324.750020 1.101268 0.025933
1520530324.900024 1.101352 0.025827
1520530325.100816 1.101776 0.025667
1520530325.300822 1.101945 0.025217
1520530325.500828 1.102443 0.024393
1520530325.700918 1.102156 0.023417
1520530325.900924 1.101834 0.022899
1520530326.000543 1.101734 0.022697
1520530326.150548 1.101528 0.022399
1520530326.300552 1.101597 0.022142
1520530326.400206 1.101758 0.022020
1520530326.600213 1.101750 0.021877
1520530326.750427 1.101608 0.021864
1520530326.950432 1.101883 0.021442
1520530327.050437 1.101743 0.021080
1520530327.150431 1.101453 0.020784
1520530327.300436 1.101301 0.020449
1520530327.450441 1.101466 0.020198
1520530327.550090 1.101380 0.019944
1520530327.650103 1.101445 0.019669
1520530327.750096 1.101108 0.019437
1520530327.850099 1.100173 0.019323
1520530327.950102 1.100167 0.019203
1520530328.000280 1.100535 0.019128
1520530328.100283 1.100363 0.018951
1520530328.200287 1.099965 0.018802
1520530328.300290 1.099718 0.018705
1520530328.400337 1.099676 0.018634
1520530328.500340 1.099610 0.018598
1520530328.600344 1.099587 0.018580
1520530328.650346 1.099183 0.018569
1520530328.750348 1.099082 0.018534
1520530328.850087 1.099814 0.018479
1520530329.000092 1.100312 0.018278
1520530329.100095 1.100361 0.018109
1520530329.200044 1.100498 0.017937
1520530329.300047 1.100793 0.017732
1520530329.400050 1.100389 0.017487
1520530329.600097 1.100234 0.017184
1520530329.700100 1.100542 0.017099
1520530329.800104 1.100693 0.017030
1520530329.900107 1.101092 0.016963
1520530330.000110 1.101142 0.016880
1520530330.100162 1.101081 0.016734
1520530330.200165 1.101500 0.016511
1520530330.300169 1.102059 0.016262
1520530330.400172 1.102203 0.016022
1520530330.450787 1.102222 0.015947
1520530330.550790 1.102525 0.015862
1520530330.650793 1.102768 0.015835
1520530330.750797 1.103470 0.015803
1520530330.850367 1.103205 0.015725
1520530330.950279 1.102687 0.015594
1520530331.050282 1.102663 0.015462
1520530331.150285 1.102686 0.015367
1520530331.250735 1.102713 0.015303
1520530331.350738 1.102743 0.015269
1520530331.450741 1.102583 0.015254
1520530331.500743 1.102366 0.015244
1520530331.600746 1.102214 0.015213
1520530331.650479 1.102065 0.015172
1520530331.750483 1.101450 0.015030
1520530331.850486 1.101280 0.014796
1520530331.900488 1.100853 0.014650
1520530332.000491 1.100364 0.014376
1520530332.100388 1.100364 0.014146
1520530332.200392 1.100611 0.013977
1520530332.300399 1.100729 0.013861
1520530332.400401 1.100855 0.013806
1520530332.500483 1.100997 0.013789
1520530332.550483 1.101187 0.013786
1520530332.650488 1.101226 0.013775
1520530332.750491 1.101334 0.013720
1520530332.850494 1.101295 0.013638
1520530332.900164 1.101372 0.013594
1520530333.000168 1.101849 0.013519
1520530333.100171 1.101953 0.013478
1520530333.200174 1.102364 0.013445
1520530333.300608 1.102725 0.013397
1520530333.350610 1.102824 0.013366
1520530333.450613 1.102950 0.013310
1520530333.650619 1.103493 0.013284
1520530333.750542 1.103589 0.013276
1520530333.800544 1.103719 0.013273
1520530333.900547 1.103662 0.013254
1520530333.950549 1.103498 0.013241
1520530334.050551 1.103903 0.013190
1520530334.100216 1.104124 0.013137
1520530334.350224 1.104321 0.012843
1520530334.450227 1.104181 0.012743
1520530334.550086 1.104214 0.012689
1520530334.650089 1.104281 0.012649
1520530334.750092 1.104309 0.012596
1520530334.850095 1.104261 0.012547
1520530334.950928 1.104011 0.012506
1520530335.100933 1.104048 0.012492
1520530335.200936 1.104433 0.012488
1520530335.300938 1.104472 0.012481
1520530335.401458 1.104453 0.012470
1520530335.501461 1.104427 0.012456
1520530335.601512 1.104191 0.012438
1520530335.750223 1.104249 0.012421
1520530335.900227 1.104546 0.012392
1520530336.000230 1.104515 0.012349
1520530336.100233 1.104475 0.012308
1520530336.200179 1.104345 0.012273
1520530336.300182 1.104485 0.012217
1520530336.400185 1.104499 0.012129
1520530336.500188 1.104100 0.012034
1520530336.600584 1.103833 0.011939
1520530336.700586 1.103737 0.011873
1520530336.800590 1.103793 0.011825
1520530336.900594 1.103729 0.011788
1520530337.000258 1.103643 0.011749
1520530337.100266 1.103897 0.011678
1520530337.200351 1.103984 0.011592
1520530337.300267 1.103983 0.011514
1520530337.400301 1.104284 0.011458
1520530337.500304 1.104649 0.011408
1520530337.600307 1.105002 0.011349
1520530337.700310 1.105097 0.011252
1520530337.800854 1.105265 0.011096
1520530337.950858 1.105172 0.010856
1520530338.050862 1.105066 0.010740
1520530338.150864 1.104671 0.010662
1520530338.200470 1.104587 0.010639
1520530338.300474 1.104507 0.010622
1520530338.400477 1.104576 0.010599
1520530338.500480 1.104725 0.010568
1520530338.600260 1.104811 0.010519
1520530338.700263 1.104913 0.010460
1520530338.800266 1.104850 0.010401
1520530338.900269 1.105099 0.010350
1520530339.000272 1.105140 0.010291
1520530339.100960 1.105129 0.010243
1520530339.150962 1.105125 0.010225
1520530339.250965 1.105207 0.010202
1520530339.350968 1.105219 0.010191
1520530339.451687 1.105182 0.010187
1520530339.551690 1.105228 0.010178
1520530339.651693 1.105203 0.010169
1520530339.751697 1.105192 0.010158
1520530339.851056 1.105305 0.010143
1520530339.951059 1.105441 0.010125
1520530340.051062 1.105618 0.010114
1520530340.151065 1.105836 0.010099
1520530340.250395 1.106081 0.010076
1520530340.350399 1.106019 0.010029
1520530340.450401 1.106024 0.009978
1520530340.550404 1.106092 0.009928
1520530340.650347 1.106043 0.009892
1520530340.750350 1.106073 0.009863
1520530340.900354 1.106075 0.009840
1520530341.050774 1.106160 0.009827
1520530341.250780 1.106342 0.009788
1520530341.400785 1.106344 0.009754
1520530341.550714 1.106288 0.009737
1520530341.800722 1.106208 0.009728
1520530341.900542 1.106218 0.009723
1520530342.050546 1.106197 0.009706
1520530342.200551 1.106230 0.009676
1520530342.350675 1.106182 0.009642
1520530342.450678 1.106133 0.009622
1520530342.600683 1.106074 0.009589
1520530342.750644 1.105945 0.009537
1520530342.850648 1.105731 0.009484
1520530342.950651 1.105502 0.009417
1520530343.050654 1.105167 0.009335
1520530343.151133 1.104878 0.009242
1520530343.251136 1.104606 0.009135
1520530343.351140 1.104361 0.009015
1520530343.401141 1.104131 0.008952
1520530343.501404 1.103759 0.008820
1520530343.601407 1.103355 0.008685
1520530343.701410 1.103126 0.008534
1520530343.751410 1.102846 0.008452
1520530343.851414 1.102467 0.008290
1520530343.951402 1.102015 0.008129
1520530344.051405 1.101469 0.007974
1520530344.151408 1.101038 0.007829
1520530344.251411 1.100685 0.007701
1520530344.351408 1.100360 0.007580
1520530344.451412 1.100072 0.007466
1520530344.551415 1.099828 0.007364
1520530344.651418 1.099524 0.007270
1520530344.751636 1.099205 0.007193
1520530344.851639 1.099080 0.007124
1520530344.951642 1.099003 0.007071
1520530345.051645 1.098926 0.007017
1520530345.151845 1.098796 0.006966
1520530345.251745 1.098726 0.006922
1520530345.351748 1.098647 0.006886
1520530345.451751 1.098583 0.006852
1520530345.551195 1.098544 0.006822
1520530345.651198 1.098492 0.006793
1520530345.751201 1.098399 0.006768
1520530345.801203 1.098323 0.006757
1520530345.901206 1.098296 0.006739
1520530345.951161 1.098276 0.006732
1520530346.051476 1.098269 0.006720
1520530346.101479 1.098284 0.006715
1520530346.201481 1.098260 0.006701
1520530346.301485 1.098227 0.006693
1520530346.401376 1.098206 0.006686
1520530346.451378 1.098204 0.006684
1520530346.551380 1.098192 0.006678
1520530346.651383 1.098166 0.006672
1520530346.701385 1.098148 0.006669
1520530346.801545 1.098173 0.006665
1520530346.851546 1.098203 0.006663
1520530346.951549 1.098204 0.006662
1520530347.001551 1.098161 0.006661
1520530347.101554 1.098120 0.006660
1520530347.151556 1.098108 0.006659
1520530347.251402 1.098068 0.006657
1520530347.301403 1.098039 0.006656
1520530347.401407 1.098030 0.006654
1520530347.451408 1.098046 0.006654
1520530347.551411 1.098066 0.006652
1520530347.601218 1.098075 0.006652
1520530347.701222 1.098040 0.006650
1520530347.801224 1.098049 0.006649
1520530347.901227 1.098065 0.006648
1520530348.001163 1.098085 0.006648
1520530348.101166 1.098091 0.006648
1520530348.151168 1.098095 0.006648
1520530348.251170 1.098106 0.006647
1520530348.351173 1.098094 0.006646
1520530348.451416 1.098108 0.006646
1520530348.551419 1.098118 0.006646
1520530348.651423 1.098139 0.006646
1520530348.701425 1.098162 0.006646
1520530348.801428 1.098133 0.006645
1520530348.851315 1.098127 0.006645
1520530348.951318 1.098169 0.006644
1520530349.001320 1.098207 0.006643
1520530349.101323 1.098267 0.006640
1520530349.201326 1.098307 0.006636
1520530349.251106 1.098338 0.006635
1520530349.351109 1.098351 0.006631
1520530349.401110 1.098394 0.006630
1520530349.501114 1.098425 0.006628
1520530349.601117 1.098463 0.006626
1520530349.650935 1.098481 0.006624
1520530349.750943 1.098544 0.006622
1520530349.850941 1.098575 0.006619
1520530349.900986 1.098589 0.006618
1520530350.000946 1.098665 0.006615
1520530350.051376 1.098702 0.006613
1520530350.151379 1.098787 0.006609
1520530350.201381 1.098799 0.006606
1520530350.301384 1.098883 0.006602
1520530350.401387 1.098954 0.006598
1520530350.501516 1.098998 0.006595
1520530350.551518 1.099004 0.006594
1520530350.651521 1.099090 0.006592
1520530350.751524 1.099084 0.006591
1520530350.851527 1.099079 0.006589
1520530350.951573 1.099106 0.006587
1520530351.051576 1.099155 0.006585
1520530351.151579 1.099225 0.006583
1520530351.201581 1.099262 0.006582
1520530351.301683 1.099333 0.006580
1520530351.401685 1.099377 0.006579
1520530351.501759 1.099386 0.006578
1520530351.601688 1.099385 0.006577
1520530351.701695 1.099423 0.006576
1520530351.801698 1.099394 0.006575
1520530351.901701 1.099336 0.006574
1520530352.001704 1.099316 0.006573
1520530352.101805 1.099322 0.006572
1520530352.201808 1.099348 0.006572
1520530352.301811 1.099359 0.006571
1520530352.401814 1.099354 0.006570
1520530352.501469 1.099357 0.006570
1520530352.601472 1.099342 0.006569
1520530352.701475 1.099377 0.006568
1520530352.801478 1.099384 0.006568
1520530352.901098 1.099381 0.006567
1520530353.001101 1.099385 0.006567
1520530353.101208 1.099417 0.006565
1520530353.201107 1.099466 0.006565
1520530353.251108 1.099494 0.006564
1520530353.351398 1.099529 0.006563
1520530353.401399 1.099513 0.006562
1520530353.501402 1.099530 0.006561
1520530353.601405 1.099587 0.006560
1520530353.701408 1.099599 0.006559
1520530353.751736 1.099585 0.006559
1520530353.851739 1.099582 0.006558
1520530353.901741 1.099590 0.006558
1520530354.001744 1.099597 0.006557
1520530354.051745 1.099595 0.006557
1520530354.151896 1.099644 0.006556
1520530354.201897 1.099669 0.006556
1520530354.301900 1.099697 0.006555
1520530354.351902 1.099676 0.006555
1520530354.451905 1.099672 0.006554
1520530354.501907 1.099696 0.006554
1520530354.601593 1.099729 0.006553
1520530354.651595 1.099779 0.006553
1520530354.751597 1.099798 0.006552
1520530354.851600 1.099807 0.006552
1520530354.951359 1.099787 0.006551
1520530355.051362 1.099785 0.006550
1520530355.151365 1.099775 0.006549
1520530355.251368 1.099773 0.006549
1520530355.351371 1.099791 0.006549
1520530355.401407 1.099791 0.006549
1520530355.501410 1.099786 0.006548
1520530355.601414 1.099771 0.006548
1520530355.701417 1.099774 0.006548
1520530355.801531 1.099766 0.006548
1520530355.901534 1.099777 0.006548
1520530355.951536 1.099777 0.006548
1520530356.051539 1.099766 0.006548
1520530356.101541 1.099783 0.006548
1520530356.201376 1.099773 0.006548
1520530356.301379 1.099793 0.006547
1520530356.351380 1.099813 0.006547
1520530356.451383 1.099840 0.006547
1520530356.551386 1.099861 0.006546
1520530356.601233 1.099889 0.006546
1520530356.701236 1.099890 0.006546
1520530356.801239 1.099906 0.006546
1520530356.901242 1.099910 0.006546
1520530357.001153 1.099905 0.006545
1520530357.101156 1.099902 0.006545
1520530357.151157 1.099916 0.006545
1520530357.251160 1.099929 0.006545
1520530357.301162 1.099944 0.006545
1520530357.401658 1.099986 0.006544
1520530357.451660 1.099994 0.006544
1520530357.551663 1.100007 0.006544
1520530357.601666 1.100021 0.006543
1520530357.701667 1.100056 0.006543
1520530357.801671 1.100073 0.006543
1520530357.901559 1.100100 0.006543
1520530358.001562 1.100099 0.006542
1520530358.101565 1.100089 0.006542
1520530358.151567 1.100090 0.006542
1520530358.251625 1.100088 0.006541
1520530358.351628 1.100082 0.006541
1520530358.451631 1.100069 0.006541
1520530358.551634 1.100053 0.006541
1520530358.651798 1.100039 0.006540
1520530358.751801 1.100039 0.006540
1520530358.851805 1.100037 0.006540
1520530358.951808 1.100038 0.006540
1520530359.051806 1.100046 0.006539
1520530359.151809 1.100023 0.006539
1520530359.251812 1.100018 0.006538
1520530359.351815 1.100016 0.006537
1520530359.451919 1.100019 0.006537
1520530359.551871 1.100042 0.006537
1520530359.651874 1.100049 0.006536
1520530359.751878 1.100048 0.006535
1520530359.851881 1.100089 0.006535
1520530359.951828 1.100104 0.006534
1520530360.051831 1.100165 0.006532
1520530360.151834 1.100240 0.006530
1520530360.251837 1.100300 0.006529
1520530360.301316 1.100352 0.006528
1520530360.401319 1.100393 0.006526
1520530360.501323 1.100402 0.006524
1520530360.601326 1.100446 0.006524
1520530360.700978 1.100522 0.006523
1520530360.800981 1.100600 0.006521
1520530360.900984 1.100726 0.006517
1520530361.000988 1.100813 0.006514
1520530361.101044 1.100857 0.006511
1520530361.201047 1.100893 0.006508
1520530361.301050 1.100933 0.006505
1520530361.401053 1.101021 0.006504
1520530361.501690 1.101110 0.006502
1520530361.601693 1.101158 0.006502
1520530361.651695 1.101156 0.006502
1520530361.751698 1.101177 0.006501
1520530361.801700 1.101182 0.006501
1520530361.901939 1.101215 0.006500
1520530361.951941 1.101196 0.006500
1520530362.051944 1.101200 0.006498
1520530362.151947 1.101264 0.006495
1520530362.251950 1.101339 0.006492
1520530362.351623 1.101428 0.006489
1520530362.451626 1.101569 0.006485
1520530362.551629 1.101712 0.006479
1520530362.651727 1.101839 0.006473
1520530362.751364 1.101970 0.006468
1520530362.851367 1.102011 0.006465
1520530362.951370 1.102029 0.006463
1520530363.051374 1.102041 0.006462
1520530363.151650 1.102004 0.006462
1520530363.251653 1.101995 0.006461
1520530363.351656 1.101994 0.006461
1520530363.451659 1.101988 0.006461
1520530363.551745 1.102014 0.006460
1520530363.651748 1.102033 0.006459
1520530363.701749 1.102055 0.006458
1520530363.801753 1.102093 0.006457
1520530363.851754 1.102129 0.006456
1520530363.951780 1.102154 0.006454
1520530364.001782 1.102193 0.006453
1520530364.101785 1.102272 0.006451
1520530364.151786 1.102278 0.006451
1520530364.251789 1.102391 0.006449
1520530364.301791 1.102413 0.006448
1520530364.401853 1.102470 0.006447
1520530364.501856 1.102510 0.006446
1520530364.551858 1.102474 0.006446
1520530364.651861 1.102489 0.006445
1520530364.751864 1.102498 0.006444
1520530364.802376 1.102482 0.006444
1520530364.902379 1.102481 0.006443
1520530365.002383 1.102495 0.006441
1520530365.102386 1.102546 0.006440
1520530365.201844 1.102593 0.006439
1520530365.351849 1.102690 0.006437
1520530365.451852 1.102787 0.006434
1520530365.551855 1.102895 0.006432
1520530365.651537 1.102953 0.006429
1520530365.751540 1.102988 0.006427
1520530365.851543 1.102999 0.006426
1520530365.951546 1.102989 0.006425
1520530366.001907 1.102985 0.006424
1520530366.101910 1.102965 0.006424
1520530366.151911 1.102947 0.006424
1520530366.251915 1.102934 0.006423
1520530366.301916 1.102917 0.006423
1520530366.402120 1.102936 0.006423
1520530366.452121 1.102956 0.006423
1520530366.552125 1.102983 0.006422
1520530366.602127 1.102981 0.006421
1520530366.702130 1.103008 0.006421
1520530366.752132 1.103019 0.006421
1520530366.852166 1.103056 0.006420
1520530366.952169 1.103063 0.006420
1520530367.002170 1.103047 0.006420
1520530367.102178 1.103023 0.006419
1520530367.202177 1.103028 0.006419
1520530367.252540 1.103042 0.006419
1520530367.352543 1.103051 0.006418
1520530367.452546 1.103069 0.006417
1520530367.552549 1.103084 0.006417
1520530367.652264 1.103121 0.006416
1520530367.752267 1.103192 0.006414
1520530367.852271 1.103259 0.006412
1520530367.952274 1.103287 0.006411
1520530368.052124 1.103255 0.006410
1520530368.152127 1.103222 0.006409
1520530368.252130 1.103181 0.006409
1520530368.352134 1.103172 0.006409
1520530368.452048 1.103144 0.006408
1520530368.502050 1.103136 0.006408
1520530368.602053 1.103149 0.006408
1520530368.652054 1.103137 0.006408
1520530368.752057 1.103172 0.006407
1520530368.802058 1.103203 0.006407
1520530368.901391 1.103221 0.006407
1520530368.951392 1.103219 0.006407
1520530369.051395 1.103223 0.006407
1520530369.101397 1.103245 0.006406
1520530369.201400 1.103258 0.006407
1520530369.251401 1.103239 0.006406
1520530369.351538 1.103267 0.006406
1520530369.451542 1.103272 0.006406
1520530369.551545 1.103257 0.006406
1520530369.601546 1.103246 0.006406
1520530369.701896 1.103252 0.006406
1520530369.801900 1.103304 0.006406
1520530369.901903 1.103306 0.006406
1520530370.051908 1.103294 0.006406
1520530370.201933 1.103358 0.006405
1520530370.351937 1.103382 0.006405
1520530370.501883 1.103413 0.006404
1520530370.701889 1.103463 0.006403
1520530370.901941 1.103469 0.006401
1520530371.051946 1.103538 0.006401
1520530371.151949 1.103544 0.006400
1520530371.301953 1.103557 0.006399
1520530371.451954 1.103567 0.006398
1520530371.601959 1.103603 0.006398
1520530371.751959 1.103566 0.006398
1520530371.851963 1.103530 0.006398
1520530371.951966 1.103515 0.006397
1520530372.051969 1.103523 0.006397
1520530372.151955 1.103540 0.006397
1520530372.301960 1.103581 0.006397
1520530372.451964 1.103623 0.006396
1520530372.601958 1.103656 0.006395
1520530372.701961 1.103654 0.006394
1520530372.801964 1.103641 0.006393
1520530372.901967 1.103615 0.006393
1520530372.951617 1.103619 0.006393
1520530373.101622 1.103578 0.006392
1520530373.201626 1.103618 0.006392
1520530373.301629 1.103592 0.006392
1520530373.401458 1.103568 0.006391
1520530373.501461 1.103548 0.006391
1520530373.551463 1.103544 0.006391
1520530373.651466 1.103560 0.006390
1520530373.751469 1.103545 0.006390
1520530373.801615 1.103523 0.006390
1520530373.901585 1.103528 0.006389
1520530374.001588 1.103522 0.006389
1520530374.101591 1.103513 0.006389
1520530374.151592 1.103501 0.006389
1520530374.251955 1.103518 0.006389
1520530374.301956 1.103534 0.006389
1520530374.401959 1.103546 0.006388
1520530374.501962 1.103545 0.006388
1520530374.602407 1.103573 0.006388
1520530374.752412 1.103625 0.006387
1520530374.852415 1.103650 0.006387
1520530374.952418 1.103688 0.006387
1520530375.052444 1.103740 0.006386
1520530375.152447 1.103742 0.006386
1520530375.252454 1.103731 0.006385
1520530375.352453 1.103731 0.006385
1520530375.452214 1.103728 0.006385
1520530375.552217 1.103735 0.006385
1520530375.652220 1.103735 0.006384
1520530375.702222 1.103693 0.006384
1520530375.802225 1.103666 0.006384
1520530375.902259 1.103681 0.006384
1520530376.002262 1.103666 0.006383
1520530376.102265 1.103687 0.006383
1520530376.152267 1.103684 0.006383
1520530376.251950 1.103692 0.006383
1520530376.351954 1.103698 0.006383
1520530376.401954 1.103701 0.006383
1520530376.501958 1.103684 0.006383
1520530376.551960 1.103673 0.006382
1520530376.652663 1.103682 0.006383
1520530376.702664 1.103684 0.006382
1520530376.802668 1.103666 0.006382
1520530376.852669 1.103668 0.006382
1520530376.952672 1.103675 0.006382
1520530377.052898 1.103680 0.006382
1520530377.152900 1.103688 0.006382
1520530377.252903 1.103712 0.006382
1520530377.352906 1.103743 0.006382
1520530377.451719 1.103777 0.006382
1520530377.551722 1.103825 0.006381
1520530377.651725 1.103815 0.006381
1520530377.751728 1.103856 0.006381
1520530377.851407 1.103828 0.006381
1520530377.951411 1.103826 0.006381
1520530378.051414 1.103833 0.006380
1520530378.101416 1.103800 0.006380
1520530378.201419 1.103784 0.006380
1520530378.251420 1.103790 0.006380
1520530378.351513 1.103802 0.006380
1520530378.401515 1.103812 0.006380
1520530378.501517 1.103824 0.006380
1520530378.551519 1.103833 0.006380
1520530378.651522 1.103835 0.006380
1520530378.702209 1.103836 0.006380
1520530378.802212 1.103843 0.006380
1520530378.902215 1.103841 0.006380
1520530379.002218 1.103844 0.006380
1520530379.102149 1.103844 0.006379
1520530379.202152 1.103861 0.006379
1520530379.302155 1.103885 0.006379
1520530379.402159 1.103912 0.006378
1520530379.501850 1.103945 0.006378
1520530379.601853 1.103975 0.006378
1520530379.701856 1.103984 0.006377
1520530379.801860 1.103970 0.006377
1520530379.901824 1.103984 0.006377
1520530380.001827 1.103977 0.006377
1520530380.051829 1.103974 0.006377
1520530380.151832 1.103992 0.006377
1520530380.201888 1.104001 0.006377
1520530380.301736 1.103948 0.006376
1520530380.352160 1.103961 0.006377
1520530380.452163 1.103995 0.006376
1520530380.552166 1.104025 0.006376
1520530380.602168 1.104016 0.006376
1520530380.702171 1.104026 0.006376
1520530380.802136 1.104039 0.006376
1520530380.852138 1.104022 0.006376
1520530380.952141 1.104067 0.006376
1520530381.002143 1.104035 0.006376
1520530381.102146 1.104045 0.006376
1520530381.152048 1.104036 0.006376
1520530381.252051 1.104054 0.006376
1520530381.302052 1.104048 0.006376
1520530381.402056 1.104052 0.006375
1520530381.502058 1.104066 0.006375
1520530381.602264 1.104064 0.006375
1520530381.702267 1.104058 0.006375
1520530381.802324 1.104061 0.006375
1520530381.902273 1.104106 0.006375
1520530382.002334 1.104149 0.006375
1520530382.102337 1.104177 0.006375
1520530382.202340 1.104181 0.006375
1520530382.302343 1.104207 0.006375
1520530382.402160 1.104207 0.006375
1520530382.502164 1.104220 0.006375
1520530382.602167 1.104222 0.006375
1520530382.702170 1.104229 0.006375
1520530382.802244 1.104202 0.006375
1520530382.952249 1.104193 0.006375
1520530383.052252 1.104200 0.006375
1520530383.152255 1.104184 0.006375
1520530383.252208 1.104177 0.006375
1520530383.352211 1.104166 0.006375
1520530383.452214 1.104169 0.006375
1520530383.552217 1.104180 0.006375
1520530383.652472 1.104181 0.006375
1520530383.752476 1.104160 0.006375
1520530383.852479 1.104185 0.006374
1520530383.952482 1.104208 0.006374
1520530384.002530 1.104248 0.006374
1520530384.102533 1.104297 0.006374
1520530384.202536 1.104340 0.006374
1520530384.302539 1.104393 0.006374
1520530384.352541 1.104415 0.006374
1520530384.452434 1.104380 0.006374
1520530384.502435 1.104382 0.006374
1520530384.602439 1.104382 0.006374
1520530384.702442 1.104311 0.006374
1520530384.802857 1.104294 0.006373
1520530384.902860 1.104312 0.006373
1520530384.952861 1.104250 0.006374
1520530385.052864 1.104325 0.006373
1520530385.102866 1.104320 0.006373
1520530385.202869 1.104356 0.006373
1520530385.252705 1.104518 0.006373
1520530385.352709 1.104425 0.006373
1520530385.402710 1.104435 0.006373
1520530385.502713 1.104473 0.006373
1520530385.552715 1.104470 0.006373
1520530385.652486 1.104491 0.006373
1520530385.702487 1.104475 0.006373
1520530385.802491 1.104488 0.006373
1520530385.852492 1.104472 0.006373
1520530385.952497 1.104483 0.006373
1520530386.052544 1.104489 0.006373
1520530386.152547 1.104497 0.006372
1520530386.252550 1.104491 0.006372
1520530386.352553 1.104497 0.006372
1520530386.452758 1.104485 0.006372
1520530386.552761 1.104499 0.006372
1520530386.652764 1.104496 0.006372
1520530386.752767 1.104475 0.006372
1520530386.852674 1.104469 0.006372
1520530386.952678 1.104476 0.006372
1520530387.052681 1.104487 0.006372
1520530387.152684 1.104520 0.006372
1520530387.252606 1.104532 0.006372
1520530387.352609 1.104576 0.006372
1520530387.402611 1.104580 0.006372
1520530387.502614 1.104600 0.006372
1520530387.602617 1.104617 0.006372
1520530387.652619 1.104615 0.006372
1520530387.752459 1.104642 0.006371
1520530387.802460 1.104647 0.006372
1520530387.902463 1.104672 0.006372
1520530387.952465 1.104690 0.006372
1520530388.052468 1.104688 0.006372
1520530388.102494 1.104660 0.006372
1520530388.202544 1.104657 0.006372
1520530388.252499 1.104663 0.006372
1520530388.352502 1.104654 0.006372
1520530388.452505 1.104631 0.006372
1520530388.552854 1.104611 0.006372
1520530388.702858 1.104600 0.006372
1520530388.852863 1.104599 0.006372
1520530388.902233 1.104597 0.006372
1520530389.002237 1.104619 0.006372
1520530389.102240 1.104633 0.006372
1520530389.202243 1.104633 0.006372
1520530389.302934 1.104629 0.006372
1520530389.402938 1.104635 0.006372
1520530389.502940 1.104660 0.006371
1520530389.602943 1.104677 0.006372
1520530389.702846 1.104682 0.006372
1520530389.753403 1.104681 0.006371
1520530389.853406 1.104709 0.006371
1520530389.903408 1.104723 0.006371
1520530390.003411 1.104713 0.006371
1520530390.053412 1.104714 0.006371
1520530390.152569 1.104680 0.006371
1520530390.202569 1.104668 0.006371
1520530390.302572 1.104665 0.006371
1520530390.352575 1.104631 0.006371
1520530390.452578 1.104616 0.006371
1520530390.553324 1.104583 0.006371
1520530390.653327 1.104583 0.006371
1520530390.753331 1.104603 0.006371
1520530390.853334 1.104590 0.006371
1520530390.953379 1.104571 0.006371
1520530391.003381 1.104563 0.006371
1520530391.103384 1.104551 0.006371
1520530391.203387 1.104578 0.006371
1520530391.303389 1.104603 0.006371
1520530391.352333 1.104604 0.006371
1520530391.452336 1.104622 0.006371
1520530391.552339 1.104622 0.006371
1520530391.652342 1.104623 0.006371
1520530391.752424 1.104618 0.006371
1520530391.852427 1.104611 0.006371
1520530391.952430 1.104610 0.006371
1520530392.052433 1.104615 0.006371
1520530392.102435 1.104612 0.006371
1520530392.203142 1.104597 0.006371
1520530392.253143 1.104578 0.006371
1520530392.353147 1.104559 0.006371
1520530392.403148 1.104536 0.006371
1520530392.503151 1.104549 0.006371
1520530392.602235 1.104555 0.006371
1520530392.702237 1.104562 0.006371
1520530392.802241 1.104578 0.006371
1520530392.852242 1.104579 0.006371
1520530392.952245 1.104600 0.006371
1520530393.002174 1.104601 0.006371
1520530393.102156 1.104607 0.006371
1520530393.202159 1.104605 0.006371
1520530393.302161 1.104617 0.006371
1520530393.402921 1.104640 0.006371
1520530393.502924 1.104671 0.006370
1520530393.602927 1.104684 0.006371
1520530393.652929 1.104629 0.006371
1520530393.752932 1.104554 0.006371
1520530393.852959 1.104564 0.006371
1520530394.002964 1.104566 0.006371
1520530394.102968 1.104547 0.006370
1520530394.202165 1.104564 0.006371
1520530394.252167 1.104561 0.006371
1520530394.352170 1.104555 0.006371
1520530394.452173 1.104588 0.006371
1520530394.552176 1.104581 0.006371
1520530394.652876 1.104574 0.006371
1520530394.752879 1.104556 0.006371
1520530394.852882 1.104575 0.006370
1520530394.952885 1.104582 0.006370
1520530395.053731 1.104568 0.006371
1520530395.153734 1.104577 0.006371
1520530395.253737 1.104574 0.006370
1520530395.353740 1.104602 0.006371
1520530395.452705 1.104614 0.006371
1520530395.552709 1.104638 0.006371
1520530395.652712 1.104628 0.006371
1520530395.752715 1.104611 0.006371
1520530395.853078 1.104594 0.006371
1520530395.953081 1.104587 0.006371
1520530396.053084 1.104580 0.006371
1520530396.153087 1.104560 0.006371
1520530396.203089 1.104560 0.006371
1520530396.303237 1.104557 0.006371
1520530396.353238 1.104547 0.006371
1520530396.453241 1.104545 0.006371
1520530396.553244 1.104540 0.006371
1520530396.603246 1.104523 0.006371
1520530396.703145 1.104505 0.006371
1520530396.803148 1.104526 0.006371
1520530396.903152 1.104531 0.006370
1520530397.003155 1.104523 0.006371
1520530397.102782 1.104528 0.006371
1520530397.202785 1.104563 0.006370
1520530397.302788 1.104583 0.006370
1520530397.402791 1.104601 0.006370
1520530397.502304 1.104598 0.006370
1520530397.602308 1.104601 0.006370
1520530397.702310 1.104640 0.006370
1520530397.802315 1.104616 0.006370
1520530397.902585 1.104598 0.006370
1520530398.002588 1.104576 0.006370
1520530398.052589 1.104565 0.006370
1520530398.152592 1.104545 0.006370
1520530398.252596 1.104539 0.006370
1520530398.353367 1.104527 0.006370
1520530398.403368 1.104527 0.006370
1520530398.503371 1.104532 0.006370
1520530398.553373 1.104530 0.006371
1520530398.653376 1.104517 0.006371
1520530398.703221 1.104534 0.006370
1520530398.803225 1.104485 0.006370
1520530398.853226 1.104498 0.006370
1520530398.953229 1.104478 0.006371
1520530399.003230 1.104467 0.006370
1520530399.103233 1.104459 0.006370
1520530399.152330 1.104455 0.006370
1520530399.252333 1.104446 0.006370
1520530399.302335 1.104447 0.006370
1520530399.402342 1.104447 0.006371
1520530399.452339 1.104456 0.006370
1520530399.553006 1.104463 0.006370
1520530399.603008 1.104460 0.006370
1520530399.703011 1.104455 0.006370
1520530399.803014 1.104451 0.006370
1520530399.903017 1.104449 0.006370
1520530400.003276 1.104454 0.006370
1520530400.053278 1.104433 0.006370
1520530400.153281 1.104445 0.006370
1520530400.253284 1.104463 0.006370
1520530400.352494 1.104467 0.006370
1520530400.402496 1.104476 0.006370
1520530400.502500 1.104486 0.006370
1520530400.552501 1.104502 0.006370
1520530400.652504 1.104496 0.006370
1520530400.752291 1.104496 0.006370
1520530400.852294 1.104493 0.006370
1520530400.952297 1.104486 0.006370
1520530401.052300 1.104489 0.006370
1520530401.102302 1.104481 0.006370
1520530401.202755 1.104490 0.006370
1520530401.252756 1.104491 0.006370
1520530401.352759 1.104492 0.006370
1520530401.402761 1.104491 0.006370
1520530401.502764 1.104479 0.006370
1520530401.552766 1.104476 0.006370
1520530401.653039 1.104491 0.006371
1520530401.703041 1.104463 0.006370
1520530401.803044 1.104463 0.006370
1520530401.853045 1.104453 0.006370
1520530401.953048 1.104448 0.006370
1520530402.002281 1.104437 0.006370
1520530402.102285 1.104426 0.006370
1520530402.152286 1.104426 0.006370
1520530402.252289 1.104431 0.006370
1520530402.302290 1.104439 0.006370
1520530402.402567 1.104435 0.006370
1520530402.452569 1.104430 0.006370
1520530402.552572 1.104437 0.006370
1520530402.652672 1.104408 0.006370
1520530402.752578 1.104392 0.006370
1520530402.803416 1.104369 0.006370
1520530402.903419 1.104400 0.006370
1520530403.003422 1.104425 0.006370
1520530403.053424 1.104435 0.006370
1520530403.153427 1.104419 0.006370
1520530403.202933 1.104418 0.006370
1520530403.302936 1.104422 0.006370
1520530403.402940 1.104390 0.006370
1520530403.452941 1.104390 0.006370
1520530403.552945 1.104358 0.006370
1520530403.602946 1.104358 0.006370
1520530403.702256 1.104363 0.006370
1520530403.752257 1.104363 0.006370
1520530403.852261 1.104343 0.006370
1520530403.902261 1.104333 0.006370
1520530404.002264 1.104336 0.006370
1520530404.052745 1.104333 0.006370
1520530404.152748 1.104341 0.006370
1520530404.252829 1.104319 0.006370
1520530404.352754 1.104328 0.006370
1520530404.453112 1.104319 0.006370
1520530404.553115 1.104320 0.006370
1520530404.653119 1.104328 0.006370
1520530404.753122 1.104328 0.006370
1520530404.803123 1.104332 0.006370
1520530404.902643 1.104336 0.006370
1520530404.952645 1.104336 0.006370
1520530405.052648 1.104319 0.006370
1520530405.102650 1.104327 0.006370
1520530405.202653 1.104320 0.006370
1520530405.252327 1.104326 0.006370
1520530405.352331 1.104290 0.006370
1520530405.402333 1.104307 0.006370
1520530405.502335 1.104311 0.006370
1520530405.552337 1.104305 0.006370
1520530405.652792 1.104311 0.006370
1520530405.702792 1.104324 0.006370
1520530405.802797 1.104277 0.006371
1520530405.852855 1.104299 0.006370
1520530405.952801 1.104296 0.006370
1520530406.052804 1.104273 0.006370
1520530406.103570 1.104319 0.006370
1520530406.203573 1.104302 0.006371
1520530406.303576 1.104225 0.006371
1520530406.353577 1.104276 0.006370
1520530406.453580 1.104245 0.006371
1520530406.553487 1.104214 0.006370
1520530406.653490 1.104205 0.006371
1520530406.753493 1.104223 0.006370
1520530406.803495 1.104243 0.006371
1520530406.902692 1.104250 0.006371
1520530406.952693 1.104258 0.006371
1520530407.052696 1.104249 0.006370
1520530407.102698 1.104266 0.006370
1520530407.202701 1.104310 0.006370
1520530407.252702 1.104282 0.006370
1520530407.353185 1.104227 0.006370
1520530407.403187 1.104253 0.006370
1520530407.503190 1.104276 0.006370
1520530407.553191 1.104249 0.006370
1520530407.653194 1.104219 0.006370
1520530407.703510 1.104199 0.006371
1520530407.803513 1.104164 0.006371
1520530407.853515 1.104168 0.006370
1520530407.953518 1.104185 0.006370
1520530408.003519 1.104210 0.006370
1520530408.103522 1.104207 0.006370
1520530408.153603 1.104213 0.006370
1520530408.253606 1.104200 0.006370
1520530408.353609 1.104205 0.006370
1520530408.453613 1.104207 0.006370
1520530408.553374 1.104202 0.006370
1520530408.653377 1.104191 0.006370
1520530408.753380 1.104180 0.006370
1520530408.853383 1.104198 0.006371
1520530408.952878 1.104203 0.006370
1520530409.052890 1.104204 0.006370
1520530409.152884 1.104208 0.006370
1520530409.252887 1.104220 0.006370
1520530409.352902 1.104219 0.006370
1520530409.452906 1.104214 0.006370
1520530409.552909 1.104214 0.006370
1520530409.652912 1.104214 0.006370
1520530409.752654 1.104208 0.006370
1520530409.852657 1.104215 0.006370
1520530409.952660 1.104205 0.006370
1520530410.052664 1.104203 0.006370
1520530410.153223 1.104197 0.006370
1520530410.253226 1.104193 0.006370
1520530410.353231 1.104180 0.006370
1520530410.453232 1.104180 0.006370
1520530410.553235 1.104187 0.006370
1520530410.653876 1.104177 0.006370
1520530410.753879 1.104183 0.006370
1520530410.853882 1.104177 0.006370
1520530410.953885 1.104172 0.006370
1520530411.003418 1.104161 0.006370
1520530411.103421 1.104166 0.006371
1520530411.253426 1.104174 0.006371
1520530411.403009 1.104175 0.006370
1520530411.503012 1.104163 0.006370
1520530411.603015 1.104146 0.006370
1520530411.703018 1.104142 0.006370
1520530411.802907 1.104135 0.006371
1520530411.852907 1.104141 0.006371
1520530411.952910 1.104147 0.006370
1520530412.002912 1.104135 0.006371
1520530412.102915 1.104137 0.006370
1520530412.152916 1.104128 0.006370
1520530412.253417 1.104133 0.006370
1520530412.303419 1.104126 0.006370
1520530412.403422 1.104126 0.006370
1520530412.453423 1.104131 0.006370
1520530412.553426 1.104142 0.006370
1520530412.603428 1.104141 0.006370
1520530412.703631 1.104135 0.006370
1520530412.803634 1.104116 0.006370
1520530412.853636 1.104107 0.006370
1520530412.953639 1.104106 0.006370
1520530413.003641 1.104118 0.006370
1520530413.103011 1.104138 0.006370
1520530413.203014 1.104146 0.006370
1520530413.303017 1.104147 0.006370
1520530413.403021 1.104133 0.006371
1520530413.502941 1.104128 0.006370
1520530413.602944 1.104126 0.006370
1520530413.853107 1.104110 0.006370
1520530413.953110 1.104122 0.006370
1520530414.053113 1.104122 0.006370
1520530414.153116 1.104123 0.006370
1520530414.252894 1.104103 0.006370
1520530414.352897 1.104099 0.006370
1520530414.452900 1.104105 0.006370
1520530414.552903 1.104126 0.006370
1520530414.652705 1.104117 0.006370
1520530414.752708 1.104119 0.006370
1520530414.852712 1.104148 0.006370
1520530414.952715 1.104116 0.006370
1520530415.052718 1.104114 0.006370
1520530415.103195 1.104109 0.006370
1520530415.203199 1.104087 0.006370
1520530415.303202 1.104102 0.006370
1520530415.403205 1.104108 0.006370
1520530415.503115 1.104112 0.006370
1520530415.603071 1.104124 0.006370
1520530415.703074 1.104121 0.006370
1520530415.853079 1.104023 0.006370
1520530415.953363 1.104108 0.006370
1520530416.103368 1.104104 0.006370
1520530416.503381 1.104128 0.006370
1520530416.603384 1.104129 0.006370
1520530416.703272 1.104131 0.006370
1520530416.803277 1.104126 0.006370
1520530416.903278 1.104123 0.006370
1520530417.003283 1.104105 0.006370
1520530417.103391 1.104105 0.006370
1520530417.203373 1.104098 0.006370
1520530417.353378 1.104074 0.006370
1520530417.603465 1.104046 0.006370
1520530417.703468 1.104050 0.006370
1520530417.803472 1.104067 0.006370
1520530417.903475 1.104070 0.006370
1520530418.003458 1.104070 0.006370
1520530418.103461 1.104056 0.006370
1520530418.203465 1.104059 0.006370
1520530418.303468 1.104064 0.006370
1520530418.453434 1.104063 0.006370
1520530418.603439 1.104046 0.006370
1520530418.753343 1.104042 0.006370
1520530418.853346 1.104058 0.006370
1520530418.953350 1.104074 0.006370
1520530419.053353 1.104074 0.006370
1520530419.153533 1.104061 0.006370
1520530419.253536 1.104063 0.006370
1520530419.403541 1.104059 0.006370
1520530419.553545 1.104050 0.006370
1520530419.703733 1.104050 0.006370
1520530419.803736 1.104046 0.006370
1520530419.903739 1.104039 0.006370
1520530420.003597 1.104026 0.006370
1520530420.103600 1.104027 0.006370
1520530420.153602 1.104026 0.006370
1520530420.253605 1.104007 0.006370
1520530420.353608 1.104000 0.006370
1520530420.453700 1.103993 0.006370
1520530420.603705 1.103989 0.006370
1520530420.803356 1.104003 0.006370
1520530420.953361 1.104006 0.006370
1520530421.053364 1.103991 0.006370
1520530421.153367 1.103991 0.006370
1520530421.253431 1.103995 0.006370
1520530421.353434 1.103998 0.006370
1520530421.453437 1.103993 0.006370
1520530421.553440 1.103981 0.006370
1520530421.653613 1.103971 0.006370
1520530421.753616 1.103975 0.006370
1520530421.903620 1.103972 0.006370
1520530422.053472 1.103971 0.006370
1520530422.153476 1.103973 0.006370
1520530422.253479 1.103974 0.006370
1520530422.353482 1.103974 0.006370
1520530422.453395 1.103966 0.006370
1520530422.503396 1.103968 0.006370
1520530422.603400 1.103968 0.006370
1520530422.703403 1.103952 0.006370
1520530422.803406 1.103944 0.006370
1520530422.903583 1.103937 0.006370
1520530423.053588 1.103944 0.006370
1520530423.153591 1.103950 0.006370
1520530423.203592 1.103933 0.006370
1520530423.303317 1.103925 0.006370
1520530423.403322 1.103930 0.006370
1520530423.503324 1.103929 0.006370
1520530423.603327 1.103922 0.006370
1520530423.652983 1.103945 0.006370
1520530423.752986 1.103941 0.006370
1520530423.802988 1.103938 0.006370
1520530423.902991 1.103933 0.006370
1520530424.002994 1.103933 0.006370
1520530424.052950 1.103926 0.006370
1520530424.153255 1.103927 0.006370
1520530424.253258 1.103895 0.006370
1520530424.353261 1.103862 0.006369
1520530424.453264 1.103893 0.006369
1520530424.504722 1.103930 0.006370
1520530424.604726 1.103960 0.006370
1520530424.704729 1.103975 0.006370
1520530424.854733 1.104000 0.006369
1520530424.903374 1.104015 0.006369
1520530425.003378 1.104042 0.006370
1520530425.053379 1.103992 0.006370
1520530425.153383 1.103944 0.006370
1520530425.253385 1.103913 0.006370
1520530425.353734 1.103897 0.006370
1520530425.453737 1.103898 0.006370
1520530425.603741 1.103928 0.006370
1520530425.653743 1.103873 0.006369
1520530425.753677 1.103876 0.006370
1520530425.803679 1.103875 0.006370
1520530425.903682 1.103890 0.006370
1520530426.003685 1.103897 0.006370
1520530426.103474 1.103881 0.006370
1520530426.203477 1.103915 0.006370
1520530426.253478 1.103908 0.006370
1520530426.353481 1.103898 0.006370
1520530426.453484 1.103891 0.006370
1520530426.503486 1.103886 0.006370
1520530426.703556 1.103902 0.006370
1520530426.803559 1.103935 0.006370
1520530426.853560 1.103953 0.006370
1520530426.953598 1.103932 0.006370
1520530427.053602 1.103924 0.006370
1520530427.153605 1.103933 0.006370
1520530427.203606 1.103918 0.006370
1520530427.303609 1.103913 0.006370
1520530427.403594 1.103915 0.006370
1520530427.503597 1.103909 0.006370
1520530427.803679 1.103948 0.006370
1520530427.903683 1.103926 0.006370
1520530428.003686 1.103924 0.006370
1520530428.053687 1.103922 0.006370
1520530428.153535 1.103901 0.006370
1520530428.203537 1.103875 0.006370
1520530428.303540 1.103888 0.006370
1520530428.353542 1.103877 0.006370
1520530428.453544 1.103875 0.006370
1520530428.503546 1.103875 0.006370
1520530428.603452 1.103879 0.006370
1520530428.703455 1.103900 0.006370
1520530428.753457 1.103891 0.006370
1520530428.853460 1.103896 0.006370
1520530428.903461 1.103896 0.006370
1520530429.003444 1.103890 0.006370
1520530429.053445 1.103892 0.006370
1520530429.153448 1.103898 0.006370
1520530429.203450 1.103902 0.006370
1520530429.303453 1.103881 0.006370
1520530429.353455 1.103876 0.006370
1520530429.453553 1.103871 0.006370
1520530429.503555 1.103895 0.006370
1520530429.603558 1.103877 0.006370
1520530429.653559 1.103863 0.006370
1520530429.753562 1.103873 0.006370
1520530429.803622 1.103875 0.006370
1520530429.903625 1.103873 0.006370
1520530429.953626 1.103862 0.006370
1520530430.053629 1.103865 0.006370
1520530430.103631 1.103863 0.006370
1520530430.203344 1.103859 0.006370
1520530430.253346 1.103858 0.006370
1520530430.353349 1.103857 0.006370
1520530430.403350 1.103860 0.006370
1520530430.503353 1.103864 0.006370
1520530430.603527 1.103865 0.006370
1520530430.703530 1.103861 0.006370
1520530430.753532 1.103856 0.006370
1520530430.853534 1.103851 0.006370
1520530430.953538 1.103849 0.006370
1520530431.003696 1.103848 0.006370
1520530431.103700 1.103844 0.006370
1520530431.153701 1.103847 0.006370
1520530431.253704 1.103844 0.006370
1520530431.303706 1.103829 0.006370
1520530431.403709 1.103826 0.006370
1520530431.503564 1.103847 0.006370
1520530431.553565 1.103850 0.006370
1520530431.653568 1.103845 0.006370
1520530431.703570 1.103838 0.006370
1520530431.803573 1.103853 0.006370
1520530431.853524 1.103872 0.006370
1520530431.953527 1.103851 0.006370
1520530432.003529 1.103848 0.006370
1520530432.103532 1.103831 0.006370
1520530432.153533 1.103825 0.006370
1520530432.253696 1.103824 0.006370
1520530432.303698 1.103818 0.006370
1520530432.403701 1.103824 0.006370
1520530432.453702 1.103828 0.006370
1520530432.553705 1.103818 0.006370
1520530432.603708 1.103819 0.006370
1520530432.703550 1.103814 0.006370
1520530432.753551 1.103814 0.006370
1520530432.853554 1.103813 0.006370
1520530432.903556 1.103811 0.006370
1520530433.003559 1.103825 0.006370
1520530433.053690 1.103810 0.006370
1520530433.153693 1.103810 0.006370
1520530433.253695 1.103825 0.006370
1520530433.353699 1.103830 0.006370
1520530433.453702 1.103835 0.006370
1520530433.503793 1.103826 0.006370
1520530433.603796 1.103820 0.006370
1520530433.703799 1.103822 0.006370
1520530433.803803 1.103820 0.006370
1520530433.903631 1.103815 0.006370
1520530433.953632 1.103804 0.006370
1520530434.053635 1.103798 0.006370
1520530434.103637 1.103802 0.006370
1520530434.203641 1.103786 0.006370
1520530434.253642 1.103771 0.006370
1520530434.353481 1.103805 0.006370
1520530434.403481 1.103802 0.006370
1520530434.503485 1.103789 0.006370
1520530434.553486 1.103788 0.006370
1520530434.653489 1.103789 0.006370
1520530434.703655 1.103794 0.006370
1520530434.803658 1.103793 0.006370
1520530434.853723 1.103794 0.006370
1520530434.953663 1.103801 0.006370
1520530435.053667 1.103819 0.006370
1520530435.103796 1.103800 0.006370
1520530435.203799 1.103802 0.006370
1520530435.253801 1.103796 0.006370
1520530435.353804 1.103796 0.006370
1520530435.403806 1.103801 0.006370
1520530435.504086 1.103816 0.006370
1520530435.554088 1.103806 0.006370
1520530435.654091 1.103789 0.006370
1520530435.704092 1.103802 0.006370
1520530435.804096 1.103790 0.006370
1520530435.904099 1.103788 0.006370
1520530435.953835 1.103791 0.006370
1520530436.053838 1.103775 0.006370
1520530436.103839 1.103773 0.006370
1520530436.203843 1.103770 0.006370
1520530436.253844 1.103769 0.006370
1520530436.353956 1.103772 0.006370
1520530436.453978 1.103774 0.006370
1520530436.653965 1.103774 0.006370
1520530436.754031 1.103771 0.006370
1520530436.854034 1.103766 0.006370
1520530436.954037 1.103763 0.006370
1520530437.004039 1.103769 0.006370
1520530437.104042 1.103770 0.006370
1520530437.153533 1.103782 0.006370
1520530437.253536 1.103792 0.006370
1520530437.303539 1.103806 0.006370
1520530437.403543 1.103820 0.006370
1520530437.453545 1.103813 0.006370
1520530437.553870 1.103810 0.006370
1520530437.603872 1.103791 0.006370
1520530437.703875 1.103777 0.006370
1520530437.803878 1.103772 0.006370
1520530437.903881 1.103786 0.006370
1520530437.954482 1.103789 0.006370
1520530438.104484 1.103799 0.006369
1520530438.204487 1.103802 0.006370
1520530438.304490 1.103822 0.006370
1520530438.354492 1.103801 0.006370
1520530438.453623 1.103785 0.006370
1520530438.503624 1.103793 0.006370
1520530438.603628 1.103791 0.006370
1520530438.653629 1.103777 0.006370
1520530438.753632 1.103775 0.006370
1520530438.854392 1.103793 0.006369
1520530438.954395 1.103798 0.006370
1520530439.104398 1.103777 0.006370
1520530439.254655 1.103782 0.006369
1520530439.404660 1.103769 0.006370
1520530439.604177 1.103767 0.006370
1520530439.754182 1.103773 0.006370
1520530439.854185 1.103764 0.006370
1520530439.954188 1.103769 0.006370
1520530440.054101 1.103773 0.006370
1520530440.154104 1.103765 0.006370
1520530440.254107 1.103752 0.006370
1520530440.354110 1.103744 0.006370
1520530440.453977 1.103732 0.006370
1520530440.553980 1.103752 0.006370
1520530440.653984 1.103764 0.006370
1520530440.753987 1.103770 0.006370
1520530440.853871 1.103779 0.006370
1520530440.953874 1.103769 0.006370
1520530441.053876 1.103769 0.006370
1520530441.153883 1.103766 0.006370
1520530441.253889 1.103762 0.006370
1520530441.353892 1.103752 0.006370
1520530441.453895 1.103759 0.006370
1520530441.553898 1.103748 0.006370
1520530441.654083 1.103745 0.006370
1520530441.754086 1.103758 0.006370
1520530441.904091 1.103770 0.006370
1520530442.004094 1.103776 0.006370
1520530442.104032 1.103791 0.006370
1520530442.204035 1.103804 0.006370
1520530442.304038 1.103809 0.006369
1520530442.404042 1.103804 0.006369
1520530442.453714 1.103792 0.006370
1520530442.553717 1.103794 0.006370
1520530442.653721 1.103785 0.006370
1520530442.703722 1.103784 0.006370
1520530442.803725 1.103788 0.006370
1520530442.904376 1.103801 0.006370
1520530443.004379 1.103798 0.006369
1520530443.104382 1.103807 0.006369
1520530443.204385 1.103809 0.006369
1520530443.354468 1.103813 0.006369
1520530443.504473 1.103802 0.006369
1520530443.604476 1.103802 0.006369
1520530443.704013 1.103792 0.006369
1520530443.804016 1.103785 0.006370
1520530443.904020 1.103791 0.006370
1520530444.004023 1.103788 0.006369
1520530444.104403 1.103782 0.006369
1520530444.154403 1.103777 0.006369
1520530444.254406 1.103777 0.006369
1520530444.304409 1.103778 0.006369
1520530444.404412 1.103775 0.006369
1520530444.505161 1.103767 0.006369
1520530444.605164 1.103769 0.006369
1520530444.705167 1.103788 0.006369
1520530444.805170 1.103788 0.006369
1520530444.905173 1.103784 0.006369
1520530445.004964 1.103788 0.006369
1520530445.104967 1.103793 0.006369
1520530445.154968 1.103785 0.006369
1520530445.254971 1.103768 0.006369
1520530445.353892 1.103775 0.006369
1520530445.403894 1.103759 0.006369
1520530445.503898 1.103770 0.006369
1520530445.553899 1.103763 0.006369
1520530445.653902 1.103772 0.006369
1520530445.703904 1.103780 0.006369
1520530445.803752 1.103782 0.006369
1520530445.853755 1.103793 0.006369
1520530445.953757 1.103786 0.006369
1520530446.003758 1.103773 0.006369
1520530446.103761 1.103778 0.006369
1520530446.204900 1.103802 0.006369
1520530446.304903 1.103778 0.006369
1520530446.354905 1.103773 0.006369
1520530446.454908 1.103780 0.006369
1520530446.554783 1.103785 0.006369
1520530446.654786 1.103786 0.006369
1520530446.754789 1.103786 0.006369
1520530446.854792 1.103786 0.006369
1520530446.954330 1.103790 0.006369
1520530447.054334 1.103776 0.006369
1520530447.154337 1.103772 0.006369
1520530447.254340 1.103768 0.006369
1520530447.354343 1.103771 0.006369
1520530447.454125 1.103770 0.006369
1520530447.604130 1.103767 0.006369
1520530447.754142 1.103763 0.006369
1520530448.203885 1.103763 0.006369
