1413394889.855760 0.000575 0.000920 0.000000 0.152037 0.131007 0.000000
1413394890.005760 0.000657 0.001084 0.000000 0.154637 0.128787 0.000000
1413394890.305761 0.000965 0.001478 0.000000 0.155984 0.126059 0.000000
1413394890.405761  0.000981  0.000906 -0.000000 0.155473 0.122310 0.000000
1413394890.505760  0.001109  0.000658 -0.000000 0.154527 0.119539 0.000000
1413394890.655760  0.001186  0.000509 -0.000000 0.153261 0.118727 0.000000
1413394890.905761 0.001263 0.000367 0.000000 0.151657 0.116825 0.000000
1413394891.005760  0.001251  0.000229 -0.000000 0.151179 0.114409 0.000000
1413394891.105761  0.001256  0.000100 -0.000000 0.150380 0.113045 0.000000
1413394891.255760  0.001360 -0.000077 -0.000000 0.150024 0.113018 0.000000
1413394891.455760  0.001462 -0.000318 -0.000000 0.149244 0.110534 0.000000
1413394891.555760  0.001462 -0.000536 -0.000000 0.148665 0.107129 0.000000
1413394891.655760  0.001272 -0.000346 -0.000000 0.147883 0.103239 0.000000
1413394891.805761  0.001092 -0.000241 -0.000000 0.147645 0.098468 0.000000
1413394891.955760  0.000834 -0.000065 -0.000000 0.148882 0.095690 0.000000
1413394892.055760  0.000828 -0.000038 -0.000000 0.148391 0.094883 0.000000
1413394892.205760  0.000728 -0.000183 -0.000000 0.146225 0.094486 0.000000
1413394892.355760  0.000694 -0.000315 -0.000000 0.142195 0.093956 0.000000
1413394892.505760  0.000542 -0.000468 -0.000000 0.134163 0.091146 0.000000
1413394892.655760  0.000437 -0.000557 -0.000000 0.120031 0.084036 0.000000
1413394892.755760  0.000421 -0.000360 -0.000000 0.106909 0.076436 0.000000
1413394892.905761  0.000190 -0.000312 -0.000000 0.083724 0.062276 0.000000
1413394893.005760  0.000207 -0.000205 -0.000000 0.066991 0.051288 0.000000
1413394893.055760  0.000246 -0.000249 -0.000000 0.059478 0.046022 0.000000
1413394893.205760  0.000112 -0.000305 -0.000000 0.039587 0.032485 0.000000
1413394893.355760  0.000061 -0.000298 -0.000000 0.025453 0.022312 0.000000
1413394893.505760  0.000037 -0.000493  0.000000 0.016744 0.015513 0.000000
1413394893.655760  0.000207 -0.000677  0.000000 0.011521 0.011040 0.000000
1413394893.805761  0.000401 -0.000827  0.000000 0.008365 0.008212 0.000000
1413394893.955760  0.000807 -0.000926  0.000000 0.006430 0.006400 0.000000
1413394894.105761  0.001115 -0.000924  0.000000 0.005221 0.005208 0.000000
1413394894.205760  0.001497 -0.000866  0.000000 0.004673 0.004602 0.000000
1413394894.305761  0.001904 -0.000858  0.000000 0.004233 0.004093 0.000000
1413394894.405761  0.001963 -0.000875  0.000000 0.003861 0.003631 0.000000
1413394894.505760  0.002092 -0.001082 -0.000000 0.003514 0.003191 0.000000
1413394894.605761  0.002150 -0.001211 -0.000000 0.003200 0.002800 0.000000
1413394894.705760  0.002445 -0.001581 -0.000000 0.002918 0.002477 0.000000
1413394894.805761  0.002792 -0.001898 -0.000000 0.002630 0.002178 0.000000
1413394894.905761  0.003128 -0.002101  0.000000 0.002365 0.001917 0.000000
1413394895.005760  0.003465 -0.002145  0.000000 0.002121 0.001695 0.000000
1413394895.105761  0.003849 -0.002138  0.000000 0.001896 0.001508 0.000000
1413394895.205760  0.004219 -0.002112  0.000000 0.001699 0.001352 0.000000
1413394895.305761  0.004477 -0.002192  0.000000 0.001525 0.001222 0.000000
1413394895.405761  0.004763 -0.002289  0.000000 0.001370 0.001112 0.000000
1413394895.505760  0.005009 -0.002369  0.000000 0.001241 0.001021 0.000000
1413394895.605761  0.005328 -0.002524  0.000000 0.001135 0.000946 0.000000
1413394895.705760  0.005510 -0.002692 -0.000000 0.001047 0.000883 0.000000
1413394895.805761  0.005535 -0.002901 -0.000000 0.000970 0.000829 0.000000
1413394895.905761  0.005494 -0.003050 -0.000000 0.000904 0.000783 0.000000
1413394896.005760  0.005421 -0.003265 -0.000000 0.000847 0.000743 0.000000
1413394896.105761  0.005410 -0.003477 -0.000000 0.000798 0.000708 0.000000
1413394896.255760  0.005436 -0.003622 -0.000000 0.000736 0.000664 0.000000
1413394896.355760  0.005557 -0.003777 -0.000000 0.000700 0.000639 0.000000
1413394896.505760  0.005747 -0.003885  0.000000 0.000650 0.000604 0.000000
1413394896.655760  0.006167 -0.003910  0.000000 0.000608 0.000576 0.000000
1413394896.855760  0.006587 -0.004026  0.000000 0.000561 0.000543 0.000000
1413394897.055760  0.007012 -0.004161  0.000000 0.000527 0.000518 0.000000
1413394897.155760  0.007295 -0.004240  0.000000 0.000514 0.000508 0.000000
1413394897.255760  0.007516 -0.004321  0.000000 0.000504 0.000500 0.000000
1413394897.355760  0.007708 -0.004317  0.000000 0.000488 0.000487 0.000000
1413394897.405761  0.007844 -0.004295  0.000000 0.000484 0.000484 0.000000
1413394897.505760  0.008025 -0.004262  0.000000 0.000477 0.000478 0.000000
1413394897.555760  0.008101 -0.004252  0.000000 0.000474 0.000476 0.000000
1413394897.655760  0.008198 -0.004274  0.000000 0.000468 0.000471 0.000000
1413394897.705760  0.008258 -0.004251  0.000000 0.000465 0.000468 0.000000
1413394897.805761  0.008354 -0.004222  0.000000 0.000459 0.000464 0.000000
1413394897.905761  0.008401 -0.004225  0.000000 0.000453 0.000459 0.000000
1413394898.005760  0.008397 -0.004231 -0.000000 0.000448 0.000455 0.000000
1413394898.105761  0.008450 -0.004241  0.000000 0.000442 0.000450 0.000000
1413394898.205760  0.008550 -0.004229  0.000000 0.000436 0.000446 0.000000
1413394898.305761  0.008583 -0.004222  0.000000 0.000430 0.000442 0.000000
1413394898.405761  0.008632 -0.004107  0.000000 0.000423 0.000437 0.000000
1413394898.505760  0.008572 -0.004017  0.000000 0.000416 0.000432 0.000000
1413394898.605761  0.008539 -0.004049 -0.000000 0.000410 0.000426 0.000000
1413394898.755760  0.008531 -0.003984  0.000000 0.000400 0.000418 0.000000
1413394898.955760  0.008630 -0.003756  0.000000 0.000387 0.000406 0.000000
1413394899.205760  0.008641 -0.003595  0.000000 0.000370 0.000389 0.000000
1413394899.455760  0.008597 -0.003318  0.000000 0.000355 0.000372 0.000000
1413394899.605761  0.008602 -0.003150  0.000000 0.000347 0.000365 0.000000
1413394899.705760  0.008638 -0.002957  0.000000 0.000342 0.000360 0.000000
1413394899.805761  0.008710 -0.002767  0.000000 0.000337 0.000356 0.000000
1413394899.905761  0.008682 -0.002699  0.000000 0.000333 0.000351 0.000000
1413394900.005760  0.008676 -0.002647  0.000000 0.000329 0.000347 0.000000
1413394900.105761  0.008671 -0.002579  0.000000 0.000324 0.000343 0.000000
1413394900.205760  0.008763 -0.002528  0.000000 0.000319 0.000339 0.000000
1413394900.305761  0.008816 -0.002442  0.000000 0.000314 0.000335 0.000000
1413394900.405761  0.008846 -0.002329  0.000000 0.000310 0.000331 0.000000
1413394900.555760  0.008924 -0.002119  0.000000 0.000302 0.000325 0.000000
1413394900.705760  0.008967 -0.001914  0.000000 0.000294 0.000319 0.000000
1413394900.805761  0.008985 -0.001763  0.000000 0.000289 0.000315 0.000000
1413394900.905761  0.009116 -0.001608  0.000000 0.000283 0.000310 0.000000
1413394901.005760  0.009152 -0.001578  0.000000 0.000278 0.000306 0.000000
1413394901.105761  0.009197 -0.001453  0.000000 0.000272 0.000301 0.000000
1413394901.205760  0.009241 -0.001343  0.000000 0.000267 0.000296 0.000000
1413394901.255760  0.009265 -0.001261  0.000000 0.000264 0.000294 0.000000
1413394901.355760  0.009383 -0.001122  0.000000 0.000258 0.000289 0.000000
1413394901.455760  0.009563 -0.000922  0.000000 0.000253 0.000284 0.000000
1413394901.555760  0.009696 -0.000837  0.000000 0.000247 0.000279 0.000000
1413394901.655760  0.009761 -0.000797  0.000000 0.000242 0.000274 0.000000
1413394901.755760  0.009843 -0.000627  0.000000 0.000236 0.000269 0.000000
1413394901.855760  0.009897 -0.000435  0.000000 0.000231 0.000264 0.000000
1413394901.955760  0.009956 -0.000341  0.000000 0.000226 0.000259 0.000000
1413394902.055760  0.010058 -0.000292  0.000000 0.000221 0.000253 0.000000
1413394902.155760  0.010069 -0.000221  0.000000 0.000216 0.000249 0.000000
1413394902.205760  0.010112 -0.000175 -0.000000 0.000213 0.000246 0.000000
1413394902.305761  0.010247 -0.000153  0.000000 0.000209 0.000242 0.000000
1413394902.405761  0.010408 -0.000098  0.000000 0.000204 0.000237 0.000000
1413394902.505760  0.010530 -0.000076  0.000000 0.000200 0.000233 0.000000
1413394902.605761  0.010589 -0.000132 -0.000000 0.000195 0.000229 0.000000
1413394902.705760  0.010653 -0.000202 -0.000000 0.000191 0.000225 0.000000
1413394902.805761  0.010730 -0.000244 -0.000000 0.000187 0.000221 0.000000
1413394902.955760  0.010825 -0.000257 -0.000000 0.000181 0.000216 0.000000
1413394903.155760  0.010951 -0.000312 -0.000000 0.000174 0.000210 0.000000
1413394903.255760  0.011009 -0.000373 -0.000000 0.000171 0.000207 0.000000
1413394903.455760  0.011139 -0.000488 -0.000000 0.000165 0.000202 0.000000
1413394903.605761  0.011206 -0.000766 -0.000000 0.000161 0.000199 0.000000
1413394903.755760  0.011242 -0.000897 -0.000000 0.000158 0.000196 0.000000
1413394903.955760  0.011283 -0.001105 -0.000000 0.000154 0.000192 0.000000
1413394904.155760  0.011283 -0.001325 -0.000000 0.000151 0.000189 0.000000
1413394904.305761  0.011245 -0.001459 -0.000000 0.000149 0.000188 0.000000
1413394904.455760  0.011195 -0.001545 -0.000000 0.000147 0.000186 0.000000
1413394904.555760  0.011168 -0.001596 -0.000000 0.000146 0.000185 0.000000
1413394904.655760  0.011151 -0.001625 -0.000000 0.000145 0.000184 0.000000
1413394904.755760  0.011188 -0.001729 -0.000000 0.000144 0.000184 0.000000
1413394904.905761  0.011212 -0.001799 -0.000000 0.000143 0.000183 0.000000
1413394905.005760  0.011251 -0.001826 -0.000000 0.000143 0.000182 0.000000
1413394905.055760  0.011288 -0.001840  0.000000 0.000142 0.000182 0.000000
1413394905.205760  0.011272 -0.001852  0.000000 0.000141 0.000182 0.000000
1413394905.305761  0.011239 -0.001856 -0.000000 0.000141 0.000182 0.000000
1413394905.405761  0.011225 -0.001867 -0.000000 0.000141 0.000181 0.000000
1413394905.505760  0.011218 -0.001876 -0.000000 0.000140 0.000181 0.000000
1413394905.705760  0.011222 -0.001916 -0.000000 0.000140 0.000181 0.000000
1413394905.755760  0.011230 -0.001939 -0.000000 0.000140 0.000181 0.000000
1413394905.855760  0.011298 -0.001910  0.000000 0.000139 0.000181 0.000000
1413394905.955760  0.011326 -0.001903  0.000000 0.000139 0.000181 0.000000
1413394906.055760  0.011343 -0.001893  0.000000 0.000139 0.000181 0.000000
1413394906.105761  0.011340 -0.001895 -0.000000 0.000139 0.000181 0.000000
1413394906.255760  0.011357 -0.001898  0.000000 0.000138 0.000181 0.000000
1413394906.355760  0.011379 -0.001891  0.000000 0.000138 0.000181 0.000000
1413394906.455760  0.011410 -0.001872  0.000000 0.000138 0.000181 0.000000
1413394906.555760  0.011417 -0.001895  0.000000 0.000138 0.000181 0.000000
1413394906.655760  0.011458 -0.001921  0.000000 0.000138 0.000181 0.000000
1413394906.755760  0.011452 -0.001931  0.000000 0.000138 0.000181 0.000000
1413394906.855760  0.011460 -0.001850  0.000000 0.000137 0.000181 0.000000
1413394906.955760  0.011439 -0.001827  0.000000 0.000137 0.000180 0.000000
1413394907.055760  0.011438 -0.001770  0.000000 0.000137 0.000180 0.000000
1413394907.305761  0.011461 -0.001744  0.000000 0.000137 0.000180 0.000000
1413394907.405761  0.011467 -0.001735  0.000000 0.000137 0.000180 0.000000
1413394907.455760  0.011453 -0.001722 -0.000000 0.000137 0.000180 0.000000
1413394907.555760  0.011453 -0.001713  0.000000 0.000136 0.000179 0.000000
1413394907.655760  0.011419 -0.001685 -0.000000 0.000136 0.000179 0.000000
1413394907.755760  0.011407 -0.001672 -0.000000 0.000136 0.000179 0.000000
1413394907.855760  0.011387 -0.001656 -0.000000 0.000136 0.000179 0.000000
1413394907.905761  0.011430 -0.001660  0.000000 0.000136 0.000179 0.000000
1413394908.005760  0.011453 -0.001669  0.000000 0.000136 0.000178 0.000000
1413394908.105761  0.011451 -0.001677 -0.000000 0.000136 0.000178 0.000000
1413394908.205760  0.011446 -0.001680  0.000000 0.000135 0.000178 0.000000
1413394908.305761  0.011435 -0.001684 -0.000000 0.000135 0.000177 0.000000
1413394908.355760  0.011402 -0.001676 -0.000000 0.000135 0.000177 0.000000
1413394908.455760  0.011412 -0.001688 -0.000000 0.000135 0.000177 0.000000
1413394908.605761  0.011410 -0.001700 -0.000000 0.000135 0.000177 0.000000
1413394908.705760  0.011427 -0.001727 -0.000000 0.000134 0.000176 0.000000
1413394908.805761  0.011515 -0.001747  0.000000 0.000134 0.000176 0.000000
1413394908.905761  0.011613 -0.001791 -0.000000 0.000134 0.000176 0.000000
1413394908.955760  0.011631 -0.001803  0.000000 0.000134 0.000175 0.000000
1413394909.105761  0.011701 -0.001845 -0.000000 0.000133 0.000175 0.000000
1413394909.205760  0.011722 -0.001857  0.000000 0.000133 0.000175 0.000000
1413394909.305761  0.011728 -0.001874  0.000000 0.000133 0.000175 0.000000
1413394909.405761  0.011689 -0.001888 -0.000000 0.000133 0.000174 0.000000
1413394909.555760  0.011678 -0.001906 -0.000000 0.000133 0.000174 0.000000
1413394909.655760  0.011797 -0.001941 -0.000000 0.000132 0.000174 0.000000
1413394909.755760  0.011813 -0.001958 -0.000000 0.000132 0.000173 0.000000
1413394909.855760  0.011821 -0.002001 -0.000000 0.000132 0.000173 0.000000
1413394910.055760  0.011854 -0.002031 -0.000000 0.000132 0.000172 0.000000
1413394910.155760  0.011830 -0.002045 -0.000000 0.000132 0.000172 0.000000
1413394910.255760  0.011827 -0.002056 -0.000000 0.000131 0.000172 0.000000
1413394910.355760  0.011819 -0.002075  0.000000 0.000131 0.000172 0.000000
1413394910.605761  0.011772 -0.002094 -0.000000 0.000131 0.000171 0.000000
1413394910.705760  0.011782 -0.002101  0.000000 0.000131 0.000171 0.000000
1413394910.755760  0.011779 -0.002104  0.000000 0.000130 0.000171 0.000000
1413394910.855760  0.011777 -0.002097  0.000000 0.000130 0.000170 0.000000
1413394911.005760  0.011772 -0.002085  0.000000 0.000130 0.000170 0.000000
1413394911.105761  0.011772 -0.002098 -0.000000 0.000130 0.000170 0.000000
1413394911.205760  0.011793 -0.002101 -0.000000 0.000130 0.000170 0.000000
1413394911.305761  0.011780 -0.002107  0.000000 0.000130 0.000169 0.000000
1413394911.405761  0.011779 -0.002113 -0.000000 0.000130 0.000169 0.000000
1413394911.505760  0.011800 -0.002133  0.000000 0.000129 0.000169 0.000000
1413394911.655760  0.011751 -0.002117 -0.000000 0.000129 0.000169 0.000000
1413394911.755760  0.011715 -0.002104 -0.000000 0.000129 0.000168 0.000000
1413394911.855760  0.011712 -0.002112 -0.000000 0.000129 0.000168 0.000000
1413394912.105761  0.011723 -0.002169 -0.000000 0.000128 0.000168 0.000000
1413394912.205760  0.011717 -0.002189 -0.000000 0.000128 0.000168 0.000000
1413394912.305761  0.011701 -0.002210 -0.000000 0.000128 0.000167 0.000000
1413394912.505760  0.011702 -0.002246 -0.000000 0.000128 0.000167 0.000000
1413394912.605761  0.011721 -0.002260 -0.000000 0.000128 0.000167 0.000000
1413394912.705760  0.011694 -0.002282 -0.000000 0.000128 0.000167 0.000000
1413394912.855760  0.011695 -0.002314 -0.000000 0.000127 0.000166 0.000000
1413394913.005760  0.011659 -0.002320  0.000000 0.000127 0.000166 0.000000
1413394913.205760  0.011594 -0.002361 -0.000000 0.000127 0.000166 0.000000
1413394913.355760  0.011583 -0.002415 -0.000000 0.000127 0.000165 0.000000
1413394913.505760  0.011564 -0.002459 -0.000000 0.000126 0.000165 0.000000
1413394913.655760  0.011571 -0.002489 -0.000000 0.000126 0.000165 0.000000
1413394913.755760  0.011555 -0.002505  0.000000 0.000126 0.000165 0.000000
1413394913.855760  0.011550 -0.002516  0.000000 0.000126 0.000164 0.000000
1413394913.955760  0.011538 -0.002511  0.000000 0.000125 0.000164 0.000000
1413394914.055760  0.011529 -0.002491  0.000000 0.000125 0.000164 0.000000
1413394914.205760  0.011541 -0.002516 -0.000000 0.000125 0.000164 0.000000
1413394914.355760  0.011545 -0.002528 -0.000000 0.000125 0.000164 0.000000
1413394914.455760  0.011542 -0.002548 -0.000000 0.000125 0.000164 0.000000
1413394914.555760  0.011550 -0.002562  0.000000 0.000125 0.000164 0.000000
1413394914.655760  0.011523 -0.002553 -0.000000 0.000125 0.000164 0.000000
1413394914.755760  0.011524 -0.002552  0.000000 0.000125 0.000164 0.000000
1413394914.905761  0.011520 -0.002561 -0.000000 0.000125 0.000164 0.000000
1413394915.055760  0.011529 -0.002564 -0.000000 0.000125 0.000164 0.000000
1413394915.205760  0.011522 -0.002592 -0.000000 0.000125 0.000164 0.000000
1413394915.305761  0.011520 -0.002589  0.000000 0.000125 0.000164 0.000000
1413394915.405761  0.011523 -0.002585  0.000000 0.000125 0.000164 0.000000
1413394915.505760  0.011523 -0.002581  0.000000 0.000125 0.000164 0.000000
1413394915.605761  0.011522 -0.002579 -0.000000 0.000125 0.000164 0.000000
1413394915.705760  0.011540 -0.002588  0.000000 0.000125 0.000164 0.000000
1413394915.805761  0.011527 -0.002593 -0.000000 0.000125 0.000164 0.000000
1413394915.905761  0.011525 -0.002594  0.000000 0.000125 0.000163 0.000000
1413394916.005760  0.011521 -0.002584 -0.000000 0.000124 0.000163 0.000000
1413394916.105761  0.011517 -0.002583 -0.000000 0.000124 0.000163 0.000000
1413394916.205760  0.011504 -0.002601 -0.000000 0.000124 0.000163 0.000000
1413394916.305761  0.011510 -0.002600  0.000000 0.000124 0.000163 0.000000
1413394916.405761  0.011499 -0.002572  0.000000 0.000124 0.000163 0.000000
1413394916.505760  0.011495 -0.002557  0.000000 0.000123 0.000163 0.000000
1413394916.605761  0.011520 -0.002561 -0.000000 0.000123 0.000162 0.000000
1413394916.705760  0.011506 -0.002581 -0.000000 0.000123 0.000162 0.000000
1413394916.755760  0.011553 -0.002571  0.000000 0.000123 0.000162 0.000000
1413394916.955760  0.011495 -0.002548  0.000000 0.000122 0.000161 0.000000
1413394917.055760  0.011504 -0.002534 -0.000000 0.000121 0.000161 0.000000
1413394917.255760  0.011482 -0.002545 -0.000000 0.000121 0.000160 0.000000
1413394917.455760  0.011481 -0.002603 -0.000000 0.000120 0.000159 0.000000
1413394917.655760  0.011475 -0.002578  0.000000 0.000119 0.000159 0.000000
1413394917.855760  0.011463 -0.002478 -0.000000 0.000118 0.000158 0.000000
1413394917.955760  0.011419 -0.002416  0.000000 0.000118 0.000157 0.000000
1413394918.155760  0.011388 -0.002374  0.000000 0.000117 0.000156 0.000000
1413394918.255760  0.011360 -0.002340 -0.000000 0.000116 0.000156 0.000000
1413394918.455760  0.011313 -0.002270  0.000000 0.000116 0.000155 0.000000
1413394918.555760  0.011302 -0.002252 -0.000000 0.000115 0.000154 0.000000
1413394918.755760  0.011277 -0.002227 -0.000000 0.000115 0.000153 0.000000
1413394918.855760  0.011274 -0.002229 -0.000000 0.000114 0.000153 0.000000
1413394919.055760  0.011272 -0.002263  0.000000 0.000114 0.000152 0.000000
1413394919.155760  0.011261 -0.002300 -0.000000 0.000113 0.000152 0.000000
1413394919.355760  0.011264 -0.002363  0.000000 0.000113 0.000151 0.000000
1413394919.455760  0.011276 -0.002397 -0.000000 0.000113 0.000151 0.000000
1413394919.655760  0.011280 -0.002433 -0.000000 0.000112 0.000150 0.000000
1413394919.755760  0.011292 -0.002480 -0.000000 0.000112 0.000150 0.000000
1413394919.955760  0.011301 -0.002528 -0.000000 0.000112 0.000149 0.000000
1413394920.055760  0.011303 -0.002556 -0.000000 0.000111 0.000149 0.000000
1413394920.255760  0.011285 -0.002593  0.000000 0.000111 0.000149 0.000000
1413394920.455760  0.011272 -0.002669  0.000000 0.000111 0.000148 0.000000
1413394920.655760  0.011250 -0.002711  0.000000 0.000110 0.000148 0.000000
1413394920.855760  0.011225 -0.002740 -0.000000 0.000110 0.000148 0.000000
1413394921.055760  0.011216 -0.002792 -0.000000 0.000110 0.000147 0.000000
1413394921.155760  0.011196 -0.002826  0.000000 0.000110 0.000147 0.000000
1413394921.355760  0.011167 -0.002864 -0.000000 0.000110 0.000147 0.000000
1413394921.555760  0.011125 -0.002889 -0.000000 0.000109 0.000146 0.000000
1413394921.655760  0.011103 -0.002888 -0.000000 0.000109 0.000146 0.000000
1413394921.855760  0.011054 -0.002893 -0.000000 0.000109 0.000146 0.000000
1413394921.955760  0.011032 -0.002888 -0.000000 0.000109 0.000146 0.000000
1413394922.155760  0.010982 -0.002854  0.000000 0.000109 0.000146 0.000000
1413394922.255760  0.010969 -0.002832  0.000000 0.000109 0.000145 0.000000
1413394922.455760  0.010934 -0.002792  0.000000 0.000108 0.000145 0.000000
1413394922.555760  0.010921 -0.002777  0.000000 0.000108 0.000145 0.000000
1413394922.755760  0.010911 -0.002756 -0.000000 0.000108 0.000145 0.000000
1413394922.855760  0.010907 -0.002745 -0.000000 0.000108 0.000145 0.000000
1413394923.055760  0.010885 -0.002724 -0.000000 0.000108 0.000145 0.000000
1413394923.155760  0.010877 -0.002712 -0.000000 0.000108 0.000145 0.000000
1413394923.355760  0.010861 -0.002675  0.000000 0.000107 0.000144 0.000000
1413394923.455760  0.010856 -0.002655  0.000000 0.000107 0.000144 0.000000
1413394923.655760  0.010828 -0.002617 -0.000000 0.000107 0.000144 0.000000
1413394923.755760  0.010835 -0.002598  0.000000 0.000107 0.000144 0.000000
1413394923.955760  0.010822 -0.002565 -0.000000 0.000107 0.000144 0.000000
1413394924.055760  0.010816 -0.002562 -0.000000 0.000107 0.000144 0.000000
1413394924.255760  0.010786 -0.002536 -0.000000 0.000107 0.000144 0.000000
1413394924.355760  0.010765 -0.002508  0.000000 0.000107 0.000144 0.000000
1413394924.555760  0.010758 -0.002499  0.000000 0.000107 0.000143 0.000000
1413394924.655760  0.010774 -0.002516  0.000000 0.000107 0.000143 0.000000
1413394924.855760  0.010746 -0.002474  0.000000 0.000106 0.000143 0.000000
1413394925.005760  0.010757 -0.002475 -0.000000 0.000106 0.000143 0.000000
1413394925.155760  0.010753 -0.002462  0.000000 0.000106 0.000143 0.000000
1413394925.305761  0.010746 -0.002455 -0.000000 0.000106 0.000143 0.000000
1413394925.505760  0.010739 -0.002439  0.000000 0.000106 0.000142 0.000000
1413394925.605761  0.010737 -0.002416  0.000000 0.000106 0.000142 0.000000
1413394925.755760  0.010735 -0.002415 -0.000000 0.000106 0.000142 0.000000
1413394925.905761  0.010739 -0.002405 -0.000000 0.000106 0.000142 0.000000
1413394926.055760  0.010748 -0.002433 -0.000000 0.000106 0.000142 0.000000
1413394926.205760  0.010735 -0.002425 -0.000000 0.000106 0.000142 0.000000
1413394926.355760  0.010735 -0.002423  0.000000 0.000106 0.000142 0.000000
1413394926.505760  0.010752 -0.002421  0.000000 0.000106 0.000141 0.000000
1413394926.605761  0.010760 -0.002426 -0.000000 0.000106 0.000141 0.000000
1413394926.655760  0.010756 -0.002418 -0.000000 0.000106 0.000141 0.000000
1413394926.755760  0.010750 -0.002415  0.000000 0.000106 0.000141 0.000000
1413394926.855760  0.010719 -0.002409  0.000000 0.000106 0.000141 0.000000
1413394926.955760  0.010715 -0.002413  0.000000 0.000106 0.000141 0.000000
1413394927.055760  0.010731 -0.002415 -0.000000 0.000105 0.000141 0.000000
1413394927.155760  0.010737 -0.002398  0.000000 0.000105 0.000141 0.000000
1413394927.255760  0.010743 -0.002391  0.000000 0.000105 0.000141 0.000000
1413394927.405761  0.010761 -0.002378  0.000000 0.000105 0.000140 0.000000
1413394927.555760  0.010763 -0.002352  0.000000 0.000105 0.000140 0.000000
1413394927.655760  0.010756 -0.002347 -0.000000 0.000105 0.000140 0.000000
1413394927.755760  0.010745 -0.002345 -0.000000 0.000105 0.000140 0.000000
1413394927.855760  0.010737 -0.002341  0.000000 0.000105 0.000140 0.000000
1413394927.955760  0.010738 -0.002340 -0.000000 0.000105 0.000140 0.000000
1413394928.105761  0.010745 -0.002339 -0.000000 0.000105 0.000140 0.000000
1413394928.255760  0.010752 -0.002333 -0.000000 0.000105 0.000140 0.000000
1413394928.405761  0.010760 -0.002333 -0.000000 0.000104 0.000139 0.000000
1413394928.555760  0.010763 -0.002338  0.000000 0.000104 0.000139 0.000000
1413394928.705760  0.010766 -0.002352 -0.000000 0.000104 0.000139 0.000000
1413394928.905761  0.010756 -0.002367 -0.000000 0.000104 0.000139 0.000000
1413394929.155760  0.010753 -0.002372 -0.000000 0.000104 0.000139 0.000000
1413394929.355760  0.010748 -0.002378 -0.000000 0.000104 0.000139 0.000000
1413394929.555760  0.010751 -0.002381 -0.000000 0.000104 0.000139 0.000000
1413394929.805761  0.010733 -0.002370 -0.000000 0.000104 0.000138 0.000000
1413394930.055760  0.010729 -0.002372 -0.000000 0.000104 0.000138 0.000000
1413394930.255760  0.010721 -0.002377  0.000000 0.000104 0.000138 0.000000
1413394930.405761  0.010718 -0.002370  0.000000 0.000104 0.000138 0.000000
1413394930.505760  0.010697 -0.002355  0.000000 0.000104 0.000138 0.000000
1413394930.605761  0.010683 -0.002343  0.000000 0.000104 0.000138 0.000000
1413394930.705760  0.010656 -0.002327  0.000000 0.000103 0.000138 0.000000
1413394930.855760  0.010670 -0.002338 -0.000000 0.000103 0.000138 0.000000
1413394930.955760  0.010676 -0.002314  0.000000 0.000103 0.000138 0.000000
1413394931.005760  0.010694 -0.002326 -0.000000 0.000103 0.000138 0.000000
1413394931.155760  0.010702 -0.002330  0.000000 0.000103 0.000138 0.000000
1413394931.405761  0.010710 -0.002306  0.000000 0.000103 0.000138 0.000000
1413394931.555760  0.010711 -0.002291 -0.000000 0.000103 0.000138 0.000000
1413394931.705760  0.010688 -0.002258  0.000000 0.000103 0.000138 0.000000
1413394931.905761  0.010678 -0.002228  0.000000 0.000103 0.000138 0.000000
1413394932.005760  0.010673 -0.002219 -0.000000 0.000103 0.000138 0.000000
1413394932.105761  0.010666 -0.002225  0.000000 0.000103 0.000138 0.000000
1413394932.205760  0.010665 -0.002252 -0.000000 0.000103 0.000138 0.000000
1413394932.305761  0.010676 -0.002249 -0.000000 0.000103 0.000138 0.000000
1413394932.405761  0.010671 -0.002228 -0.000000 0.000103 0.000138 0.000000
1413394932.505760  0.010655 -0.002208  0.000000 0.000103 0.000138 0.000000
1413394932.655760  0.010651 -0.002188  0.000000 0.000103 0.000138 0.000000
1413394932.805761  0.010663 -0.002173  0.000000 0.000103 0.000138 0.000000
1413394932.955760  0.010680 -0.002154  0.000000 0.000103 0.000138 0.000000
1413394933.105761  0.010692 -0.002143 -0.000000 0.000103 0.000138 0.000000
1413394933.255760  0.010726 -0.002137 -0.000000 0.000103 0.000137 0.000000
1413394933.405761  0.010740 -0.002155 -0.000000 0.000103 0.000137 0.000000
1413394933.555760  0.010732 -0.002191  0.000000 0.000103 0.000137 0.000000
1413394933.705760  0.010713 -0.002204  0.000000 0.000103 0.000137 0.000000
1413394933.855760  0.010694 -0.002198  0.000000 0.000102 0.000137 0.000000
1413394934.005760  0.010699 -0.002207  0.000000 0.000102 0.000137 0.000000
1413394934.155760  0.010700 -0.002207  0.000000 0.000102 0.000137 0.000000
1413394934.305761  0.010709 -0.002189  0.000000 0.000102 0.000137 0.000000
1413394934.405761  0.010711 -0.002183  0.000000 0.000102 0.000137 0.000000
1413394934.505760  0.010698 -0.002182  0.000000 0.000102 0.000137 0.000000
1413394934.605761  0.010742 -0.002173 -0.000000 0.000102 0.000137 0.000000
1413394934.755760  0.010755 -0.002189 -0.000000 0.000102 0.000137 0.000000
1413394934.955760  0.010762 -0.002233 -0.000000 0.000101 0.000136 0.000000
1413394935.205760  0.010768 -0.002253 -0.000000 0.000101 0.000136 0.000000
1413394935.405761  0.010778 -0.002287 -0.000000 0.000101 0.000136 0.000000
1413394935.605761  0.010784 -0.002309 -0.000000 0.000100 0.000136 0.000000
1413394935.805761  0.010788 -0.002340 -0.000000 0.000100 0.000136 0.000000
1413394936.055760  0.010790 -0.002347  0.000000 0.000100 0.000135 0.000000
1413394936.205760  0.010792 -0.002357  0.000000 0.000100 0.000135 0.000000
1413394936.305761  0.010807 -0.002364  0.000000 0.000100 0.000135 0.000000
1413394936.405761  0.010782 -0.002387 -0.000000 0.000099 0.000135 0.000000
1413394936.605761  0.010802 -0.002403 -0.000000 0.000099 0.000135 0.000000
1413394936.705760  0.010794 -0.002416 -0.000000 0.000099 0.000135 0.000000
1413394936.905761  0.010788 -0.002448 -0.000000 0.000099 0.000135 0.000000
1413394937.005760  0.010789 -0.002454 -0.000000 0.000099 0.000135 0.000000
1413394937.205760  0.010758 -0.002488 -0.000000 0.000099 0.000135 0.000000
1413394937.305761  0.010757 -0.002499  0.000000 0.000099 0.000134 0.000000
1413394937.455760  0.010760 -0.002543 -0.000000 0.000099 0.000134 0.000000
1413394937.555760  0.010765 -0.002572 -0.000000 0.000098 0.000134 0.000000
1413394937.755760  0.010764 -0.002628 -0.000000 0.000098 0.000134 0.000000
1413394937.855760  0.010755 -0.002663 -0.000000 0.000098 0.000134 0.000000
1413394938.055760  0.010738 -0.002716  0.000000 0.000098 0.000134 0.000000
1413394938.155760  0.010734 -0.002742  0.000000 0.000098 0.000134 0.000000
1413394938.355760  0.010708 -0.002762 -0.000000 0.000098 0.000133 0.000000
1413394938.455760  0.010694 -0.002774 -0.000000 0.000098 0.000133 0.000000
1413394938.655760  0.010662 -0.002786 -0.000000 0.000098 0.000133 0.000000
1413394938.755760  0.010651 -0.002782 -0.000000 0.000097 0.000133 0.000000
1413394938.955760  0.010633 -0.002784  0.000000 0.000097 0.000133 0.000000
1413394939.055760  0.010620 -0.002790 -0.000000 0.000097 0.000133 0.000000
1413394939.255760  0.010606 -0.002807 -0.000000 0.000097 0.000133 0.000000
1413394939.355760  0.010602 -0.002818 -0.000000 0.000097 0.000133 0.000000
1413394939.555760  0.010569 -0.002851 -0.000000 0.000097 0.000133 0.000000
1413394939.655760  0.010563 -0.002859 -0.000000 0.000097 0.000133 0.000000
1413394939.855760  0.010573 -0.002875 -0.000000 0.000097 0.000133 0.000000
1413394940.055760  0.010563 -0.002874 -0.000000 0.000097 0.000132 0.000000
1413394940.155760  0.010558 -0.002885 -0.000000 0.000097 0.000132 0.000000
1413394940.355760  0.010561 -0.002888  0.000000 0.000097 0.000132 0.000000
1413394940.555760  0.010545 -0.002892  0.000000 0.000097 0.000132 0.000000
1413394940.655760  0.010575 -0.002886  0.000000 0.000097 0.000132 0.000000
1413394940.855760  0.010573 -0.002889  0.000000 0.000097 0.000132 0.000000
1413394941.005760  0.010580 -0.002891  0.000000 0.000097 0.000132 0.000000
1413394941.105761  0.010580 -0.002898  0.000000 0.000097 0.000132 0.000000
1413394941.205760  0.010578 -0.002892 -0.000000 0.000097 0.000132 0.000000
1413394941.405761  0.010588 -0.002894 -0.000000 0.000097 0.000132 0.000000
1413394941.505760  0.010595 -0.002893 -0.000000 0.000097 0.000132 0.000000
1413394941.705760  0.010598 -0.002886 -0.000000 0.000097 0.000132 0.000000
1413394941.805761  0.010605 -0.002891 -0.000000 0.000097 0.000132 0.000000
1413394941.855760  0.010601 -0.002886  0.000000 0.000097 0.000132 0.000000
1413394941.955760  0.010605 -0.002889  0.000000 0.000097 0.000132 0.000000
1413394942.055760  0.010602 -0.002891  0.000000 0.000097 0.000132 0.000000
1413394942.155760  0.010597 -0.002890  0.000000 0.000097 0.000132 0.000000
1413394942.255760  0.010593 -0.002887 -0.000000 0.000096 0.000132 0.000000
1413394942.355760  0.010594 -0.002887  0.000000 0.000096 0.000132 0.000000
1413394942.455760  0.010604 -0.002878 -0.000000 0.000096 0.000132 0.000000
1413394942.555760  0.010602 -0.002900 -0.000000 0.000096 0.000132 0.000000
1413394942.655760  0.010598 -0.002898  0.000000 0.000096 0.000132 0.000000
1413394942.755760  0.010600 -0.002875  0.000000 0.000096 0.000132 0.000000
1413394942.805761  0.010594 -0.002890 -0.000000 0.000096 0.000132 0.000000
1413394942.905761  0.010588 -0.002879  0.000000 0.000096 0.000132 0.000000
1413394942.955760  0.010587 -0.002891 -0.000000 0.000096 0.000132 0.000000
1413394943.055760  0.010607 -0.002878 -0.000000 0.000096 0.000132 0.000000
1413394943.155760  0.010613 -0.002879 -0.000000 0.000096 0.000132 0.000000
1413394943.255760  0.010578 -0.002884  0.000000 0.000096 0.000132 0.000000
1413394943.355760  0.010580 -0.002886  0.000000 0.000096 0.000132 0.000000
1413394943.455760  0.010578 -0.002890 -0.000000 0.000096 0.000132 0.000000
1413394943.605761  0.010585 -0.002894  0.000000 0.000096 0.000132 0.000000
1413394943.705760  0.010579 -0.002894  0.000000 0.000096 0.000132 0.000000
1413394943.855760  0.010592 -0.002905  0.000000 0.000096 0.000132 0.000000
1413394944.005760  0.010610 -0.002920  0.000000 0.000096 0.000132 0.000000
1413394944.205760  0.010603 -0.002935 -0.000000 0.000096 0.000132 0.000000
1413394944.405761  0.010606 -0.002941 -0.000000 0.000096 0.000132 0.000000
1413394944.555760  0.010611 -0.002947 -0.000000 0.000096 0.000132 0.000000
1413394944.705760  0.010594 -0.002949 -0.000000 0.000096 0.000132 0.000000
1413394944.805761  0.010563 -0.002961 -0.000000 0.000095 0.000131 0.000000
1413394944.905761  0.010540 -0.002953  0.000000 0.000095 0.000131 0.000000
1413394945.055760  0.010520 -0.002950  0.000000 0.000095 0.000131 0.000000
1413394945.155760  0.010501 -0.002937  0.000000 0.000095 0.000131 0.000000
1413394945.255760  0.010481 -0.002925  0.000000 0.000095 0.000131 0.000000
1413394945.355760  0.010470 -0.002925  0.000000 0.000095 0.000131 0.000000
1413394945.455760  0.010453 -0.002921  0.000000 0.000095 0.000131 0.000000
1413394945.555760  0.010437 -0.002919  0.000000 0.000095 0.000131 0.000000
1413394945.655760  0.010422 -0.002927  0.000000 0.000095 0.000131 0.000000
1413394945.755760  0.010405 -0.002930  0.000000 0.000095 0.000131 0.000000
1413394945.855760  0.010378 -0.002920  0.000000 0.000095 0.000131 0.000000
1413394945.955760  0.010362 -0.002918 -0.000000 0.000095 0.000131 0.000000
1413394946.055760  0.010340 -0.002929  0.000000 0.000095 0.000131 0.000000
1413394946.155760  0.010352 -0.002923  0.000000 0.000095 0.000131 0.000000
1413394946.255760  0.010343 -0.002937  0.000000 0.000095 0.000131 0.000000
1413394946.455760  0.010339 -0.002953  0.000000 0.000095 0.000131 0.000000
1413394946.555760  0.010329 -0.002967  0.000000 0.000095 0.000131 0.000000
1413394946.755760  0.010330 -0.002970  0.000000 0.000094 0.000131 0.000000
1413394946.855760  0.010305 -0.002954  0.000000 0.000094 0.000131 0.000000
1413394947.055760  0.010303 -0.002958  0.000000 0.000094 0.000131 0.000000
1413394947.155760  0.010314 -0.002976 -0.000000 0.000094 0.000131 0.000000
1413394947.355760  0.010318 -0.003001 -0.000000 0.000094 0.000130 0.000000
1413394947.455760  0.010316 -0.003008 -0.000000 0.000094 0.000130 0.000000
1413394947.655760  0.010320 -0.003003  0.000000 0.000094 0.000130 0.000000
1413394947.755760  0.010328 -0.003010  0.000000 0.000094 0.000130 0.000000
1413394947.955760  0.010332 -0.002990 -0.000000 0.000094 0.000130 0.000000
1413394948.055760  0.010327 -0.002993  0.000000 0.000094 0.000130 0.000000
1413394948.255760  0.010337 -0.002995  0.000000 0.000094 0.000130 0.000000
1413394948.355760  0.010339 -0.002986  0.000000 0.000094 0.000130 0.000000
1413394948.555760  0.010354 -0.002984 -0.000000 0.000094 0.000130 0.000000
1413394948.655760  0.010352 -0.002984 -0.000000 0.000094 0.000130 0.000000
1413394948.955760  0.010350 -0.002966  0.000000 0.000093 0.000130 0.000000
1413394949.155760  0.010337 -0.002956  0.000000 0.000093 0.000130 0.000000
1413394949.355760  0.010342 -0.002957  0.000000 0.000093 0.000130 0.000000
1413394949.555760  0.010336 -0.002965 -0.000000 0.000093 0.000130 0.000000
1413394949.655760  0.010346 -0.002973  0.000000 0.000093 0.000130 0.000000
1413394949.855760  0.010351 -0.002997 -0.000000 0.000093 0.000130 0.000000
1413394950.055760  0.010341 -0.002998 -0.000000 0.000093 0.000130 0.000000
1413394950.155760  0.010344 -0.002990  0.000000 0.000093 0.000130 0.000000
1413394950.355760  0.010354 -0.003007 -0.000000 0.000093 0.000130 0.000000
1413394950.555760  0.010345 -0.003006 -0.000000 0.000093 0.000129 0.000000
1413394950.755760  0.010338 -0.003019 -0.000000 0.000093 0.000129 0.000000
1413394950.855760  0.010336 -0.003028 -0.000000 0.000093 0.000129 0.000000
1413394951.055760  0.010345 -0.003050 -0.000000 0.000093 0.000129 0.000000
1413394951.255760  0.010340 -0.003053  0.000000 0.000093 0.000129 0.000000
1413394951.355760  0.010337 -0.003057 -0.000000 0.000093 0.000129 0.000000
1413394951.555760  0.010333 -0.003052  0.000000 0.000093 0.000129 0.000000
1413394951.655760  0.010325 -0.003053 -0.000000 0.000093 0.000129 0.000000
1413394951.855760  0.010313 -0.003047  0.000000 0.000093 0.000129 0.000000
1413394952.055760  0.010310 -0.003041  0.000000 0.000093 0.000129 0.000000
1413394952.155760  0.010302 -0.003050 -0.000000 0.000093 0.000129 0.000000
1413394952.355760  0.010275 -0.003057  0.000000 0.000093 0.000129 0.000000
1413394952.555760  0.010262 -0.003054 -0.000000 0.000093 0.000129 0.000000
1413394952.755760  0.010258 -0.003047 -0.000000 0.000093 0.000129 0.000000
1413394952.855760  0.010276 -0.003050 -0.000000 0.000093 0.000129 0.000000
1413394953.055760  0.010289 -0.003046 -0.000000 0.000093 0.000129 0.000000
1413394953.355760  0.010284 -0.003051 -0.000000 0.000093 0.000129 0.000000
1413394953.555760  0.010297 -0.003055 -0.000000 0.000093 0.000129 0.000000
1413394953.655760  0.010282 -0.003065 -0.000000 0.000093 0.000129 0.000000
1413394953.855760  0.010277 -0.003061  0.000000 0.000093 0.000129 0.000000
1413394954.055760  0.010273 -0.003061  0.000000 0.000093 0.000129 0.000000
1413394954.155760  0.010273 -0.003063 -0.000000 0.000093 0.000129 0.000000
1413394954.355760  0.010260 -0.003055 -0.000000 0.000093 0.000129 0.000000
1413394954.555760  0.010253 -0.003053 -0.000000 0.000093 0.000129 0.000000
1413394954.655760  0.010257 -0.003054 -0.000000 0.000093 0.000129 0.000000
1413394954.855760  0.010249 -0.003053 -0.000000 0.000093 0.000129 0.000000
1413394954.955760  0.010251 -0.003051 -0.000000 0.000093 0.000129 0.000000
1413394955.155760  0.010250 -0.003054 -0.000000 0.000093 0.000129 0.000000
1413394955.255760  0.010247 -0.003047 -0.000000 0.000093 0.000129 0.000000
1413394955.455760  0.010248 -0.003052  0.000000 0.000093 0.000129 0.000000
1413394955.555760  0.010255 -0.003058 -0.000000 0.000093 0.000129 0.000000
1413394955.755760  0.010255 -0.003062  0.000000 0.000093 0.000129 0.000000
1413394955.855760  0.010263 -0.003071 -0.000000 0.000093 0.000129 0.000000
1413394955.955760  0.010271 -0.003077 -0.000000 0.000093 0.000129 0.000000
1413394956.105761  0.010279 -0.003076  0.000000 0.000093 0.000129 0.000000
1413394956.205760  0.010279 -0.003074  0.000000 0.000093 0.000129 0.000000
1413394956.405761  0.010279 -0.003070 -0.000000 0.000093 0.000129 0.000000
1413394956.505760  0.010273 -0.003071 -0.000000 0.000093 0.000129 0.000000
1413394956.655760  0.010272 -0.003075 -0.000000 0.000093 0.000129 0.000000
1413394956.755760  0.010273 -0.003080 -0.000000 0.000093 0.000129 0.000000
1413394957.005760  0.010273 -0.003078 -0.000000 0.000093 0.000129 0.000000
1413394957.105761  0.010275 -0.003083  0.000000 0.000093 0.000129 0.000000
1413394957.205760  0.010278 -0.003082 -0.000000 0.000093 0.000129 0.000000
1413394957.305761  0.010285 -0.003078  0.000000 0.000093 0.000129 0.000000
1413394957.405761  0.010291 -0.003078 -0.000000 0.000093 0.000129 0.000000
1413394957.605761  0.010284 -0.003079  0.000000 0.000093 0.000129 0.000000
1413394957.705760  0.010280 -0.003079  0.000000 0.000093 0.000129 0.000000
1413394957.805761  0.010280 -0.003077 -0.000000 0.000093 0.000129 0.000000
1413394958.055760  0.010265 -0.003040 -0.000000 0.000092 0.000129 0.000000
1413394958.155760  0.010281 -0.003075 -0.000000 0.000092 0.000129 0.000000
1413394958.255760  0.010288 -0.003080  0.000000 0.000092 0.000129 0.000000
1413394958.405761  0.010283 -0.003083  0.000000 0.000092 0.000129 0.000000
1413394958.505760  0.010278 -0.003084 -0.000000 0.000092 0.000129 0.000000
1413394958.605761  0.010281 -0.003093 -0.000000 0.000092 0.000129 0.000000
1413394958.705760  0.010282 -0.003092  0.000000 0.000092 0.000129 0.000000
1413394958.905761  0.010284 -0.003085  0.000000 0.000092 0.000129 0.000000
1413394959.005760  0.010308 -0.003091  0.000000 0.000092 0.000129 0.000000
1413394959.105761  0.010317 -0.003085 -0.000000 0.000092 0.000129 0.000000
1413394959.205760  0.010324 -0.003074 -0.000000 0.000092 0.000129 0.000000
1413394959.305761  0.010324 -0.003073  0.000000 0.000092 0.000129 0.000000
1413394959.455760  0.010330 -0.003078 -0.000000 0.000092 0.000129 0.000000
1413394959.555760  0.010333 -0.003089 -0.000000 0.000092 0.000129 0.000000
1413394959.655760  0.010336 -0.003093 -0.000000 0.000092 0.000129 0.000000
1413394959.755760  0.010345 -0.003111  0.000000 0.000092 0.000129 0.000000
1413394959.905761  0.010347 -0.003096  0.000000 0.000092 0.000129 0.000000
1413394960.005760  0.010347 -0.003103 -0.000000 0.000092 0.000129 0.000000
1413394960.055760  0.010350 -0.003097  0.000000 0.000092 0.000129 0.000000
1413394960.155760  0.010361 -0.003097  0.000000 0.000092 0.000129 0.000000
1413394960.255760  0.010361 -0.003085  0.000000 0.000092 0.000129 0.000000
1413394960.405761  0.010372 -0.003079 -0.000000 0.000092 0.000129 0.000000
1413394960.505760  0.010388 -0.003092  0.000000 0.000092 0.000129 0.000000
1413394960.605761  0.010402 -0.003095  0.000000 0.000092 0.000129 0.000000
1413394960.705760  0.010415 -0.003107  0.000000 0.000092 0.000129 0.000000
1413394960.855760  0.010428 -0.003117  0.000000 0.000092 0.000129 0.000000
1413394960.955760  0.010421 -0.003105  0.000000 0.000092 0.000129 0.000000
1413394961.055760  0.010418 -0.003098 -0.000000 0.000092 0.000129 0.000000
1413394961.255760  0.010422 -0.003097  0.000000 0.000092 0.000129 0.000000
1413394961.355760  0.010431 -0.003105 -0.000000 0.000092 0.000129 0.000000
1413394961.455760  0.010441 -0.003120 -0.000000 0.000092 0.000129 0.000000
1413394961.605761  0.010437 -0.003129  0.000000 0.000092 0.000129 0.000000
1413394961.705760  0.010436 -0.003131 -0.000000 0.000092 0.000129 0.000000
1413394961.805761  0.010432 -0.003136  0.000000 0.000092 0.000129 0.000000
1413394961.905761  0.010418 -0.003111  0.000000 0.000092 0.000129 0.000000
1413394962.055760  0.010409 -0.003110  0.000000 0.000092 0.000128 0.000000
1413394962.155760  0.010405 -0.003112  0.000000 0.000092 0.000128 0.000000
1413394962.305761  0.010406 -0.003118 -0.000000 0.000092 0.000128 0.000000
1413394962.455760  0.010396 -0.003120 -0.000000 0.000092 0.000128 0.000000
1413394962.555760  0.010393 -0.003122  0.000000 0.000092 0.000128 0.000000
1413394962.655760  0.010392 -0.003121 -0.000000 0.000092 0.000128 0.000000
1413394962.755760  0.010387 -0.003111  0.000000 0.000092 0.000128 0.000000
1413394962.855760  0.010386 -0.003113 -0.000000 0.000092 0.000128 0.000000
1413394963.005760  0.010383 -0.003108 -0.000000 0.000092 0.000128 0.000000
1413394963.105761  0.010384 -0.003100 -0.000000 0.000092 0.000128 0.000000
1413394963.205760  0.010385 -0.003097  0.000000 0.000092 0.000128 0.000000
1413394963.355760  0.010392 -0.003105 -0.000000 0.000092 0.000128 0.000000
1413394963.455760  0.010395 -0.003108 -0.000000 0.000092 0.000128 0.000000
1413394963.555760  0.010398 -0.003105 -0.000000 0.000092 0.000128 0.000000
1413394963.655760  0.010403 -0.003104 -0.000000 0.000092 0.000128 0.000000
1413394963.755760  0.010421 -0.003116 -0.000000 0.000092 0.000128 0.000000
1413394963.805761  0.010415 -0.003114 -0.000000 0.000092 0.000128 0.000000
1413394963.905761  0.010408 -0.003113  0.000000 0.000092 0.000128 0.000000
1413394964.005760  0.010395 -0.003111 -0.000000 0.000092 0.000128 0.000000
1413394964.105761  0.010392 -0.003104  0.000000 0.000092 0.000128 0.000000
1413394964.205760  0.010386 -0.003097 -0.000000 0.000092 0.000128 0.000000
1413394964.305761  0.010374 -0.003083 -0.000000 0.000092 0.000128 0.000000
1413394964.405761  0.010383 -0.003082 -0.000000 0.000092 0.000128 0.000000
1413394964.505760  0.010404 -0.003092  0.000000 0.000092 0.000128 0.000000
1413394964.605761  0.010389 -0.003086 -0.000000 0.000092 0.000128 0.000000
1413394964.705760  0.010386 -0.003090 -0.000000 0.000092 0.000128 0.000000
1413394964.805761  0.010381 -0.003089 -0.000000 0.000092 0.000128 0.000000
1413394964.855760  0.010363 -0.003068 -0.000000 0.000092 0.000128 0.000000
1413394965.005760  0.010371 -0.003068 -0.000000 0.000091 0.000128 0.000000
1413394965.105761  0.010372 -0.003056 -0.000000 0.000091 0.000128 0.000000
1413394965.205760  0.010388 -0.003053  0.000000 0.000091 0.000128 0.000000
1413394965.305761  0.010403 -0.003054  0.000000 0.000091 0.000128 0.000000
1413394965.455760  0.010408 -0.003049  0.000000 0.000091 0.000128 0.000000
1413394965.605761  0.010406 -0.003048 -0.000000 0.000091 0.000128 0.000000
1413394965.705760  0.010400 -0.003038  0.000000 0.000091 0.000128 0.000000
1413394965.755760  0.010398 -0.003044 -0.000000 0.000091 0.000128 0.000000
1413394965.905761  0.010403 -0.003034  0.000000 0.000091 0.000128 0.000000
1413394966.055760  0.010403 -0.003027  0.000000 0.000091 0.000128 0.000000
1413394966.205760  0.010410 -0.003026 -0.000000 0.000091 0.000128 0.000000
1413394966.305761  0.010424 -0.003041 -0.000000 0.000091 0.000128 0.000000
1413394966.405761  0.010428 -0.003045 -0.000000 0.000091 0.000128 0.000000
1413394966.505760  0.010426 -0.003048  0.000000 0.000091 0.000128 0.000000
1413394966.655760  0.010415 -0.003029  0.000000 0.000091 0.000128 0.000000
1413394966.755760  0.010426 -0.003038  0.000000 0.000091 0.000128 0.000000
1413394966.805761  0.010428 -0.003040 -0.000000 0.000091 0.000128 0.000000
1413394967.005760  0.010430 -0.003042  0.000000 0.000091 0.000128 0.000000
1413394967.105761  0.010425 -0.003050 -0.000000 0.000091 0.000128 0.000000
1413394967.255760  0.010414 -0.003058 -0.000000 0.000091 0.000128 0.000000
1413394967.355760  0.010409 -0.003054  0.000000 0.000091 0.000128 0.000000
1413394967.455760  0.010414 -0.003062 -0.000000 0.000091 0.000128 0.000000
1413394967.605761  0.010409 -0.003074  0.000000 0.000091 0.000128 0.000000
1413394967.705760  0.010411 -0.003078 -0.000000 0.000091 0.000128 0.000000
1413394967.855760  0.010404 -0.003092 -0.000000 0.000091 0.000128 0.000000
1413394967.955760  0.010396 -0.003088  0.000000 0.000091 0.000128 0.000000
1413394968.055760  0.010387 -0.003095  0.000000 0.000091 0.000128 0.000000
1413394968.155760  0.010386 -0.003102  0.000000 0.000091 0.000128 0.000000
1413394968.305761  0.010376 -0.003106 -0.000000 0.000091 0.000127 0.000000
1413394968.505760  0.010369 -0.003121 -0.000000 0.000091 0.000127 0.000000
1413394968.705760  0.010363 -0.003141 -0.000000 0.000091 0.000127 0.000000
1413394968.955760  0.010345 -0.003159  0.000000 0.000091 0.000127 0.000000
1413394969.055760  0.010345 -0.003163 -0.000000 0.000091 0.000127 0.000000
1413394969.255760  0.010317 -0.003178 -0.000000 0.000091 0.000127 0.000000
1413394969.455760  0.010308 -0.003186 -0.000000 0.000091 0.000127 0.000000
1413394969.655760  0.010291 -0.003198 -0.000000 0.000091 0.000127 0.000000
1413394969.855760  0.010282 -0.003204  0.000000 0.000091 0.000127 0.000000
1413394970.055760  0.010267 -0.003220 -0.000000 0.000090 0.000127 0.000000
1413394970.255760  0.010248 -0.003227  0.000000 0.000090 0.000127 0.000000
1413394970.355760  0.010253 -0.003226 -0.000000 0.000090 0.000127 0.000000
1413394970.555760  0.010254 -0.003239 -0.000000 0.000090 0.000127 0.000000
1413394970.755760  0.010250 -0.003248 -0.000000 0.000090 0.000127 0.000000
1413394970.955760  0.010248 -0.003258 -0.000000 0.000090 0.000127 0.000000
1413394971.255760  0.010236 -0.003274 -0.000000 0.000090 0.000127 0.000000
1413394971.455760  0.010225 -0.003277 -0.000000 0.000090 0.000127 0.000000
1413394971.655760  0.010215 -0.003280 -0.000000 0.000090 0.000127 0.000000
1413394971.755760  0.010208 -0.003277 -0.000000 0.000090 0.000127 0.000000
1413394971.955760  0.010209 -0.003274 -0.000000 0.000090 0.000127 0.000000
1413394972.055760  0.010208 -0.003275 -0.000000 0.000090 0.000127 0.000000
1413394972.255760  0.010201 -0.003276 -0.000000 0.000090 0.000127 0.000000
1413394972.355760  0.010198 -0.003265 -0.000000 0.000090 0.000127 0.000000
1413394972.555760  0.010193 -0.003261 -0.000000 0.000090 0.000127 0.000000
1413394972.655760  0.010197 -0.003273  0.000000 0.000090 0.000127 0.000000
1413394972.855760  0.010196 -0.003278 -0.000000 0.000090 0.000127 0.000000
1413394972.955760  0.010207 -0.003271  0.000000 0.000090 0.000127 0.000000
1413394973.055760  0.010200 -0.003277 -0.000000 0.000090 0.000127 0.000000
1413394973.155760  0.010193 -0.003269  0.000000 0.000090 0.000127 0.000000
1413394973.255760  0.010192 -0.003268 -0.000000 0.000090 0.000127 0.000000
1413394973.355760  0.010190 -0.003261  0.000000 0.000090 0.000127 0.000000
1413394973.405761  0.010200 -0.003269 -0.000000 0.000090 0.000127 0.000000
1413394973.505760  0.010198 -0.003271 -0.000000 0.000090 0.000127 0.000000
1413394973.605761  0.010198 -0.003270 -0.000000 0.000090 0.000127 0.000000
1413394973.705760  0.010196 -0.003266  0.000000 0.000090 0.000127 0.000000
1413394973.805761  0.010200 -0.003273  0.000000 0.000090 0.000127 0.000000
1413394973.905761  0.010197 -0.003274 -0.000000 0.000090 0.000127 0.000000
1413394974.005760  0.010196 -0.003279 -0.000000 0.000090 0.000127 0.000000
1413394974.105761  0.010195 -0.003280  0.000000 0.000090 0.000127 0.000000
1413394974.205760  0.010182 -0.003274  0.000000 0.000090 0.000127 0.000000
1413394974.305761  0.010185 -0.003276  0.000000 0.000090 0.000127 0.000000
1413394974.405761  0.010179 -0.003277  0.000000 0.000090 0.000127 0.000000
1413394974.505760  0.010177 -0.003277 -0.000000 0.000090 0.000127 0.000000
1413394974.605761  0.010181 -0.003281  0.000000 0.000090 0.000127 0.000000
1413394974.705760  0.010176 -0.003274 -0.000000 0.000090 0.000127 0.000000
1413394974.855760  0.010170 -0.003270 -0.000000 0.000090 0.000127 0.000000
1413394975.005760  0.010166 -0.003273 -0.000000 0.000090 0.000127 0.000000
1413394975.105761  0.010153 -0.003259 -0.000000 0.000090 0.000127 0.000000
1413394975.205760  0.010171 -0.003276  0.000000 0.000090 0.000127 0.000000
1413394975.355760  0.010162 -0.003266 -0.000000 0.000090 0.000127 0.000000
1413394975.555760  0.010169 -0.003265 -0.000000 0.000090 0.000127 0.000000
1413394975.755760  0.010179 -0.003273 -0.000000 0.000090 0.000127 0.000000
1413394976.055760  0.010181 -0.003271 -0.000000 0.000090 0.000127 0.000000
1413394976.355760  0.010186 -0.003299  0.000000 0.000090 0.000126 0.000000
1413394976.605761  0.010185 -0.003306 -0.000000 0.000090 0.000126 0.000000
1413394976.705760  0.010182 -0.003310 -0.000000 0.000089 0.000126 0.000000
1413394976.855760  0.010186 -0.003309 -0.000000 0.000089 0.000126 0.000000
1413394976.955760  0.010190 -0.003316 -0.000000 0.000089 0.000126 0.000000
1413394977.105761  0.010186 -0.003320 -0.000000 0.000089 0.000126 0.000000
1413394977.205760  0.010184 -0.003318  0.000000 0.000089 0.000126 0.000000
1413394977.405761  0.010193 -0.003324 -0.000000 0.000089 0.000126 0.000000
1413394977.605761  0.010201 -0.003315 -0.000000 0.000089 0.000126 0.000000
1413394977.705760  0.010204 -0.003312 -0.000000 0.000089 0.000126 0.000000
1413394977.905761  0.010201 -0.003313 -0.000000 0.000089 0.000126 0.000000
1413394978.005760  0.010208 -0.003321 -0.000000 0.000089 0.000126 0.000000
1413394978.155760  0.010208 -0.003318  0.000000 0.000089 0.000126 0.000000
1413394978.255760  0.010215 -0.003322 -0.000000 0.000089 0.000126 0.000000
1413394978.355760  0.010207 -0.003328 -0.000000 0.000089 0.000126 0.000000
1413394978.455760  0.010205 -0.003324  0.000000 0.000089 0.000126 0.000000
1413394978.555760  0.010202 -0.003322  0.000000 0.000089 0.000126 0.000000
1413394978.655760  0.010200 -0.003324 -0.000000 0.000089 0.000126 0.000000
1413394978.755760  0.010191 -0.003320  0.000000 0.000089 0.000126 0.000000
1413394978.855760  0.010187 -0.003323 -0.000000 0.000089 0.000126 0.000000
1413394978.955760  0.010182 -0.003322 -0.000000 0.000089 0.000126 0.000000
1413394979.055760  0.010179 -0.003324  0.000000 0.000089 0.000126 0.000000
1413394979.155760  0.010175 -0.003325 -0.000000 0.000089 0.000126 0.000000
1413394979.255760  0.010172 -0.003327  0.000000 0.000089 0.000126 0.000000
1413394979.405761  0.010170 -0.003327  0.000000 0.000089 0.000126 0.000000
1413394979.555760  0.010172 -0.003329 -0.000000 0.000089 0.000126 0.000000
1413394979.805761  0.010172 -0.003329 -0.000000 0.000089 0.000126 0.000000
1413394979.905761  0.010171 -0.003332 -0.000000 0.000089 0.000126 0.000000
1413394980.005760  0.010171 -0.003332 -0.000000 0.000089 0.000126 0.000000
1413394980.255760  0.010171 -0.003329 -0.000000 0.000089 0.000126 0.000000
1413394980.505760  0.010173 -0.003346  0.000000 0.000089 0.000126 0.000000
1413394980.655760  0.010165 -0.003344 -0.000000 0.000089 0.000126 0.000000
1413394980.855760  0.010164 -0.003345 -0.000000 0.000089 0.000126 0.000000
1413394981.105761  0.010164 -0.003344 -0.000000 0.000089 0.000126 0.000000
1413394981.355760  0.010164 -0.003342 -0.000000 0.000089 0.000126 0.000000
1413394981.555760  0.010162 -0.003340 -0.000000 0.000089 0.000126 0.000000
1413394981.805761  0.010162 -0.003341 -0.000000 0.000089 0.000126 0.000000
1413394982.055760  0.010161 -0.003345  0.000000 0.000089 0.000126 0.000000
1413394982.255760  0.010157 -0.003336 -0.000000 0.000089 0.000126 0.000000
1413394982.405761  0.010156 -0.003339  0.000000 0.000089 0.000126 0.000000
1413394982.555760  0.010159 -0.003330 -0.000000 0.000089 0.000126 0.000000
1413394982.655760  0.010160 -0.003323  0.000000 0.000089 0.000126 0.000000
1413394982.755760  0.010163 -0.003320 -0.000000 0.000089 0.000126 0.000000
1413394982.855760  0.010162 -0.003319 -0.000000 0.000089 0.000126 0.000000
1413394983.005760  0.010158 -0.003320  0.000000 0.000089 0.000126 0.000000
1413394983.105761  0.010160 -0.003320  0.000000 0.000089 0.000126 0.000000
1413394983.305761  0.010150 -0.003315 -0.000000 0.000089 0.000126 0.000000
1413394983.405761  0.010143 -0.003313  0.000000 0.000089 0.000126 0.000000
1413394983.605761  0.010142 -0.003303 -0.000000 0.000089 0.000126 0.000000
1413394983.705760  0.010141 -0.003295 -0.000000 0.000089 0.000126 0.000000
1413394983.905761  0.010134 -0.003286  0.000000 0.000089 0.000126 0.000000
1413394984.105761  0.010119 -0.003282  0.000000 0.000089 0.000126 0.000000
1413394984.305761  0.010124 -0.003274  0.000000 0.000089 0.000126 0.000000
1413394984.505760  0.010118 -0.003266  0.000000 0.000089 0.000126 0.000000
1413394984.705760  0.010114 -0.003260  0.000000 0.000089 0.000126 0.000000
1413394984.905761  0.010111 -0.003256  0.000000 0.000089 0.000126 0.000000
1413394985.105761  0.010107 -0.003249  0.000000 0.000089 0.000126 0.000000
1413394985.305761  0.010104 -0.003247 -0.000000 0.000089 0.000126 0.000000
1413394985.505760  0.010096 -0.003242 -0.000000 0.000089 0.000126 0.000000
1413394985.605761  0.010092 -0.003241 -0.000000 0.000089 0.000126 0.000000
1413394985.805761  0.010084 -0.003238 -0.000000 0.000089 0.000126 0.000000
1413394985.905761  0.010078 -0.003242 -0.000000 0.000089 0.000126 0.000000
1413394986.105761  0.010075 -0.003241  0.000000 0.000089 0.000126 0.000000
1413394986.305761  0.010071 -0.003244  0.000000 0.000089 0.000126 0.000000
1413394986.405761  0.010071 -0.003248 -0.000000 0.000089 0.000126 0.000000
1413394986.605761  0.010068 -0.003248  0.000000 0.000089 0.000126 0.000000
1413394986.705760  0.010071 -0.003243 -0.000000 0.000089 0.000126 0.000000
1413394986.905761  0.010071 -0.003243  0.000000 0.000089 0.000126 0.000000
1413394987.105761  0.010066 -0.003240 -0.000000 0.000089 0.000126 0.000000
1413394987.305761  0.010063 -0.003238 -0.000000 0.000089 0.000126 0.000000
1413394987.505760  0.010063 -0.003236 -0.000000 0.000089 0.000126 0.000000
1413394987.705760  0.010062 -0.003233  0.000000 0.000089 0.000126 0.000000
1413394987.905761  0.010064 -0.003230  0.000000 0.000089 0.000126 0.000000
1413394988.005760  0.010057 -0.003226  0.000000 0.000089 0.000126 0.000000
1413394988.205760  0.010054 -0.003224  0.000000 0.000089 0.000126 0.000000
1413394988.305761  0.010050 -0.003221 -0.000000 0.000089 0.000126 0.000000
1413394988.505760  0.010051 -0.003227 -0.000000 0.000088 0.000126 0.000000
1413394988.605761  0.010048 -0.003232 -0.000000 0.000088 0.000126 0.000000
1413394988.805761  0.010051 -0.003237 -0.000000 0.000088 0.000126 0.000000
1413394988.905761  0.010055 -0.003243 -0.000000 0.000088 0.000126 0.000000
1413394989.105761  0.010056 -0.003244 -0.000000 0.000088 0.000126 0.000000
1413394989.305761  0.010057 -0.003244  0.000000 0.000088 0.000126 0.000000
1413394989.505760  0.010060 -0.003245  0.000000 0.000088 0.000126 0.000000
1413394989.705760  0.010064 -0.003247  0.000000 0.000088 0.000126 0.000000
1413394989.905761  0.010061 -0.003247 -0.000000 0.000088 0.000126 0.000000
1413394990.105761  0.010058 -0.003258 -0.000000 0.000088 0.000126 0.000000
1413394990.205760  0.010060 -0.003249  0.000000 0.000088 0.000126 0.000000
1413394990.355760  0.010064 -0.003245  0.000000 0.000088 0.000126 0.000000
1413394990.455760  0.010064 -0.003236 -0.000000 0.000088 0.000126 0.000000
1413394990.555760  0.010063 -0.003231  0.000000 0.000088 0.000126 0.000000
1413394990.705760  0.010069 -0.003229  0.000000 0.000088 0.000126 0.000000
1413394990.855760  0.010076 -0.003234 -0.000000 0.000088 0.000126 0.000000
1413394991.055760  0.010085 -0.003245 -0.000000 0.000088 0.000126 0.000000
1413394991.255760  0.010086 -0.003246 -0.000000 0.000088 0.000126 0.000000
1413394991.405761  0.010091 -0.003249  0.000000 0.000088 0.000126 0.000000
1413394991.555760  0.010078 -0.003249 -0.000000 0.000088 0.000126 0.000000
1413394991.705760  0.010075 -0.003251 -0.000000 0.000088 0.000126 0.000000
1413394991.855760  0.010079 -0.003253 -0.000000 0.000088 0.000126 0.000000
1413394992.055760  0.010078 -0.003246 -0.000000 0.000088 0.000126 0.000000
1413394992.255760  0.010078 -0.003248 -0.000000 0.000088 0.000126 0.000000
1413394992.455760  0.010074 -0.003249 -0.000000 0.000088 0.000126 0.000000
1413394992.655760  0.010070 -0.003245  0.000000 0.000088 0.000126 0.000000
1413394993.305761  0.010063 -0.003251  0.000000 0.000088 0.000126 0.000000
1413394993.605761  0.010056 -0.003255 -0.000000 0.000088 0.000126 0.000000
1413394993.855760  0.010054 -0.003254 -0.000000 0.000088 0.000126 0.000000
1413394994.005760  0.010055 -0.003255 -0.000000 0.000088 0.000126 0.000000
1413394994.155760  0.010054 -0.003256 -0.000000 0.000088 0.000126 0.000000
