1413394889.855760  0.389990 -0.136206  0.207607 0.185772 0.199726 0.182923
1413394890.005760  0.138407 -0.134036  0.100455 0.166756 0.182853 0.172596
1413394890.305761 -0.606264 -0.064143 -0.052834 0.153735 0.162258 0.155062
1413394890.405761 -0.685357 -0.007121 -0.086559 0.157016 0.155536 0.152546
1413394890.505760 -0.619380  0.079657 -0.130290 0.162763 0.149891 0.149601
1413394890.655760 -0.337317  0.172227 -0.099450 0.165819 0.140630 0.146510
1413394890.905761  0.239687  0.225131 -0.155105 0.145978 0.133937 0.135966
1413394891.005760  0.294648  0.224617 -0.116386 0.134824 0.130011 0.132789
1413394891.105761  0.202479  0.219443 -0.093071 0.127833 0.127430 0.130795
1413394891.255760 -0.121241  0.207063 -0.065428 0.122489 0.124906 0.128865
1413394891.455760 -0.646578  0.161073  0.066021 0.123746 0.123130 0.127486
1413394891.555760 -0.796266  0.130164  0.055824 0.125965 0.121252 0.127785
1413394891.655760 -0.861349  0.096554  0.040015 0.129974 0.119104 0.128809
1413394891.805761 -0.882705  0.032557  0.116946 0.140645 0.118085 0.130853
1413394891.955760 -0.836604 -0.052311  0.303520 0.158256 0.126742 0.132386
1413394892.055760 -0.749304 -0.126892  0.331537 0.165092 0.128039 0.132774
1413394892.205760 -0.552684 -0.240778  0.334634 0.168889 0.126673 0.132292
1413394892.355760 -0.348388 -0.311856  0.155823 0.161424 0.116197 0.131380
1413394892.505760 -0.150576 -0.355080 -0.035752 0.169619 0.125126 0.125545
1413394892.655760  0.047689 -0.388871  0.007908 0.201617 0.162374 0.115984
1413394892.755760  0.125892 -0.406070  0.065386 0.240526 0.203798 0.110891
1413394892.905761  0.213310 -0.406421  0.092990 0.315118 0.279726 0.103936
1413394893.005760  0.237051 -0.423322  0.118252 0.362587 0.326595 0.100663
1413394893.055760  0.228678 -0.429987  0.127300 0.384650 0.345960 0.099691
1413394893.205760  0.219989 -0.504559  0.134363 0.425036 0.389127 0.097417
1413394893.355760  0.191681 -0.581404  0.186352 0.429977 0.407448 0.096281
1413394893.505760  0.239919 -0.627969  0.137924 0.407898 0.403369 0.095034
1413394893.655760  0.353156 -0.669224 -0.008449 0.376804 0.384836 0.093525
1413394893.805761  0.542697 -0.731553 -0.075222 0.355085 0.367447 0.092298
1413394893.955760  0.799101 -0.794928 -0.101028 0.346471 0.351629 0.091761
1413394894.105761  1.040005 -0.813256 -0.153070 0.355535 0.339628 0.091794
1413394894.205760  1.172786 -0.787910 -0.207461 0.372785 0.331972 0.091801
1413394894.305761  1.254363 -0.730147 -0.227825 0.397552 0.324412 0.091585
1413394894.405761  1.287838 -0.648866 -0.246964 0.424731 0.313573 0.091328
1413394894.505760  1.271223 -0.576256 -0.291374 0.445680 0.298551 0.091018
1413394894.605761  1.250139 -0.508131 -0.320544 0.464920 0.282671 0.090730
1413394894.705760  1.210492 -0.452340 -0.329483 0.479750 0.266401 0.090433
1413394894.805761  1.190298 -0.413239 -0.332802 0.485431 0.251036 0.090312
1413394894.905761  1.178469 -0.357374 -0.326638 0.484392 0.235934 0.090308
1413394895.005760  1.154752 -0.338401 -0.308175 0.475728 0.222040 0.089994
1413394895.105761  1.108491 -0.300268 -0.280173 0.460162 0.209890 0.089530
1413394895.205760  1.043609 -0.256886 -0.199696 0.442792 0.199763 0.089075
1413394895.305761  0.972333 -0.235558 -0.121423 0.421243 0.190978 0.088229
1413394895.405761  0.919404 -0.245930 -0.093658 0.394645 0.182785 0.087353
1413394895.505760  0.938195 -0.233740  0.076214 0.373559 0.176674 0.086663
1413394895.605761  0.973087 -0.220605  0.170410 0.355089 0.170789 0.085763
1413394895.705760  1.022650 -0.238193  0.333531 0.341030 0.165984 0.084732
1413394895.805761  1.019220 -0.258135  0.371207 0.326002 0.161035 0.083633
1413394895.905761  1.007897 -0.270955  0.254286 0.310718 0.155691 0.082857
1413394896.005760  0.980130 -0.276177  0.143542 0.297802 0.150984 0.082310
1413394896.105761  0.956518 -0.294853  0.017047 0.286284 0.146705 0.081920
1413394896.255760  0.920968 -0.313389 -0.160856 0.270760 0.141313 0.081466
1413394896.355760  0.858820 -0.318846 -0.180795 0.260935 0.138328 0.081169
1413394896.505760  0.656562 -0.307708 -0.203309 0.242603 0.134038 0.080657
1413394896.655760  0.373502 -0.275502 -0.328908 0.218421 0.129352 0.080205
1413394896.855760 -0.203042 -0.158701 -0.434062 0.179249 0.123506 0.079734
1413394897.055760 -0.925078  0.041228 -0.325181 0.141128 0.119101 0.079436
1413394897.155760 -1.292584  0.144989 -0.259125 0.126732 0.117244 0.079328
1413394897.255760 -1.639632  0.204468 -0.166249 0.116945 0.115783 0.079292
1413394897.355760 -1.878850  0.265977 -0.108101 0.111547 0.114481 0.079162
1413394897.405761 -1.928900  0.279214 -0.074527 0.110244 0.113747 0.079075
1413394897.505760 -1.978458  0.307884 -0.048368 0.109646 0.112224 0.078839
1413394897.555760 -1.960484  0.308374 -0.036418 0.110038 0.111468 0.078686
1413394897.655760 -1.942319  0.316793  0.008423 0.111839 0.110004 0.078366
1413394897.705760 -1.914382  0.327526  0.046484 0.113070 0.109430 0.078176
1413394897.805761 -1.857737  0.345943  0.094587 0.115939 0.108067 0.077836
1413394897.905761 -1.804532  0.382241  0.142210 0.119094 0.106876 0.077513
1413394898.005760 -1.736196  0.425110  0.164307 0.122288 0.105704 0.077205
1413394898.105761 -1.654662  0.456069  0.198263 0.125394 0.104713 0.076922
1413394898.205760 -1.568417  0.482666  0.226130 0.128101 0.103896 0.076656
1413394898.305761 -1.434471  0.488221  0.242185 0.130140 0.103146 0.076391
1413394898.405761 -1.267478  0.484846  0.250791 0.131505 0.102495 0.076141
1413394898.505760 -1.051954  0.471649  0.264866 0.132063 0.102007 0.075906
1413394898.605761 -0.845581  0.453101  0.281517 0.131762 0.101710 0.075715
1413394898.755760 -0.533022  0.399838  0.299309 0.129466 0.101643 0.075538
1413394898.955760 -0.131571  0.275048  0.339121 0.123883 0.101564 0.075457
1413394899.205760 0.389605 0.038147 0.103547 0.112729 0.100065 0.075383
1413394899.455760  0.836436 -0.217634 -0.144535 0.102280 0.097497 0.075058
1413394899.605761  0.985067 -0.361903 -0.233998 0.097939 0.096027 0.074739
1413394899.705760  1.054034 -0.457793 -0.192897 0.096249 0.095342 0.074540
1413394899.805761  1.123184 -0.536686 -0.134537 0.095346 0.094987 0.074384
1413394899.905761  1.184193 -0.583112 -0.110294 0.094844 0.094790 0.074262
1413394900.005760  1.221437 -0.621867  0.009361 0.095032 0.095102 0.074160
1413394900.105761  1.238184 -0.637947  0.156160 0.095721 0.095841 0.074067
1413394900.205760  1.218041 -0.627468  0.183775 0.096513 0.096336 0.073985
1413394900.305761  1.185574 -0.598285  0.104083 0.097385 0.096775 0.073894
1413394900.405761  1.140220 -0.548650  0.024289 0.098361 0.097314 0.073772
1413394900.555760  1.120523 -0.444863 -0.085809 0.100083 0.098448 0.073589
1413394900.705760  1.179410 -0.282478 -0.095492 0.102027 0.099971 0.073428
1413394900.805761  1.263053 -0.088467  0.022001 0.103711 0.101499 0.073380
1413394900.905761 1.382128 0.090772 0.182788 0.106044 0.103435 0.073359
1413394901.005760 1.491582 0.256060 0.350243 0.109354 0.106018 0.073405
1413394901.105761 1.548991 0.429493 0.344917 0.111568 0.107394 0.073448
1413394901.205760 1.542493 0.583388 0.264132 0.113848 0.108573 0.073473
1413394901.255760 1.530605 0.646164 0.211267 0.114960 0.109221 0.073470
1413394901.355760 1.465680 0.735129 0.144807 0.117251 0.110627 0.073413
1413394901.455760 1.342052 0.796572 0.076218 0.119049 0.111978 0.073239
1413394901.555760  1.184835  0.805227 -0.044810 0.120389 0.113113 0.073050
1413394901.655760  1.032056  0.802929 -0.160026 0.121317 0.114475 0.072883
1413394901.755760  0.899189  0.806644 -0.169633 0.122021 0.116281 0.072749
1413394901.855760  0.776747  0.836143 -0.088720 0.122754 0.118716 0.072652
1413394901.955760  0.655916  0.891462 -0.016760 0.122932 0.120972 0.072589
1413394902.055760 0.552924 0.967362 0.049032 0.123422 0.123690 0.072585
1413394902.155760 0.442382 1.021889 0.048708 0.123480 0.126041 0.072580
1413394902.205760 0.387751 1.046694 0.007865 0.123061 0.127104 0.072576
1413394902.305761  0.276677  1.088313 -0.039678 0.122299 0.128794 0.072564
1413394902.405761  0.119249  1.123984 -0.089862 0.121346 0.130417 0.072559
1413394902.505760 -0.060382  1.128720 -0.093699 0.120491 0.132082 0.072569
1413394902.605761 -0.223285  1.069557 -0.099432 0.119572 0.133300 0.072502
1413394902.705760 -0.304066  0.932961 -0.054053 0.119382 0.134584 0.072388
1413394902.805761 -0.357290  0.751432 -0.032257 0.119151 0.134966 0.072238
1413394902.955760 -0.392582  0.473160 -0.091681 0.118708 0.133228 0.072031
1413394903.155760 -0.402243  0.194163 -0.362915 0.117817 0.128338 0.071887
1413394903.255760 -0.342313  0.080432 -0.464630 0.117701 0.125661 0.071779
1413394903.455760 -0.139431 -0.115051 -0.320579 0.119091 0.121521 0.071575
1413394903.605761 -0.050251 -0.186721 -0.126306 0.120367 0.118938 0.071455
1413394903.755760 -0.061930 -0.225497  0.097180 0.120898 0.116454 0.071298
1413394903.955760 -0.127704 -0.194853  0.100035 0.119224 0.112481 0.071117
1413394904.155760 -0.117687 -0.160234 -0.115680 0.115945 0.108432 0.070986
1413394904.305761 -0.033969 -0.199695 -0.225381 0.114119 0.105854 0.070879
1413394904.455760  0.108699 -0.267778 -0.313378 0.112172 0.103360 0.070778
1413394904.555760  0.193849 -0.304968 -0.245926 0.111520 0.102154 0.070720
1413394904.655760  0.266769 -0.326562 -0.208848 0.110771 0.100812 0.070679
1413394904.755760  0.304704 -0.327689 -0.160819 0.110185 0.099400 0.070658
1413394904.905761  0.300459 -0.313007 -0.082921 0.109930 0.097547 0.070638
1413394905.005760  0.240399 -0.267321 -0.032747 0.109962 0.096267 0.070590
1413394905.055760  0.205647 -0.221550 -0.005286 0.110149 0.095484 0.070578
1413394905.205760  0.027796 -0.073574 -0.048355 0.109552 0.093736 0.070554
1413394905.305761 -0.062565 -0.005839 -0.091057 0.109289 0.092761 0.070534
1413394905.405761 -0.096015 -0.041621 -0.085575 0.109237 0.092011 0.070514
1413394905.505760 -0.058711 -0.231325 -0.024688 0.109999 0.091647 0.070421
1413394905.705760  0.229990 -0.811660  0.215994 0.111775 0.091785 0.070151
1413394905.755760  0.283534 -0.884398  0.244252 0.111890 0.092182 0.070120
1413394905.855760  0.335022 -0.891154  0.264900 0.111818 0.092591 0.070098
1413394905.955760  0.289715 -0.758020  0.256312 0.111424 0.092985 0.070086
1413394906.055760  0.169813 -0.519729  0.263284 0.111671 0.093811 0.070139
1413394906.105761  0.075324 -0.395461  0.275193 0.112091 0.094274 0.070149
1413394906.255760 -0.247820 -0.062608  0.299548 0.112019 0.094657 0.070365
1413394906.355760 -0.457040  0.052553  0.247820 0.110888 0.094138 0.070403
1413394906.455760 -0.594856  0.064178  0.147774 0.109165 0.093798 0.070371
1413394906.555760 -0.610522 -0.012723  0.055541 0.107642 0.093197 0.070192
1413394906.655760 -0.531508 -0.185482  0.042885 0.106496 0.092568 0.069961
1413394906.755760 -0.405453 -0.365432  0.051443 0.106035 0.092467 0.069798
1413394906.855760 -0.307920 -0.414535  0.007143 0.105468 0.092124 0.069695
1413394906.955760 -0.262728 -0.316758  0.020128 0.105478 0.092420 0.069650
1413394907.055760 -0.245187 -0.063979  0.039138 0.106505 0.093632 0.069649
1413394907.305761 -0.345470  0.711529 -0.058771 0.108687 0.093337 0.069891
1413394907.405761 -0.397122  0.828464 -0.120590 0.110080 0.093372 0.069819
1413394907.455760 -0.440112  0.801174 -0.146287 0.109408 0.093061 0.069705
1413394907.555760 -0.573751  0.630284 -0.189758 0.108463 0.093379 0.069628
1413394907.655760 -0.767063  0.314291 -0.187042 0.107770 0.094113 0.069555
1413394907.755760 -0.901649 -0.027827 -0.116609 0.108114 0.095194 0.069536
1413394907.855760 -0.912103 -0.164901 -0.176402 0.108496 0.095191 0.069541
1413394907.905761 -0.875998 -0.177329 -0.238353 0.108712 0.094710 0.069528
1413394908.005760 -0.809023 -0.080100 -0.306218 0.109604 0.094180 0.069524
1413394908.105761 -0.731523  0.068994 -0.426214 0.110200 0.093509 0.069554
1413394908.205760 -0.644452  0.190567 -0.476669 0.110613 0.092955 0.069594
1413394908.305761 -0.557893  0.202697 -0.432689 0.110993 0.093231 0.069678
1413394908.355760 -0.510866  0.151817 -0.392498 0.111258 0.093842 0.069703
1413394908.455760 -0.417294 -0.066966 -0.233406 0.111350 0.094776 0.069577
1413394908.605761 -0.333207 -0.519483  0.164139 0.111504 0.096660 0.069348
1413394908.705760 -0.268512 -0.597150  0.336931 0.111031 0.096938 0.069139
1413394908.805761 -0.194912 -0.514100  0.420060 0.109400 0.096640 0.068985
1413394908.905761 -0.140025 -0.292570  0.528217 0.108392 0.096799 0.068908
1413394908.955760 -0.110943 -0.194857  0.555542 0.107674 0.096528 0.068913
1413394909.105761 -0.128003  0.163469  0.540933 0.105941 0.095909 0.069049
1413394909.205760 -0.192849  0.318912  0.440448 0.104420 0.094843 0.069108
1413394909.305761 -0.249929  0.340667  0.362080 0.103122 0.094642 0.069142
1413394909.405761 -0.289043  0.224812  0.317574 0.101769 0.094814 0.069133
1413394909.555760 -0.375905 -0.003764  0.309177 0.100377 0.095228 0.069154
1413394909.655760 -0.465238 -0.070161  0.342570 0.099373 0.094377 0.069211
1413394909.755760 -0.543792 -0.040189  0.391167 0.099584 0.095074 0.069333
1413394909.855760 -0.589682  0.091423  0.422702 0.100187 0.095840 0.069535
1413394910.055760 -0.540595  0.446005  0.248847 0.101261 0.096003 0.069884
1413394910.155760 -0.500220  0.484955  0.147158 0.101140 0.095913 0.069726
1413394910.255760 -0.471571  0.419944  0.072888 0.100173 0.095172 0.069390
1413394910.355760 -0.460093  0.264684 -0.006153 0.099281 0.094639 0.069186
1413394910.605761 -0.501200 -0.300011 -0.025188 0.097250 0.093872 0.068762
1413394910.705760 -0.466487 -0.323678 -0.034665 0.096819 0.093558 0.068731
1413394910.755760 -0.444252 -0.268279 -0.051696 0.096744 0.094575 0.068724
1413394910.855760 -0.409374 -0.081194 -0.068324 0.096638 0.094482 0.068698
1413394911.005760 -0.390016  0.299443 -0.132127 0.096750 0.094037 0.068721
1413394911.105761 -0.427699  0.545546 -0.196865 0.096999 0.094006 0.068763
1413394911.205760 -0.447948  0.642287 -0.219092 0.096489 0.093355 0.068675
1413394911.305761 -0.449919  0.598089 -0.271060 0.095579 0.091525 0.068492
1413394911.405761 -0.436708  0.418240 -0.295922 0.094173 0.090265 0.068340
1413394911.505760 -0.419518  0.197947 -0.350840 0.092987 0.089394 0.068268
1413394911.655760 -0.390246 -0.116487 -0.301415 0.091766 0.088550 0.068267
1413394911.755760 -0.317210 -0.152256 -0.246906 0.091280 0.087855 0.068273
1413394911.855760 -0.238618  0.027274 -0.145360 0.091357 0.087750 0.068298
1413394912.105761 -0.033944  0.362282  0.027705 0.091151 0.087746 0.068318
1413394912.205760 0.000364 0.332472 0.063205 0.090280 0.087202 0.068267
1413394912.305761 0.022641 0.186810 0.123193 0.089381 0.087222 0.068199
1413394912.505760 -0.006191 -0.224286  0.200965 0.087697 0.086826 0.068064
1413394912.605761 -0.044430 -0.346925  0.234745 0.087231 0.086680 0.068019
1413394912.705760 -0.086860 -0.410705  0.272552 0.086920 0.086594 0.067995
1413394912.855760 -0.137883 -0.435094  0.258150 0.086716 0.086455 0.067978
1413394913.005760 -0.177467 -0.424299  0.258364 0.086517 0.086441 0.067961
1413394913.205760 -0.113990 -0.470539  0.273708 0.086709 0.087248 0.067968
1413394913.355760 -0.018865 -0.508109  0.306966 0.086537 0.087427 0.068010
1413394913.505760  0.103179 -0.504171  0.153234 0.085702 0.087008 0.068059
1413394913.655760  0.254441 -0.466944 -0.032304 0.084324 0.085767 0.067989
1413394913.755760  0.389220 -0.457066 -0.161835 0.083279 0.085215 0.067929
1413394913.855760  0.488620 -0.460565 -0.293019 0.082228 0.084730 0.067881
1413394913.955760  0.572054 -0.489816 -0.360102 0.081418 0.084315 0.067847
1413394914.055760  0.611830 -0.504490 -0.407216 0.080766 0.083785 0.067817
1413394914.205760  0.667479 -0.521133 -0.218049 0.080376 0.083589 0.067825
1413394914.355760  0.791291 -0.510216 -0.004150 0.080124 0.083671 0.067830
1413394914.455760  0.861788 -0.479719  0.156528 0.080112 0.083762 0.067815
1413394914.555760  0.957016 -0.434296  0.247088 0.080098 0.083863 0.067796
1413394914.655760  1.006531 -0.395417  0.134032 0.079890 0.083488 0.067787
1413394914.755760  1.048793 -0.359881  0.038610 0.079819 0.083124 0.067777
1413394914.905761  1.061644 -0.323532 -0.099220 0.079912 0.082550 0.067756
1413394915.055760  1.094069 -0.214118 -0.236769 0.080321 0.082616 0.067770
1413394915.205760  1.177157 -0.063674 -0.175914 0.081830 0.083167 0.067815
1413394915.305761  1.219612  0.097317 -0.148828 0.082902 0.083400 0.067851
1413394915.405761  1.291649  0.275286 -0.108597 0.084158 0.083749 0.067898
1413394915.505760  1.340134  0.482398 -0.075103 0.085715 0.084218 0.067958
1413394915.605761  1.364141  0.678796 -0.064033 0.087593 0.084621 0.068019
1413394915.705760  1.320977  0.853303 -0.059192 0.089559 0.084828 0.068025
1413394915.805761 1.195926 0.937524 0.006126 0.091491 0.085312 0.068030
1413394915.905761 1.049106 0.987770 0.036627 0.093015 0.086060 0.068021
1413394916.005760 0.874145 1.016263 0.029848 0.094261 0.087275 0.068056
1413394916.105761 0.682295 1.027544 0.071218 0.095198 0.088594 0.068056
1413394916.205760 0.493424 1.023176 0.045795 0.095868 0.089870 0.068072
1413394916.305761 0.384764 1.032225 0.081872 0.096480 0.091684 0.068071
1413394916.405761 0.316735 1.017855 0.025966 0.096620 0.093677 0.068064
1413394916.505760  0.299802  0.946791 -0.058783 0.096683 0.095694 0.068018
1413394916.605761  0.329941  0.833134 -0.146840 0.096647 0.097268 0.067885
1413394916.705760  0.360127  0.649229 -0.264637 0.096384 0.098128 0.067764
1413394916.755760  0.378050  0.544377 -0.324881 0.096335 0.098633 0.067720
1413394916.955760  0.506342  0.166274 -0.497823 0.097158 0.098930 0.067734
1413394917.055760  0.572621  0.088456 -0.508755 0.098552 0.099501 0.067821
1413394917.255760  0.654138  0.146985 -0.434138 0.101746 0.100420 0.068035
1413394917.455760  0.701855  0.342850 -0.385467 0.104691 0.101416 0.068183
1413394917.655760  0.693421  0.639578 -0.286546 0.108478 0.103328 0.068344
1413394917.855760  0.471375  0.895374 -0.045679 0.112092 0.106178 0.068308
1413394917.955760  0.294275  1.016565 -0.019932 0.113845 0.107885 0.068264
1413394918.155760 -0.038060  1.205916 -0.177693 0.113084 0.110342 0.068391
1413394918.255760 -0.112964  1.262369 -0.153541 0.113131 0.113029 0.068447
1413394918.455760 -0.047855  1.312869 -0.111518 0.112240 0.116436 0.068299
1413394918.555760  0.087297  1.328974 -0.059070 0.111941 0.118273 0.068153
1413394918.755760  0.261565  1.338008 -0.007019 0.111197 0.121836 0.068006
1413394918.855760 0.279619 1.340826 0.063275 0.111783 0.124577 0.067928
1413394919.055760 0.139749 1.199720 0.348883 0.111599 0.129449 0.067626
1413394919.155760 0.082648 1.043070 0.523158 0.111433 0.132254 0.067460
1413394919.355760 0.037211 0.718465 0.700732 0.110102 0.132668 0.067345
1413394919.455760 -0.002819  0.531583  0.718463 0.108927 0.131325 0.067451
1413394919.655760 -0.154205  0.178461  0.548775 0.106304 0.125612 0.067874
1413394919.755760 -0.243184  0.121039  0.438718 0.105033 0.122425 0.068037
1413394919.955760 -0.359772  0.174068  0.294287 0.103314 0.117848 0.068051
1413394920.055760 -0.402347  0.240467  0.162470 0.102543 0.116144 0.067982
1413394920.255760 -0.510845  0.402368 -0.068563 0.101526 0.113718 0.067708
1413394920.455760 -0.677581  0.477983 -0.083592 0.101578 0.113887 0.067464
1413394920.655760 -0.845901  0.365117 -0.008645 0.101954 0.114373 0.067347
1413394920.855760 -1.008409  0.100860 -0.051667 0.102285 0.113489 0.067327
1413394921.055760 -1.207136 -0.081205 -0.183183 0.103686 0.112228 0.067295
1413394921.155760 -1.269703 -0.114603 -0.247602 0.104832 0.111775 0.067262
1413394921.355760 -1.309520 -0.052935 -0.485365 0.107401 0.109869 0.067242
1413394921.555760 -1.237000  0.345749 -0.590279 0.110510 0.108301 0.067230
1413394921.655760 -1.230399  0.530562 -0.549934 0.111785 0.108315 0.067347
1413394921.855760 -1.261486  0.534970 -0.461194 0.114035 0.108990 0.067659
1413394921.955760 -1.244432  0.457192 -0.394179 0.115286 0.109016 0.067778
1413394922.155760 -0.993344  0.357304 -0.070135 0.117321 0.108635 0.067704
1413394922.255760 -0.852185  0.305886  0.068638 0.117124 0.108281 0.067560
1413394922.455760 -0.805263  0.201695  0.510892 0.116613 0.108515 0.067243
1413394922.555760 -0.820001  0.113049  0.640448 0.115891 0.108262 0.067054
1413394922.755760 -0.864110  0.071605  0.632646 0.113881 0.106734 0.066818
1413394922.855760 -0.898203  0.090358  0.628335 0.113154 0.105942 0.066781
1413394923.055760 -1.029521  0.137514  0.492329 0.111960 0.104515 0.066847
1413394923.155760 -1.119064  0.150974  0.448192 0.111973 0.104096 0.066929
1413394923.355760 -1.216921  0.071565  0.442823 0.112792 0.103550 0.067089
1413394923.455760 -1.247653  0.001116  0.435415 0.113236 0.102770 0.067167
1413394923.655760 -1.388946 -0.055020  0.394260 0.114565 0.102123 0.067309
1413394923.755760 -1.430035 -0.097604  0.280494 0.115323 0.101289 0.067360
1413394923.955760 -1.437500 -0.217509  0.057735 0.116870 0.099409 0.067316
1413394924.055760 -1.408500 -0.294620 -0.026001 0.118200 0.098542 0.067233
1413394924.255760 -1.321514 -0.397735  0.009617 0.120935 0.097771 0.067239
1413394924.355760 -1.312237 -0.415694  0.041677 0.121240 0.097232 0.067124
1413394924.555760 -1.292384 -0.375400  0.075856 0.123648 0.097201 0.067097
1413394924.655760 -1.274479 -0.364806  0.104162 0.125155 0.097308 0.067042
1413394924.855760 -1.155328 -0.388404  0.172750 0.127869 0.097434 0.067136
1413394925.005760 -0.975425 -0.412441  0.219919 0.129120 0.097426 0.067143
1413394925.155760 -0.685072 -0.460745  0.192583 0.127524 0.096296 0.067139
1413394925.305761 -0.411232 -0.568380  0.189029 0.124670 0.095957 0.067180
1413394925.505760 -0.110321 -0.758334 -0.003673 0.118856 0.095745 0.067192
1413394925.605761  0.026770 -0.820526 -0.101090 0.115550 0.095931 0.067150
1413394925.755760  0.203013 -0.906135 -0.149844 0.111335 0.096834 0.067073
1413394925.905761  0.247113 -0.932644 -0.108894 0.109285 0.098439 0.066986
1413394926.055760  0.257008 -0.971936 -0.086990 0.107109 0.099833 0.066855
1413394926.205760  0.293706 -0.996639 -0.061772 0.106435 0.101489 0.066789
1413394926.355760  0.354837 -1.067381 -0.078310 0.106513 0.103477 0.066798
1413394926.505760  0.374478 -1.174573 -0.033233 0.106489 0.105083 0.066776
1413394926.605761  0.381916 -1.248346 -0.012721 0.106637 0.106495 0.066781
1413394926.655760  0.375309 -1.264182 -0.017024 0.106604 0.107035 0.066769
1413394926.755760  0.341659 -1.280955  0.002364 0.106526 0.108238 0.066752
1413394926.855760  0.233829 -1.259020  0.009698 0.107720 0.110085 0.066723
1413394926.955760  0.074666 -1.241186 -0.033527 0.107327 0.110651 0.066637
1413394927.055760 -0.123439 -1.240808 -0.115220 0.106904 0.111161 0.066572
1413394927.155760 -0.265721 -1.201534 -0.195217 0.105763 0.111332 0.066524
1413394927.255760 -0.341944 -1.195089 -0.116313 0.105700 0.112139 0.066509
1413394927.405761 -0.317569 -1.174734  0.092190 0.106297 0.114020 0.066491
1413394927.555760 -0.274308 -1.151827  0.270690 0.106318 0.115197 0.066463
1413394927.655760 -0.248926 -1.147021  0.345494 0.106003 0.115575 0.066457
1413394927.755760 -0.237771 -1.163234  0.366116 0.105658 0.115924 0.066477
1413394927.855760 -0.226912 -1.172124  0.264909 0.104876 0.115909 0.066513
1413394927.955760 -0.202761 -1.187239  0.159620 0.104158 0.116117 0.066562
1413394928.105761 -0.173201 -1.188892  0.049583 0.103251 0.116426 0.066583
1413394928.255760 -0.077866 -1.146370 -0.001761 0.102060 0.116963 0.066552
1413394928.405761  0.053667 -1.010640  0.013283 0.100580 0.117419 0.066538
1413394928.555760  0.147640 -0.862070  0.053966 0.099159 0.117065 0.066518
1413394928.705760  0.175864 -0.775380  0.084528 0.098129 0.115819 0.066478
1413394928.905761  0.191390 -0.708774 -0.035219 0.096995 0.113615 0.066439
1413394929.155760  0.278029 -0.576796 -0.147397 0.095020 0.110188 0.066359
1413394929.355760  0.290148 -0.399932 -0.104965 0.094001 0.107579 0.066325
1413394929.555760  0.228401 -0.238990 -0.051145 0.093294 0.104218 0.066294
1413394929.805761  0.152324 -0.231405 -0.064093 0.092150 0.100239 0.066241
1413394930.055760  0.159745 -0.171817 -0.293987 0.089952 0.096179 0.066220
1413394930.255760  0.204254 -0.014487 -0.213652 0.089382 0.094463 0.066251
1413394930.405761  0.197993  0.156622 -0.242147 0.088914 0.092509 0.066264
1413394930.505760  0.153252  0.205353 -0.287921 0.088317 0.091359 0.066289
1413394930.605761  0.089749  0.192396 -0.398091 0.087333 0.089885 0.066304
1413394930.705760 -0.008791  0.006322 -0.410499 0.086596 0.089102 0.066324
1413394930.855760 -0.077229 -0.316564 -0.349427 0.086082 0.088496 0.066374
1413394930.955760 -0.059867 -0.426281 -0.280367 0.085796 0.087946 0.066400
1413394931.005760 -0.045628 -0.420492 -0.236322 0.085644 0.087890 0.066396
1413394931.155760  0.029808 -0.301856 -0.044036 0.085341 0.088111 0.066353
1413394931.405761 0.168181 0.002227 0.351860 0.085577 0.088132 0.066195
1413394931.555760 0.212028 0.173471 0.212107 0.084668 0.086560 0.066110
1413394931.705760 0.283848 0.189363 0.121832 0.084017 0.085435 0.066080
1413394931.905761  0.486567  0.118807 -0.028947 0.083379 0.084985 0.066067
1413394932.005760 0.597683 0.074509 0.047709 0.083417 0.084971 0.066069
1413394932.105761 0.677788 0.069140 0.197170 0.083784 0.085339 0.066089
1413394932.205760 0.706224 0.088281 0.344858 0.084112 0.085590 0.066075
1413394932.305761 0.672972 0.132448 0.433685 0.084585 0.085093 0.066088
1413394932.405761 0.595771 0.176475 0.423571 0.084919 0.084665 0.066112
1413394932.505760 0.494496 0.254353 0.312883 0.084936 0.083925 0.066144
1413394932.655760 0.349789 0.403197 0.137482 0.084950 0.083455 0.066179
1413394932.805761 0.222423 0.545262 0.122045 0.085432 0.084256 0.066211
1413394932.955760 0.157945 0.603050 0.105681 0.085745 0.084976 0.066228
1413394933.105761 0.180101 0.587214 0.013705 0.085208 0.084962 0.066172
1413394933.255760  0.202194  0.561708 -0.139679 0.084701 0.085176 0.066137
1413394933.405761  0.198158  0.541947 -0.312222 0.084516 0.085432 0.066091
1413394933.555760  0.199445  0.544785 -0.447078 0.084511 0.085833 0.066051
1413394933.705760  0.177152  0.532787 -0.360956 0.085394 0.087179 0.066069
1413394933.855760  0.082766  0.540154 -0.327196 0.085873 0.089524 0.066154
1413394934.005760  0.004077  0.561100 -0.307122 0.086164 0.090696 0.066212
1413394934.155760  0.019159  0.569045 -0.209530 0.086621 0.091879 0.066238
1413394934.305761 -0.026155  0.586559 -0.375136 0.086480 0.092443 0.066303
1413394934.405761 -0.073760  0.583197 -0.492357 0.086333 0.092834 0.066391
1413394934.505760 -0.086250  0.535934 -0.593785 0.086035 0.093066 0.066502
1413394934.605761 -0.094612  0.503239 -0.624656 0.086080 0.093360 0.066662
1413394934.755760 -0.153454  0.453531 -0.437391 0.086879 0.094535 0.066846
1413394934.955760 -0.146564  0.398494 -0.094292 0.088536 0.095944 0.066838
1413394935.205760 -0.183819  0.308852  0.002277 0.089514 0.096323 0.066533
1413394935.405761 -0.283470  0.234914 -0.201316 0.089080 0.095401 0.066441
1413394935.605761 -0.394921  0.216963 -0.339290 0.088754 0.094446 0.066535
1413394935.805761 -0.418526  0.226005 -0.053517 0.089713 0.094424 0.066537
1413394936.055760 -0.506506  0.254582 -0.216447 0.089366 0.093213 0.066413
1413394936.205760 -0.448827  0.299543 -0.300746 0.089462 0.092305 0.066433
1413394936.305761 -0.414527  0.348499 -0.322318 0.090221 0.092359 0.066497
1413394936.405761 -0.390176  0.380961 -0.298946 0.090550 0.092312 0.066525
1413394936.605761 -0.439632  0.441569 -0.208675 0.091644 0.092851 0.066590
1413394936.705760 -0.464443  0.470284 -0.169076 0.092287 0.093099 0.066602
1413394936.905761 -0.509001  0.534663 -0.116596 0.093535 0.093770 0.066592
1413394937.005760 -0.536485  0.595620 -0.114719 0.094513 0.094480 0.066601
1413394937.205760 -0.537841  0.705649 -0.103780 0.096182 0.095478 0.066629
1413394937.305761 -0.521052  0.776325 -0.087314 0.097744 0.096535 0.066596
1413394937.455760 -0.449315  0.842127 -0.094056 0.099345 0.098249 0.066557
1413394937.555760 -0.391684  0.891534 -0.099322 0.099700 0.099320 0.066453
1413394937.755760 -0.324453  0.951794 -0.079666 0.100108 0.102486 0.066338
1413394937.855760 -0.258959  0.962027 -0.036841 0.100371 0.104677 0.066269
1413394938.055760 -0.118935  0.976615  0.059220 0.100382 0.109732 0.066171
1413394938.155760 0.014209 1.012128 0.205559 0.100550 0.112661 0.066078
1413394938.355760 0.323099 0.998133 0.585739 0.100874 0.119354 0.066087
1413394938.455760 0.417215 0.978783 0.646233 0.099719 0.122014 0.066185
1413394938.655760 0.501635 0.974064 0.454543 0.097796 0.124390 0.066507
1413394938.755760 0.515159 0.956970 0.337160 0.096110 0.123122 0.066557
1413394938.955760 0.588816 0.939008 0.146183 0.095366 0.124359 0.066622
1413394939.055760 0.664290 0.862318 0.055591 0.095025 0.125221 0.066583
1413394939.255760  0.787638  0.613461 -0.112306 0.094902 0.123706 0.066412
1413394939.355760  0.837898  0.502862 -0.147386 0.095560 0.120618 0.066245
1413394939.555760 0.880547 0.384190 0.138730 0.100006 0.121255 0.066140
1413394939.655760 0.873224 0.377611 0.253632 0.102013 0.120516 0.066145
1413394939.855760 0.891747 0.226894 0.327993 0.104885 0.117444 0.066357
1413394940.055760 0.940595 0.057454 0.091266 0.106729 0.112417 0.066422
1413394940.155760  0.968882  0.032532 -0.018809 0.107605 0.109774 0.066344
1413394940.355760  1.063442 -0.047000 -0.238481 0.109997 0.105247 0.066146
1413394940.555760  1.055317 -0.154921 -0.245166 0.112721 0.102575 0.065988
1413394940.655760  1.048689 -0.152140 -0.189930 0.113780 0.101529 0.065922
1413394940.855760  1.099245 -0.006780  0.067387 0.116737 0.101027 0.065859
1413394941.005760 1.119675 0.024207 0.200136 0.118898 0.100698 0.065917
1413394941.105761  1.107567 -0.035540  0.214021 0.120078 0.099708 0.065946
1413394941.205760  1.097529 -0.147678  0.254486 0.122223 0.099349 0.065979
1413394941.405761  1.123696 -0.462436  0.336488 0.125880 0.098532 0.066141
1413394941.505760  1.177909 -0.597700  0.410005 0.128129 0.099067 0.066264
1413394941.705760  1.323235 -0.642142  0.395317 0.130859 0.099918 0.066435
1413394941.805761  1.401469 -0.616102  0.368466 0.132139 0.100409 0.066554
1413394941.855760  1.409642 -0.595885  0.337029 0.132891 0.100518 0.066578
1413394941.955760  1.420864 -0.603108  0.342471 0.135293 0.101099 0.066778
1413394942.055760  1.368040 -0.709612  0.376820 0.137891 0.101184 0.066871
1413394942.155760  1.243667 -0.900847  0.416836 0.140623 0.100850 0.067038
1413394942.255760  1.049379 -1.160693  0.481477 0.142914 0.100715 0.067186
1413394942.355760  0.827850 -1.439917  0.524591 0.145018 0.101640 0.067411
1413394942.455760  0.631719 -1.722894  0.532335 0.146380 0.103414 0.067618
1413394942.555760  0.440393 -1.909895  0.359750 0.143991 0.105869 0.067751
1413394942.655760  0.265577 -2.047860  0.184939 0.140983 0.109321 0.067629
1413394942.755760  0.107708 -2.125460  0.033093 0.138054 0.113365 0.067562
1413394942.805761  0.024498 -2.137892 -0.025411 0.135427 0.115404 0.067501
1413394942.905761 -0.046346 -2.065760 -0.243166 0.130768 0.119405 0.067296
1413394942.955760 -0.072666 -2.011605 -0.343891 0.127952 0.121608 0.067260
1413394943.055760 -0.055075 -1.820644 -0.493456 0.121736 0.124594 0.066867
1413394943.155760 -0.011402 -1.571761 -0.574777 0.115825 0.126521 0.066595
1413394943.255760  0.054975 -1.279261 -0.658606 0.110619 0.127380 0.066350
1413394943.355760  0.164828 -0.953647 -0.617687 0.107166 0.127468 0.066219
1413394943.455760  0.286915 -0.605399 -0.502377 0.105317 0.126746 0.066198
1413394943.605761  0.526226 -0.217048 -0.321072 0.104874 0.123557 0.066182
1413394943.705760  0.653478 -0.058697 -0.305515 0.104697 0.119836 0.066153
1413394943.855760  0.767785  0.032227 -0.362490 0.104636 0.114574 0.066136
1413394944.005760  0.760485  0.122781 -0.416111 0.104648 0.109726 0.066154
1413394944.205760  0.687981  0.191031 -0.258479 0.105636 0.105484 0.066192
1413394944.405761 0.580041 0.158327 0.057601 0.106781 0.103143 0.066088
1413394944.555760  0.490059  0.070538 -0.000383 0.105597 0.100784 0.065947
1413394944.705760  0.364265 -0.066013 -0.162829 0.103827 0.098521 0.065866
1413394944.805761  0.252166 -0.190510 -0.238444 0.102878 0.097514 0.065849
1413394944.905761  0.093601 -0.323818 -0.274988 0.101878 0.097112 0.065858
1413394945.055760 -0.153670 -0.526519 -0.312963 0.100543 0.097332 0.065939
1413394945.155760 -0.281868 -0.639045 -0.324717 0.099719 0.097697 0.066020
1413394945.255760 -0.381303 -0.736307 -0.293589 0.099211 0.098364 0.066102
1413394945.355760 -0.428804 -0.811366 -0.225055 0.099119 0.099111 0.066157
1413394945.455760 -0.419309 -0.861509 -0.227278 0.098777 0.099239 0.066173
1413394945.555760 -0.384671 -0.833556 -0.234651 0.098393 0.099333 0.066158
1413394945.655760 -0.360663 -0.756161 -0.217144 0.097894 0.099598 0.066148
1413394945.755760 -0.326228 -0.626380 -0.183504 0.097283 0.099608 0.066119
1413394945.855760 -0.324191 -0.453773 -0.168687 0.096714 0.099292 0.066103
1413394945.955760 -0.260020 -0.252138 -0.128515 0.096587 0.098605 0.066066
1413394946.055760 -0.209513 -0.043907 -0.083194 0.096895 0.097848 0.066069
1413394946.155760 -0.132398  0.065001 -0.037116 0.097638 0.097204 0.066053
1413394946.255760 -0.082050  0.162169 -0.051549 0.098110 0.096348 0.066036
1413394946.455760  0.070562  0.332029 -0.026266 0.098493 0.094877 0.065987
1413394946.555760  0.172742  0.396583 -0.005871 0.098670 0.094464 0.065968
1413394946.755760 0.327038 0.511859 0.018251 0.098895 0.094462 0.065970
1413394946.855760 0.390337 0.500862 0.033580 0.098780 0.094952 0.065956
1413394947.055760 0.448784 0.394654 0.111016 0.098243 0.096168 0.065915
1413394947.155760 0.441987 0.324519 0.227657 0.098734 0.097725 0.065845
1413394947.355760 0.370515 0.220280 0.583649 0.100101 0.099432 0.065820
1413394947.455760 0.314728 0.165439 0.667527 0.100561 0.099907 0.065900
1413394947.655760 0.211814 0.106685 0.516960 0.100095 0.098982 0.066320
1413394947.755760 0.173081 0.150030 0.398209 0.100042 0.098424 0.066489
1413394947.955760 0.138769 0.444506 0.527621 0.102618 0.100805 0.066845
1413394948.055760 0.120275 0.613656 0.568338 0.104316 0.102302 0.067168
1413394948.255760 0.118157 0.953567 0.472354 0.107320 0.105500 0.067754
1413394948.355760 0.086303 1.037666 0.413089 0.107911 0.107329 0.067959
1413394948.555760 0.023748 0.867766 0.319554 0.106368 0.112197 0.068259
1413394948.655760 -0.010819  0.628996  0.313593 0.104892 0.114848 0.068494
1413394948.955760 -0.145201 -0.138871  0.323481 0.102123 0.113287 0.069370
1413394949.155760 -0.243110 -0.248054  0.049487 0.099525 0.107183 0.068655
1413394949.355760 -0.380616  0.163062 -0.103195 0.098818 0.104581 0.067486
1413394949.555760 -0.515656  0.667514  0.045618 0.101988 0.106282 0.066891
1413394949.655760 -0.568619  0.735748  0.117330 0.103001 0.107421 0.066855
1413394949.855760 -0.666713  0.470379  0.043769 0.102689 0.109437 0.066808
1413394950.055760 -0.666084  0.121355  0.042103 0.102803 0.108322 0.066759
1413394950.155760 -0.592315 -0.021489  0.010574 0.103671 0.107630 0.066824
1413394950.355760 -0.314305 -0.086800  0.034809 0.105134 0.105575 0.066602
1413394950.555760 -0.293548  0.214009  0.116306 0.104454 0.104036 0.066215
1413394950.755760 -0.463656  0.572457  0.269364 0.105752 0.105807 0.066250
1413394950.855760 -0.541885  0.591373  0.289943 0.106249 0.107413 0.066399
1413394951.055760 -0.586528  0.188615  0.289458 0.106343 0.110476 0.067062
1413394951.255760 -0.459755 -0.422290  0.237054 0.108178 0.108925 0.067708
1413394951.355760 -0.335927 -0.623880  0.225357 0.109191 0.107164 0.067945
1413394951.555760 -0.272708 -0.541442  0.328135 0.108565 0.107243 0.067678
1413394951.655760 -0.369850 -0.274158  0.359746 0.108398 0.107716 0.067523
1413394951.855760 -0.649123  0.505738  0.597420 0.111482 0.110702 0.067755
1413394952.055760 -0.768075  0.707937  0.582873 0.114507 0.111719 0.068602
1413394952.155760 -0.734250  0.602876  0.428054 0.112667 0.110845 0.068751
1413394952.355760 -0.665938  0.360290  0.048218 0.110533 0.107707 0.068563
1413394952.555760 -0.550736  0.362308  0.143022 0.111071 0.106908 0.067843
1413394952.755760 -0.540105  0.531888  0.356952 0.113363 0.109708 0.067766
1413394952.855760 -0.540389  0.536566  0.318927 0.113716 0.109374 0.067865
1413394953.055760 -0.418528  0.304157  0.088178 0.111411 0.107784 0.068107
1413394953.355760  0.071624 -0.517533  0.483162 0.112921 0.108400 0.068533
1413394953.555760  0.319220 -0.919296 -0.001078 0.109734 0.106129 0.068847
1413394953.655760  0.337326 -0.989988 -0.372508 0.108275 0.105421 0.068437
1413394953.855760  0.164171 -0.830438 -0.963286 0.100955 0.102330 0.066727
1413394954.055760 -0.139546 -0.545317 -0.908158 0.097567 0.103018 0.065969
1413394954.155760 -0.210052 -0.521263 -0.868562 0.096075 0.102103 0.065725
1413394954.355760 -0.175507 -0.753590 -0.754232 0.097686 0.103516 0.066443
1413394954.555760  0.007791 -1.102965 -0.525800 0.101856 0.108314 0.067422
1413394954.655760  0.044721 -1.140639 -0.521887 0.101619 0.110450 0.067812
1413394954.855760 -0.067270 -0.773564 -0.525341 0.097878 0.116232 0.067901
1413394954.955760 -0.168048 -0.536610 -0.550664 0.096035 0.115999 0.067794
1413394955.155760 -0.305748 -0.444548 -0.562213 0.096685 0.117028 0.068353
1413394955.255760 -0.295631 -0.544843 -0.494855 0.097493 0.117264 0.068669
1413394955.455760 -0.165138 -0.700405 -0.311686 0.099888 0.120544 0.069070
1413394955.555760 -0.059861 -0.568608 -0.154396 0.099443 0.123058 0.068763
1413394955.755760 -0.186846  0.022854  0.135734 0.099109 0.124037 0.067591
1413394955.855760 -0.342689  0.206091  0.200528 0.100112 0.122984 0.067122
1413394955.955760 -0.488333  0.305982  0.250368 0.100338 0.120143 0.066672
1413394956.105761 -0.577953  0.282194  0.290096 0.102208 0.118240 0.066235
1413394956.205760 -0.523452  0.156878  0.269816 0.101524 0.116549 0.066007
1413394956.405761 -0.289026 -0.104972  0.150179 0.101038 0.113607 0.065780
1413394956.505760 -0.154547 -0.178513  0.020052 0.099939 0.110482 0.065720
1413394956.655760 -0.069498 -0.153138 -0.081150 0.098263 0.108816 0.065638
1413394956.755760 -0.152259 -0.100241 -0.042626 0.097859 0.108332 0.065588
1413394957.005760 -0.602203  0.065052  0.141682 0.099068 0.109899 0.065533
1413394957.105761 -0.683797  0.079381  0.188783 0.099867 0.109835 0.065527
1413394957.205760 -0.672125  0.062639  0.215972 0.099089 0.107410 0.065466
1413394957.305761 -0.558735  0.025605  0.245351 0.099694 0.106576 0.065457
1413394957.405761 -0.351809 -0.023746  0.244752 0.099655 0.105504 0.065440
1413394957.605761  0.110776 -0.122900  0.182458 0.099155 0.102881 0.065598
1413394957.705760  0.203214 -0.116321  0.106116 0.097371 0.101614 0.065541
1413394957.805761  0.161066 -0.084480  0.045069 0.096814 0.100964 0.065512
1413394958.055760 -0.141243  0.055223  0.005840 0.095629 0.099113 0.065366
1413394958.155760 -0.143341  0.099820  0.013130 0.095976 0.099493 0.065404
1413394958.255760 -0.015669  0.127477  0.029617 0.096416 0.099129 0.065473
1413394958.405761 0.291149 0.185028 0.005400 0.096559 0.098943 0.065673
1413394958.505760  0.468863  0.228152 -0.033789 0.095987 0.098690 0.065715
1413394958.605761  0.510222  0.255142 -0.022710 0.095033 0.097439 0.065679
1413394958.705760 0.361217 0.260916 0.047071 0.095180 0.096591 0.065577
1413394958.905761 -0.189648  0.180332  0.175153 0.095090 0.095280 0.065353
1413394959.005760 -0.384470  0.104180  0.208574 0.095071 0.095247 0.065363
1413394959.105761 -0.467479 -0.001268  0.214896 0.095453 0.095319 0.065451
1413394959.205760 -0.414097 -0.056366  0.237413 0.096211 0.095577 0.065545
1413394959.305761 -0.275356 -0.035204  0.234997 0.097430 0.095583 0.065709
1413394959.455760 -0.029300  0.035503  0.129328 0.097543 0.094072 0.065930
1413394959.555760 0.026501 0.031621 0.123754 0.098100 0.094053 0.065904
1413394959.655760 -0.067553 -0.013992  0.184896 0.099252 0.094735 0.065787
1413394959.755760 -0.246416 -0.150724  0.189275 0.101062 0.095593 0.065782
1413394959.905761 -0.468621 -0.411638  0.144112 0.103219 0.096468 0.065872
1413394960.005760 -0.490472 -0.544706  0.071380 0.104018 0.095708 0.065938
1413394960.055760 -0.466042 -0.559742  0.022637 0.104093 0.095325 0.065952
1413394960.155760 -0.356337 -0.529035 -0.021856 0.104366 0.094879 0.066036
1413394960.255760 -0.216283 -0.436274 -0.033226 0.104435 0.095043 0.065794
1413394960.405761 -0.050125 -0.283370 -0.123864 0.103262 0.094682 0.065727
1413394960.505760 -0.000234 -0.237664 -0.252132 0.103503 0.095136 0.065727
1413394960.605761 -0.025112 -0.307074 -0.324981 0.103328 0.095118 0.065546
1413394960.705760 -0.087738 -0.473854 -0.283261 0.104008 0.095468 0.065425
1413394960.855760 -0.161776 -0.765947 -0.123597 0.106678 0.097469 0.065446
1413394960.955760 -0.160523 -0.802024 -0.080144 0.107074 0.099004 0.065458
1413394961.055760 -0.117360 -0.726862 -0.068345 0.106441 0.100514 0.065442
1413394961.255760 -0.036243 -0.488867 -0.180868 0.103974 0.101971 0.065446
1413394961.355760 -0.008065 -0.492023 -0.186849 0.103415 0.102294 0.065440
1413394961.455760 -0.005823 -0.607723 -0.101112 0.103871 0.103018 0.065456
1413394961.605761  0.081825 -0.814686 -0.024129 0.104851 0.105162 0.065530
1413394961.705760  0.174737 -0.840128 -0.014689 0.104600 0.107377 0.065538
1413394961.805761  0.258008 -0.749968 -0.026069 0.103273 0.109285 0.065514
1413394961.905761  0.324634 -0.598934 -0.032009 0.102371 0.111845 0.065519
1413394962.055760  0.378122 -0.322903 -0.074796 0.100278 0.111564 0.065522
1413394962.155760  0.371674 -0.230477 -0.043076 0.099537 0.110381 0.065464
1413394962.305761  0.371306 -0.239559  0.039455 0.099314 0.108565 0.065417
1413394962.455760  0.408760 -0.276976  0.215988 0.099767 0.108606 0.065420
1413394962.555760  0.470729 -0.153975  0.208709 0.099421 0.107607 0.065406
1413394962.655760 0.543753 0.039683 0.130593 0.099140 0.105937 0.065474
1413394962.755760 0.584030 0.222716 0.076007 0.099633 0.104244 0.065581
1413394962.855760 0.586846 0.281326 0.005121 0.099528 0.101515 0.065537
1413394963.005760 0.567482 0.233110 0.026564 0.099529 0.099041 0.065425
1413394963.105761  0.575920  0.216699 -0.013356 0.099476 0.098074 0.065411
1413394963.205760  0.604799  0.330305 -0.154702 0.099694 0.097065 0.065453
1413394963.355760  0.653208  0.519769 -0.408039 0.100366 0.095382 0.065525
1413394963.455760  0.670492  0.547150 -0.477525 0.100476 0.093981 0.065508
1413394963.555760  0.680740  0.504168 -0.488399 0.100167 0.092802 0.065593
1413394963.655760  0.676148  0.329053 -0.330099 0.100093 0.092404 0.065733
1413394963.755760  0.697449  0.234007 -0.275326 0.100356 0.092079 0.065835
1413394963.805761  0.720589  0.242422 -0.264241 0.100702 0.092071 0.065874
1413394963.905761  0.757020  0.326730 -0.350875 0.101422 0.091921 0.065971
1413394964.005760  0.760657  0.408602 -0.410008 0.102332 0.091541 0.066196
1413394964.105761  0.759852  0.418138 -0.389703 0.103020 0.091398 0.066494
1413394964.205760  0.729429  0.293132 -0.263604 0.103426 0.091433 0.066589
1413394964.305761  0.717332  0.105452 -0.102766 0.103973 0.091497 0.066641
1413394964.405761  0.727490  0.033122 -0.011883 0.104652 0.091424 0.066568
1413394964.505760  0.743729  0.113756 -0.046840 0.105118 0.091011 0.066323
1413394964.605761  0.747303  0.231532 -0.110352 0.105883 0.090688 0.066261
1413394964.705760  0.709182  0.290828 -0.095422 0.106633 0.090305 0.066247
1413394964.805761  0.604380  0.246361 -0.049908 0.106654 0.089618 0.066166
1413394964.855760 0.535682 0.168797 0.013076 0.106618 0.089405 0.066109
1413394965.005760  0.251303 -0.173729  0.172484 0.104924 0.087939 0.065744
1413394965.105761  0.096633 -0.345324  0.277367 0.103297 0.087087 0.065549
1413394965.205760  0.050219 -0.366514  0.302625 0.101318 0.086710 0.065401
1413394965.305761  0.053051 -0.274687  0.247694 0.098773 0.086140 0.065295
1413394965.455760  0.093684 -0.116518  0.201791 0.096207 0.085780 0.065241
1413394965.605761  0.149433 -0.042035  0.310304 0.094713 0.085911 0.065220
1413394965.705760 0.139867 0.056213 0.304180 0.093550 0.085741 0.065245
1413394965.755760 0.124215 0.125404 0.236181 0.092732 0.085455 0.065287
1413394965.905761 0.079017 0.270984 0.062574 0.091468 0.084987 0.065306
1413394966.055760 0.056420 0.417005 0.032325 0.090890 0.085144 0.065324
1413394966.205760 -0.015546  0.624568 -0.188565 0.090956 0.085041 0.065337
1413394966.305761 -0.036559  0.704630 -0.288491 0.090640 0.085216 0.065286
1413394966.405761  0.000924  0.651637 -0.302177 0.089493 0.085739 0.065236
1413394966.505760  0.137627  0.446581 -0.142009 0.088094 0.087032 0.065202
1413394966.655760  0.269344  0.188169 -0.002961 0.087016 0.087868 0.065208
1413394966.755760  0.273954  0.195357 -0.019345 0.087208 0.087912 0.065198
1413394966.805761  0.237495  0.219628 -0.043224 0.087417 0.087770 0.065214
1413394967.005760  0.100052  0.349698 -0.103310 0.087847 0.087738 0.065253
1413394967.105761  0.102839  0.363068 -0.065146 0.087846 0.088225 0.065274
1413394967.255760 0.269035 0.280617 0.152592 0.088120 0.089270 0.065254
1413394967.355760 0.295451 0.277314 0.232287 0.088731 0.089889 0.065272
1413394967.455760 0.207466 0.344071 0.230477 0.089640 0.089992 0.065348
1413394967.605761 -0.005136  0.436257  0.129850 0.090718 0.089870 0.065480
1413394967.705760 -0.047987  0.442831  0.185140 0.091006 0.090504 0.065436
1413394967.855760 0.031056 0.408480 0.330675 0.091858 0.091584 0.065466
1413394967.955760 0.033239 0.412007 0.383136 0.092947 0.092660 0.065579
1413394968.055760 -0.045633  0.428242  0.268875 0.093617 0.092878 0.065740
1413394968.155760 -0.105261  0.419515  0.095712 0.093585 0.092767 0.065786
1413394968.305761 -0.048876  0.409606  0.001538 0.094159 0.092999 0.065723
1413394968.505760  0.059112  0.409637 -0.091092 0.095439 0.093366 0.065600
1413394968.705760  0.194150  0.380692 -0.049180 0.097223 0.094487 0.065453
1413394968.955760 0.345261 0.498443 0.022269 0.100935 0.095999 0.065397
1413394969.055760 0.349006 0.528404 0.010822 0.101483 0.096329 0.065393
1413394969.255760  0.302559  0.482218 -0.284639 0.100311 0.095730 0.065341
1413394969.455760  0.165278  0.401145 -0.442929 0.100120 0.095053 0.065343
1413394969.655760 -0.019410  0.386587 -0.419707 0.101126 0.094915 0.065597
1413394969.855760 -0.086215  0.602103 -0.309099 0.104536 0.096144 0.065868
1413394970.055760 -0.024635  0.817320 -0.043189 0.107862 0.099277 0.065955
1413394970.255760 0.112441 0.878407 0.141487 0.110019 0.102581 0.065731
1413394970.355760 0.142449 0.868986 0.082710 0.109570 0.103680 0.065626
1413394970.555760  0.026922  0.684772 -0.167072 0.106189 0.104897 0.065529
1413394970.755760 -0.101370  0.304171 -0.193389 0.104150 0.104713 0.065499
1413394970.955760 -0.237684  0.061305 -0.041705 0.103579 0.101984 0.065567
1413394971.255760 -0.171198  0.199675  0.114370 0.103919 0.097901 0.065326
1413394971.455760  0.155289  0.321263 -0.001349 0.103444 0.095493 0.065187
1413394971.655760 0.606237 0.373852 0.132942 0.103336 0.096363 0.065176
1413394971.755760 0.754373 0.315978 0.158927 0.102170 0.096932 0.065197
1413394971.955760 0.797698 0.080440 0.120691 0.101748 0.095212 0.065243
1413394972.055760  0.718306 -0.052916  0.037044 0.103045 0.093442 0.065250
1413394972.255760  0.438790 -0.291173 -0.166503 0.103350 0.089089 0.065261
1413394972.355760  0.277817 -0.411357 -0.213185 0.103154 0.087448 0.065238
1413394972.555760 -0.026586 -0.587785 -0.286449 0.102773 0.085882 0.065406
1413394972.655760 -0.127355 -0.668125 -0.239494 0.102454 0.085732 0.065453
1413394972.855760 -0.148507 -0.717959 -0.083565 0.102719 0.086582 0.065500
1413394972.955760 -0.106038 -0.664495 -0.074696 0.101462 0.086655 0.065433
1413394973.055760 -0.085851 -0.623825 -0.090054 0.098533 0.086415 0.065381
1413394973.155760 -0.035598 -0.571671 -0.098715 0.097977 0.087245 0.065386
1413394973.255760 -0.014574 -0.554202 -0.090979 0.100317 0.088110 0.065395
1413394973.355760 -0.014024 -0.550720 -0.067739 0.105792 0.091155 0.065438
1413394973.405761 -0.008129 -0.563741 -0.057176 0.106485 0.092235 0.065446
1413394973.505760 -0.029794 -0.573473 -0.045533 0.106887 0.093927 0.065433
1413394973.605761 -0.042872 -0.597529 -0.020369 0.107839 0.095615 0.065457
1413394973.705760 -0.060917 -0.598866  0.027299 0.108550 0.097640 0.065433
1413394973.805761 -0.075762 -0.604086  0.030023 0.108644 0.099350 0.065375
1413394973.905761 -0.084774 -0.579206  0.030738 0.108656 0.100822 0.065353
1413394974.005760 -0.098089 -0.560623  0.065845 0.108926 0.102631 0.065324
1413394974.105761 -0.104723 -0.527382  0.082359 0.109063 0.104498 0.065299
1413394974.205760 -0.130848 -0.495444  0.086481 0.108783 0.105849 0.065285
1413394974.305761 -0.164416 -0.443657  0.095502 0.108497 0.106973 0.065258
1413394974.405761 -0.216804 -0.392034  0.140747 0.108554 0.108078 0.065245
1413394974.505760 -0.295380 -0.329408  0.163320 0.108465 0.108897 0.065246
1413394974.605761 -0.350951 -0.240309  0.180418 0.108484 0.109204 0.065258
1413394974.705760 -0.388329 -0.167145  0.178435 0.108479 0.108921 0.065273
1413394974.855760 -0.393835 -0.074265  0.111607 0.108358 0.107329 0.065292
1413394975.005760 -0.389494 -0.044376 -0.085593 0.107420 0.104467 0.065246
1413394975.105761 -0.352929 -0.035285 -0.189204 0.106928 0.102539 0.065196
1413394975.205760 -0.314041 -0.037214 -0.293130 0.106277 0.100855 0.065164
1413394975.355760 -0.211316 -0.044688 -0.360409 0.105315 0.098552 0.065197
1413394975.555760 -0.097800 -0.077625 -0.313371 0.104065 0.096839 0.065383
1413394975.755760 -0.111926 -0.167405 -0.202816 0.103171 0.096680 0.065601
1413394976.055760 -0.145891 -0.272135 -0.054252 0.102723 0.097246 0.065662
1413394976.355760  0.010485 -0.367412 -0.052567 0.100614 0.096702 0.065590
1413394976.605761  0.255377 -0.461732 -0.021750 0.098460 0.097152 0.065525
1413394976.705760  0.410658 -0.473225 -0.030916 0.097329 0.097646 0.065475
1413394976.855760  0.583382 -0.434479 -0.045005 0.095703 0.098890 0.065469
1413394976.955760  0.593560 -0.335645 -0.015445 0.094968 0.098925 0.065406
1413394977.105761  0.397503 -0.147603  0.072075 0.094756 0.097545 0.065273
1413394977.205760 0.136072 0.030826 0.168681 0.094940 0.096290 0.065167
1413394977.405761 -0.464043  0.288289  0.350481 0.094994 0.095769 0.065077
1413394977.605761 -1.051910  0.275763  0.461780 0.093656 0.099304 0.065226
1413394977.705760 -1.365052  0.251508  0.507840 0.093901 0.103378 0.065401
1413394977.905761 -1.791034  0.148935  0.567180 0.097684 0.111070 0.065840
1413394978.005760 -1.880323  0.079991  0.544497 0.100627 0.112592 0.066039
1413394978.155760 -1.914847 -0.029865  0.458131 0.105833 0.112378 0.066278
1413394978.255760 -1.895935 -0.114985  0.332073 0.109197 0.111186 0.066385
1413394978.355760 -1.862015 -0.207491  0.214154 0.113910 0.109944 0.066397
1413394978.455760 -1.821350 -0.301823  0.075100 0.117747 0.108403 0.066366
1413394978.555760 -1.806259 -0.393816  0.044636 0.122021 0.107842 0.066295
1413394978.655760 -1.762497 -0.459342  0.048499 0.127563 0.107768 0.066209
1413394978.755760 -1.723405 -0.490164  0.088537 0.131880 0.107039 0.066190
1413394978.855760 -1.694774 -0.489192  0.132186 0.135671 0.106565 0.066143
1413394978.955760 -1.657372 -0.471886  0.106190 0.138708 0.105636 0.066075
1413394979.055760 -1.609069 -0.444256  0.014191 0.141316 0.104497 0.066047
1413394979.155760 -1.509861 -0.416745 -0.088265 0.144148 0.102476 0.066007
1413394979.255760 -1.372605 -0.380976 -0.164319 0.145666 0.099794 0.065957
1413394979.405761 -1.068058 -0.262956 -0.126386 0.146327 0.095315 0.065908
1413394979.555760 -0.562756 -0.086924  0.041405 0.143705 0.090821 0.066151
1413394979.805761 0.379060 0.142688 0.288565 0.128021 0.089919 0.066733
1413394979.905761 0.609834 0.136852 0.358317 0.120232 0.091270 0.066752
1413394980.005760 0.710985 0.058157 0.360854 0.113318 0.091431 0.066611
1413394980.255760  0.803750 -0.192641  0.150093 0.101277 0.090814 0.066208
1413394980.505760  0.964353 -0.401576 -0.008207 0.095548 0.091443 0.065972
1413394980.655760  1.015012 -0.442985  0.055319 0.093593 0.091901 0.065740
1413394980.855760  0.983491 -0.421895  0.121108 0.092681 0.091470 0.065581
1413394981.105761  0.886884 -0.339862 -0.071162 0.091456 0.089535 0.065424
1413394981.355760  0.798329 -0.178160 -0.222239 0.090803 0.087609 0.065244
1413394981.555760  0.703346 -0.113212 -0.164624 0.091129 0.086199 0.065173
1413394981.805761  0.571838 -0.072091 -0.157432 0.091332 0.084394 0.065138
1413394982.055760  0.393192  0.088375 -0.106558 0.089897 0.082588 0.065092
1413394982.255760  0.305858  0.311515 -0.044056 0.089619 0.081756 0.065084
1413394982.405761 0.325752 0.538171 0.016494 0.089610 0.081594 0.065097
1413394982.555760 0.382400 0.768753 0.098761 0.091094 0.081697 0.065113
1413394982.655760 0.430063 0.918451 0.145515 0.092419 0.081959 0.065132
1413394982.755760 0.488997 1.059330 0.171463 0.094304 0.082495 0.065159
1413394982.855760 0.548009 1.178060 0.179074 0.095739 0.083308 0.065190
1413394983.005760 0.616605 1.309881 0.195864 0.097922 0.085162 0.065257
1413394983.105761 0.633210 1.360870 0.213434 0.098747 0.085724 0.065270
1413394983.305761 0.643524 1.401970 0.216903 0.099847 0.087916 0.065368
1413394983.405761 0.641721 1.403652 0.221370 0.100234 0.089243 0.065385
1413394983.605761 0.570055 1.315886 0.104865 0.098772 0.091308 0.065412
1413394983.705760  0.512077  1.259926 -0.010193 0.097590 0.091723 0.065368
1413394983.905761  0.372027  1.110210 -0.248158 0.094648 0.092402 0.065249
1413394984.105761  0.202641  0.921691 -0.358550 0.092083 0.093521 0.065151
1413394984.305761  0.062118  0.758127 -0.329207 0.089727 0.093970 0.065128
1413394984.505760 -0.124245  0.627594 -0.261610 0.087747 0.093968 0.065132
1413394984.705760 -0.322857  0.510301 -0.201311 0.085889 0.093910 0.065142
1413394984.905761 -0.534457  0.428063 -0.117754 0.084533 0.094155 0.065145
1413394985.105761 -0.672110  0.357613 -0.027081 0.083648 0.094570 0.065141
1413394985.305761 -0.797483  0.241903  0.148908 0.083157 0.094710 0.065114
1413394985.505760 -0.901594  0.307613  0.462441 0.083896 0.095112 0.065081
1413394985.605761 -0.908783  0.392968  0.566099 0.084622 0.095230 0.065086
1413394985.805761 -0.957876  0.421377  0.377851 0.084496 0.094108 0.065157
1413394985.905761 -1.011956  0.379781  0.215820 0.083761 0.093478 0.065177
1413394986.105761 -1.100581  0.258735  0.129675 0.083777 0.093757 0.065198
1413394986.305761 -1.187179  0.190346  0.203666 0.085048 0.094310 0.065239
1413394986.405761 -1.192074  0.224558  0.262217 0.086710 0.095085 0.065258
1413394986.605761 -1.212497  0.290966  0.334404 0.088584 0.095523 0.065404
1413394986.705760 -1.232982  0.288036  0.309320 0.089235 0.095715 0.065403
1413394986.905761 -1.318830  0.171100  0.304786 0.090826 0.096646 0.065530
1413394987.105761 -1.275444  0.098616  0.044189 0.091847 0.094386 0.065594
1413394987.305761 -1.191700  0.146594 -0.082125 0.093526 0.092210 0.065534
1413394987.505760 -1.114537  0.035237 -0.034828 0.095287 0.090850 0.065451
1413394987.705760 -1.042055 -0.221139  0.028434 0.097759 0.089889 0.065454
1413394987.905761 -0.906699 -0.547242  0.123593 0.100764 0.087995 0.065507
1413394988.005760 -0.819496 -0.714025  0.172644 0.102442 0.086927 0.065532
1413394988.205760 -0.597580 -0.995252  0.197134 0.106508 0.085236 0.065728
1413394988.305761 -0.458448 -1.048617  0.172063 0.109948 0.085516 0.065815
1413394988.505760 -0.126827 -0.998004  0.017567 0.107966 0.085291 0.065885
1413394988.605761  0.046448 -0.925042 -0.021277 0.106182 0.085895 0.065903
1413394988.805761  0.281311 -0.840625 -0.144820 0.103012 0.087188 0.065846
1413394988.905761  0.358674 -0.857765 -0.205563 0.102599 0.088396 0.065838
1413394989.105761  0.464237 -0.943941 -0.192629 0.103172 0.090218 0.065852
1413394989.305761  0.463690 -1.021630 -0.128388 0.102414 0.091261 0.065757
1413394989.505760  0.481975 -1.053477 -0.163316 0.102448 0.093225 0.065812
1413394989.705760  0.519860 -1.031301 -0.345945 0.103055 0.095607 0.065907
1413394989.905761  0.535612 -0.924925 -0.494575 0.102803 0.097528 0.066001
1413394990.105761  0.557608 -0.749932 -0.606038 0.101293 0.099170 0.066146
1413394990.205760  0.511276 -0.717838 -0.665832 0.100385 0.099638 0.066188
1413394990.355760  0.443942 -0.681831 -0.662094 0.101500 0.100321 0.066323
1413394990.455760  0.384411 -0.669628 -0.633059 0.104168 0.102016 0.066451
1413394990.555760  0.303709 -0.667389 -0.585281 0.106435 0.102405 0.066473
1413394990.705760  0.158613 -0.651450 -0.536002 0.108328 0.103898 0.066462
1413394990.855760 -0.000683 -0.629410 -0.479690 0.108307 0.104171 0.066391
1413394991.055760 -0.169329 -0.613585 -0.376173 0.108227 0.106822 0.066318
1413394991.255760 -0.312410 -0.569324 -0.314421 0.107218 0.109592 0.066219
1413394991.405761 -0.406617 -0.497737 -0.253275 0.105972 0.110390 0.066126
1413394991.555760 -0.441433 -0.403445 -0.240661 0.104474 0.110508 0.066008
1413394991.705760 -0.509872 -0.320258 -0.159755 0.103605 0.110367 0.065895
1413394991.855760 -0.521499 -0.301359 -0.140969 0.102803 0.109532 0.065788
1413394992.055760 -0.435012 -0.280214 -0.156421 0.101088 0.107099 0.065649
1413394992.255760 -0.278669 -0.157273 -0.085328 0.099693 0.105121 0.065516
1413394992.455760 -0.181089 -0.003200  0.005272 0.098715 0.103923 0.065418
1413394992.655760 -0.198767 -0.005026  0.032593 0.097117 0.102376 0.065310
1413394993.305761 -0.091117  0.036310 -0.330766 0.092522 0.096419 0.065404
1413394993.605761 -0.165445 -0.050732 -0.299766 0.091046 0.094824 0.065474
1413394993.855760 -0.169476 -0.079311 -0.451487 0.089865 0.093399 0.065540
1413394994.005760 -0.116040 -0.053736 -0.481752 0.089720 0.093013 0.065650
1413394994.155760 -0.015050 -0.019774 -0.340892 0.089847 0.093186 0.065739
