DelayedMarginalization 0.00108505 6.18877e-08 0.00198848 769
DelayedMarginalizationOnly 0.000494302 3.90336e-08 0.00133456 769
EF-marginalizeFrame 0.00162747 9.87171e-08 0.00277085 769
FullSystem::trackNewCoarse 0.00410157 8.34349e-07 0.0112266 1713
FullSystem::trackNewCoarseNoIMU 0.00490063 0.000214436 0.0986304 43
FullSystemOptimize 0.0462754 9.92748e-05 0.0776782 775
GraphUnrolling 0.0129566 0.000222125 0.0344668 4
IMUInitAddPose 2.72256e-05 1.86123e-11 4.7741e-05 775
IMUInitOptimize 0.00275786 3.03719e-07 0.00366276 7
IMUIntegration::finishKeyframeOperations 6.25367e-05 2.46001e-10 0.000285303 763
InitializerFirstFrame 0.0484954 -nan 0.0484954 1
InitializerOtherFrames 0.140131 0.000339796 0.158502 8
MainMarginalization 0.00136957 7.82897e-08 0.00248589 769
MarginalizationReplacementBuildGraph 0.00127994 7.1036e-07 0.00187591 2
MarginalizationReplacementReplaceGraph 0.0231556 0.000266548 0.0347001 2
MarginalizeMainGraph 0.000589993 1.08936e-08 0.000974652 769
PGBA 0.0193204 0.000227088 0.0299761 2
PGBAFull 0.0114569 0.000234839 0.0330427 4
PrepareGraphForMainOptimization 0.0130406 0.000224142 0.0346503 4
VisualMarginalization 4.72004e-05 1.22592e-10 0.000196149 769
activatePointsMT 0.00432044 1.39594e-06 0.0108579 775
addActiveFrame 0.0495536 0.00166674 0.1912 1765
addIMUData 0.000775274 4.70721e-08 0.00150004 1713
addIMUDataToBA 4.2558e-05 3.9213e-10 0.00011878 1764
addKeyframeToBA 3.77812e-05 4.12476e-11 5.9754e-05 775
afterCoarseTracking 4.6384e-05 4.23227e-08 0.00230482 1756
baIteration 0.00775184 1.54171e-06 0.0135302 4041
baMatrixInversion 0.000271166 5.48269e-09 0.000803629 4041
baUpdateBuildHessians 0.000601009 1.11618e-08 0.0011882 4041
coarseTrackingIteration 0.000291428 1.55962e-08 0.00982098 15502
computeBAUpdate 0.000972102 3.70041e-08 0.00204753 4041
computeCoarseUpdate 0.000112823 7.258e-10 0.000493857 14587
computeFactorForCoarseGraphAndMarginalCovariances 0.00408662 1.13104e-06 0.00789548 763
convertHAndBFromDSO 0.000182908 6.56167e-09 0.000664235 7117
debugPlot 1.01003e-07 1.45752e-15 3.59e-07 775
debugPlotIDepthMap 0.00442717 1.18853e-06 0.00904894 775
debugPlotIDepthMapFloat 1.93729e-07 2.50971e-15 4.69e-07 775
deliverTrackedFrame 0.0413397 0.00160279 0.135303 1757
flagFramesForMarginalization 1.98293e-06 2.27984e-13 3.666e-06 775
fullCoarseTracking 0.00506369 6.07445e-06 0.0987002 1756
initObjectsAndMakeImage 0.00269695 1.09453e-07 0.00472367 1765
makeKeyframe 0.0839394 0.000211298 0.134173 775
makeKeyframeChangeTrackingRef 0.0079506 3.43384e-06 0.0147198 775
makeNewTraces 0.00749429 1.97127e-06 0.0148261 775
makeNonKeyframe 0.00577682 4.52965e-06 0.0129621 982
marginalizeAndRemovePoints 0.004323 1.90101e-06 0.00994889 775
marginalizeFrame 0.00312583 4.26342e-07 0.00703301 769
marginalizeFrameOverhead 0.00149569 2.54014e-07 0.00524791 769
marginalizeFrames 0.00311035 5.985e-07 0.00704309 775
newFrameAndNewResidualsForOldPoints 0.00111169 5.76463e-08 0.00208736 775
printBiases 3.18292e-05 9.67022e-11 9.6853e-05 775
printEigenValLine 1.47059e-07 1.40952e-15 4.75e-07 775
printLogLine 2.11284e-05 8.08211e-12 3.3822e-05 775
publishInMakeKeyframe 0.0004038 2.50681e-08 0.00186148 775
removeOutliers 0.000238399 4.77243e-09 0.000546272 775
swapTrackingRef 3.66131e-05 3.91427e-11 8.0014e-05 774
timeMeasurement 1.02088e-06 4.35017e-13 1.2047e-05 1765
traceNewCoarse 0.00494519 4.53407e-06 0.0129501 1757
updateBAValues 7.1251e-06 4.67686e-12 2.7263e-05 6845
zero 1.18615e-07 8.73037e-14 1.1033e-05 1765
