DelayedMarginalization 0.000949361 2.65515e-08 0.00167091 1378
DelayedMarginalizationOnly 0.000453827 1.80482e-08 0.00105504 1378
EF-marginalizeFrame 0.00137943 4.93151e-08 0.00238839 1378
FullSystem::trackNewCoarse 0.00227881 1.7461e-07 0.00600721 2671
FullSystem::trackNewCoarseNoIMU 0.0013089 8.60466e-08 0.00267537 112
FullSystemOptimize 0.0286749 5.87924e-05 0.0648843 1384
GraphUnrolling 0.000244028 -nan 0.000244028 1
IMUInitAddPose 2.39298e-05 2.20413e-11 5.7173e-05 1384
IMUInitOptimize 0.00473486 5.94453e-07 0.00528004 2
IMUIntegration::finishKeyframeOperations 6.2083e-05 1.67951e-10 0.000144663 1377
InitializerFirstFrame 0.0327651 -nan 0.0327651 1
InitializerOtherFrames 0.058413 9.92629e-05 0.0831633 35
MainMarginalization 0.00118834 3.44529e-08 0.00206215 1378
MarginalizeMainGraph 0.00049517 5.45251e-09 0.000757755 1378
PGBA 0.0189128 -nan 0.0189128 1
PGBAFull 0.0196188 -nan 0.0196188 1
PrepareGraphForMainOptimization 0.000266308 -nan 0.000266308 1
VisualMarginalization 3.89498e-05 7.17771e-11 9.8655e-05 1378
activatePointsMT 0.0034498 8.98979e-07 0.00941519 1384
addActiveFrame 0.034915 0.000647174 0.0993468 2819
addIMUData 0.000668507 2.11584e-08 0.00127093 2671
addIMUDataToBA 3.53165e-05 1.3329e-10 0.000117588 2818
addKeyframeToBA 3.53848e-05 5.40357e-11 7.2824e-05 1384
afterCoarseTracking 2.69748e-07 4.45913e-14 1.084e-05 2783
baIteration 0.00640731 1.76453e-06 0.0141803 5082
baMatrixInversion 0.000225056 1.74596e-09 0.000855799 5082
baUpdateBuildHessians 0.000502949 4.75129e-09 0.00108054 5082
coarseTrackingIteration 0.000211596 5.9048e-09 0.0029509 22627
computeBAUpdate 0.000815242 1.28981e-08 0.00183994 5082
computeCoarseUpdate 9.41409e-05 9.12522e-10 0.00288356 20950
computeFactorForCoarseGraphAndMarginalCovariances 0.00291301 2.25434e-07 0.00808961 1377
convertHAndBFromDSO 0.000143734 3.85128e-09 0.000652359 10599
debugPlot 8.25484e-08 3.35639e-14 6.711e-06 1384
debugPlotIDepthMap 3.24431e-07 7.89282e-15 9.58e-07 1384
debugPlotIDepthMapFloat 8.16301e-08 2.58443e-14 5.998e-06 1384
deliverTrackedFrame 0.0294955 0.000638624 0.0941435 2784
flagFramesForMarginalization 1.80644e-06 4.45436e-13 8.591e-06 1384
fullCoarseTracking 0.00299706 3.39243e-07 0.00807289 2783
initObjectsAndMakeImage 0.00208659 6.07178e-08 0.00411318 2819
makeKeyframe 0.0541023 7.63162e-05 0.0941406 1384
makeKeyframeChangeTrackingRef 0.00231664 1.24893e-07 0.00516735 1384
makeNewTraces 0.00530306 8.4397e-07 0.0117804 1384
makeNonKeyframe 0.00516588 3.53349e-06 0.0105564 1400
marginalizeAndRemovePoints 0.00354312 1.11011e-06 0.00777737 1384
marginalizeFrame 0.00270867 1.84016e-07 0.00462869 1378
marginalizeFrameOverhead 0.0013269 7.60341e-08 0.00239071 1378
marginalizeFrames 0.00270536 4.11059e-07 0.00740027 1384
newFrameAndNewResidualsForOldPoints 0.00101746 3.73506e-08 0.00180357 1384
printBiases 3.99304e-05 2.34104e-10 0.000411276 1384
printEigenValLine 1.05772e-07 3.56617e-16 3.9e-07 1384
printLogLine 1.67221e-07 3.58232e-15 6.53e-07 1384
publishInMakeKeyframe 2.00417e-07 6.64216e-15 6.62e-07 1384
removeOutliers 0.000202271 3.55665e-09 0.000577148 1384
swapTrackingRef 2.4029e-05 2.91833e-11 7.2587e-05 1384
timeMeasurement 8.93422e-07 1.71714e-13 1.0684e-05 2819
traceNewCoarse 0.0043253 3.31842e-06 0.0105441 2784
updateBAValues 6.5284e-06 6.69883e-12 6.3425e-05 9923
zero 1.0075e-07 1.66913e-15 5.51e-07 2819
