DelayedMarginalization 0.000958906 2.74915e-08 0.00169682 1386
DelayedMarginalizationOnly 0.000462035 1.77385e-08 0.00102114 1386
EF-marginalizeFrame 0.00135791 3.97409e-08 0.00237131 1386
FullSystem::trackNewCoarse 0.0024708 6.49896e-07 0.00853242 2673
FullSystem::trackNewCoarseNoIMU 0.00147139 5.64469e-07 0.00764774 110
FullSystemOptimize 0.0387281 5.45954e-05 0.0583351 1392
GraphUnrolling 0.0147541 0.000308585 0.0488422 7
IMUInitAddPose 2.38562e-05 9.3972e-12 5.1473e-05 1392
IMUInitOptimize 0.00324505 1.77958e-06 0.0047788 4
IMUIntegration::finishKeyframeOperations 6.08486e-05 1.8801e-10 0.000276625 1383
InitializerFirstFrame 0.0347044 -nan 0.0347044 1
InitializerOtherFrames 0.057914 8.95791e-05 0.0786422 35
MainMarginalization 0.00119422 3.36045e-08 0.00212553 1386
MarginalizationReplacementBuildGraph 0.00129191 6.12139e-07 0.00221151 6
MarginalizationReplacementReplaceGraph 0.0203124 0.000337205 0.0490852 5
MarginalizeMainGraph 0.000496159 6.51746e-09 0.000844233 1386
PGBA 0.015948 2.08603e-05 0.0191775 2
PGBAFull 0.00481402 6.54989e-05 0.0210147 8
PrepareGraphForMainOptimization 0.0148431 0.000310975 0.0490478 7
VisualMarginalization 3.95674e-05 6.96076e-11 8.0429e-05 1386
activatePointsMT 0.00336542 7.56352e-07 0.00824973 1392
addActiveFrame 0.039533 0.000901171 0.114713 2819
addIMUData 0.000671355 2.32901e-08 0.00121083 2673
addIMUDataToBA 3.65717e-05 1.46151e-10 0.000116109 2818
addKeyframeToBA 3.40286e-05 3.62083e-11 0.00014031 1392
afterCoarseTracking 2.68624e-07 3.33637e-14 9.483e-06 2783
baIteration 0.00596467 1.38544e-06 0.0104654 7974
baMatrixInversion 0.000225018 1.73583e-09 0.000806168 7974
baUpdateBuildHessians 0.000502369 5.15406e-09 0.00286274 7974
coarseTrackingIteration 0.000197779 5.90015e-09 0.00692079 27649
computeBAUpdate 0.000811289 1.2701e-08 0.00316819 7974
computeCoarseUpdate 9.42486e-05 2.38109e-09 0.00687642 25928
computeFactorForCoarseGraphAndMarginalCovariances 0.00300315 4.18015e-07 0.012707 1383
convertHAndBFromDSO 0.000148057 3.33736e-09 0.000656834 13521
debugPlot 7.44339e-08 1.8849e-15 3.96e-07 1392
debugPlotIDepthMap 3.43726e-07 5.98033e-14 9.146e-06 1392
debugPlotIDepthMapFloat 8.06882e-08 9.52752e-16 3.53e-07 1392
deliverTrackedFrame 0.0339897 0.000892958 0.108139 2784
flagFramesForMarginalization 1.60465e-06 3.71027e-13 1.1862e-05 1392
fullCoarseTracking 0.00319318 8.82987e-07 0.0129195 2783
initObjectsAndMakeImage 0.00207789 3.70842e-08 0.00378935 2819
makeKeyframe 0.0631369 8.30053e-05 0.108136 1392
makeKeyframeChangeTrackingRef 0.00226062 1.74514e-07 0.00501087 1392
makeNewTraces 0.00531237 6.6808e-07 0.0114091 1392
makeNonKeyframe 0.00483839 2.89876e-06 0.00813621 1392
marginalizeAndRemovePoints 0.00307056 9.35635e-07 0.00713026 1392
marginalizeFrame 0.00241472 1.2362e-07 0.00418885 1386
marginalizeFrameOverhead 0.00105447 5.74475e-08 0.00208689 1386
marginalizeFrames 0.00241201 2.75787e-07 0.0062417 1392
newFrameAndNewResidualsForOldPoints 0.00102653 5.11313e-08 0.00171266 1392
printBiases 3.77801e-05 1.54861e-10 0.00029144 1392
printEigenValLine 1.08812e-07 4.19366e-16 4.02e-07 1392
printLogLine 1.76915e-07 3.12612e-15 5.59e-07 1392
publishInMakeKeyframe 1.91415e-07 7.22954e-14 9.9e-06 1392
removeOutliers 0.00017266 1.93828e-09 0.00052529 1392
swapTrackingRef 2.29923e-05 1.69675e-11 6.8044e-05 1392
timeMeasurement 8.58524e-07 4.38402e-13 1.2524e-05 2819
traceNewCoarse 0.00402459 2.79326e-06 0.00812695 2784
updateBAValues 5.94212e-06 1.86806e-11 0.000394451 13063
zero 9.58954e-08 1.115e-15 1.137e-06 2819
