1413394889.855760 -0.01534199999999999973  0.08338800000000000379  0.03669399999999999745 -0.00155799999999999992  0.02460700000000000040  0.08051400000000000223 0.02294866723957101479 0.07646144512588899655 0.12480358535163237066 -0.00186902306404152473  0.02166761966356614555  0.08202795958180070235  1.52529784844156246493 15.34205228880452054341 11.55359127704636357237  0.00392837804275421136  0.00393426305225940461  0.00392872196342182456
1413394890.005760 -0.01533900000000000020  0.08338299999999999879  0.03670400000000000051 -0.00155799999999999992  0.02460700000000000040  0.08051400000000000223 0.02189353500897851454 0.07644166667395467518 0.12529001706912704095 -0.00183018375640850287  0.02260062144613249682  0.08172164691973952955  1.45837633738345151535 15.29649201503843514161 11.39845176370642398922  0.00371051756704459876  0.00371444237736116975  0.00371101887102736998
1413394890.305761 -0.01533299999999999941  0.08337300000000000266  0.03672399999999999970 -0.00155700000000000001  0.02460700000000000040  0.08051400000000000223 0.02077433992221928288 0.07636284954891886523 0.12549401223096837144 -0.00168430986259162979  0.02458118536425968684  0.08199867715646684541  1.45902996827472386521 15.23993454080431497744 11.12994645060361342814  0.00334089318939335706  0.00334511609425966732  0.00334127675599361429
1413394890.405761 -0.01533200000000000014  0.08336899999999999866  0.03673099999999999976 -0.00155700000000000001  0.02460700000000000040  0.08051400000000000223 0.02223287331652162857 0.07619647177789412584 0.12428079809342497397 -0.00196833206790916759  0.02457047784728835088  0.08204799786141794837  1.43814154843847319398 15.20177477079347205802 10.78317052490205618653  0.00323322993925127290  0.00323639498013390120  0.00323348822392985000
1413394890.505760 -0.01532999999999999988  0.08336499999999999466  0.03673799999999999982 -0.00155700000000000001  0.02460700000000000040  0.08051300000000000123 0.02482424489216346342 0.07590260435545223561 0.12232202298054427325 -0.00200578698804729488  0.02445115305325124347  0.08203529744228486853  1.42874825510482983404 15.13871174160950161536 10.55300624967536471388  0.00313249736423800492  0.00313540035757752574  0.00313262304824891589
1413394890.605761 -0.01532900000000000061  0.08336200000000000554  0.03674499999999999988 -0.00155700000000000001  0.02460700000000000040  0.08051300000000000123 0.02717231679896127405 0.07559323297946830833 0.12074770303022952511 -0.00190486328760422399  0.02412749678712309415  0.08198647122216749794  1.43143625667070195639 15.06874323371084756218 10.51120315350349798678  0.00303767782940756034  0.00304088288612376113  0.00303772875770038850
1413394890.905761 -0.01532500000000000008  0.08335099999999999454  0.03676499999999999907 -0.00155700000000000001  0.02460700000000000040  0.08051300000000000123 0.03079110606952877374 0.07475404437544305725 0.11813098196653867844 -0.00190240112354595490  0.02320404168904913536  0.08162808502372058406  1.39222529306684106309 14.75728291298014482891 10.42211191745029097433  0.00278526202142960477  0.00278917560057273875  0.00278520250766855050
1413394891.005760 -0.01532299999999999982  0.08334700000000000442  0.03677199999999999913 -0.00155700000000000001  0.02460700000000000040  0.08051300000000000123 0.03148620235325730321 0.07430743434247163992 0.11731766227769306610 -0.00179279741476371323  0.02339481912835336685  0.08125774656577164357  1.34879982626399663737 14.70121906759675667331 10.22233786454079407235  0.00271007070651813585  0.00271182232487211143  0.00270984798251229248
1413394891.105761 -0.01532200000000000055  0.08334300000000000042  0.03678000000000000019 -0.00155700000000000001  0.02460700000000000040  0.08051300000000000123 0.03236246303110992817 0.07333651162206998586 0.11581389170885766915 -0.00162110873044919788  0.02380605797249044780  0.08109035697356141437  1.31919673365222078765 14.66245770075620313833 10.10820244937713852096  0.00263864644985807497  0.00263871056939167124  0.00263865137551912978
1413394891.255760 -0.01531899999999999928  0.08333699999999999442  0.03679099999999999732 -0.00155700000000000001  0.02460700000000000040  0.08051300000000000123 0.03352293907125012545 0.07300973859524571841 0.11510367980334479387 -0.00157462131953615514  0.02408109010490077154  0.08109410366569555495  1.31201670506670020622 14.62368211673390128169 10.11730018277459741682  0.00253858522920781234  0.00253793540934996566  0.00253864725848663422
1413394891.455760 -0.01531599999999999975  0.08332900000000000029  0.03680599999999999844 -0.00155700000000000001  0.02460800000000000140  0.08051300000000000123 0.03404424667691413608 0.07216276428864458470 0.11409162945934747668 -0.00156300373906126584  0.02509338007424844266  0.08129346343005725006  1.30476896304363321200 14.59979436552476173006  9.89441741004608488197  0.00241640012300940385  0.00241569899591614597  0.00241639609253336022
1413394891.555760 -0.01531399999999999949  0.08332499999999999629  0.03681399999999999950 -0.00155700000000000001  0.02460800000000000140  0.08051300000000000123 0.03401522687882551493 0.07133500997758815410 0.11309267907777037498 -0.00157497723393367796  0.02497638892738002214  0.08155019709625044300  1.28267315598867948090 14.58896410670190135761  9.57067781798410166516  0.00235963366105813605  0.00235878342767318651  0.00235959254227451369
1413394891.655760 -0.01531199999999999922  0.08332100000000000617  0.03682200000000000056 -0.00155700000000000001  0.02460800000000000140  0.08051300000000000123 0.03311565772305838373 0.07061085971041333731 0.11261002038766582123 -0.00163180485123856568  0.02487217719312265554  0.08140057098360624355  1.25633705017213270771 14.58091259673444817224  9.22754755792573355677  0.00230556003543523798  0.00230527665324839004  0.00230538830210539692
1413394891.805761 -0.01530899999999999969  0.08331399999999999917  0.03683399999999999869 -0.00155700000000000001  0.02460800000000000140  0.08051300000000000123 0.03124993047310840877 0.06980923319196966070 0.11277416126631424620 -0.00165840842906618286  0.02507822772391015212  0.08148621256078986130  1.22659457713082353791 14.55612317197379290690  8.82160484121520482859  0.00222896000426731208  0.00222949029856594040  0.00222869174389781150
1413394891.955760 -0.01530600000000000016  0.08330799999999999317  0.03684599999999999681 -0.00155700000000000001  0.02460800000000000140  0.08051300000000000123 0.02957769673026648671 0.06881284072157710374 0.11302470278801249326 -0.00180044434728132111  0.02525582741867652553  0.08149594892804938595  1.21139537496954896589 14.50295216860967606465  8.58204855902602758988  0.00215728384940918737  0.00215780379362491429  0.00215698606281500716
1413394892.055760 -0.01530399999999999990  0.08330300000000000205  0.03685499999999999887 -0.00155700000000000001  0.02460800000000000140  0.08051300000000000123 0.02910503599748327438 0.06796608386209358754 0.11312385977031116924 -0.00179394417398282447  0.02521218528806156225  0.08148434951241335933  1.20175524799012078958 14.42739533729855061495  8.55244554885642394026  0.00211205717934114749  0.00211277290755105141  0.00211168838180822264
1413394892.205760 -0.01530100000000000036  0.08329599999999999504  0.03686699999999999700 -0.00155700000000000001  0.02460800000000000140  0.08051300000000000123 0.02838347162828932027 0.06762213711163236884 0.11338097626669271789 -0.00170727266198249499  0.02506187829078650176  0.08138092482870359912  1.19927000167560571242 14.23785200600517164560  8.52905418731282338740  0.00204795637508200807  0.00205012921741961392  0.00204735259543119491
1413394892.355760 -0.01529800000000000083  0.08328900000000000192  0.03688000000000000306 -0.00155700000000000001  0.02460800000000000140  0.08051300000000000123 0.02833082790230586137 0.06761245222236700325 0.11340120717102999959 -0.00171426478401708569  0.02506314639835328234  0.08137521385052082223  1.18280203867103739235 13.89906958513945411937  8.47250710103373627646  0.00198742381410000430  0.00199002752273740383  0.00198671956105843546
1413394892.505760 -0.01529499999999999957  0.08328199999999999492  0.03689200000000000118 -0.00155700000000000001  0.02460800000000000140  0.08051300000000000123 0.02652283152232498206 0.06688801170316478750 0.11410101000869181387 -0.00178478162243219979  0.02537748748799414228  0.08131686558738196458  1.13392946152365170498 13.23502626737542797741  8.21820391437282538050  0.00193026383867104558  0.00193248534073497697  0.00192958483750524119
1413394892.655760 -0.01529100000000000077  0.08327400000000000080  0.03690500000000000030 -0.00155700000000000001  0.02460800000000000140  0.08051300000000000123 0.02555509492390899140 0.06619600049230456307 0.11374382133533991746 -0.00153811339220491700  0.02531096912620499698  0.08129494958837421570  1.03553951773182451035 12.06087646651928935171  7.62259509948402591561  0.00187649603509676367  0.00187900436385524897  0.00187578236906515766
1413394892.755760 -0.01528900000000000051  0.08326899999999999580  0.03691400000000000237 -0.00155700000000000001  0.02460800000000000140  0.08051300000000000123 0.02596372259848278574 0.06547542440490693172 0.11331515224003678444 -0.00102139003621053593  0.02510137548002538271  0.08118793036406649066  0.94036065029183590891 10.90013480631556852529  6.99175628090005929494  0.00184281803171786746  0.00184572545979178179  0.00184177369371463532
1413394892.905761 -0.01528599999999999924  0.08326200000000000268  0.03692700000000000149 -0.00155700000000000001  0.02460800000000000140  0.08051300000000000123 0.02678461302770019162 0.06456625903107407471 0.11191232585626713358 -0.00108922205913644264  0.02479785056779220190  0.08110686052149269909 0.76767233222803210602 8.75921590759127610681 5.78695429533691374502 0.00179449928014888149 0.00179785954603260776 0.00179305991462037928
1413394893.005760 -0.01528400000000000071  0.08325699999999999767  0.03693599999999999661 -0.00155700000000000001  0.02460800000000000140  0.08051300000000000123 0.02578193436608154990 0.06394327551498009410 0.11088251894518991181 -0.00137456839718476690  0.02480832105591398648  0.08125082323368462700 0.64048462180339915673 7.17459118752466729063 4.85552834168987601515 0.00176339299656539587 0.00176644245107396964 0.00176178296573045777
1413394893.055760 -0.01528299999999999971  0.08325399999999999467  0.03694000000000000061 -0.00155700000000000001  0.02460800000000000140  0.08051300000000000123 0.02488128463579019137 0.06362438031357874058 0.11025921437508853784 -0.00118349116701830593  0.02492341019188433482  0.08117107612782065162 0.58051502662881471206 6.44951026202563859613 4.40598529679454564700 0.00174930013657950884 0.00175243762399390681 0.00174685603933240861
1413394893.205760 -0.01527899999999999918  0.08324700000000000155  0.03695400000000000074 -0.00155700000000000001  0.02460800000000000140  0.08051300000000000123 0.02591819592900309471 0.06286744204196283159 0.10881922512158180572 -0.00178377555941588496  0.02481921643478504289  0.08133765499013798084 0.42141644969817726452 4.39780555032995223996 3.18863982743066998182 0.00170925744522297529 0.00170966747849378539 0.00170321759552380467
1413394893.355760 -0.01527599999999999965  0.08323899999999999355  0.03696699999999999986 -0.00155700000000000001  0.02460800000000000140  0.08051300000000000123 0.02772902889466904996 0.06158526794204904203 0.10838432222587975062 -0.00234891730166946443  0.02456944864227442876  0.08148449176446774522 0.29961643969808049448 2.89199176924583456483 2.23713182286178646763 0.00167175452645696777 0.00166883311623704472 0.00166203016715188315
1413394893.505760 -0.01527200000000000085  0.08323099999999999943  0.03698099999999999998 -0.00155700000000000001  0.02460800000000000140  0.08051300000000000123 0.02789927021893400666 0.06146430889088289745 0.10885764860170027424 -0.00339787651556271164  0.02411849091949322399  0.08129999948049125569 0.21558011998837842138 1.94512191222493280307 1.57469349108553657857 0.00163234514801077974 0.00162865085089497290 0.00162185377284787503
1413394893.655760 -0.01526899999999999959  0.08322400000000000631  0.03699500000000000011 -0.00155700000000000001  0.02460800000000000140  0.08051300000000000123 0.02675079184117941725 0.06249351363355588884 0.11022888002481276426 -0.00381533692035977831  0.02403472264492467758  0.08118669691673439937 0.16017959802544010084 1.36549280847487031210 1.14018851164220524907 0.00159829597774836037 0.00159180566333321535 0.00158415979476975795
1413394893.805761 -0.01526500000000000079  0.08321599999999999830  0.03700900000000000023 -0.00155700000000000001  0.02460800000000000140  0.08051300000000000123 0.02453641948251696764 0.06685152777106954936 0.11120402792184802543 -0.00373140283707295174  0.02443441053490255296  0.08122663812940096595 0.12514091946988228909 1.01288494128999051469 0.86946975915104152133 0.00156716090024778035 0.00155537433763976401 0.00154801330658574507
1413394893.955760 -0.01526199999999999952  0.08320800000000000418  0.03702300000000000035 -0.00155700000000000001  0.02460800000000000140  0.08051300000000000123 0.02255029208348086761 0.07127831184662762609 0.11124451885892613912 -0.00346134628735847915  0.02471093893954713974  0.08133599097227969810 0.10233016926664786905 0.79343743349979245494 0.69690983701822484253 0.00153224988797033513 0.00151944319652189391 0.00151325957404523613
1413394894.105761 -0.01525800000000000073  0.08319999999999999618  0.03703700000000000048 -0.00155700000000000001  0.02460800000000000140  0.08051300000000000123 0.02111699591555951661 0.07894352556254909115 0.11006017975251096430 -0.00321309250836970643  0.02483329331491210268  0.08133269339518783836 0.08684795441005760397 0.65485434439978706944 0.58154082595682632384 0.00149831601867414293 0.00148560063647922643 0.00148015983572416564
1413394894.205760 -0.01525600000000000046  0.08319400000000000406  0.03704699999999999660 -0.00155700000000000001  0.02460800000000000140  0.08051300000000000123 0.01952889208446429228 0.08721150613253418615 0.10813143045028647538 -0.00326315888067357047  0.02498092372182117785  0.08135145920280462128 0.07869531627786492678 0.58988968047710599318 0.52082566598240975786 0.00147732576726790766 0.00146385108334199342 0.00145892102193511601
1413394894.305761 -0.01525400000000000020  0.08318899999999999906  0.03705599999999999866 -0.00155700000000000001  0.02460800000000000140  0.08051300000000000123 0.01852918727787232836 0.09113347612602931691 0.10532490300082485157 -0.00331596378582973365  0.02491861049081589216  0.08132600830184015528 0.07143460223775853490 0.53760341543833001232 0.46681415100653261829 0.00145332732086607191 0.00144256623873082260 0.00143783302018238757
1413394894.405761 -0.01525199999999999993  0.08318399999999999406  0.03706600000000000172 -0.00155700000000000001  0.02460800000000000140  0.08051300000000000123 0.01806035970140731223 0.09232245426840916813 0.10339020094189593779 -0.00379805345357279609  0.02480092112088696024  0.08110745633070599869 0.06471736032039925035 0.49251399526006844898 0.41656619660980759301 0.00142992243230614848 0.00142178056551971448 0.00141730886766536180
1413394894.505760 -0.01524900000000000040  0.08317800000000000193  0.03707499999999999685 -0.00155700000000000001  0.02460800000000000140  0.08051300000000000123 0.01540955513371190279 0.09498845168801371697 0.09612599851222264347 -0.00426347283841544984  0.02478450956145347023  0.08086380129895703872 0.05808093883747390135 0.45060288422618427484 0.36521765219213253584 0.00140744463129856886 0.00140183809302098250 0.00139755941169921447
1413394894.605761 -0.01524700000000000014  0.08317299999999999693  0.03708499999999999991 -0.00155700000000000001  0.02460800000000000140  0.08051300000000000123 0.01363174069081859140 0.09618521100852572836 0.09185768923605022729 -0.00416820701665847858  0.02495054218451598846  0.08089573544458274201 0.05286517762336965381 0.41247210072882939391 0.32518908774127897043 0.00138823705050219342 0.00138240600458792886 0.00137846464078917718
1413394894.705760 -0.01524499999999999987  0.08316800000000000581  0.03709500000000000297 -0.00155600000000000009  0.02460800000000000140  0.08051300000000000123 0.00861412711738515635 0.10088613374325268446 0.07889310166406178493 -0.00456720691703949629  0.02518386959444506717  0.08081174396691336026 0.04856231118939037528 0.37818084199667140188 0.29158890225320382994 0.00137137278423023808 0.00136480497331945136 0.00136030429460322821
1413394894.805761 -0.01524200000000000034  0.08316300000000000081  0.03710499999999999909 -0.00155600000000000009  0.02460800000000000140  0.08051300000000000123 0.00423185416549477864 0.10663193530506105688 0.06677815495048333716 -0.00444581075831242990  0.02528945788194898736  0.08098292046570582103 0.04460653987705301415 0.34379353170441578902 0.26041075795606200005 0.00135368278554606541 0.00134664199150175416 0.00134232133933167653
1413394894.905761 -0.01524000000000000007  0.08315799999999999581  0.03711500000000000216 -0.00155600000000000009  0.02460800000000000140  0.08051300000000000123 0.00111458524295821168 0.11272039927113482183 0.05724639289080134946 -0.00442426617209925981  0.02530149985287788797  0.08105279908515203302 0.04122613852302872001 0.31272012043587127383 0.23319722807423148847 0.00133613593132822744 0.00132914554066600947 0.00132485237808857570
1413394895.005760 -0.01523700000000000054  0.08315300000000000469  0.03712499999999999828 -0.00155600000000000009  0.02460800000000000140  0.08051300000000000123 -0.00144590648616612152  0.11981143149335130027  0.05041550524138808942 -0.00470785119998075145  0.02523342839379306979  0.08102384089953361401 0.03828882692232633833 0.28321741544020395676 0.20868312890296508710 0.00131981985322289171 0.00131198750219349287 0.00130786534537448689
1413394895.105761 -0.01523500000000000028  0.08314799999999999969  0.03713500000000000134 -0.00155600000000000009  0.02460800000000000140  0.08051300000000000123 -0.00409320633358320040  0.12735192900256131487  0.04378608862232744037 -0.00482085857153512730  0.02523190679783114329  0.08084985162982923079 0.03585962925079995423 0.25631597206981104886 0.18808325620598898009 0.00130327530367076541 0.00129529841952916711 0.00129118825571794982
1413394895.205760 -0.01523200000000000075  0.08314199999999999369  0.03714499999999999746 -0.00155600000000000009  0.02460800000000000140  0.08051300000000000123 -0.00580739544375657047  0.13420276946217057912  0.03792447265725623629 -0.00484361951824812363  0.02544752341892191072  0.08084577824559240067 0.03382067113951055248 0.23223982316937399895 0.17112345817098650880 0.00128743484128474549 0.00127904283095147862 0.00127497710918859984
1413394895.305761 -0.01523000000000000048  0.08313700000000000256  0.03715500000000000053 -0.00155600000000000009  0.02460800000000000140  0.08051300000000000123 -0.00733893197785623688  0.13928055918338350105  0.03237066218540489426 -0.00505283590604421913  0.02554508133981315751  0.08077391545810883033 0.03210051771219094019 0.21057471160366056373 0.15657039765588376401 0.00127143098127313159 0.00126318916645132783 0.00125911189582887510
1413394895.405761 -0.01522699999999999922  0.08313199999999999756  0.03716599999999999765 -0.00155600000000000009  0.02460800000000000140  0.08051300000000000123 -0.00868444612742690775  0.14301971342577921020  0.02893397655750844580 -0.00518130896260301892  0.02550906668959675161  0.08070075751168884204 0.03061202378528410720 0.19130801316825735148 0.14412269464987836898 0.00125582464247423159 0.00124769250052663328 0.00124364964813686134
1413394895.505760 -0.01522500000000000069  0.08312700000000000644  0.03717600000000000071 -0.00155600000000000009  0.02460800000000000140  0.08051300000000000123 -0.00925138741773837668  0.14764317902490686762  0.02667624369892268241 -0.00517259734511112644  0.02558149554398568212  0.08070505474822554925 0.02934482194673865285 0.17539128063461761897 0.13388284224233334974 0.00124087954491618538 0.00123252773241230894 0.00122859379338039420
1413394895.605761 -0.01522199999999999942  0.08312200000000000144  0.03718699999999999783 -0.00155600000000000009  0.02460800000000000140  0.08051300000000000123 -0.00995901436349017760  0.15080299669847516131  0.02434636895267354786 -0.00515909615891152907  0.02540489191164378366  0.08079339892229331355 0.02821847484377835655 0.16206573654105599358 0.12503042315951354291 0.00122539182194799441 0.00121764049111566732 0.00121381069603780558
1413394895.705760 -0.01521899999999999989  0.08311699999999999644  0.03719800000000000190 -0.00155600000000000009  0.02460800000000000140  0.08051300000000000123 -0.01109379565933032129  0.15307995404740348810  0.02132012218643188073 -0.00520301591361318604  0.02524672078713221732  0.08080201687266179433 0.02721908107568044716 0.15070985816462467710 0.11744412535002922426 0.00121051771371716885 0.00120326406848437822 0.00119943139111926083
1413394895.805761 -0.01521600000000000036  0.08311200000000000532  0.03720899999999999902 -0.00155600000000000009  0.02460800000000000140  0.08051300000000000123 -0.01289132494342373411  0.15368741149729547857  0.01666683176480197176 -0.00522782930993770725  0.02512695903321758226  0.08067286880480172007 0.02634336525592306105 0.14081719673469469956 0.11101029496863454304 0.00119624441896986049 0.00118919410311966035 0.00118540339045602864
1413394895.905761 -0.01521300000000000083  0.08310700000000000032  0.03722000000000000308 -0.00155600000000000009  0.02460800000000000140  0.08051300000000000123 -0.01461179242635401304  0.15351131342511448175  0.01297428678290472003 -0.00522077878113309107  0.02515556572050801562  0.08070117252662761809 0.02556384089410084284 0.13224436080870624610 0.10550799257627335725 0.00118244604198592925 0.00117552526241460932 0.00117173108643530929
1413394896.005760 -0.01520900000000000030  0.08310199999999999532  0.03723100000000000021 -0.00155600000000000009  0.02460800000000000140  0.08051300000000000123 -0.01648668562697886211  0.15317904637147808367  0.00973796592699520749 -0.00521357346342579166  0.02516208948506373777  0.08072978805746036657 0.02484698380222665273 0.12483573348745564957 0.10065899435059046108 0.00116907913064537490 0.00116228597955493271 0.00115839631627150607
1413394896.105761 -0.01520600000000000077  0.08309800000000000519  0.03724199999999999733 -0.00155600000000000009  0.02460800000000000140  0.08051300000000000123 -0.01789480242938637153  0.15242971750901107564  0.00812230916816554169 -0.00514178039507424620  0.02523970513625519232  0.08080191128389217770 0.02419112466525000227 0.11819032103299942360 0.09638252619059785309 0.00115588631283341722 0.00114927673404189440 0.00114534844254812946
1413394896.255760 -0.01520099999999999923  0.08308999999999999719  0.03725900000000000045 -0.00155600000000000009  0.02460800000000000140  0.08051300000000000123 -0.01911127491015771063  0.15313743961120465653  0.00756109813959154626 -0.00519313767216468374  0.02523180120357603959  0.08094148214112470430 0.02331961557755247300 0.10969387986238261778 0.09099029714800345447 0.00113726995420968847 0.00113048877027949754 0.00112641525000091794
1413394896.355760 -0.01519700000000000044  0.08308500000000000607  0.03727099999999999858 -0.00155600000000000009  0.02460800000000000140  0.08051300000000000123 -0.01986598422726001262  0.15381982380173755964  0.00780256838014327294 -0.00525613731241776714  0.02524493689126957457  0.08094858569583603114 0.02280457714129476010 0.10459282362979352432 0.08781928580119187366 0.00112480336223501213 0.00111816266049597022 0.00111408733022347567
1413394896.505760 -0.01519200000000000064  0.08307799999999999907  0.03728800000000000170 -0.00155600000000000009  0.02460800000000000140  0.08051300000000000123 -0.02114162215865662831  0.15576382722088502608  0.00794271806530937909 -0.00520816131556508209  0.02523666539407888598  0.08088050759180658023 0.02209588374877184333 0.09774934308540395023 0.08355591111935410653 0.00110659283717261139 0.00110011526077231241 0.00109608288100418666
1413394896.655760 -0.01518599999999999985  0.08307100000000000595  0.03730499999999999788 -0.00155600000000000009  0.02460800000000000140  0.08051300000000000123 -0.02241889615576325365  0.15895182771503452157  0.00819347575449439272 -0.00511898628536222675  0.02523954677894720347  0.08086627384032685217 0.02150646753121020563 0.09164091785115537070 0.08002103405155218396 0.00108895296875402884 0.00108251639945180491 0.00107867587642912206
1413394896.855760 -0.01517800000000000052  0.08306199999999999695  0.03732800000000000007 -0.00155600000000000009  0.02460800000000000140  0.08051300000000000123 -0.02366032696686195744  0.16445576042877976808  0.00774903990282433796 -0.00492781812975781087  0.02515503692324490975  0.08074832004423303233 0.02088695172012240697 0.08466022976196076189 0.07631535913929018977 0.00106631222757158032 0.00105981667624113936 0.00105633743661165164
1413394897.055760 -0.01516900000000000019  0.08305300000000000182  0.03735100000000000225 -0.00155600000000000009  0.02460899999999999893  0.08051300000000000123 -0.02395701414793767123  0.16992088368113003605  0.00681721964563293016 -0.00472816561241462974  0.02501017657425877103  0.08067119233730325745 0.01972747464399771805 0.07844616706671680983 0.07336388789219605577 0.00104440764755188084 0.00103794527701901100 0.00103486044324899358
1413394897.155760 -0.01516499999999999966  0.08304799999999999682  0.03736300000000000038 -0.00155600000000000009  0.02460899999999999893  0.08051300000000000123 -0.02433048102749123254  0.17079131304372696665  0.00704961656639985657 -0.00472354952565714418  0.02496126947757468587  0.08055384867784967651 0.01953059518423413271 0.07624945926184928391 0.07234168353647038585 0.00103369099487998816 0.00102741658127058393 0.00102445833077631368
1413394897.255760 -0.01516100000000000086  0.08304400000000000670  0.03737499999999999850 -0.00155600000000000009  0.02460899999999999893  0.08051300000000000123 -0.02453958995529266843  0.17164558190416481787  0.00757210899674587174 -0.00471033144494626722  0.02493333885844747216  0.08036394552725167895 0.01934311023953450698 0.07444411515974175275 0.07155679562149737383 0.00102333126900240969 0.00101715471877030384 0.00101427441090683602
1413394897.355760 -0.01515599999999999933  0.08303900000000000170  0.03738699999999999662 -0.00155600000000000009  0.02460899999999999893  0.08051300000000000123 -0.02470307581133972599  0.17357038668133847881  0.00804379379012244884 -0.00478222222134510200  0.02493951169986621808  0.08030361010300460234 0.01916016582810358901 0.07288749877051889370 0.07089623846163831122 0.00101311123780138288 0.00100710042700306456 0.00100429136122827172
1413394897.405761 -0.01515400000000000080  0.08303599999999999870  0.03739300000000000263 -0.00155600000000000009  0.02460899999999999893  0.08051300000000000123 -0.02486432862431067412  0.17487467436379455776  0.00793598935536422335 -0.00474996864668869069  0.02495219073395642598  0.08036070779481667425 0.01906960691004528502 0.07219131819159080310 0.07059157521281952952 0.00100800000882235886 0.00100208871719489260 0.00099936010427215832
1413394897.505760 -0.01515000000000000027  0.08303199999999999470  0.03740500000000000075 -0.00155600000000000009  0.02460899999999999893  0.08051300000000000123 -0.02521698708178868667  0.17744623385372979008  0.00793352157893654868 -0.00466547912652535198  0.02493705655551872735  0.08048909352551836260 0.01888652231852467472 0.07088487878464162784 0.07003108468097961337 0.00099804787297260670 0.00099228472025346013 0.00098965851799054567
1413394897.555760 -0.01514700000000000074  0.08302900000000000558  0.03741099999999999981 -0.00155600000000000009  0.02460899999999999893  0.08051300000000000123 -0.02542709450246803671  0.17863786100261505596  0.00771360974161874793 -0.00460587728569521616  0.02492091205309445931  0.08049138924493397240 0.01879736718334240261 0.07026073542311618569 0.06975655345054954104 0.00099313773060588032 0.00098743353073599358 0.00098487820408140045
1413394897.655760 -0.01514300000000000021  0.08302400000000000058  0.03742299999999999793 -0.00155600000000000009  0.02460899999999999893  0.08051300000000000123 -0.02601811002275185650  0.17946024446769412442  0.00716893310416498192 -0.00451956609168661406  0.02495590800775944820  0.08056250099801068321 0.01861065837289961264 0.06910511171801574093 0.06921295502141429357 0.00098349469567735005 0.00097794618955714075 0.00097547158940314532
1413394897.705760 -0.01514099999999999994  0.08302199999999999858  0.03742999999999999799 -0.00155600000000000009  0.02460899999999999893  0.08051300000000000123 -0.02613577538222341609  0.17962767406026949879  0.00732243608206748983 -0.00439600363439350290  0.02501020526855735407  0.08061901708440857850 0.01851761825072905515 0.06856447711626957597 0.06895653208205392015 0.00097874077496927156 0.00097327011433046104 0.00097083680563809930
1413394897.805761 -0.01513600000000000015  0.08301699999999999358  0.03744200000000000306 -0.00155600000000000009  0.02460899999999999893  0.08051300000000000123 -0.02661477707656942360  0.18034837584981416869  0.00728016755111267778 -0.00425417840492778743  0.02506975370266626216  0.08065351800715374331 0.01832420360167248685 0.06751504444882444611 0.06839561833534178736 0.00096942939675645815 0.00096407020551604226 0.00096170006220911504
1413394897.905761 -0.01513100000000000035  0.08301200000000000245  0.03745400000000000118 -0.00155600000000000009  0.02460899999999999893  0.08051300000000000123 -0.02701521170825807103  0.18069597822287944422  0.00715632781703038484 -0.00412483930975944459  0.02501164011513733187  0.08068467476875154643 0.01812701797900112544 0.06650479621935974361 0.06781193531367725458 0.00096023419610974815 0.00095504185598213642 0.00095272900179415188
1413394898.005760 -0.01512699999999999982  0.08300699999999999745  0.03746700000000000030 -0.00155600000000000009  0.02460899999999999893  0.08051300000000000123 -0.02728747610992503583  0.18043892786423917918  0.00723959425134028303 -0.00411656781118038915  0.02493971316554357415  0.08063917755894257910 0.01792790100313350343 0.06554158341134082300 0.06721270128139468503 0.00095113521911174750 0.00094621881716415500 0.00094392366267914642
1413394898.105761 -0.01512200000000000003  0.08300299999999999345  0.03747899999999999843 -0.00155600000000000009  0.02460899999999999893  0.08051300000000000123 -0.02752476177292597498  0.18081168350333148842  0.00744776557365967734 -0.00419052712983839816  0.02492914283513356435  0.08069129564560291457 0.01772568032718794748 0.06458419655900227152 0.06658307469861841910 0.00094205995466116173 0.00093754815901301149 0.00093528560087627105
1413394898.205760 -0.01511700000000000023  0.08299800000000000233  0.03749099999999999655 -0.00155600000000000009  0.02460899999999999893  0.08051300000000000123 -0.02792489230050237622  0.18194843637535812464  0.00742274809474520892 -0.00415141040459413198  0.02494352293105066634  0.08068521206382243960 0.01750182130350082244 0.06358612622610451681 0.06579446418472600921 0.00093302795929689659 0.00092903868537878690 0.00092680170832066264
1413394898.305761 -0.01511299999999999970  0.08299299999999999733  0.03750400000000000261 -0.00155600000000000009  0.02460899999999999893  0.08051300000000000123 -0.02749068023484010220  0.18304862752952411054  0.00940979400497934243 -0.00388492829479204684  0.02495382204295701345  0.08062490831122647028 0.01728822320925890721 0.06264506137757226700 0.06505187773837861620 0.00092431202300814882 0.00092067825866910119 0.00091847764002321271
1413394898.405761 -0.01510799999999999990  0.08298800000000000621  0.03751600000000000074 -0.00155600000000000009  0.02460899999999999893  0.08051300000000000123 -0.02689127402008597081  0.18369047087535442242  0.01139226930194696397 -0.00369103308590982161  0.02485931073816624939  0.08064625265849158231 0.01706556574369317431 0.06165694272785374880 0.06416707947017846747 0.00091578680785908814 0.00091246205617758066 0.00091029970231283912
1413394898.505760 -0.01510300000000000011  0.08298400000000000221  0.03752899999999999986 -0.00155600000000000009  0.02460899999999999893  0.08051300000000000123 -0.02638995425530851063  0.18427654881672986265  0.01328723991866761003 -0.00351126783504888398  0.02482659202426295078  0.08066834843406342492 0.01684383161646498331 0.06065063467892105320 0.06324818193700426638 0.00090743035135139511 0.00090436423223156054 0.00090227927595530892
1413394898.605761 -0.01509899999999999957  0.08297899999999999721  0.03754199999999999898 -0.00155600000000000009  0.02460899999999999893  0.08051300000000000123 -0.02684324078169120220  0.18430503963656252875  0.01286943550991076664 -0.00342793542666338259  0.02480734388627612447  0.08064663832013257982 0.01660693271416447542 0.05972329078869322017 0.06218271341296362914 0.00089932517482395964 0.00089642250410609770 0.00089439386305774176
1413394898.755760 -0.01509100000000000025  0.08297200000000000408  0.03756000000000000311 -0.00155600000000000009  0.02460899999999999893  0.08051300000000000123 -0.02709276068453030095  0.18537624143560074708  0.01325915011183427354 -0.00332012625849073669  0.02471010226496264672  0.08074396070577245788 0.01626153723118608022 0.05845010294358532477 0.06059669989304053428 0.00088755808211340797 0.00088485707396398117 0.00088285620435740524
1413394898.955760 -0.01508199999999999992  0.08296199999999999408  0.03758600000000000135 -0.00155600000000000009  0.02460899999999999893  0.08051300000000000123 -0.02664898300578513041  0.18566266909119760742  0.01585398618757905345 -0.00330210185416009551  0.02469592097602041347  0.08065755003091860942 0.01579449406583810847 0.05680871364865017203 0.05825592992833615591 0.00087245130951867252 0.00086991296434006475 0.00086794813040174811
1413394899.205760 -0.01506900000000000080  0.08295099999999999696  0.03761799999999999866 -0.00155600000000000009  0.02460899999999999893  0.08051300000000000123 -0.02624213785228693072  0.18432671249606144559  0.01900287425270087358 -0.00319445253517874677  0.02464539911934783556  0.08075691175951738021 0.01522940264021258906 0.05475466543603055986 0.05507328378255342549 0.00085433155524872195 0.00085189993398374466 0.00085002829772562070
1413394899.405761 -0.01506000000000000047  0.08294200000000000184  0.03764399999999999691 -0.00155600000000000009  0.02460999999999999993  0.08051300000000000123 -0.02607222845498493105  0.18308274596553911207  0.02079246880647198092 -0.00312080856953094159  0.02466974254588774271  0.08090276540658923599 0.01482133133886130889 0.05317330750151486041 0.05264486856359725658 0.00084041005143145966 0.00083805341293145179 0.00083622827156226080
1413394899.555760 -0.01505199999999999941  0.08293499999999999484  0.03766400000000000303 -0.00155600000000000009  0.02460999999999999993  0.08051300000000000123 -0.02622898741653569010  0.18232995760542272667  0.02100525166293002247 -0.00322599287846313861  0.02468058224732775502  0.08077999351194174726 0.01456004380981682465 0.05208501213595347762 0.05117195391578362867 0.00083029270340544722 0.00082798577321200673 0.00082619049871046331
1413394899.705760 -0.01504499999999999935  0.08292900000000000271  0.03768300000000000122 -0.00155600000000000009  0.02460999999999999993  0.08051300000000000123 -0.02572776567701608522  0.18243778290142947940  0.02166373702986286107 -0.00328467234207324797  0.02468646466963602543  0.08069639729253895444 0.01431602133134921712 0.05105552296850336680 0.04986533355297384507 0.00082044360756709713 0.00081811773330985331 0.00081639733400322683
1413394899.805761 -0.01504100000000000055  0.08292399999999999771  0.03769600000000000034 -0.00155600000000000009  0.02460999999999999993  0.08051300000000000123 -0.02511226657831456058  0.18305076457448912763  0.02230837452604847448 -0.00342651455760914969  0.02474300419839588899  0.08066451445003870735 0.01416465885237359890 0.05037466977987045680 0.04910298535067472714 0.00081410344523819727 0.00081165549930782869 0.00080999411288652800
1413394899.905761 -0.01503600000000000075  0.08291999999999999371  0.03771000000000000046 -0.00155499999999999996  0.02460999999999999993  0.08051300000000000123 -0.02486021165962746735  0.18341798886282037473  0.02186461810705977310 -0.00337633580450911672  0.02474155977585298580  0.08067182956382865089 0.01401693071461010583 0.04973719472945267034 0.04837290736554163140 0.00080796585451277543 0.00080531543676712434 0.00080369481910477867
1413394900.005760 -0.01503200000000000022  0.08291600000000000359  0.03772299999999999959 -0.00155499999999999996  0.02460999999999999993  0.08051300000000000123 -0.02478882643425658547  0.18347652090381796897  0.02159679927740103256 -0.00333391462976867330  0.02475500546562402898  0.08067331974611613443 0.01386982694059534470 0.04906969173238599075 0.04764182449910226574 0.00080187526604893848 0.00079910708194705967 0.00079749828601069798
1413394900.105761 -0.01502700000000000043  0.08291199999999999959  0.03773599999999999871 -0.00155499999999999996  0.02460999999999999993  0.08051300000000000123 -0.02466819728795526315  0.18394969612299022499  0.02167469434037161066 -0.00325731879881441125  0.02486027452820822534  0.08069398038997434297 0.01372283952451476031 0.04831839452814554875 0.04691167823272808513 0.00079580887372244081 0.00079303247494742909 0.00079140281435225205
1413394900.205760 -0.01502299999999999990  0.08290799999999999559  0.03774899999999999783 -0.00155499999999999996  0.02460999999999999993  0.08051300000000000123 -0.02476736498185509727  0.18459141962921013502  0.02188443606854687321 -0.00323401041162908135  0.02490817494242395305  0.08073983241425612689 0.01357709273697498172 0.04756939290895852851 0.04618576063775233637 0.00078982510857473337 0.00078705566968020695 0.00078540701222416472
1413394900.305761 -0.01501800000000000010  0.08290400000000000547  0.03776199999999999696 -0.00155499999999999996  0.02460999999999999993  0.08051300000000000123 -0.02443908568279114582  0.18461379819976805883  0.02308185969558780928 -0.00323568457079734511  0.02494305277870684581  0.08072009181093366126 0.01341403067245899167 0.04679351971392071985 0.04531859211437095497 0.00078397473033151206 0.00078123295262856000 0.00077951998819908474
1413394900.405761 -0.01501399999999999957  0.08290000000000000147  0.03777400000000000202 -0.00155499999999999996  0.02460999999999999993  0.08051300000000000123 -0.02438217729759559541  0.18496543735464843206  0.02353848426238056707 -0.00321636852426112523  0.02496510599595464647  0.08065386249054079526 0.01328093288450022877 0.04602208915042777654 0.04470480239009620715 0.00077811101843009106 0.00077546542816304053 0.00077371818855119393
1413394900.505760 -0.01500899999999999977  0.08289599999999999747  0.03778700000000000114 -0.00155499999999999996  0.02460999999999999993  0.08051300000000000123 -0.02376743425131597892  0.18546262846302580263  0.02516499777742025115 -0.00323351981601113130  0.02492985873226159430  0.08064459301014444137 0.01312899180475887023 0.04517135967595073409 0.04395400437380546366 0.00077233846749992963 0.00076973887325850810 0.00076799600786415124
1413394900.655760 -0.01500300000000000071  0.08289100000000000634  0.03780599999999999933 -0.00155499999999999996  0.02460999999999999993  0.08051300000000000123 -0.02250059907282632790  0.18529251131446147771  0.02816705201229495123 -0.00345713868695772053  0.02497377651227748740  0.08062360127853154812 0.01288733756062813984 0.04382994374488748124 0.04274410164585040750 0.00076379427923335642 0.00076133064445133578 0.00075956753032588406
1413394900.755760 -0.01499799999999999918  0.08288700000000000234  0.03781799999999999745 -0.00155499999999999996  0.02460999999999999993  0.08051300000000000123 -0.02111214006118430214  0.18539955050324921637  0.03068263680465132398 -0.00368533094286452052  0.02479915404233243303  0.08069393152068232711 0.01272100248824767355 0.04290978384559256814 0.04190772983852820988 0.00075819393590231018 0.00075580806736564438 0.00075410056226220420
1413394900.855760 -0.01499400000000000038  0.08288299999999999834  0.03783099999999999657 -0.00155499999999999996  0.02460999999999999993  0.08051300000000000123 -0.02052955648409010569  0.18660414044967052472  0.03210001926386146787 -0.00366367257162421474  0.02473974998002251985  0.08078644025904398174 0.01255738241611352793 0.04197158049895547555 0.04107413088193961198 0.00075280017329541077 0.00075031827698357814 0.00074866872272864415
1413394900.955760 -0.01498900000000000059  0.08287999999999999534  0.03784300000000000164 -0.00155499999999999996  0.02460999999999999993  0.08051300000000000123 -0.02016487575729463896  0.18775915930263567533  0.03432375993847965046 -0.00365219621738403083  0.02487563624036408585  0.08071397935960485104 0.01239455856714822592 0.04103755131532349498 0.04020035630941951738 0.00074753683697838442 0.00074499761146447666 0.00074332941605739788
1413394901.055760 -0.01498500000000000006  0.08287600000000000522  0.03785499999999999976 -0.00155499999999999996  0.02460999999999999993  0.08051300000000000123 -0.01996469914946683022  0.18844677610722254668  0.03526399804610074601 -0.00356710080422914608  0.02489938464093879866  0.08081020826362095288 0.01222930889958002629 0.04009720567560626919 0.03929806238444941147 0.00074243076769764838 0.00073984404048519931 0.00073810942704601544
1413394901.155760 -0.01498099999999999953  0.08287300000000000222  0.03786599999999999688 -0.00155499999999999996  0.02461100000000000093  0.08051300000000000123 -0.01969961711196016943  0.18917539974545388715  0.03681263577720727403 -0.00357317521947143803  0.02499528764055219260  0.08086907250393521318 0.01208652400452293711 0.03913186471240122366 0.03840611061834967727 0.00073727307712786073 0.00073463929042564039 0.00073290883921820296
1413394901.205760 -0.01497799999999999999  0.08287100000000000022  0.03787200000000000288 -0.00155499999999999996  0.02461100000000000093  0.08051300000000000123 -0.01929709020936863639  0.18958024925834471297  0.03874592111464934818 -0.00359810878876338711  0.02505992326080104526  0.08095439298906473291 0.01200017558860527224 0.03866350603461094632 0.03792683834636535051 0.00073471290672923553 0.00073211755899928285 0.00073032678987770480
1413394901.305761 -0.01497399999999999946  0.08286799999999999722  0.03788400000000000101 -0.00155499999999999996  0.02461100000000000093  0.08051300000000000123 -0.01946367737548270610  0.18969669520087270587  0.03982665469001606812 -0.00362061211264977107  0.02515059081623078827  0.08098461057409774011 0.01183461917119173722 0.03772857728511824771 0.03700932178056436789 0.00072999321154564761 0.00072721435796629453 0.00072529573135377966
1413394901.355760 -0.01497199999999999920  0.08286599999999999522  0.03788899999999999907 -0.00155499999999999996  0.02461100000000000093  0.08051300000000000123 -0.01924939823808519829  0.19029028513861814820  0.04147894966048104592 -0.00361391877197857290  0.02518375653295814795  0.08097144107844521377 0.01175032118434287363 0.03725966478046502384 0.03654252471617325942 0.00072751361383654577 0.00072478694057181016 0.00072277986531452620
1413394901.455760 -0.01496699999999999940  0.08286300000000000610  0.03790099999999999719 -0.00155499999999999996  0.02461100000000000093  0.08051300000000000123 -0.01882814295736476295  0.19193333514697355491  0.04316537126826323900 -0.00349858421731927315  0.02516345483211146483  0.08079727110169732107 0.01157672053425839835 0.03631517951312220049 0.03558917145846502567 0.00072266202610125332 0.00071976014835266290 0.00071784328752452515
1413394901.555760 -0.01496300000000000061  0.08286000000000000310  0.03791200000000000125 -0.00155499999999999996  0.02461100000000000093  0.08051300000000000123 -0.01830029437558355204  0.19328526709800603056  0.04554356287369563244 -0.00369001764881841943  0.02504412345156271577  0.08069139157810296947 0.01139576360680273799 0.03540101568237060542 0.03459997344521179019 0.00071833738045579880 0.00071510011319469774 0.00071305241901184306
1413394901.655760 -0.01495800000000000081  0.08285700000000000010  0.03792299999999999838 -0.00155499999999999996  0.02461100000000000093  0.08051300000000000123 -0.01819164517173366483  0.19367933279998078566  0.04645303762887172117 -0.00375749545051576100  0.02496424428628108913  0.08063356117365627629 0.01120975088987993980 0.03445869995484839715 0.03360641625719103243 0.00071361663993000214 0.00071041946281921210 0.00070824069334234378
1413394901.755760 -0.01495400000000000028  0.08285499999999999809  0.03793300000000000144 -0.00155499999999999996  0.02461100000000000093  0.08051300000000000123 -0.01723691475944726798  0.19470986136789594778  0.04979066142120772143 -0.00397311405489062831  0.02498005311742278536  0.08058571289505254975 0.01101834243006324411 0.03352987978724097234 0.03258221748846316240 0.00070886474852568460 0.00070578787767693074 0.00070348464623223210
1413394901.855760 -0.01494999999999999975  0.08285199999999999509  0.03794399999999999856 -0.00155499999999999996  0.02461100000000000093  0.08051300000000000123 -0.01630193295472668821  0.19575811886351310309  0.05225057453913426603 -0.00408159169152993648  0.02485024064496565641  0.08050661237567174888 0.01083337925939132501 0.03262434616516209779 0.03159715956505308732 0.00070424188111777790 0.00070110251937236326 0.00069879925245240301
1413394901.955760 -0.01494599999999999922  0.08284900000000000597  0.03795400000000000162 -0.00155499999999999996  0.02461100000000000093  0.08051300000000000123 -0.01572937493886749499  0.19534715708594674322  0.05413576889686742832 -0.00425610595091542501  0.02484001572373872868  0.08049368587619257220 0.01065347370929858005 0.03168331932978532550 0.03060529823264624555 0.00069971708342457994 0.00069648430007126735 0.00069421189017385284
1413394902.055760 -0.01494200000000000042  0.08284600000000000297  0.03796499999999999875 -0.00155499999999999996  0.02461100000000000093  0.08051300000000000123 -0.01552203790238020596  0.19585048400005050651  0.05520999879872005162 -0.00428133837213856040  0.02488758639244998891  0.08051531592094644807 0.01048207308278640768 0.03080745171160456305 0.02965480138220731240 0.00069523169760791548 0.00069213212168321638 0.00068971770325348188
1413394902.155760 -0.01493799999999999989  0.08284299999999999997  0.03797500000000000181 -0.00155499999999999996  0.02461100000000000093  0.08051300000000000123 -0.01471453596172290351  0.19451462180769721333  0.05696167824253112882 -0.00446777915322240857  0.02492060722400039896  0.08055799869685381642 0.01031555387893642352 0.02998552367635866009 0.02871131715250650057 0.00069107640298094017 0.00068816685175178188 0.00068526756085742781
1413394902.255760 -0.01493399999999999936  0.08284099999999999797  0.03798499999999999793 -0.00155499999999999996  0.02461100000000000093  0.08051300000000000123 -0.01482100677167704807  0.19665067127436297589  0.05719632188521799748 -0.00433613934936744310  0.02502608348881949288  0.08051343695853628579 0.01015880640825812462 0.02919483228366625410 0.02783388517709858151 0.00068679259269696820 0.00068439182991629141 0.00068093367794168488
1413394902.355760 -0.01493000000000000056  0.08283799999999999497  0.03799500000000000099 -0.00155499999999999996  0.02461100000000000093  0.08051300000000000123 -0.01505695723487127623  0.20072132929047195593  0.05700098906198316356 -0.00397725075300309379  0.02506827014695191258  0.08042555156041601705 0.01000304501922391273 0.02841062161994412430 0.02698672768787761106 0.00068218574427098412 0.00067974710807068919 0.00067654291725883662
1413394902.455760 -0.01492600000000000003  0.08283500000000000585  0.03800400000000000306 -0.00155499999999999996  0.02461100000000000093  0.08051300000000000123 -0.01493574767645660349  0.20253623203011017484  0.05708240659993368826 -0.00370841209106559117  0.02506775018922533307  0.08047762972578743901 0.00985335001624084925 0.02766615082783385055 0.02617749282173495798 0.00067818996676512081 0.00067524168474027938 0.00067228726142360730
1413394902.555760 -0.01492300000000000050  0.08283300000000000385  0.03801399999999999918 -0.00155499999999999996  0.02461199999999999846  0.08051300000000000123 -0.01518471603672529383  0.20300088963254400709  0.05601982678734798021 -0.00368482057305061879  0.02499595439821251930  0.08047940057671816583 0.00970572128047952377 0.02693231508157950191 0.02537131907715958409 0.00067397588291980861 0.00067104984257483288 0.00066810534160778123
1413394902.655760 -0.01491899999999999997  0.08283000000000000085  0.03802300000000000124 -0.00155499999999999996  0.02461199999999999846  0.08051300000000000123 -0.01534323292809615900  0.20256017076780052921  0.05476012051012275200 -0.00390440064057675541  0.02482805396544737059  0.08049839104931010014 0.00956345906988305579 0.02619974862839745053 0.02462599038501339654 0.00066988725661600306 0.00066648960499060583 0.00066380261971250040
1413394902.755760 -0.01491600000000000044  0.08282799999999999885  0.03803200000000000330 -0.00155499999999999996  0.02461199999999999846  0.08051300000000000123 -0.01527472813514183479  0.20033024337110180713  0.05436264081546778038 -0.00422741337607407917  0.02471930683774424195  0.08064207192318548212 0.00943402668191157048 0.02548058729785127388 0.02396426830981903539 0.00066596532542160017 0.00066266519935675224 0.00065981574182768588
1413394902.855760 -0.01491199999999999991  0.08282499999999999585  0.03804099999999999843 -0.00155499999999999996  0.02461199999999999846  0.08051300000000000123 -0.01501910922632259011  0.19897713305564371233  0.05478555020104471096 -0.00443418057444487125  0.02468464548182961946  0.08060467113550809359 0.00931175222719396629 0.02474946254758268044 0.02335230653569913759 0.00066189168031463726 0.00065848376008647604 0.00065566508156997879
1413394902.955760 -0.01490900000000000038  0.08282299999999999385  0.03805000000000000049 -0.00155499999999999996  0.02461199999999999846  0.08051300000000000123 -0.01479525305747018439  0.19899476882593547522  0.05499526918882303300 -0.00449833977396058796  0.02469849385907677344  0.08066204651758221433 0.00919159099755958997 0.02404961004178610140 0.02276948966439870312 0.00065786121651066176 0.00065426504644499727 0.00065154011095853797
1413394903.155760 -0.01490200000000000032  0.08281700000000000172  0.03806699999999999667 -0.00155499999999999996  0.02461199999999999846  0.08051300000000000123 -0.01510974652201966216  0.19877406863684424221  0.05456171318506342072 -0.00450883370581518002  0.02457336855519433316  0.08073703955710126445 0.00897116581727096934 0.02272293123910844315 0.02167939402138657420 0.00064982949317420892 0.00064658258158314052 0.00064367376840251923
1413394903.355760 -0.01489399999999999925  0.08281199999999999672  0.03808399999999999980 -0.00155499999999999996  0.02461199999999999846  0.08051300000000000123 -0.01596289991963498536  0.20053153371770615632  0.05355018557026283016 -0.00420368223131958527  0.02487078027725900253  0.08043742958480969152 0.00877981913922325045 0.02156567838457197975 0.02077136053502124519 0.00064223666555332764 0.00063951524034239009 0.00063610118310686867
1413394903.555760 -0.01488699999999999919  0.08280700000000000560  0.03810000000000000192 -0.00155499999999999996  0.02461199999999999846  0.08051300000000000123 -0.01694986649829917369  0.20199069783411946477  0.05070459609430361114 -0.00402758690355698064  0.02490156460971581706  0.08031440938700795673 0.00859725905192140240 0.02061607438720922808 0.01993412818312263399 0.00063449577725240133 0.00063186250323615106 0.00062857338894322572
1413394903.705760 -0.01488100000000000013  0.08280300000000000160  0.03811200000000000004 -0.00155499999999999996  0.02461199999999999846  0.08051300000000000123 -0.01764843983395537538  0.20046306304432465195  0.04963382650987577943 -0.00406036498696681677  0.02477213210782505670  0.08036644950949066446 0.00847328630103222173 0.02006476857926805038 0.01939691070203523188 0.00062896605736701989 0.00062617113299749856 0.00062305512752074306
1413394903.955760 -0.01487100000000000054  0.08279599999999999460  0.03813099999999999823 -0.00155499999999999996  0.02461199999999999846  0.08051300000000000123 -0.01862035053694093695  0.19923273402457203352  0.04803216127587205814 -0.00403913379840861557  0.02459989022065165939  0.08048369461850023165 0.00828718248649671849 0.01929355364009815305 0.01865404871155985911 0.00061962770475245050 0.00061681834730182216 0.00061397146586440320
1413394904.205760 -0.01486099999999999921  0.08278900000000000148  0.03814900000000000235 -0.00155499999999999996  0.02461299999999999946  0.08051300000000000123 -0.01996315994414036774  0.19791524728327808402  0.04608839994985491212 -0.00403697576969043112  0.02448962408354478024  0.08053296773999230052 0.00812158778619014726 0.01872462668973675498 0.01805468002382112219 0.00061087952094986857 0.00060821177805111919 0.00060524833212476396
1413394904.355760 -0.01485500000000000015  0.08278499999999999748  0.03815999999999999948 -0.00155499999999999996  0.02461299999999999946  0.08051300000000000123 -0.02084924136593360039  0.19611749691328536627  0.04463191042858123680 -0.00408768055369777318  0.02439362473499410294  0.08052609194696117023 0.00803133232034604870 0.01844306004145277941 0.01774972590195023070 0.00060572977102643102 0.00060304402145359851 0.00060012093305459268
1413394904.505760 -0.01484899999999999935  0.08278099999999999348  0.03817000000000000254 -0.00155499999999999996  0.02461299999999999946  0.08051300000000000123 -0.02115565411076858818  0.19556143375175749632  0.04462868125000677560 -0.00412956409819731970  0.02442424663310448565  0.08046378829171044189 0.00794890027615477446 0.01820823539017856624 0.01749103211308311936 0.00060070501443720533 0.00059795238611737268 0.00059510937683772630
1413394904.605761 -0.01484500000000000056  0.08277900000000000535  0.03817700000000000260 -0.00155499999999999996  0.02461299999999999946  0.08051300000000000123 -0.02134265012177129911  0.19492932536855742121  0.04476576716895526442 -0.00422986515286882109  0.02447293981414261702  0.08049211295664782106 0.00789643624182988918 0.01807543146053086289 0.01734114271439379448 0.00059736700662075420 0.00059456970336384317 0.00059182336567053628
1413394904.705760 -0.01484199999999999929  0.08277600000000000235  0.03818400000000000266 -0.00155499999999999996  0.02461299999999999946  0.08051300000000000123 -0.02104694890423855838  0.19474265959450448582  0.04522506767546365797 -0.00434095030150789991  0.02427952584773218972  0.08051383186414289017 0.00784748380680593167 0.01795207189479840898 0.01720542305150656037 0.00059405637441571808 0.00059125095347436574 0.00058856088797663983
1413394904.805761 -0.01483800000000000049  0.08277400000000000035  0.03819000000000000172 -0.00155499999999999996  0.02461299999999999946  0.08051300000000000123 -0.02102163103034789676  0.19445294806080232197  0.04528133831496691103 -0.00450570046732637255  0.02421992003299797830  0.08057028368349848646 0.00780156789728473580 0.01783951203173201466 0.01709279140749153658 0.00059086707631769654 0.00058804408439377834 0.00058535489650295613
1413394904.905761 -0.01483399999999999996  0.08277199999999999835  0.03819600000000000078 -0.00155499999999999996  0.02461299999999999946  0.08051300000000000123 -0.02089493615085043915  0.19468647438979114206  0.04558676372738060256 -0.00471445170253467251  0.02420291444151025442  0.08056546623154065001 0.00775778886550540416 0.01774028506427267893 0.01700383900990070155 0.00058771987384817178 0.00058492662579458991 0.00058220002375387447
1413394905.005760 -0.01483100000000000043  0.08276999999999999635  0.03820300000000000085 -0.00155499999999999996  0.02461299999999999946  0.08051300000000000123 -0.02107529167538200326  0.19534107102500411490  0.04541889640203482237 -0.00484490629172240530  0.02424604583447791811  0.08053167197141025690 0.00771417866460517333 0.01765117402050699405 0.01692504967144728423 0.00058449876745102897 0.00058179263234231222 0.00057905290222555808
1413394905.055760 -0.01482900000000000017  0.08276899999999999535  0.03820599999999999691 -0.00155499999999999996  0.02461299999999999946  0.08051300000000000123 -0.02143156821630421566  0.19552147573060593699  0.04495468750776654421 -0.00486587035498848002  0.02443944534833840734  0.08057308577513586090 0.00769425062567358296 0.01761626177753414582 0.01690944943012273605 0.00058305771649682259 0.00058032437764901244 0.00057750431511760058
1413394905.205760 -0.01482400000000000037  0.08276600000000000623  0.03821499999999999897 -0.00155499999999999996  0.02461299999999999946  0.08051300000000000123 -0.02164230303935782765  0.19597488272024793377  0.04441738885260068659 -0.00487557302085538536  0.02418957882058582823  0.08056710394344990256 0.00763343800642426150 0.01750190432775619587 0.01684095124717425312 0.00057828261959635399 0.00057570877340825592 0.00057292386070707617
1413394905.305761 -0.01481999999999999984  0.08276400000000000423  0.03822199999999999903 -0.00155499999999999996  0.02461299999999999946  0.08051300000000000123 -0.02180193252996165051  0.19647919049562351246  0.04388308019702128610 -0.00481470959477563101  0.02413976095310626721  0.08050063859876477323 0.00759760125643751776 0.01743836715463803477 0.01684050077492982647 0.00057523402342707928 0.00057267851060732494 0.00056989389155904385
1413394905.405761 -0.01481700000000000031  0.08276300000000000323  0.03822799999999999809 -0.00155499999999999996  0.02461299999999999946  0.08051300000000000123 -0.02189430517487577291  0.19620663639302393655  0.04375134230942619162 -0.00478181977493417638  0.02415380643928435531  0.08050920143784512373 0.00756173095060834466 0.01737751272405077194 0.01683206476743970628 0.00057224485841276369 0.00056953388817633803 0.00056686083572199256
1413394905.505760 -0.01481299999999999978  0.08276100000000000123  0.03823499999999999815 -0.00155499999999999996  0.02461299999999999946  0.08051300000000000123 -0.02203151383631250793  0.19605338203085245774  0.04320984412719335033 -0.00466408971449358903  0.02434134077030003507  0.08043529862741340131 0.00752882446224732976 0.01731344884089422095 0.01684279431372844027 0.00056928751844036900 0.00056645394230335293 0.00056385469045165529
1413394905.705760 -0.01480599999999999972  0.08275799999999999823  0.03824799999999999728 -0.00155499999999999996  0.02461299999999999946  0.08051300000000000123 -0.02205838569832621610  0.19681410728380638320  0.04224862368797466933 -0.00464323706137284142  0.02443470261538794458  0.08036866732394964963 0.00746655866080406065 0.01719222439451467688 0.01682628993066755466 0.00056337309688500245 0.00056059939531882862 0.00055795995412519456
1413394905.755760 -0.01480399999999999945  0.08275799999999999823  0.03825100000000000028 -0.00155499999999999996  0.02461400000000000046  0.08051200000000000023 -0.02213634479899779725  0.19726542971981100849  0.04166073430148364148 -0.00464850204176833412  0.02439855878451038795  0.08042896111363767586 0.00745150299402398079 0.01716422741159005436 0.01681992081849139134 0.00056189167803154792 0.00055909568368772136 0.00055650547153029625
1413394905.855760 -0.01480000000000000066  0.08275699999999999723  0.03825699999999999934 -0.00155499999999999996  0.02461400000000000046  0.08051200000000000023 -0.02219197493114572622  0.19813058639646516368  0.04203571508235566523 -0.00460584823303644003  0.02443415276123188026  0.08049098147681302273 0.00742276804237479090 0.01710564671411790583 0.01681036552534067099 0.00055906329755977234 0.00055640924072237411 0.00055366179747947048
1413394905.905761 -0.01479800000000000039  0.08275599999999999623  0.03826100000000000334 -0.00155499999999999996  0.02461400000000000046  0.08051200000000000023 -0.02249911209981940441  0.19829867005234377841  0.04228131005737903458 -0.00463593680111317342  0.02449047764026724902  0.08050242480067902606 0.00740801407083740201 0.01707390500146648699 0.01680444505672815114 0.00055763940722863413 0.00055489706302637681 0.00055224957317445082
1413394906.005760 -0.01479399999999999986  0.08275499999999999523  0.03826700000000000240 -0.00155499999999999996  0.02461400000000000046  0.08051200000000000023 -0.02280837749735227515  0.19886324955865558595  0.04271914109155158790 -0.00463127598160375988  0.02457447461175133255  0.08056296206749587185 0.00737914659025950149 0.01701392510324466895 0.01679424550620220100 0.00055492187395711804 0.00055234439723008820 0.00054948433664957078
1413394906.105761 -0.01479100000000000033  0.08275399999999999423  0.03827300000000000146 -0.00155499999999999996  0.02461400000000000046  0.08051200000000000023 -0.02300751919869522752  0.19944875936360184632  0.04287332668944993097 -0.00464818090383717440  0.02456024749830539380  0.08058601571942670960 0.00734880551175479471 0.01695466123084731977 0.01678728508462535435 0.00055227287257357733 0.00054974082700767269 0.00054676773391342480
1413394906.255760 -0.01478499999999999953  0.08275299999999999323  0.03828299999999999759 -0.00155499999999999996  0.02461400000000000046  0.08051200000000000023 -0.02281491525957561606  0.20057511481592360525  0.04302916044818970442 -0.00460476819254251012  0.02429284141258766794  0.08052148624260975496 0.00730003913170037232 0.01686113400323785080 0.01677903865462262306 0.00054810534336497676 0.00054541196417235772 0.00054264010978117389
1413394906.355760 -0.01478200000000000000  0.08275200000000000611  0.03828899999999999665 -0.00155499999999999996  0.02461400000000000046  0.08051200000000000023 -0.02274996189440219724  0.20139781674064816119  0.04301458647464438678 -0.00441940563939723606  0.02445268687019752987  0.08056862965005529009 0.00726600510455091379 0.01680307077177762773 0.01677222697174635471 0.00054521320270699291 0.00054227069861502713 0.00053984889787005500
1413394906.455760 -0.01477799999999999947  0.08275100000000000511  0.03829500000000000265 -0.00155499999999999996  0.02461400000000000046  0.08051200000000000023 -0.02242118278503129128  0.20222047972250206671  0.04332462313986441826 -0.00427314807055492654  0.02451349161222598008  0.08049451901259288555 0.00723166913888344341 0.01674372850328450721 0.01676469872000562952 0.00054257749808988307 0.00053966908060382960 0.00053717202605797537
1413394906.555760 -0.01477499999999999994  0.08275100000000000511  0.03830100000000000171 -0.00155499999999999996  0.02461400000000000046  0.08051200000000000023 -0.02196077482808283729  0.20300768232873819819  0.04412367547492295622 -0.00420594544467103003  0.02458538968654305421  0.08047788471457385795 0.00719795799865988878 0.01669044894768236670 0.01675417931584043466 0.00053995480519607522 0.00053706571775141373 0.00053454286022674026
1413394906.655760 -0.01477200000000000041  0.08275000000000000411  0.03830800000000000177 -0.00155400000000000004  0.02461400000000000046  0.08051200000000000023 -0.02150103215530051876  0.20384291557836331510  0.04468241014312556575 -0.00422609962514968948  0.02461828788895380551  0.08046222104122423280 0.00716506691215298280 0.01663666642929931619 0.01673708034434960232 0.00053730154049212915 0.00053430677627922603 0.00053189732585143409
1413394906.755760 -0.01476899999999999914  0.08275000000000000411  0.03831400000000000083 -0.00155400000000000004  0.02461400000000000046  0.08051200000000000023 -0.02079493692844317995  0.20409585479453218326  0.04511673058795858532 -0.00424697739824468276  0.02469712858479495773  0.08048238060955534290 0.00713407622476576464 0.01658584803433958352 0.01671394794690735444 0.00053471642017449954 0.00053158775259761783 0.00052929278651892995
1413394906.855760 -0.01476599999999999961  0.08274900000000000311  0.03831999999999999990 -0.00155400000000000004  0.02461400000000000046  0.08051200000000000023 -0.02016114538523017252  0.20449488482284539081  0.04537871667491138322 -0.00430801765312275285  0.02476144425334186883  0.08051656672466377118 0.00710338519975294968 0.01653353633998359828 0.01668610544271365709 0.00053221064849851625 0.00052892227290474668 0.00052673895109632085
1413394906.955760 -0.01476300000000000008  0.08274900000000000311  0.03832599999999999896 -0.00155400000000000004  0.02461400000000000046  0.08051200000000000023 -0.02015554508263927083  0.20364936472777422916  0.04487274909868187167 -0.00430904268485566167  0.02463950863452667173  0.08059526918105157367 0.00707359586545505507 0.01648107163917926846 0.01665252709506508805 0.00052980937800546580 0.00052623467844262867 0.00052418826960046508
1413394907.005760 -0.01476200000000000082  0.08274900000000000311  0.03832900000000000196 -0.00155400000000000004  0.02461400000000000046  0.08051200000000000023 -0.02006577090049701390  0.20365227308930802796  0.04483549342989594927 -0.00430057459042702209  0.02466752270244493284  0.08064982624054768678 0.00705803025729821992 0.01645601779326569605 0.01663578465588210625 0.00052864033498071898 0.00052491568711563710 0.00052291380770495073
1413394907.105761 -0.01475899999999999955  0.08274800000000000211  0.03833600000000000202 -0.00155400000000000004  0.02461400000000000046  0.08051200000000000023 -0.01951476496455977275  0.20456010496287685418  0.04539168481477707379 -0.00414959918260505208  0.02452269276466974984  0.08071367900603967915 0.00702574890813982816 0.01640074227213749250 0.01660805066080821638 0.00052626112775559558 0.00052232977872620936 0.00052040231282733294
1413394907.255760 -0.01475399999999999975  0.08274800000000000211  0.03834499999999999714 -0.00155400000000000004  0.02461400000000000046  0.08051200000000000023 -0.01948958377753689727  0.20466434565511956722  0.04526225727638938379 -0.00397852685594857029  0.02441706729595515685  0.08068183776903789517 0.00697631023883591404 0.01631727534835937521 0.01656942275823922520 0.00052226991357142132 0.00051847562301234767 0.00051667340450504008
1413394907.355760 -0.01475199999999999949  0.08274800000000000211  0.03835199999999999720 -0.00155400000000000004  0.02461400000000000046  0.08051200000000000023 -0.01920338646370458799  0.20427357888534974917  0.04530751947977633420 -0.00401848610734068055  0.02435811582754305801  0.08065079852137141403 0.00694310999200243098 0.01626761990350465356 0.01654939588648631985 0.00051973522202645138 0.00051596482945961519 0.00051423126447209286
1413394907.455760 -0.01474899999999999996  0.08274800000000000211  0.03835800000000000320 -0.00155400000000000004  0.02461400000000000046  0.08051200000000000023 -0.01876594200476080707  0.20412422852295661335  0.04556256424170434388 -0.00408782781313740164  0.02438350708291122521  0.08066907612451640341 0.00690873269533112417 0.01621614810731469153 0.01651861822108198832 0.00051698268159978955 0.00051342139985173290 0.00051180583236728723
1413394907.555760 -0.01474600000000000043  0.08274900000000000311  0.03836500000000000327 -0.00155400000000000004  0.02461400000000000046  0.08051200000000000023 -0.01854110366501023066  0.20440438038243893826  0.04602805056946630141 -0.00406771256769006880  0.02445364707705413934  0.08065296334541004197 0.00687474484440076927 0.01616598240536890052 0.01647996790824363122 0.00051447047666064905 0.00051094611103227525 0.00050940670115796199
1413394907.655760 -0.01474299999999999916  0.08274900000000000311  0.03837100000000000233 -0.00155400000000000004  0.02461400000000000046  0.08051200000000000023 -0.01811292076162794237  0.20472606158719511282  0.04637148154978648629 -0.00406246275996342485  0.02457418864191786290  0.08052192728522364340 0.00684283568482932890 0.01611697415324366695 0.01642942326461979685 0.00051206263668592108 0.00050848644564067643 0.00050702978946634580
1413394907.755760 -0.01473999999999999963  0.08274900000000000311  0.03837800000000000239 -0.00155400000000000004  0.02461400000000000046  0.08051200000000000023 -0.01758404928801395387  0.20486616513603606027  0.04674428160631088902 -0.00402445908424252895  0.02468263330991375334  0.08041467662422008278 0.00681166919763076528 0.01606987970709467320 0.01636807296184289440 0.00050980344577340611 0.00050609476869435319 0.00050468007438068821
1413394907.855760 -0.01473600000000000083  0.08274900000000000311  0.03838500000000000245 -0.00155400000000000004  0.02461500000000000146  0.08051200000000000023 -0.01740734289249332156  0.20470936303857201199  0.04686300797575649463 -0.00395796678685634250  0.02475456413478730605  0.08043946112283836825 0.00678109410491540502 0.01602440797775947501 0.01630135808186569321 0.00050754417586736610 0.00050376110491845698 0.00050237125176734009
1413394907.905761 -0.01473499999999999983  0.08275000000000000411  0.03838799999999999851 -0.00155400000000000004  0.02461500000000000146  0.08051200000000000023 -0.01703833467693561740  0.20506245417820412325  0.04718195798319087253 -0.00389161802975938843  0.02483325931276734663  0.08044108157301498030 0.00676575373402778929 0.01600025584533960529 0.01626825939849012997 0.00050641222737153038 0.00050258495335872534 0.00050121961320092852
1413394908.005760 -0.01473200000000000030  0.08275000000000000411  0.03839499999999999857 -0.00155400000000000004  0.02461500000000000146  0.08051200000000000023 -0.01730463071851717077  0.20456022725545341956  0.04711086433826529307 -0.00379425662130994379  0.02460524276959175083  0.08059852658032333472 0.00673547991140766543 0.01595564895775393108 0.01620161642263185861 0.00050427278621004135 0.00050022662387763889 0.00049894348381383021
1413394908.105761 -0.01472799999999999977  0.08275000000000000411  0.03840099999999999764 -0.00155400000000000004  0.02461500000000000146  0.08051200000000000023 -0.01738539986730319384  0.20440877782032193521  0.04693690244948980905 -0.00384085373442955968  0.02439456018163876569  0.08061827173158306326 0.00670540996490443571 0.01590847999833192722 0.01613599250869374863 0.00050208541819151569 0.00049791196052091711 0.00049667757084414566
1413394908.205760 -0.01472500000000000024  0.08275100000000000511  0.03840799999999999770 -0.00155400000000000004  0.02461500000000000146  0.08051200000000000023 -0.01756045850648997250  0.20413476377632297498  0.04682382975935429209 -0.00383915857377628480  0.02425019016245565096  0.08063347324671824023 0.00667454948128615513 0.01585964312091310904 0.01606704159503562560 0.00049973577365414689 0.00049562043510746829 0.00049442873086231976
1413394908.305761 -0.01472099999999999971  0.08275200000000000611  0.03841499999999999776 -0.00155400000000000004  0.02461500000000000146  0.08051200000000000023 -0.01773334148740213223  0.20400661389609928142  0.04681593288811121412 -0.00372860547631261377  0.02440700618371777902  0.08063302544160885765 0.00664471747199185843 0.01581333944542618122 0.01600429885725114521 0.00049751428892127136 0.00049339833385103789 0.00049221699496651040
1413394908.355760 -0.01471899999999999945  0.08275200000000000611  0.03841800000000000076 -0.00155400000000000004  0.02461500000000000146  0.08051200000000000023 -0.01774628958314580091  0.20412408248309438230  0.04680903208690353340 -0.00370520801601229152  0.02451344469418422628  0.08063556115617144526 0.00663097757691747964 0.01579874670007886187 0.01597998479381988052 0.00049644292973524218 0.00049232481766187217 0.00049113681157087461
1413394908.455760 -0.01471500000000000065  0.08275299999999999323  0.03842500000000000082 -0.00155400000000000004  0.02461500000000000146  0.08051200000000000023 -0.01787549528425177309  0.20420328236165463665  0.04695415754379204942 -0.00365362297709422718  0.02444470735519040441  0.08063725460373347143 0.00660163120659259736 0.01575148498626698784 0.01591917843036090921 0.00049426050700788354 0.00049011992928172645 0.00048897202884482926
1413394908.605761 -0.01470899999999999985  0.08275399999999999423  0.03843699999999999894 -0.00155400000000000004  0.02461500000000000146  0.08051200000000000023 -0.01801345879697916624  0.20439269486996589076  0.04699382640944967104 -0.00369469659437391068  0.02465224881289426739  0.08058127495594655243 0.00655757223846389556 0.01568207018702183486 0.01581991805507884652 0.00049097676990688245 0.00048675600282732521 0.00048570825858737678
1413394908.705760 -0.01470400000000000006  0.08275499999999999523  0.03844399999999999901 -0.00155400000000000004  0.02461500000000000146  0.08051200000000000023 -0.01833504629809346378  0.20452897952056003916  0.04666317757909472369 -0.00366481613503958975  0.02471608115999331112  0.08064319247166622240 0.00652840193619783765 0.01563626055508673951 0.01574717905534622070 0.00048867209951880715 0.00048447998929532568 0.00048354515571167174
1413394908.805761 -0.01469900000000000026  0.08275599999999999623  0.03845200000000000007 -0.00155400000000000004  0.02461500000000000146  0.08051200000000000023 -0.01880718270743184442  0.20488931492484296903  0.04609420973290342949 -0.00364219090943253060  0.02479869603618718721  0.08067427925901052288 0.00650013704672995629 0.01559243836147911934 0.01568010257630227458 0.00048630274487276843 0.00048222418380069603 0.00048138806531126819
1413394908.905761 -0.01469499999999999973  0.08275699999999999723  0.03846000000000000113 -0.00155400000000000004  0.02461500000000000146  0.08051200000000000023 -0.01935058604856721917  0.20529357310424053984  0.04545382242925730815 -0.00362201060065899709  0.02456799734970658428  0.08074478031154512514 0.00647252032412005181 0.01555268338954729490 0.01561991076226351520 0.00048409456414032865 0.00048004063786158077 0.00047927720749409061
1413394908.955760 -0.01469200000000000020  0.08275699999999999723  0.03846499999999999919 -0.00155400000000000004  0.02461500000000000146  0.08051200000000000023 -0.01938575006865818698  0.20547926107483902025  0.04521837616101653801 -0.00357930758983187767  0.02453647088262123424  0.08076603249446070998 0.00645941552434775405 0.01553469546436194067 0.01559334779180890015 0.00048309276243876318 0.00047902851628555694 0.00047823794139316845
1413394909.105761 -0.01468599999999999940  0.08275899999999999923  0.03847699999999999732 -0.00155400000000000004  0.02461500000000000146  0.08051200000000000023 -0.01962606130124169498  0.20579285127819454959  0.04490124820464572175 -0.00358976994308169133  0.02427782137509099797  0.08070610705969910592 0.00641897658381994016 0.01548224036213957308 0.01551694605097629458 0.00047986659853392144 0.00047589944776621989 0.00047512347625980876
1413394909.205760 -0.01468200000000000061  0.08276000000000000023  0.03848599999999999938 -0.00155400000000000004  0.02461500000000000146  0.08051200000000000023 -0.01918197999305669421  0.20617901492146920028  0.04493111623148964007 -0.00365946403329380247  0.02419578920418618759  0.08062608447204996920 0.00639109237452408201 0.01545189120351661040 0.01547234664139435570 0.00047777861012270284 0.00047378923163616941 0.00047308423234775331
1413394909.305761 -0.01467800000000000007  0.08276200000000000223  0.03849400000000000044 -0.00155400000000000004  0.02461500000000000146  0.08051200000000000023 -0.01908140587257601758  0.20621267028224163353  0.04459863949995330340 -0.00367462349436957535  0.02427241268617082517  0.08064130701566900317 0.00636240787721870701 0.01542273392004613920 0.01542706150201286416 0.00047569675298526882 0.00047169591286250532 0.00047105726213471903
1413394909.405761 -0.01467399999999999954  0.08276300000000000323  0.03850300000000000250 -0.00155400000000000004  0.02461500000000000146  0.08051200000000000023 -0.01894487176452487945  0.20612603936329648713  0.04442678989958459557 -0.00363090222221338754  0.02438570937865858212  0.08064012246385178495 0.00633478384649468259 0.01539521250993957854 0.01538537922423758621 0.00047363439934236973 0.00046965777393081603 0.00046904631198358283
1413394909.555760 -0.01466899999999999975  0.08276500000000000523  0.03851500000000000062 -0.00155299999999999991  0.02461500000000000146  0.08051200000000000023 -0.01881518285326110734  0.20569501101595058512  0.04407616293952654890 -0.00357067943054498356  0.02451905072842807190  0.08068397627895397550 0.00629555064374844129 0.01535627922198222819 0.01531651456064840600 0.00047061888903463444 0.00046665591332343648 0.00046607553143963095
1413394909.655760 -0.01466499999999999922  0.08276699999999999335  0.03852400000000000269 -0.00155299999999999991  0.02461500000000000146  0.08051200000000000023 -0.01844253371533917385  0.20614233443124388434  0.04394022954962344130 -0.00351747430995156922  0.02450319933047878651  0.08067308791669504375 0.00626828915921359177 0.01532303826937810726 0.01525791679082316200 0.00046858310855612894 0.00046468511489924306 0.00046411735443901162
1413394909.755760 -0.01466100000000000042  0.08276799999999999435  0.03853299999999999781 -0.00155299999999999991  0.02461500000000000146  0.08051200000000000023 -0.01806024107619195324  0.20614844614549648893  0.04370871953422943157 -0.00347471372283585404  0.02444528900222087131  0.08064232399974315124 0.00624266669246143630 0.01529541522126715361 0.01520293567876178364 0.00046664283777016766 0.00046279190684288057 0.00046219292731947750
1413394909.855760 -0.01465799999999999916  0.08276999999999999635  0.03854199999999999987 -0.00155299999999999991  0.02461500000000000146  0.08051200000000000023 -0.01829037893020249092  0.20586762364456645535  0.04327486644100212582 -0.00355864494818833397  0.02447863984691362946  0.08066643720788442551 0.00621806832602194749 0.01527055299328457932 0.01514577020309869695 0.00046479372105829946 0.00046100333565046747 0.00046028418574278155
1413394910.055760 -0.01464999999999999983  0.08277299999999999935  0.03855999999999999706 -0.00155299999999999991  0.02461500000000000146  0.08051200000000000023 -0.01778678493665772353  0.20609089572693561898  0.04322771089265355082 -0.00356643462622777043  0.02425761009835687709  0.08066585587723815176 0.00616377067385279198 0.01521682090455467318 0.01503589875103430139 0.00046094557507376572 0.00045724021110001543 0.00045650522483041953
1413394910.155760 -0.01464700000000000030  0.08277500000000000135  0.03856799999999999812 -0.00155299999999999991  0.02461500000000000146  0.08051200000000000023 -0.01742075131231228535  0.20616285062819142415  0.04359915903113404517 -0.00361197701322171858  0.02431110645423455174  0.08067541702423559891 0.00613454230776216101 0.01518872851801832818 0.01497874063037486422 0.00045899459409491953 0.00045526848208040928 0.00045462214248630510
1413394910.255760 -0.01464299999999999977  0.08277700000000000335  0.03857700000000000018 -0.00155299999999999991  0.02461500000000000146  0.08051200000000000023 -0.01744575459573362991  0.20614132692319361850  0.04384454534537198661 -0.00363423516871927508  0.02448585084165603651  0.08065326734390991514 0.00610637455766918809 0.01516031008195616731 0.01492370082864484006 0.00045712475007414521 0.00045331557071005916 0.00045276478532753714
1413394910.355760 -0.01464000000000000024  0.08277800000000000435  0.03858600000000000224 -0.00155299999999999991  0.02461500000000000146  0.08051200000000000023 -0.01706305764764855237  0.20650704931757235538  0.04415296059846223614 -0.00358222590352003795  0.02458867617401842495  0.08063538703970116184 0.00608019553754764186 0.01513424137893854514 0.01487602370785540487 0.00045522758994256555 0.00045134213907777764 0.00045092052608045491
1413394910.605761 -0.01463099999999999991  0.08278299999999999548  0.03860899999999999749 -0.00155299999999999991  0.02461500000000000146  0.08051200000000000023 -0.01646636990340092505  0.20646353383926024927  0.04408405503458476260 -0.00347881225266811860  0.02482550959125042964  0.08059734670034159054 0.00601870895057200934 0.01506265098887224832 0.01472417525186294623 0.00045067133475496478 0.00044678198738226942 0.00044640856920947862
1413394910.705760 -0.01462800000000000038  0.08278499999999999748  0.03861799999999999955 -0.00155299999999999991  0.02461500000000000146  0.08051200000000000023 -0.01636303203873294351  0.20553296423223371692  0.04390233933476513084 -0.00343576539548968302  0.02476339324771088812  0.08067831917196160996 0.00599563879937497872 0.01503505654850452976 0.01466035774992023588 0.00044887229505781180 0.00044502471640169342 0.00044464229183004210
1413394910.755760 -0.01462600000000000011  0.08278499999999999748  0.03862299999999999761 -0.00155299999999999991  0.02461500000000000146  0.08051200000000000023 -0.01625120431665693851  0.20547873460816934443  0.04384236965863214791 -0.00338752230869380621  0.02477209642641017839  0.08075429236729463056 0.00598405728141554807 0.01502168129403217214 0.01463153133884718786 0.00044802549100890487 0.00044420919525561245 0.00044376167431351018
1413394910.855760 -0.01462199999999999958  0.08278699999999999948  0.03863199999999999967 -0.00155299999999999991  0.02461500000000000146  0.08051200000000000023 -0.01636067738656757017  0.20543247906653336332  0.04379200691657990363 -0.00334436718775774338  0.02466971588780162566  0.08078963324600614559 0.00596176865964599071 0.01499630454728960970 0.01457689173872552500 0.00044630579678658439 0.00044255869405066537 0.00044201787235884185
1413394911.005760 -0.01461699999999999978  0.08279000000000000248  0.03864599999999999980 -0.00155299999999999991  0.02461500000000000146  0.08051200000000000023 -0.01652480124256828012  0.20512800353320195801  0.04433590315004328625 -0.00326230078666869773  0.02470259580126073218  0.08084839706331060916 0.00592494507939626651 0.01495897220425817728 0.01450108052026836437 0.00044366276156273138 0.00043990790120065557 0.00043940541363030505
1413394911.105761 -0.01461299999999999925  0.08279200000000000448  0.03865500000000000186 -0.00155299999999999991  0.02461500000000000146  0.08051200000000000023 -0.01649337591049829591  0.20505480955983448887  0.04424134085237788061 -0.00332001821353329792  0.02462552376840886070  0.08071971266447480753 0.00590035961744902852 0.01493470888114319106 0.01445620802896447135 0.00044192805952667874 0.00043814471760722534 0.00043769736472698307
1413394911.205760 -0.01460900000000000046  0.08279400000000000648  0.03866499999999999798 -0.00155299999999999991  0.02461500000000000146  0.08051200000000000023 -0.01632687664259626498  0.20529666044403716008  0.04424654225544528974 -0.00331982173782256057  0.02461747607323644393  0.08065982931508548781 0.00587754683756930036 0.01491021189875571876 0.01440973902173483569 0.00044012858546263060 0.00043638718026113880 0.00043598665206286304
1413394911.305761 -0.01460499999999999993  0.08279599999999999460  0.03867400000000000004 -0.00155299999999999991  0.02461500000000000146  0.08051200000000000023 -0.01643342789864193909  0.20530449850851706373  0.04415055128888076275 -0.00328086216194708449  0.02468140099778439941  0.08062494820279102192 0.00585342779442620149 0.01488335352020233107 0.01435998140426111673 0.00043835371347254639 0.00043447872803524870 0.00043429140546876876
1413394911.405761 -0.01460099999999999940  0.08279799999999999660  0.03868400000000000311 -0.00155299999999999991  0.02461500000000000146  0.08051200000000000023 -0.01645702118467012517  0.20521469203306466622  0.04416521176850633085 -0.00322297971046653321  0.02479179615258529992  0.08060755129072404157 0.00583101784175587851 0.01486061718561197675 0.01431678222924597128 0.00043661490635736155 0.00043276769629209844 0.00043260767980311332
1413394911.505760 -0.01459700000000000060  0.08279999999999999860  0.03869399999999999923 -0.00155299999999999991  0.02461500000000000146  0.08051300000000000123 -0.01617680296558549752  0.20472704089436496999  0.04423271545959009399 -0.00317202663784865897  0.02485613728410091677  0.08059201564263079876 0.00580949836893065227 0.01483803406680145147 0.01427385866954238892 0.00043490838214545121 0.00043109089367179197 0.00043094474848959978
1413394911.655760 -0.01459099999999999980  0.08280300000000000160  0.03870900000000000035 -0.00155299999999999991  0.02461599999999999899  0.08051300000000000123 -0.01597209855307614446  0.20404606564868921215  0.04456494596421194110 -0.00314357474761910909  0.02501465744891883877  0.08059579980597469939 0.00577917944006839119 0.01480734737788427617 0.01420251074390814147 0.00043242917033957357 0.00042861463847806053 0.00042848386612118048
1413394911.755760 -0.01458699999999999927  0.08280500000000000360  0.03871900000000000341 -0.00155299999999999991  0.02461599999999999899  0.08051300000000000123 -0.01579105673402933160  0.20373749061467708033  0.04482972752730524091 -0.00307609635944673405  0.02497976475944616373  0.08061434565061022239 0.00575931155302110680 0.01478599083237478427 0.01415570848691917114 0.00043078836996617828 0.00042699021389857239 0.00042686361813482488
1413394911.855760 -0.01458300000000000048  0.08280700000000000560  0.03873000000000000054 -0.00155299999999999991  0.02461599999999999899  0.08051300000000000123 -0.01556075344405676367  0.20364480327536638171  0.04469361224816536388 -0.00302605631979696848  0.02486799268437858701  0.08063819927366001894 0.00573940949835359624 0.01476626645565248808 0.01411346032061514162 0.00042917038996956991 0.00042538784365675817 0.00042525865321795306
1413394912.105761 -0.01457199999999999988  0.08281199999999999672  0.03875699999999999978 -0.00155299999999999991  0.02461599999999999899  0.08051300000000000123 -0.01563881058795834472  0.20325005289445718937  0.04387395925220884813 -0.00303537168185397848  0.02468350467555063474  0.08063337048585852984 0.00568899147360056069 0.01471672444506184896 0.01402413087217087295 0.00042516462863679942 0.00042140876148011146 0.00042130160997146457
1413394912.205760 -0.01456799999999999935  0.08281399999999999872  0.03876799999999999691 -0.00155299999999999991  0.02461599999999999899  0.08051300000000000123 -0.01552259357202318002  0.20295916934437432944  0.04363042461917419901 -0.00304732044995973013  0.02473891976049025221  0.08060040967499733366 0.00566814682226014690 0.01469582047831441939 0.01398941096516388705 0.00042354476097369815 0.00041981185899214361 0.00041973485026541044
1413394912.305761 -0.01456400000000000056  0.08281700000000000172  0.03877900000000000097 -0.00155299999999999991  0.02461599999999999899  0.08051300000000000123 -0.01538764965262036551  0.20279417635819133037  0.04342806047512919043 -0.00304796777057073391  0.02480680984417407350  0.08059711055312666905 0.00564771047824658753 0.01467870847940647497 0.01395618241558332050 0.00042197352878302791 0.00041824828343568955 0.00041818043035093071
1413394912.455760 -0.01455799999999999976  0.08282000000000000473  0.03879599999999999715 -0.00155299999999999991  0.02461599999999999899  0.08051300000000000123 -0.01520748779979539875  0.20252700443407303799  0.04359777229932584874 -0.00302975149825075816  0.02483327637838181681  0.08061060582260565210 0.00561757571468016453 0.01464787624087238345 0.01390188212286365931 0.00041963596869591462 0.00041592572922187211 0.00041587634635010542
1413394912.605761 -0.01455099999999999970  0.08282299999999999385  0.03881300000000000028 -0.00155299999999999991  0.02461599999999999899  0.08051300000000000123 -0.01497605818896277120  0.20269082758517828480  0.04380542006830676072 -0.00301109798768322461  0.02479213301971220848  0.08062525494963304618 0.00558875890868926715 0.01462614139498185500 0.01384746824861493759 0.00041733362811286612 0.00041365075810437366 0.00041360201842006560
1413394912.705760 -0.01454699999999999917  0.08282599999999999685  0.03882499999999999840 -0.00155299999999999991  0.02461599999999999899  0.08051300000000000123 -0.01499568340379955553  0.20260334358715922920  0.04356571552192576441 -0.00305753732093551073  0.02474037475971498437  0.08064629871003418937 0.00556954181655712390 0.01460521840188576219 0.01379953415472899396 0.00041580859665144314 0.00041213694522835410 0.00041210161863537009
1413394912.855760 -0.01454000000000000084  0.08282899999999999985  0.03884200000000000153 -0.00155199999999999999  0.02461599999999999899  0.08051300000000000123 -0.01516463370789821949  0.20202943869769243723  0.04291384502511360471 -0.00305959211153423311  0.02465398984402544097  0.08061500454050274378 0.00554002197539561064 0.01457032606506982950 0.01372353227774682216 0.00041351925454583037 0.00040988977541457319 0.00040987160372756590
1413394913.005760 -0.01453300000000000078  0.08283300000000000385  0.03885999999999999871 -0.00155199999999999999  0.02461599999999999899  0.08051300000000000123 -0.01508017043062500652  0.20162171943092288551  0.04275537767687973695 -0.00306660362163073061  0.02461145367416340407  0.08056855616311237034 0.00551014548072143329 0.01453121551330151598 0.01364415337757212028 0.00041125057838412515 0.00040767207685627203 0.00040767082583662213
1413394913.205760 -0.01452499999999999972  0.08283699999999999397  0.03888500000000000290 -0.00155199999999999999  0.02461599999999999899  0.08051300000000000123 -0.01495498245501485600  0.20114221053808037376  0.04249797858493090108 -0.00307769143785599974  0.02457787907626276733  0.08060163115618747265 0.00547003163016332450 0.01447140573393426201 0.01353351103047351935 0.00040827495373471217 0.00040476320262345208 0.00040477682322777737
1413394913.355760 -0.01451799999999999966  0.08283999999999999697  0.03890400000000000108 -0.00155199999999999999  0.02461599999999999899  0.08051300000000000123 -0.01488980437658847002  0.20056106708591300847  0.04217107679741709941 -0.00308253788210779978  0.02455952153143662817  0.08059143196266857490 0.00543965233241641439 0.01442140141401209233 0.01344869255871857829 0.00040606945335007770 0.00040261491654868084 0.00040263659147519304
1413394913.505760 -0.01451099999999999959  0.08284400000000000097  0.03892299999999999927 -0.00155199999999999999  0.02461599999999999899  0.08051300000000000123 -0.01482818617203676345  0.20010358032631098135  0.04150681017322406519 -0.00308433092200971395  0.02448437174711014241  0.08056689460046541351 0.00541078837185971721 0.01437307722452935144 0.01337761549973837637 0.00040392708364954502 0.00040051075473233536 0.00040053162261008028
1413394913.655760 -0.01450500000000000053  0.08284700000000000397  0.03894299999999999845 -0.00155199999999999999  0.02461599999999999899  0.08051300000000000123 -0.01469086335305683742  0.19994624333745819600  0.04098036598037407136 -0.00307259108578719978  0.02442309765053848197  0.08054336239823882415 0.00538206212275394932 0.01432367220118477974 0.01330285610832398178 0.00040179743929122239 0.00039843770656203942 0.00039844493096151103
1413394913.755760 -0.01450000000000000074  0.08284900000000000597  0.03895599999999999757