1413394889.855760  0.000293  0.003240 -0.000000 0.158010 0.132999 0.000000
1413394890.005760 0.000218 0.003463 0.000000 0.157886 0.131183 0.000000
1413394890.305761 0.000600 0.004166 0.000000 0.157610 0.128087 0.000000
1413394890.405761 0.000722 0.003636 0.000000 0.157324 0.124189 0.000000
1413394890.505760  0.000849  0.003227 -0.000000 0.156672 0.121577 0.000000
1413394890.605761  0.000968  0.003085 -0.000000 0.155859 0.120972 0.000000
1413394890.905761 0.001027 0.002723 0.000000 0.152741 0.119614 0.000000
1413394891.005760 0.001026 0.002623 0.000000 0.152248 0.117235 0.000000
1413394891.105761 0.000986 0.002355 0.000000 0.151913 0.115845 0.000000
1413394891.255760 0.001025 0.002228 0.000000 0.151595 0.115897 0.000000
1413394891.455760 0.001108 0.001888 0.000000 0.151416 0.113425 0.000000
1413394891.555760 0.001043 0.001621 0.000000 0.151333 0.109869 0.000000
1413394891.655760 0.000748 0.001861 0.000000 0.151240 0.106091 0.000000
1413394891.805761 0.000544 0.001895 0.000000 0.150998 0.101701 0.000000
1413394891.955760 0.000255 0.002007 0.000000 0.150414 0.099175 0.000000
1413394892.055760 0.000210 0.002145 0.000000 0.149633 0.098845 0.000000
1413394892.205760 0.000063 0.001984 0.000000 0.147680 0.098629 0.000000
1413394892.355760 0.000088 0.001876 0.000000 0.144146 0.097880 0.000000
1413394892.505760 -0.000127  0.001478  0.000000 0.137270 0.094845 0.000000
1413394892.655760 -0.000336  0.001285  0.000000 0.125019 0.087766 0.000000
1413394892.755760 -0.000452  0.001393  0.000000 0.112908 0.080335 0.000000
1413394892.905761 -0.000682  0.001389  0.000000 0.090574 0.066192 0.000000
1413394893.005760 -0.000638  0.001479  0.000000 0.074102 0.055368 0.000000
1413394893.055760 -0.000642  0.001338  0.000000 0.066584 0.050177 0.000000
1413394893.205760 -0.000743  0.001361  0.000000 0.045310 0.036149 0.000000
1413394893.355760 -0.000770  0.001521  0.000000 0.029715 0.025249 0.000000
1413394893.505760 -0.000661  0.001559 -0.000000 0.019933 0.017701 0.000000
1413394893.655760 -0.000505  0.001555 -0.000000 0.013949 0.012759 0.000000
1413394893.805761 -0.000137  0.001412 -0.000000 0.010318 0.009678 0.000000
1413394893.955760 0.000290 0.001212 0.000000 0.008065 0.007711 0.000000
1413394894.105761  0.001062  0.000953 -0.000000 0.006643 0.006394 0.000000
1413394894.205760  0.001889  0.000771 -0.000000 0.005977 0.005706 0.000000
1413394894.305761  0.002226  0.000505 -0.000000 0.005438 0.005094 0.000000
1413394894.405761  0.002314  0.000362 -0.000000 0.004970 0.004529 0.000000
1413394894.505760  0.002562 -0.000408 -0.000000 0.004534 0.003963 0.000000
1413394894.605761  0.002583 -0.000940 -0.000000 0.004138 0.003522 0.000000
1413394894.705760  0.003168 -0.002312 -0.000000 0.003782 0.003155 0.000000
1413394894.805761  0.003847 -0.003548 -0.000000 0.003427 0.002817 0.000000
1413394894.905761  0.004558 -0.004483 -0.000000 0.003106 0.002525 0.000000
1413394895.005760  0.005368 -0.005149  0.000000 0.002803 0.002265 0.000000
1413394895.105761  0.006173 -0.005787  0.000000 0.002528 0.002047 0.000000
1413394895.205760  0.006896 -0.006319  0.000000 0.002284 0.001868 0.000000
1413394895.305761  0.007435 -0.006822  0.000000 0.002067 0.001716 0.000000
1413394895.405761  0.007837 -0.007147  0.000000 0.001875 0.001586 0.000000
1413394895.505760  0.008332 -0.007337  0.000000 0.001718 0.001478 0.000000
1413394895.605761  0.008651 -0.007579  0.000000 0.001586 0.001385 0.000000
1413394895.705760  0.008879 -0.007869 -0.000000 0.001475 0.001305 0.000000
1413394895.805761  0.008964 -0.008329 -0.000000 0.001379 0.001237 0.000000
1413394895.905761  0.009001 -0.008718 -0.000000 0.001296 0.001179 0.000000
1413394896.005760  0.009032 -0.009073 -0.000000 0.001225 0.001128 0.000000
1413394896.105761  0.008994 -0.009264 -0.000000 0.001161 0.001083 0.000000
1413394896.255760  0.009087 -0.009363  0.000000 0.001080 0.001026 0.000000
1413394896.355760  0.009161 -0.009375  0.000000 0.001032 0.000993 0.000000
1413394896.505760  0.009355 -0.009420  0.000000 0.000969 0.000948 0.000000
1413394896.655760  0.009658 -0.009434  0.000001 0.000913 0.000910 0.000000
1413394896.855760  0.010180 -0.009566  0.000001 0.000853 0.000869 0.000000
1413394897.055760  0.010590 -0.009433  0.000000 0.000800 0.000825 0.000000
1413394897.155760  0.010655 -0.009393  0.000000 0.000784 0.000813 0.000000
1413394897.255760  0.010710 -0.009340  0.000000 0.000770 0.000802 0.000000
1413394897.355760  0.010871 -0.009279  0.000000 0.000759 0.000793 0.000000
1413394897.405761  0.010981 -0.009305  0.000000 0.000754 0.000789 0.000000
1413394897.505760  0.011206 -0.009297  0.000000 0.000745 0.000782 0.000000
1413394897.555760  0.011310 -0.009312  0.000000 0.000740 0.000778 0.000000
1413394897.655760  0.011378 -0.009366 -0.000000 0.000731 0.000771 0.000000
1413394897.705760  0.011401 -0.009338  0.000000 0.000726 0.000768 0.000000
1413394897.805761  0.011462 -0.009353  0.000000 0.000718 0.000761 0.000000
1413394897.905761  0.011495 -0.009366  0.000000 0.000709 0.000754 0.000000
1413394898.005760  0.011467 -0.009354 -0.000000 0.000701 0.000747 0.000000
1413394898.105761  0.011508 -0.009331  0.000000 0.000692 0.000740 0.000000
1413394898.205760  0.011622 -0.009330  0.000000 0.000682 0.000731 0.000000
1413394898.305761  0.011716 -0.009104  0.000000 0.000673 0.000724 0.000000
1413394898.405761  0.011760 -0.008899  0.000000 0.000662 0.000715 0.000000
1413394898.505760  0.011794 -0.008688  0.000000 0.000652 0.000706 0.000000
1413394898.605761  0.011784 -0.008749 -0.000000 0.000641 0.000696 0.000000
1413394898.755760  0.011899 -0.008732  0.000000 0.000626 0.000681 0.000000
1413394898.955760  0.011885 -0.008439  0.000000 0.000606 0.000661 0.000000
1413394899.205760  0.011702 -0.008165  0.000000 0.000580 0.000633 0.000000
1413394899.405761  0.011548 -0.008028  0.000000 0.000562 0.000612 0.000000
1413394899.555760  0.011455 -0.008051 -0.000000 0.000549 0.000599 0.000000
1413394899.705760  0.011452 -0.007976  0.000000 0.000538 0.000588 0.000000
1413394899.805761  0.011488 -0.007895  0.000000 0.000531 0.000582 0.000000
1413394899.905761  0.011523 -0.007927 -0.000000 0.000524 0.000575 0.000000
1413394900.005760  0.011527 -0.007943 -0.000000 0.000517 0.000569 0.000000
1413394900.105761  0.011563 -0.007922  0.000000 0.000509 0.000562 0.000000
1413394900.205760  0.011612 -0.007898  0.000000 0.000502 0.000556 0.000000
1413394900.305761  0.011578 -0.007777  0.000000 0.000494 0.000548 0.000000
1413394900.405761  0.011585 -0.007734  0.000000 0.000486 0.000542 0.000000
1413394900.505760  0.011581 -0.007563  0.000000 0.000478 0.000535 0.000000
1413394900.655760  0.011458 -0.007264  0.000000 0.000465 0.000524 0.000000
1413394900.755760  0.011373 -0.007006  0.000000 0.000455 0.000516 0.000000
1413394900.855760  0.011438 -0.006819  0.000000 0.000446 0.000509 0.000000
1413394900.955760  0.011468 -0.006577  0.000000 0.000437 0.000501 0.000000
1413394901.055760  0.011446 -0.006499  0.000000 0.000428 0.000492 0.000000
1413394901.155760  0.011462 -0.006321  0.000000 0.000418 0.000484 0.000000
1413394901.205760  0.011449 -0.006136  0.000000 0.000414 0.000480 0.000000
1413394901.305761  0.011421 -0.006048  0.000000 0.000405 0.000471 0.000000
1413394901.355760  0.011413 -0.005899  0.000000 0.000400 0.000467 0.000000
1413394901.455760  0.011506 -0.005679  0.000000 0.000391 0.000458 0.000000
1413394901.555760  0.011517 -0.005432  0.000000 0.000382 0.000449 0.000000
1413394901.655760  0.011509 -0.005321  0.000000 0.000373 0.000440 0.000000
1413394901.755760  0.011437 -0.005004  0.000000 0.000364 0.000431 0.000000
1413394901.855760  0.011413 -0.004731  0.000000 0.000355 0.000423 0.000000
1413394901.955760  0.011294 -0.004585  0.000000 0.000346 0.000414 0.000000
1413394902.055760  0.011314 -0.004471  0.000000 0.000338 0.000406 0.000000
1413394902.155760  0.011114 -0.004368 -0.000000 0.000330 0.000398 0.000000
1413394902.255760  0.011302 -0.004256  0.000000 0.000323 0.000390 0.000000
1413394902.355760  0.011649 -0.004130  0.000000 0.000315 0.000383 0.000000
1413394902.455760  0.011789 -0.004064  0.000000 0.000308 0.000376 0.000000
1413394902.555760  0.011876 -0.004141  0.000000 0.000302 0.000370 0.000000
1413394902.655760  0.011884 -0.004266 -0.000000 0.000295 0.000363