1520530315.599645 1.111181 0.439747
1520530315.749639 1.120583 0.257492
1520530315.899643 1.119813 0.209001
1520530316.100221 1.122275 0.200515
1520530316.300227 1.120729 0.181796
1520530316.450231 1.117084 0.170132
1520530316.650280 1.115653 0.163325
1520530316.900287 1.114028 0.157429
1520530316.949773 1.114146 0.154940
1520530317.149779 1.114071 0.136331
1520530317.299784 1.112833 0.122547
1520530317.449747 1.112696 0.111684
1520530317.649755 1.112532 0.103362
1520530317.750237 1.113019 0.098917
1520530317.900242 1.112449 0.094322
1520530318.050246 1.112573 0.093154
1520530318.150816 1.112582 0.091589
1520530318.300772 1.112454 0.089725
1520530318.450777 1.112102 0.087026
1520530318.600567 1.111595 0.084516
1520530318.750571 1.110927 0.082776
1520530318.900576 1.110369 0.081272
1520530318.999955 1.110953 0.079247
1520530319.149961 1.111433 0.073887
1520530319.299965 1.111061 0.068266
1520530319.399832 1.110536 0.065168
1520530319.549837 1.109797 0.062221
1520530319.699841 1.109187 0.061064
1520530319.800341 1.109204 0.061173
1520530319.900344 1.108882 0.060750
1520530320.000347 1.108253 0.059638
1520530320.100350 1.108516 0.058229
1520530320.200401 1.108180 0.056795
1520530320.300404 1.107320 0.055656
1520530320.450408 1.106969 0.054394
1520530320.599869 1.107122 0.052740
1520530320.749874 1.107870 0.049707
1520530320.899879 1.108296 0.046479
1520530321.049740 1.107885 0.044344
1520530321.199745 1.108233 0.042900
1520530321.349750 1.107746 0.041397
1520530321.499857 1.107332 0.040041
1520530321.599860 1.107632 0.039296
1520530321.699863 1.107830 0.038573
1520530321.799867 1.108693 0.037910
1520530321.900154 1.109163 0.037103
1520530322.050158 1.108986 0.035789
1520530322.200163 1.108292 0.035147
1520530322.400212 1.108046 0.035059
1520530322.600218 1.108091 0.034590
1520530322.750027 1.108079 0.033932
1520530322.900065 1.108066 0.033288
1520530323.050036 1.108094 0.032787
1520530323.200077 1.107890 0.032407
1520530323.350082 1.108060 0.031911
1520530323.450085 1.108267 0.030894
1520530323.550346 1.107533 0.029751
1520530323.650349 1.107243 0.028913
1520530323.750353 1.107261 0.028415
1520530323.900153 1.107078 0.028002
1520530324.050157 1.106984 0.027797
1520530324.200162 1.107558 0.027589
1520530324.299908 1.108053 0.027391
1520530324.399911 1.108469 0.027097
1520530324.499994 1.108305 0.026772
1520530324.599917 1.108186 0.026473
1520530324.700018 1.108359 0.026253
1520530324.850023 1.108190 0.026097
1520530325.000028 1.108147 0.026012
1520530325.100816 1.108056 0.025884
1520530325.300822 1.107835 0.025457
1520530325.450827 1.108229 0.024865
1520530325.650917 1.108318 0.023838
1520530325.850922 1.108163 0.023205
1520530325.950541 1.107933 0.022986
1520530326.100546 1.107936 0.022673
1520530326.250551 1.107489 0.022402
1520530326.350204 1.107340 0.022274
1520530326.500209 1.107333 0.022145
1520530326.650213 1.107265 0.022095
1520530326.850430 1.107578 0.021983
1520530327.000434 1.107767 0.021480
1520530327.100437 1.107664 0.021135
1520530327.200433 1.107539 0.020879
1520530327.350437 1.107380 0.020582
1520530327.500442 1.107404 0.020297
1520530327.600091 1.107185 0.020020
1520530327.700094 1.107245 0.019760
1520530327.750096 1.107266 0.019645
1520530327.850099 1.106283 0.019546
1520530327.950102 1.106147 0.019409
1520530328.000280 1.106792 0.019343
1520530328.100283 1.106524 0.019163
1520530328.250288 1.106011 0.018965
1520530328.350291 1.105811 0.018882
1520530328.450338 1.105964 0.018828
1520530328.550342 1.106247 0.018805
1520530328.650346 1.105970 0.018784
1520530328.750348 1.106160 0.018751
1520530328.800086 1.106481 0.018727
1520530329.000092 1.107176 0.018502
1520530329.100095 1.107033 0.018325
1520530329.200044 1.107255 0.018149
1520530329.300047 1.107734 0.017945
1520530329.400050 1.107135 0.017697
1520530329.600097 1.105933 0.017383
1520530329.700100 1.106801 0.017301
1520530329.800104 1.107389 0.017239
1520530329.900107 1.107299 0.017173
1520530330.000110 1.107185 0.017090
1520530330.100162 1.107407 0.016944
1520530330.200165 1.107711 0.016722
1520530330.300169 1.108033 0.016470
1520530330.400172 1.108148 0.016229
1520530330.450787 1.107984 0.016151
1520530330.550790 1.108233 0.016065
1520530330.650793 1.108479 0.016039
1520530330.750797 1.108864 0.016007
1520530330.800798 1.109009 0.015973
1520530330.900277 1.108699 0.015868
1520530331.000280 1.108294 0.015722
1520530331.100283 1.107682 0.015609
1520530331.200286 1.107380 0.015525
1520530331.250735 1.107621 0.015498
1520530331.350738 1.107752 0.015464
1520530331.450741 1.107741 0.015449
1520530331.550744 1.107538 0.015430
1520530331.650479 1.107244 0.015371
1520530331.750483 1.106853 0.015230
1520530331.850486 1.106500 0.014996
1520530331.900488 1.106323 0.014849
1520530332.000491 1.105910 0.014572
1520530332.100388 1.105844 0.014342
1520530332.200392 1.105989 0.014170
1520530332.300399 1.106092 0.014051
1520530332.400401 1.106088 0.013997
1520530332.500483 1.106191 0.013979
1520530332.550483 1.106408 0.013977
1520530332.650488 1.106501 0.013966
1520530332.700489 1.106578 0.013941
1520530332.800492 1.106666 0.013873
1520530332.900164 1.106667 0.013784
1520530333.000168 1.106947 0.013701
1520530333.100171 1.107024 0.013656
1520530333.200174 1.107399 0.013626
1520530333.300608 1.107692 0.013579
1520530333.400612 1.107756 0.013518
1520530333.500615 1.107814 0.013473
1520530333.650619 1.108367 0.013463
1520530333.700541 1.108497 0.013458
1520530333.800544 1.108787 0.013450
1520530333.850545 1.108943 0.013434
1520530333.950549 1.108943 0.013419
1520530334.000561 1.108899 0.013400
1520530334.100216 1.109418 0.013309
1520530334.350224 1.108955 0.013002
1520530334.450227 1.108905 0.012907
1520530334.550086 1.108944 0.012838
1520530334.650089 1.109000 0.012805
1520530334.750092 1.109029 0.012755
1520530334.850095 1.108895 0.012703
1520530334.950928 1.108799 0.012665
1520530335.100933 1.108664 0.012647
1520530335.200936 1.109166 0.012643
1520530335.300938 1.109126 0.012636
1520530335.401458 1.109110 0.012624
1520530335.501461 1.109091 0.012610
1520530335.601512 1.108822 0.012592
1520530335.750223 1.108823 0.012575
1520530335.900227 1.109119 0.012544
1520530336.000230 1.109121 0.012498
1520530336.100233 1.109132 0.012455
1520530336.200179 1.109037 0.012418
1520530336.300182 1.109216 0.012358
1520530336.400185 1.109115 0.012270
1520530336.500188 1.108679 0.012172
1520530336.600584 1.108380 0.012073
1520530336.700586 1.108346 0.012007
1520530336.800590 1.108401 0.011959
1520530336.900594 1.108256 0.011924
1520530337.000258 1.108341 0.011884
1520530337.100266 1.108546 0.011809
1520530337.200351 1.108753 0.011724
1520530337.300267 1.108960 0.011643
1520530337.400301 1.109054 0.011591
1520530337.500304 1.109392 0.011545
1520530337.600307 1.109903 0.011486
1520530337.700310 1.110227 0.011380
1520530337.800854 1.110242 0.011222
1520530337.950858 1.110159 0.010982
1520530338.050862 1.109992 0.010865
1520530338.150864 1.109501 0.010786
1520530338.200470 1.109340 0.010764
1520530338.300474 1.109237 0.010746
1520530338.400477 1.109248 0.010725
1520530338.500480 1.109323 0.010694
1520530338.600260 1.109396 0.010648
1520530338.700263 1.109467 0.010591
1520530338.800266 1.109360 0.010532
1520530338.900269 1.109646 0.010481
1520530339.000272 1.109775 0.010424
1520530339.100960 1.109838 0.010377
1520530339.150962 1.109915 0.010356
1520530339.250965 1.110134 0.010335
1520530339.350968 1.110251 0.010326
1520530339.451687 1.110216 0.010320
1520530339.551690 1.110139 0.010311
1520530339.651693 1.110076 0.010303
1520530339.751697 1.110049 0.010291
1520530339.851056 1.110119 0.010276
1520530339.951059 1.110212 0.010258
1520530340.051062 1.110361 0.010247
1520530340.151065 1.110542 0.010232
1520530340.250395 1.110732 0.010208
1520530340.350399 1.110651 0.010162
1520530340.450401 1.110696 0.010111
1520530340.550404 1.110792 0.010062
1520530340.650347 1.110781 0.010026
1520530340.750350 1.110846 0.009997
1520530340.900354 1.110881 0.009974
1520530341.050774 1.110965 0.009960
1520530341.300782 1.111153 0.009911
1520530341.450787 1.111092 0.009883
1520530341.700719 1.111105 0.009863
1520530341.900542 1.111033 0.009856
1520530342.100548 1.110933 0.009833
1520530342.250553 1.110889 0.009800
1520530342.400676 1.110743 0.009767
1520530342.500679 1.110827 0.009747
1520530342.650684 1.110732 0.009710
1520530342.750644 1.110556 0.009672
1520530342.850648 1.110283 0.009619
1520530342.950651 1.110062 0.009551
1520530343.050654 1.109865 0.009468
1520530343.151133 1.109641 0.009375
1520530343.251136 1.109370 0.009269
1520530343.351140 1.109070 0.009148
1520530343.401141 1.108896 0.009084
1520530343.501404 1.108635 0.008951
1520530343.601407 1.108282 0.008814
1520530343.701410 1.108075 0.008662
1520530343.801413 1.107717 0.008496
1520530343.901416 1.107387 0.008332
1520530344.001403 1.106988 0.008171
1520530344.101406 1.106602 0.008018
1520530344.201410 1.106280 0.007880
1520530344.301413 1.106028 0.007752
1520530344.401411 1.105701 0.007632
1520530344.451412 1.105516 0.007576
1520530344.551415 1.105368 0.007474
1520530344.651418 1.105171 0.007381
1520530344.751636 1.104882 0.007300
1520530344.851639 1.104786 0.007230
1520530344.951642 1.104813 0.007176
1520530345.051645 1.104749 0.007120
1520530345.151845 1.104672 0.007068
1520530345.251745 1.104571 0.007023
1520530345.351748 1.104511 0.006986
1520530345.451751 1.104485 0.006952
1520530345.551195 1.104507 0.006921
1520530345.651198 1.104496 0.006892
1520530345.751201 1.104431 0.006866
1520530345.801203 1.104391 0.006854
1520530345.901206 1.104349 0.006836
1520530345.951161 1.104282 0.006828
1520530346.051476 1.104272 0.006816
1520530346.151479 1.104319 0.006805
1520530346.251483 1.104333 0.006794
1520530346.301485 1.104299 0.006789
1520530346.401376 1.104280 0.006782
1520530346.501379 1.104277 0.006777
1520530346.601382 1.104273 0.006771
1520530346.701385 1.104240 0.006766
1520530346.751386 1.104249 0.006763
1520530346.851546 1.104295 0.006760
1520530346.901548 1.104316 0.006758
1520530347.001551 1.104284 0.006757
1520530347.051553 1.104222 0.006757
1520530347.151556 1.104217 0.006755
1520530347.201400 1.104208 0.006754
1520530347.301403 1.104178 0.006752
1520530347.351405 1.104167 0.006751
1520530347.451408 1.104156 0.006750
1520530347.551411 1.104153 0.006748
1520530347.601218 1.104165 0.006748
1520530347.701222 1.104142 0.006746
1520530347.801224 1.104166 0.006745
1520530347.901227 1.104171 0.006744
1520530348.001163 1.104177 0.006744
1520530348.051164 1.104179 0.006744
1520530348.151168 1.104179 0.006744
1520530348.201169 1.104188 0.006744
1520530348.301184 1.104188 0.006743
1520530348.401175 1.104182 0.006743
1520530348.501419 1.104199 0.006743
1520530348.601422 1.104226 0.006742
1520530348.701425 1.104222 0.006742
1520530348.751426 1.104201 0.006742
1520530348.851315 1.104215 0.006741
1520530348.901315 1.104223 0.006741
1520530349.001320 1.104270 0.006739
1520530349.051321 1.104306 0.006738
1520530349.151325 1.104329 0.006734
1520530349.251106 1.104366 0.006731
1520530349.351109 1.104382 0.006727
1520530349.401110 1.104403 0.006726
1520530349.501114 1.104463 0.006723
1520530349.601117 1.104476 0.006721
1520530349.650935 1.104471 0.006720
1520530349.750943 1.104502 0.006717
1520530349.850941 1.104512 0.006715
1520530349.900986 1.104536 0.006713
1520530350.000946 1.104592 0.006710
1520530350.051376 1.104611 0.006708
1520530350.151379 1.104670 0.006704
1520530350.201381 1.104646 0.006701
1520530350.301384 1.104728 0.006697
1520530350.351387 1.104762 0.006694
1520530350.451515 1.104821 0.006691
1520530350.551518 1.104858 0.006689
1520530350.651521 1.104904 0.006687
1520530350.751524 1.104899 0.006685
1520530350.851527 1.104909 0.006684
1520530350.951573 1.104910 0.006681
1520530351.051576 1.104955 0.006679
1520530351.151579 1.105001 0.006677
1520530351.251582 1.105044 0.006675
1520530351.351680 1.105100 0.006674
1520530351.451683 1.105097 0.006672
1520530351.551686 1.105110 0.006672
1520530351.651689 1.105121 0.006671
1520530351.751696 1.105114 0.006669
1520530351.851700 1.105051 0.006668
1520530351.951703 1.105006 0.006668
1520530352.051706 1.104994 0.006667
1520530352.151806 1.104998 0.006666
1520530352.251809 1.105020 0.006665
1520530352.351812 1.105039 0.006664
1520530352.451816 1.105016 0.006664
1520530352.501469 1.105020 0.006664
1520530352.601472 1.105020 0.006663
1520530352.701475 1.105039 0.006662
1520530352.801478 1.105036 0.006662
1520530352.901098 1.105029 0.006662
1520530353.001101 1.105026 0.006661
1520530353.101208 1.105054 0.006660
1520530353.201107 1.105106 0.006659
1520530353.251108 1.105128 0.006659
1520530353.351398 1.105143 0.006657
1520530353.401399 1.105160 0.006657
1520530353.501402 1.105180 0.006656
1520530353.601405 1.105228 0.006654
1520530353.701408 1.105242 0.006654
1520530353.751736 1.105235 0.006654
1520530353.851739 1.105221 0.006653
1520530353.951742 1.105229 0.006653
1520530354.001744 1.105248 0.006653
1520530354.101747 1.105286 0.006652
1520530354.151896 1.105322 0.006651
1520530354.251899 1.105359 0.006651
1520530354.301900 1.105345 0.006650
1520530354.401904 1.105358 0.006650
1520530354.451905 1.105355 0.006649
1520530354.551594 1.105348 0.006649
1520530354.601593 1.105389 0.006649
1520530354.701596 1.105407 0.006648
1520530354.801599 1.105438 0.006648
1520530354.901602 1.105439 0.006647
1520530354.951359 1.105431 0.006647
1520530355.051362 1.105433 0.006646
1520530355.151365 1.105426 0.006645
1520530355.251368 1.105422 0.006645
1520530355.301370 1.105428 0.006645
1520530355.401407 1.105433 0.006644
1520530355.501410 1.105435 0.006644
1520530355.601414 1.105421 0.006644
1520530355.701417 1.105425 0.006644
1520530355.801531 1.105420 0.006644
1520530355.901534 1.105435 0.006644
1520530355.951536 1.105434 0.006644
1520530356.051539 1.105420 0.006644
1520530356.101541 1.105423 0.006643
1520530356.201376 1.105425 0.006643
1520530356.301379 1.105430 0.006643
1520530356.351380 1.105464 0.006643
1520530356.451383 1.105475 0.006643
1520530356.551386 1.105502 0.006642
1520530356.601233 1.105538 0.006642
1520530356.701236 1.105560 0.006642
1520530356.801239 1.105571 0.006641
1520530356.901242 1.105574 0.006641
1520530357.001153 1.105568 0.006641
1520530357.101156 1.105563 0.006641
1520530357.151157 1.105574 0.006641
1520530357.251160 1.105567 0.006641
1520530357.301162 1.105582 0.006641
1520530357.401658 1.105616 0.006640
1520530357.451660 1.105626 0.006640
1520530357.551663 1.105647 0.006639
1520530357.601666 1.105655 0.006639
1520530357.701667 1.105699 0.006638
1520530357.801671 1.105720 0.006638
1520530357.851585 1.105742 0.006638
1520530357.951560 1.105744 0.006638
1520530358.051563 1.105728 0.006638
1520530358.151567 1.105733 0.006638
1520530358.251625 1.105726 0.006637
1520530358.351628 1.105726 0.006637
1520530358.451631 1.105710 0.006637
1520530358.551634 1.105706 0.006636
1520530358.651798 1.105708 0.006636
1520530358.751801 1.105702 0.006636
1520530358.851805 1.105694 0.006636
1520530358.951808 1.105692 0.006635
1520530359.051806 1.105710 0.006635
1520530359.151809 1.105702 0.006634
1520530359.251812 1.105691 0.006634
1520530359.351815 1.105675 0.006633
1520530359.451919 1.105678 0.006633
1520530359.551871 1.105690 0.006632
1520530359.651874 1.105696 0.006631
1520530359.751878 1.105710 0.006631
1520530359.851881 1.105741 0.006630
1520530359.951828 1.105755 0.006629
1520530360.051831 1.105804 0.006628
1520530360.151834 1.105867 0.006626
1520530360.201836 1.105899 0.006625
1520530360.301316 1.105958 0.006623
1520530360.351317 1.105975 0.006622
1520530360.451321 1.106013 0.006620
1520530360.551324 1.106045 0.006619
1520530360.651327 1.106102 0.006619
1520530360.700978 1.106140 0.006618
1520530360.800981 1.106234 0.006616
1520530360.900984 1.106350 0.006612
1520530361.000988 1.106466 0.006609
1520530361.101044 1.106508 0.006606
1520530361.201047 1.106556 0.006603
1520530361.301050 1.106583 0.006600
1520530361.351051 1.106623 0.006599
1520530361.451055 1.106703 0.006598
1520530361.551692 1.106741 0.006597
1520530361.651695 1.106785 0.006597
1520530361.701696 1.106778 0.006596
1520530361.801700 1.106814 0.006596
1520530361.851701 1.106806 0.006596
1520530361.951941 1.106832 0.006594
1520530362.001942 1.106825 0.006594
1520530362.101945 1.106863 0.006591
1520530362.201949 1.106934 0.006588
1520530362.301951 1.107039 0.006585
1520530362.401625 1.107160 0.006581
1520530362.501628 1.107339 0.006577
1520530362.601631 1.107459 0.006571
1520530362.701634 1.107614 0.006565
1520530362.751364 1.107674 0.006563
1520530362.851367 1.107732 0.006559
1520530362.951370 1.107761 0.006557
1520530363.051374 1.107773 0.006557
1520530363.151650 1.107742 0.006556
1520530363.251653 1.107707 0.006555
1520530363.351656 1.107689 0.006555
1520530363.451659 1.107684 0.006554
1520530363.551745 1.107709 0.006554
1520530363.651748 1.107740 0.006553
1520530363.701749 1.107772 0.006552
1520530363.801753 1.107801 0.006551
1520530363.851754 1.107830 0.006550
1520530363.951780 1.107853 0.006548
1520530364.001782 1.107877 0.006547
1520530364.101785 1.107994 0.006545
1520530364.151786 1.108020 0.006544
1520530364.251789 1.108107 0.006543
1520530364.301791 1.108133 0.006542
1520530364.401853 1.108215 0.006541
1520530364.451854 1.108228 0.006540
1520530364.551858 1.108213 0.006540
1520530364.651861 1.108230 0.006539
1520530364.751864 1.108234 0.006538
1520530364.802376 1.108217 0.006537
1520530364.902379 1.108240 0.006536
1520530365.002383 1.108263 0.006535
1520530365.102386 1.108323 0.006534
1520530365.201844 1.108342 0.006532
1520530365.351849 1.108431 0.006530
1520530365.451852 1.108507 0.006527
1520530365.551855 1.108618 0.006525
1520530365.651537 1.108674 0.006522
1520530365.751540 1.108725 0.006520
1520530365.851543 1.108749 0.006519
1520530365.951546 1.108746 0.006518
1520530366.001907 1.108756 0.006517
1520530366.101910 1.108725 0.006516
1520530366.151911 1.108704 0.006516
1520530366.251915 1.108714 0.006516
1520530366.301916 1.108701 0.006516
1520530366.402120 1.108725 0.006516
1520530366.452121 1.108734 0.006515
1520530366.552125 1.108776 0.006515
1520530366.652128 1.108796 0.006514
1520530366.702130 1.108801 0.006513
1520530366.802133 1.108823 0.006513
1520530366.852166 1.108846 0.006513
1520530366.952169 1.108845 0.006513
1520530367.002170 1.108853 0.006512
1520530367.102178 1.108850 0.006512
1520530367.152175 1.108848 0.006512
1520530367.252540 1.108847 0.006512
1520530367.352543 1.108875 0.006511
1520530367.452546 1.108898 0.006510
1520530367.552549 1.108915 0.006509
1520530367.652264 1.108950 0.006508
1520530367.752267 1.109015 0.006506
1520530367.852271 1.109086 0.006505
1520530367.952274 1.109125 0.006503
1520530368.052124 1.109095 0.006502
1520530368.152127 1.109081 0.006502
1520530368.252130 1.109039 0.006501
1520530368.352134 1.109010 0.006501
1520530368.452048 1.108983 0.006501
1520530368.502050 1.108954 0.006500
1520530368.602053 1.108981 0.006500
1520530368.652054 1.108966 0.006500
1520530368.752057 1.109003 0.006500
1520530368.802058 1.109030 0.006499
1520530368.901391 1.109041 0.006499
1520530368.951392 1.109030 0.006499
1520530369.051395 1.109030 0.006499
1520530369.101397 1.109072 0.006499
1520530369.201400 1.109081 0.006499
1520530369.251401 1.109076 0.006499
1520530369.351538 1.109112 0.006499
1520530369.451542 1.109109 0.006498
1520530369.551545 1.109100 0.006498
1520530369.601546 1.109086 0.006498
1520530369.701896 1.109086 0.006498
1520530369.801900 1.109139 0.006498
1520530369.901903 1.109133 0.006498
1520530370.051908 1.109115 0.006498
1520530370.201933 1.109165 0.006498
1520530370.351937 1.109201 0.006497
1520530370.501883 1.109236 0.006496
1520530370.701889 1.109276 0.006495
1520530370.901941 1.109285 0.006493
1520530371.051946 1.109342 0.006492
1520530371.151949 1.109355 0.006492
1520530371.301953 1.109369 0.006491
1520530371.451954 1.109380 0.006490
1520530371.601959 1.109402 0.006490
1520530371.751959 1.109373 0.006489
1520530371.851963 1.109349 0.006489
1520530371.901964 1.109342 0.006489
1520530372.001968 1.109328 0.006489
1520530372.101971 1.109352 0.006489
1520530372.201977 1.109379 0.006489
1520530372.351961 1.109415 0.006488
1520530372.501966 1.109457 0.006487
1520530372.601958 1.109474 0.006486
1520530372.701961 1.109468 0.006485
1520530372.801964 1.109460 0.006485
1520530372.901967 1.109448 0.006484
1520530373.001619 1.109423 0.006484
1520530373.201626 1.109424 0.006483
1520530373.301629 1.109399 0.006483
1520530373.351457 1.109383 0.006483
1520530373.451460 1.109392 0.006482
1520530373.551463 1.109385 0.006482
1520530373.601465 1.109387 0.006482
1520530373.701467 1.109396 0.006481
1520530373.751469 1.109368 0.006481
1520530373.851583 1.109369 0.006481
1520530373.951586 1.109383 0.006480
1520530374.051589 1.109368 0.006480
1520530374.101591 1.109363 0.006480
1520530374.201953 1.109362 0.006480
1520530374.301956 1.109356 0.006480
1520530374.401959 1.109362 0.006479
1520530374.501962 1.109384 0.006479
1520530374.602407 1.109402 0.006479
1520530374.752412 1.109479 0.006479
1520530374.852415 1.109503 0.006478
1520530374.952418 1.109512 0.006478
1520530375.052444 1.109521 0.006477
1520530375.152447 1.109542 0.006477
1520530375.252454 1.109558 0.006476
1520530375.352453 1.109565 0.006476
1520530375.452214 1.109548 0.006476
1520530375.552217 1.109580 0.006476
1520530375.602219 1.109575 0.006476
1520530375.702222 1.109545 0.006475
1520530375.752223 1.109521 0.006475
1520530375.852258 1.109510 0.006475
1520530375.902259 1.109517 0.006475
1520530376.002262 1.109490 0.006474
1520530376.052264 1.109482 0.006474
1520530376.152267 1.109477 0.006474
1520530376.202270 1.109495 0.006474
1520530376.301951 1.109503 0.006474
1520530376.401954 1.109490 0.006474
1520530376.451957 1.109467 0.006473
1520530376.551960 1.109445 0.006473
1520530376.601961 1.109459 0.006473
1520530376.702664 1.109451 0.006473
1520530376.752666 1.109463 0.006473
1520530376.852669 1.109479 0.006473
1520530376.902671 1.109471 0.006473
1520530377.002721 1.109480 0.006473
1520530377.102900 1.109502 0.006473
1520530377.202903 1.109497 0.006473
1520530377.302906 1.109535 0.006473
1520530377.402909 1.109552 0.006472
1520530377.451719 1.109563 0.006472
1520530377.551722 1.109606 0.006472
1520530377.651725 1.109539 0.006472
1520530377.751728 1.109611 0.006472
1520530377.851407 1.109595 0.006471
1520530377.951411 1.109609 0.006471
1520530378.051414 1.109612 0.006471
1520530378.151417 1.109596 0.006471
1520530378.201419 1.109558 0.006471
1520530378.301511 1.109561 0.006471
1520530378.351513 1.109579 0.006471
1520530378.451516 1.109595 0.006471
1520530378.501517 1.109613 0.006471
1520530378.601571 1.109615 0.006471
1520530378.651522 1.109602 0.006471
1520530378.752210 1.109600 0.006471
1520530378.802212 1.109595 0.006470
1520530378.902215 1.109618 0.006470
1520530379.002218 1.109631 0.006470
1520530379.102149 1.109639 0.006470
1520530379.202152 1.109654 0.006470
1520530379.302155 1.109685 0.006469
1520530379.402159 1.109728 0.006469
1520530379.501850 1.109733 0.006468
1520530379.601853 1.109750 0.006468
1520530379.701856 1.109748 0.006468
1520530379.801860 1.109756 0.006468
1520530379.901824 1.109760 0.006467
1520530380.001827 1.109755 0.006467
1520530380.101830 1.109749 0.006467
1520530380.151832 1.109753 0.006467
1520530380.251835 1.109729 0.006467
1520530380.301736 1.109715 0.006467
1520530380.402163 1.109722 0.006467
1520530380.502165 1.109746 0.006467
1520530380.552166 1.109764 0.006467
1520530380.652170 1.109782 0.006467
1520530380.752135 1.109770 0.006467
1520530380.852138 1.109794 0.006467
1520530380.902139 1.109771 0.006467
1520530381.002143 1.109790 0.006467
1520530381.052144 1.109794 0.006467
1520530381.152048 1.109826 0.006467
1520530381.202049 1.109811 0.006467
1520530381.302052 1.109796 0.006467
1520530381.402056 1.109793 0.006467
1520530381.502058 1.109808 0.006466
1520530381.602264 1.109814 0.006466
1520530381.752268 1.109828 0.006466
1520530381.852271 1.109830 0.006466
1520530381.952332 1.109869 0.006466
1520530382.052335 1.109906 0.006466
1520530382.152338 1.109933 0.006466
1520530382.252342 1.109957 0.006466
1520530382.352159 1.109957 0.006466
1520530382.452162 1.109947 0.006466
1520530382.552165 1.109967 0.006466
1520530382.652168 1.109985 0.006466
1520530382.752171 1.109966 0.006466
1520530382.852246 1.109934 0.006466
1520530383.002250 1.109917 0.006466
1520530383.102253 1.109903 0.006466
1520530383.202206 1.109920 0.006466
1520530383.302209 1.109906 0.006466
1520530383.402267 1.109887 0.006466
1520530383.502216 1.109879 0.006466
1520530383.602472 1.109893 0.006466
1520530383.702475 1.109906 0.006466
1520530383.802478 1.109907 0.006465
1520530383.852479 1.109918 0.006465
1520530383.952482 1.109947 0.006465
1520530384.002530 1.109967 0.006465
1520530384.102533 1.109951 0.006465
1520530384.202536 1.109974 0.006465
1520530384.302539 1.110072 0.006465
1520530384.352541 1.110071 0.006464
1520530384.452434 1.110093 0.006464
1520530384.502435 1.110060 0.006464
1520530384.602439 1.110058 0.006464
1520530384.702442 1.110087 0.006464
1520530384.802857 1.110071 0.006464
1520530384.902860 1.110213 0.006464
1520530385.002916 1.110119 0.006464
1520530385.052864 1.110052 0.006464
1520530385.152867 1.110047 0.006464
1520530385.202869 1.110045 0.006464
1520530385.302707 1.110097 0.006464
1520530385.352709 1.110099 0.006464
1520530385.452712 1.110154 0.006463
1520530385.502713 1.110178 0.006463
1520530385.602716 1.110206 0.006464
1520530385.652486 1.110217 0.006463
1520530385.752489 1.110219 0.006463
1520530385.802491 1.110205 0.006463
1520530385.902494 1.110207 0.006463
1520530385.952497 1.110205 0.006463
1520530386.052544 1.110219 0.006463
1520530386.152547 1.110219 0.006463
1520530386.252550 1.110210 0.006463
1520530386.352553 1.110208 0.006463
1520530386.452758 1.110207 0.006463
1520530386.552761 1.110211 0.006463
1520530386.652764 1.110199 0.006463
1520530386.752767 1.110186 0.006463
1520530386.852674 1.110172 0.006463
1520530386.952678 1.110161 0.006463
1520530387.052681 1.110180 0.006463
1520530387.152684 1.110204 0.006463
1520530387.252606 1.110223 0.006463
1520530387.302607 1.110239 0.006462
1520530387.402611 1.110276 0.006463
1520530387.452612 1.110277 0.006463
1520530387.552615 1.110306 0.006463
1520530387.602617 1.110313 0.006463
1520530387.702457 1.110327 0.006463
1520530387.752459 1.110342 0.006463
1520530387.852464 1.110312 0.006463
1520530387.902463 1.110320 0.006463
1520530388.002466 1.110316 0.006462
1520530388.052468 1.110314 0.006463
1520530388.152496 1.110311 0.006462
1520530388.202544 1.110324 0.006462
1520530388.302501 1.110325 0.006463
1520530388.402504 1.110300 0.006462
1520530388.502852 1.110290 0.006462
1520530388.652857 1.110288 0.006462
1520530388.802861 1.110313 0.006462
1520530388.902233 1.110321 0.006462
1520530389.002237 1.110312 0.006462
1520530389.102240 1.110321 0.006462
1520530389.202243 1.110322 0.006462
1520530389.302934 1.110319 0.006462
1520530389.402938 1.110311 0.006462
1520530389.502940 1.110345 0.006462
1520530389.602943 1.110350 0.006462
1520530389.702846 1.110357 0.006462
1520530389.753403 1.110381 0.006462
1520530389.853406 1.110409 0.006462
1520530389.903408 1.110406 0.006462
1520530390.003411 1.110381 0.006462
1520530390.053412 1.110372 0.006462
1520530390.152569 1.110359 0.006462
1520530390.202569 1.110360 0.006462
1520530390.302572 1.110351 0.006462
1520530390.352575 1.110343 0.006462
1520530390.452578 1.110323 0.006462
1520530390.553324 1.110268 0.006461
1520530390.653327 1.110285 0.006461
1520530390.753331 1.110300 0.006462
1520530390.853334 1.110291 0.006462
1520530390.953379 1.110254 0.006462
1520530391.053383 1.110240 0.006462
1520530391.153385 1.110237 0.006462
1520530391.253388 1.110252 0.006462
1520530391.352333 1.110274 0.006462
1520530391.452336 1.110266 0.006461
1520530391.552339 1.110282 0.006462
1520530391.652342 1.110278 0.006462
1520530391.752424 1.110286 0.006462
1520530391.852427 1.110274 0.006462
1520530391.952430 1.110287 0.006462
1520530392.002432 1.110273 0.006462
1520530392.102435 1.110256 0.006462
1520530392.152436 1.110275 0.006462
1520530392.253143 1.110261 0.006461
1520530392.303145 1.110253 0.006462
1520530392.403148 1.110219 0.006462
1520530392.453150 1.110208 0.006462
1520530392.553153 1.110188 0.006462
1520530392.602235 1.110205 0.006461
1520530392.702237 1.110210 0.006461
1520530392.802241 1.110213 0.006462
1520530392.902243 1.110245 0.006462
1520530392.952245 1.110246 0.006462
1520530393.052154 1.110224 0.006462
1520530393.152157 1.110249 0.006461
1520530393.252160 1.110251 0.006461
1520530393.352164 1.110257 0.006461
1520530393.402921 1.110266 0.006461
1520530393.502924 1.110341 0.006461
1520530393.602927 1.110315 0.006461
1520530393.652929 1.110233 0.006461
1520530393.752932 1.110182 0.006461
1520530393.852959 1.110211 0.006461
1520530394.002964 1.110187 0.006461
1520530394.102968 1.110186 0.006461
1520530394.202165 1.110227 0.006461
1520530394.252167 1.110215 0.006461
1520530394.352170 1.110253 0.006461
1520530394.452173 1.110244 0.006461
1520530394.552176 1.110254 0.006461
1520530394.652876 1.110263 0.006461
1520530394.752879 1.110248 0.006461
1520530394.852882 1.110265 0.006461
1520530394.952885 1.110280 0.006461
1520530395.053731 1.110284 0.006461
1520530395.153734 1.110274 0.006461
1520530395.253737 1.110298 0.006461
1520530395.353740 1.110319 0.006461
1520530395.452705 1.110332 0.006461
1520530395.552709 1.110322 0.006461
1520530395.652712 1.110319 0.006461
1520530395.752715 1.110313 0.006461
1520530395.853078 1.110290 0.006461
1520530395.953081 1.110292 0.006461
1520530396.053084 1.110287 0.006461
1520530396.153087 1.110270 0.006461
1520530396.203089 1.110259 0.006461
1520530396.303237 1.110259 0.006461
1520530396.353238 1.110245 0.006461
1520530396.453241 1.110242 0.006461
1520530396.553244 1.110227 0.006461
1520530396.603246 1.110227 0.006461
1520530396.703145 1.110213 0.006461
1520530396.803148 1.110224 0.006461
1520530396.903152 1.110232 0.006461
1520530397.003155 1.110228 0.006461
1520530397.102782 1.110223 0.006461
1520530397.202785 1.110254 0.006461
1520530397.302788 1.110270 0.006461
1520530397.402791 1.110287 0.006461
1520530397.502304 1.110286 0.006461
1520530397.602308 1.110289 0.006461
1520530397.702310 1.110324 0.006461
1520530397.802315 1.110293 0.006461
1520530397.902585 1.110282 0.006461
1520530398.002588 1.110255 0.006461
1520530398.052589 1.110234 0.006461
1520530398.152592 1.110226 0.006461
1520530398.252596 1.110218 0.006461
1520530398.353367 1.110199 0.006461
1520530398.403368 1.110192 0.006461
1520530398.503371 1.110205 0.006461
1520530398.553373 1.110202 0.006461
1520530398.653376 1.110192 0.006461
1520530398.703221 1.110211 0.006461
1520530398.803225 1.110166 0.006461
1520530398.853226 1.110184 0.006461
1520530398.953229 1.110146 0.006461
1520530399.003230 1.110155 0.006461
1520530399.103233 1.110137 0.006461
1520530399.152330 1.110129 0.006461
1520530399.252333 1.110122 0.006461
1520530399.302335 1.110120 0.006461
1520530399.402342 1.110124 0.006461
1520530399.452339 1.110131 0.006461
1520530399.553006 1.110132 0.006461
1520530399.603008 1.110136 0.006461
1520530399.703011 1.110130 0.006461
1520530399.803014 1.110124 0.006461
1520530399.903017 1.110129 0.006461
1520530400.003276 1.110130 0.006461
1520530400.053278 1.110119 0.006461
1520530400.153281 1.110123 0.006461
1520530400.203283 1.110143 0.006461
1520530400.303286 1.110143 0.006461
1520530400.352494 1.110146 0.006461
1520530400.452498 1.110152 0.006461
1520530400.502500 1.110168 0.006461
1520530400.602502 1.110170 0.006461
1520530400.702505 1.110165 0.006461
1520530400.752291 1.110163 0.006461
1520530400.852294 1.110162 0.006461
1520530400.952297 1.110141 0.006461
1520530401.052300 1.110150 0.006461
1520530401.102302 1.110147 0.006461
1520530401.202755 1.110140 0.006461
1520530401.252756 1.110147 0.006461
1520530401.352759 1.110148 0.006461
1520530401.402761 1.110156 0.006461
1520530401.502764 1.110154 0.006461
1520530401.552766 1.110154 0.006461
1520530401.653039 1.110143 0.006461
1520530401.703041 1.110130 0.006461
1520530401.803044 1.110140 0.006461
1520530401.853045 1.110135 0.006461
1520530401.953048 1.110124 0.006461
1520530402.002281 1.110109 0.006461
1520530402.102285 1.110100 0.006461
1520530402.152286 1.110102 0.006461
1520530402.252289 1.110104 0.006461
1520530402.302290 1.110106 0.006461
1520530402.402567 1.110106 0.006461
1520530402.452569 1.110103 0.006461
1520530402.552572 1.110100 0.006461
1520530402.652672 1.110082 0.006461
1520530402.752578 1.110052 0.006461
1520530402.803416 1.110027 0.006461
1520530402.903419 1.110055 0.006461
1520530403.003422 1.110103 0.006461
1520530403.053424 1.110106 0.006461
1520530403.153427 1.110088 0.006461
1520530403.252935 1.110092 0.006461
1520530403.352938 1.110089 0.006461
1520530403.402940 1.110070 0.006461
1520530403.502943 1.110049 0.006461
1520530403.552945 1.110022 0.006461
1520530403.652254 1.110041 0.006461
1520530403.702256 1.110042 0.006461
1520530403.802258 1.110032 0.006461
1520530403.852261 1.110022 0.006461
1520530403.952263 1.110022 0.006461
1520530404.002264 1.110025 0.006461
1520530404.102746 1.110018 0.006461
1520530404.152748 1.110014 0.006461
1520530404.252829 1.110007 0.006461
1520530404.352754 1.110006 0.006461
1520530404.453112 1.109997 0.006461
1520530404.553115 1.109989 0.006461
1520530404.653119 1.109992 0.006461
1520530404.753122 1.110008 0.006461
1520530404.852642 1.110004 0.006461
1520530404.902643 1.109998 0.006461
1520530405.002647 1.110014 0.006461
1520530405.052648 1.110005 0.006461
1520530405.152651 1.109980 0.006461
1520530405.202653 1.109978 0.006461
1520530405.302330 1.109994 0.006461
1520530405.352331 1.109994 0.006461
1520530405.452334 1.110004 0.006461
1520530405.502335 1.109990 0.006461
1520530405.602339 1.109981 0.006461
1520530405.652792 1.109976 0.006461
1520530405.752795 1.109973 0.006461
1520530405.802797 1.109959 0.006461
1520530405.902800 1.109942 0.006461
1520530405.952801 1.109954 0.006461
1520530406.052804 1.109944 0.006461
1520530406.153570 1.110005 0.006461
1520530406.203573 1.109983 0.006461
1520530406.303576 1.109946 0.006461
1520530406.353577 1.109947 0.006461
1520530406.453580 1.109915 0.006461
1520530406.553487 1.109926 0.006461
1520530406.653490 1.109937 0.006461
1520530406.753493 1.109935 0.006461
1520530406.803495 1.109927 0.006460
1520530406.902692 1.109923 0.006460
1520530406.952693 1.109932 0.006460
1520530407.052696 1.109917 0.006461
1520530407.102698 1.109927 0.006461
1520530407.202701 1.109976 0.006460
1520530407.252702 1.109954 0.006461
1520530407.353185 1.109939 0.006460
1520530407.403187 1.109939 0.006461
1520530407.503190 1.109963 0.006460
1520530407.553191 1.109923 0.006461
1520530407.653194 1.109914 0.006461
1520530407.703510 1.109881 0.006460
1520530407.803513 1.109844 0.006460
1520530407.853515 1.109849 0.006460
1520530407.953518 1.109862 0.006460
1520530408.003519 1.109881 0.006460
1520530408.103522 1.109880 0.006460
1520530408.203605 1.109880 0.006460
1520530408.303608 1.109884 0.006460
1520530408.403612 1.109888 0.006460
1520530408.503614 1.109882 0.006460
1520530408.553374 1.109872 0.006460
1520530408.653377 1.109857 0.006460
1520530408.753380 1.109854 0.006460
1520530408.853383 1.109871 0.006460
1520530408.952878 1.109883 0.006460
1520530409.052890 1.109882 0.006460
1520530409.152884 1.109885 0.006460
1520530409.252887 1.109895 0.006460
1520530409.352902 1.109898 0.006460
1520530409.452906 1.109889 0.006460
1520530409.552909 1.109884 0.006460
1520530409.652912 1.109886 0.006460
1520530409.752654 1.109892 0.006460
1520530409.852657 1.109895 0.006460
1520530409.952660 1.109888 0.006460
1520530410.052664 1.109876 0.006460
1520530410.153223 1.109873 0.006460
1520530410.253226 1.109872 0.006460
1520530410.353231 1.109861 0.006460
1520530410.453232 1.109851 0.006460
1520530410.553235 1.109849 0.006460
1520530410.603875 1.109835 0.006460
1520530410.703878 1.109835 0.006460
1520530410.803881 1.109849 0.006460
1520530410.903884 1.109839 0.006460
1520530411.003418 1.109845 0.006460
1520530411.103421 1.109839 0.006460
1520530411.253426 1.109843 0.006460
1520530411.403009 1.109842 0.006460
1520530411.503012 1.109834 0.006460
1520530411.603015 1.109814 0.006460
1520530411.703018 1.109803 0.006460
1520530411.802907 1.109799 0.006460
1520530411.852907 1.109806 0.006460
1520530411.952910 1.109813 0.006460
1520530412.002912 1.109816 0.006460
1520530412.102915 1.109816 0.006460
1520530412.152916 1.109819 0.006460
1520530412.253417 1.109817 0.006460
1520530412.303419 1.109815 0.006460
1520530412.403422 1.109826 0.006460
1520530412.453423 1.109823 0.006460
1520530412.553426 1.109824 0.006460
1520530412.653630 1.109814 0.006460
1520530412.753633 1.109813 0.006460
1520530412.803634 1.109818 0.006460
1520530412.903637 1.109791 0.006460
1520530412.953639 1.109786 0.006460
1520530413.053009 1.109780 0.006460
1520530413.103011 1.109806 0.006460
1520530413.203014 1.109823 0.006460
1520530413.303017 1.109820 0.006460
1520530413.403021 1.109792 0.006460
1520530413.502941 1.109783 0.006460
1520530413.602944 1.109797 0.006460
1520530413.853107 1.109784 0.006460
1520530413.953110 1.109784 0.006460
1520530414.053113 1.109786 0.006460
1520530414.153116 1.109784 0.006460
1520530414.252894 1.109762 0.006460
1520530414.352897 1.109762 0.006460
1520530414.452900 1.109770 0.006460
1520530414.552903 1.109782 0.006460
1520530414.652705 1.109788 0.006460
1520530414.752708 1.109770 0.006460
1520530414.852712 1.109754 0.006460
1520530414.952715 1.109734 0.006460
1520530415.052718 1.109729 0.006460
1520530415.103195 1.109729 0.006460
1520530415.203199 1.109726 0.006460
1520530415.303202 1.109727 0.006460
1520530415.453206 1.109732 0.006460
1520530415.553069 1.109738 0.006460
1520530415.653072 1.109761 0.006460
1520530415.753075 1.109730 0.006460
1520530415.903361 1.109711 0.006460
1520530416.053366 1.109715 0.006460
1520530416.503381 1.109736 0.006460
1520530416.603384 1.109746 0.006460
1520530416.703272 1.109741 0.006460
1520530416.803277 1.109711 0.006460
1520530416.903278 1.109708 0.006460
1520530416.953280 1.109703 0.006460
1520530417.053283 1.109707 0.006460
1520530417.153371 1.109719 0.006460
1520530417.253374 1.109696 0.006460
1520530417.603465 1.109685 0.006460
1520530417.703468 1.109692 0.006460
1520530417.803472 1.109698 0.006460
1520530417.903475 1.109696 0.006460
1520530418.003458 1.109696 0.006460
1520530418.103461 1.109681 0.006460
1520530418.203465 1.109688 0.006460
1520530418.303468 1.109689 0.006460
1520530418.503435 1.109689 0.006460
1520530418.703442 1.109675 0.006460
1520530418.803345 1.109664 0.006460
1520530418.903348 1.109675 0.006460
1520530419.003351 1.109689 0.006460
1520530419.103354 1.109678 0.006460
1520530419.203534 1.109664 0.006460
1520530419.303537 1.109664 0.006460
1520530419.453542 1.109673 0.006460
1520530419.603729 1.109677 0.006460
1520530419.753734 1.109685 0.006460
1520530419.853738 1.109677 0.006460
1520530419.953740 1.109670 0.006460
1520530420.053599 1.109663 0.006460
1520530420.153602 1.109658 0.006460
1520530420.203604 1.109651 0.006460
1520530420.303607 1.109646 0.006460
1520530420.403699 1.109643 0.006460
1520530420.503702 1.109621 0.006460
1520530420.653707 1.109619 0.006460
1520530420.803356 1.109625 0.006460
1520530420.953361 1.109633 0.006459
1520530421.053364 1.109627 0.006459
1520530421.153367 1.109626 0.006459
1520530421.253431 1.109634 0.006459
1520530421.353434 1.109629 0.006459
1520530421.453437 1.109622 0.006459
1520530421.553440 1.109628 0.006459
1520530421.653613 1.109628 0.006459
1520530421.753616 1.109630 0.006460
1520530421.903620 1.109632 0.006460
1520530422.053472 1.109631 0.006460
1520530422.153476 1.109631 0.006459
1520530422.253479 1.109637 0.006459
1520530422.353482 1.109636 0.006459
1520530422.453395 1.109623 0.006459
1520530422.503396 1.109613 0.006459
1520530422.603400 1.109608 0.006460
1520530422.703403 1.109601 0.006459
1520530422.803406 1.109597 0.006459
1520530422.903583 1.109590 0.006459
1520530423.053588 1.109578 0.006459
1520530423.153591 1.109570 0.006459
1520530423.203592 1.109555 0.006459
1520530423.303317 1.109571 0.006459
1520530423.403322 1.109589 0.006459
1520530423.503324 1.109600 0.006459
1520530423.603327 1.109608 0.006459
1520530423.652983 1.109603 0.006459
1520530423.752986 1.109608 0.006459
1520530423.802988 1.109603 0.006459
1520530423.902991 1.109588 0.006459
1520530424.002994 1.109587 0.006459
1520530424.052950 1.109584 0.006459
1520530424.153255 1.109581 0.006459
1520530424.253258 1.109547 0.006459
1520530424.353261 1.109533 0.006459
1520530424.453264 1.109590 0.006459
1520530424.504722 1.109594 0.006459
1520530424.604726 1.109565 0.006459
1520530424.704729 1.109597 0.006459
1520530424.854733 1.109645 0.006459
1520530424.903374 1.109661 0.006459
1520530425.003378 1.109688 0.006459
1520530425.053379 1.109640 0.006459
1520530425.153383 1.109604 0.006459
1520530425.253385 1.109610 0.006459
1520530425.353734 1.109576 0.006459
1520530425.453737 1.109570 0.006459
1520530425.603741 1.109576 0.006459
1520530425.653743 1.109543 0.006459
1520530425.753677 1.109545 0.006459
1520530425.803679 1.109555 0.006459
1520530425.903682 1.109573 0.006459
1520530426.003685 1.109573 0.006459
1520530426.103474 1.109565 0.006459
1520530426.203477 1.109581 0.006459
1520530426.253478 1.109573 0.006459
1520530426.353481 1.109563 0.006459
1520530426.453484 1.109549 0.006459
1520530426.553551 1.109549 0.006459
1520530426.703556 1.109572 0.006459
1520530426.753558 1.109576 0.006459
1520530426.853560 1.109578 0.006459
1520530426.903562 1.109580 0.006459
1520530427.003600 1.109569 0.006459
1520530427.103603 1.109559 0.006459
1520530427.203606 1.109545 0.006459
1520530427.303609 1.109547 0.006459
1520530427.403594 1.109559 0.006459
1520530427.503597 1.109583 0.006459
1520530427.803679 1.109563 0.006459
1520530427.903683 1.109598 0.006459
1520530428.003686 1.109579 0.006459
1520530428.053687 1.109546 0.006459
1520530428.153535 1.109507 0.006459
1520530428.203537 1.109502 0.006459
1520530428.303540 1.109514 0.006459
1520530428.353542 1.109510 0.006459
1520530428.453544 1.109505 0.006459
1520530428.503546 1.109510 0.006459
1520530428.603452 1.109532 0.006459
1520530428.703455 1.109525 0.006459
1520530428.803458 1.109530 0.006459
1520530428.903461 1.109527 0.006459
1520530428.953463 1.109517 0.006459
1520530429.053445 1.109520 0.006459
1520530429.103447 1.109519 0.006459
1520530429.203450 1.109475 0.006459
1520530429.253451 1.109476 0.006459
1520530429.353455 1.109450 0.006459
1520530429.403551 1.109503 0.006459
1520530429.503555 1.109501 0.006459
1520530429.553556 1.109503 0.006459
1520530429.653559 1.109515 0.006459
1520530429.703560 1.109530 0.006459
1520530429.803622 1.109497 0.006459
1520530429.853626 1.109492 0.006459
1520530429.953626 1.109496 0.006459
1520530430.003663 1.109492 0.006459
1520530430.103631 1.109489 0.006459
1520530430.153632 1.109487 0.006459
1520530430.253346 1.109480 0.006459
1520530430.303347 1.109478 0.006459
1520530430.403350 1.109485 0.006459
1520530430.453352 1.109487 0.006459
1520530430.553355 1.109487 0.006459
1520530430.653528 1.109490 0.006459
1520530430.703530 1.109482 0.006459
1520530430.803533 1.109482 0.006459
1520530430.903536 1.109489 0.006459
1520530431.003696 1.109491 0.006459
1520530431.053698 1.109488 0.006459
1520530431.153701 1.109482 0.006459
1520530431.203703 1.109480 0.006459
1520530431.303706 1.109463 0.006459
1520530431.353708 1.109472 0.006459
1520530431.453562 1.109484 0.006459
1520530431.503564 1.109469 0.006459
1520530431.603567 1.109479 0.006459
1520530431.653568 1.109492 0.006459
1520530431.753571 1.109450 0.006459
1520530431.803573 1.109493 0.006459
1520530431.903526 1.109485 0.006459
1520530431.953527 1.109485 0.006459
1520530432.053530 1.109471 0.006459
1520530432.103532 1.109464 0.006459
1520530432.203536 1.109461 0.006459
1520530432.253696 1.109465 0.006459
1520530432.353700 1.109458 0.006459
1520530432.453702 1.109463 0.006459
1520530432.503704 1.109462 0.006459
1520530432.603708 1.109453 0.006459
1520530432.653548 1.109445 0.006459
1520530432.753551 1.109445 0.006459
1520530432.803553 1.109441 0.006459
1520530432.903556 1.109449 0.006459
1520530432.953557 1.109451 0.006459
1520530433.053690 1.109434 0.006459
1520530433.103691 1.109424 0.006459
1520530433.203694 1.109435 0.006459
1520530433.303697 1.109468 0.006459
1520530433.403700 1.109475 0.006459
1520530433.503793 1.109480 0.006459
1520530433.603796 1.109458 0.006459
1520530433.653798 1.109451 0.006459
1520530433.753801 1.109451 0.006459
1520530433.853804 1.109443 0.006459
1520530433.903631 1.109438 0.006459
1520530434.003634 1.109429 0.006459
1520530434.053635 1.109431 0.006459
1520530434.153638 1.109418 0.006459
1520530434.203641 1.109386 0.006459
1520530434.303478 1.109395 0.006459
1520530434.353481 1.109427 0.006459
1520530434.453483 1.109422 0.006459
1520530434.503485 1.109416 0.006459
1520530434.603488 1.109413 0.006459
1520530434.653489 1.109420 0.006459
1520530434.753658 1.109421 0.006459
1520530434.803658 1.109427 0.006459
1520530434.903661 1.109420 0.006459
1520530434.953663 1.109422 0.006459
1520530435.053667 1.109429 0.006459
1520530435.153798 1.109437 0.006459
1520530435.203799 1.109433 0.006459
1520530435.303802 1.109426 0.006459
1520530435.353804 1.109440 0.006459
1520530435.453807 1.109443 0.006459
1520530435.504086 1.109437 0.006459
1520530435.604089 1.109429 0.006459
1520530435.654091 1.109416 0.006459
1520530435.754094 1.109416 0.006459
1520530435.804096 1.109416 0.006459
1520530435.904099 1.109416 0.006459
1520530435.953835 1.109420 0.006459
1520530436.053838 1.109402 0.006459
1520530436.103839 1.109402 0.006459
1520530436.203843 1.109399 0.006459
1520530436.303846 1.109401 0.006459
1520530436.403957 1.109424 0.006459
1520530436.553962 1.109398 0.006459
1520530436.703966 1.109387 0.006459
1520530436.804032 1.109369 0.006459
1520530436.854034 1.109362 0.006459
1520530436.954037 1.109366 0.006459
1520530437.004039 1.109379 0.006459
1520530437.104042 1.109373 0.006459
1520530437.153533 1.109397 0.006459
1520530437.253536 1.109407 0.006459
1520530437.303539 1.109417 0.006459
1520530437.403543 1.109426 0.006459
1520530437.453545 1.109424 0.006459
1520530437.553870 1.109416 0.006459
1520530437.603872 1.109401 0.006459
1520530437.703875 1.109390 0.006459
1520530437.803878 1.109388 0.006459
1520530437.903881 1.109398 0.006459
1520530437.954482 1.109399 0.006459
1520530438.104484 1.109413 0.006459
1520530438.204487 1.109419 0.006459
1520530438.304490 1.109438 0.006459
1520530438.354492 1.109426 0.006459
1520530438.453623 1.109409 0.006459
1520530438.503624 1.109405 0.006459
1520530438.603628 1.109403 0.006459
1520530438.703631 1.109400 0.006459
1520530438.804389 1.109410 0.006459
1520530438.904392 1.109420 0.006459
1520530439.004395 1.109416 0.006459
1520530439.154401 1.109401 0.006459
1520530439.254655 1.109407 0.006459
1520530439.404660 1.109384 0.006459
1520530439.604177 1.109382 0.006459
1520530439.754182 1.109389 0.006459
1520530439.854185 1.109402 0.006459
1520530439.954188 1.109402 0.006459
1520530440.054101 1.109397 0.006459
1520530440.154104 1.109394 0.006459
1520530440.254107 1.109391 0.006459
1520530440.354110 1.109394 0.006459
1520530440.453977 1.109372 0.006459
1520530440.553980 1.109381 0.006459
1520530440.653984 1.109388 0.006459
1520530440.753987 1.109400 0.006459
1520530440.853871 1.109416 0.006459
1520530440.953874 1.109403 0.006459
1520530441.053876 1.109400 0.006459
1520530441.153883 1.109401 0.006459
1520530441.253889 1.109393 0.006459
1520530441.353892 1.109382 0.006459
1520530441.453895 1.109382 0.006459
1520530441.553898 1.109372 0.006459
1520530441.654083 1.109375 0.006459
1520530441.754086 1.109387 0.006459
1520530441.904091 1.109397 0.006459
1520530442.004094 1.109402 0.006459
1520530442.104032 1.109419 0.006459
1520530442.204035 1.109429 0.006459
1520530442.304038 1.109435 0.006459
1520530442.404042 1.109424 0.006459
1520530442.453714 1.109422 0.006459
1520530442.553717 1.109417 0.006459
1520530442.653721 1.109411 0.006459
1520530442.703722 1.109411 0.006459
1520530442.803725 1.109417 0.006459
1520530442.853726 1.109415 0.006459
1520530442.954377 1.109420 0.006459
1520530443.054381 1.109432 0.006459
1520530443.154384 1.109435 0.006459
1520530443.304466 1.109434 0.006459
1520530443.504473 1.109424 0.006459
1520530443.604476 1.109420 0.006459
1520530443.704013 1.109408 0.006459
1520530443.804016 1.109400 0.006459
1520530443.904020 1.109410 0.006459
1520530444.004023 1.109414 0.006459
1520530444.104403 1.109410 0.006459
1520530444.204406 1.109419 0.006459
1520530444.254406 1.109412 0.006459
1520530444.354410 1.109418 0.006459
1520530444.404412 1.109406 0.006459
1520530444.505161 1.109392 0.006459
1520530444.605164 1.109407 0.006459
1520530444.705167 1.109385 0.006459
1520530444.805170 1.109394 0.006459
1520530444.905173 1.109403 0.006459
1520530444.954962 1.109411 0.006458
1520530445.054965 1.109431 0.006459
1520530445.104967 1.109421 0.006458
1520530445.204970 1.109406 0.006459
1520530445.254971 1.109414 0.006459
1520530445.353892 1.109402 0.006458
1520530445.453896 1.109404 0.006458
1520530445.553899 1.109405 0.006458
1520530445.603900 1.109406 0.006458
1520530445.703904 1.109412 0.006458
1520530445.753751 1.109409 0.006458
1520530445.853755 1.109409 0.006458
1520530445.903755 1.109394 0.006458
1520530446.003758 1.109394 0.006458
1520530446.103761 1.109396 0.006458
1520530446.154954 1.109411 0.006458
1520530446.254902 1.109428 0.006458
1520530446.354905 1.109422 0.006458
1520530446.454908 1.109424 0.006458
1520530446.554783 1.109422 0.006458
1520530446.654786 1.109416 0.006458
1520530446.754789 1.109417 0.006458
1520530446.854792 1.109417 0.006458
1520530446.954330 1.109411 0.006458
1520530447.054334 1.109393 0.006458
1520530447.154337 1.109395 0.006458
1520530447.254340 1.109397 0.006458
1520530447.354343 1.109400 0.006458
1520530447.454125 1.109402 0.006458
1520530447.554128 1.109396 0.006458
1520530447.704133 1.109385 0.006458
1520530447.954077 1.109386 0.006458
1520530448.303888 1.109386 0.006458
