1520530315.599645 1.361542 0.378560
1520530315.699637 1.289352 0.264018
1520530315.799640 1.324824 0.227010
1520530315.899643 1.224725 0.185599
1520530316.100221 1.217896 0.209087
1520530316.300227 1.219095 0.189978
1520530316.450231 1.214609 0.175824
1520530316.650280 1.211403 0.170666
1520530316.850286 1.216519 0.168391
1520530316.999775 1.225626 0.159845
1520530317.149779 1.241443 0.146570
1520530317.299784 1.243045 0.129393
1520530317.449747 1.228160 0.117153
1520530317.649755 1.227446 0.107826
1520530317.800239 1.226312 0.103883
1520530317.950243 1.219983 0.100818
1520530318.100248 1.216255 0.099773
1520530318.200769 1.217230 0.099369
1520530318.350774 1.215218 0.096314
1520530318.500778 1.219592 0.092416
1520530318.650568 1.229313 0.089084
1520530318.800573 1.240389 0.086862
1520530318.950577 1.240705 0.083760
1520530319.049958 1.253928 0.082101
1520530319.199962 1.258549 0.073955
1520530319.349967 1.251657 0.068118
1520530319.449833 1.249376 0.064899
1520530319.549837 1.249943 0.063178
1520530319.699841 1.243271 0.061709
1520530319.800341 1.238904 0.061385
1520530319.900344 1.237726 0.060854
1520530320.000347 1.232942 0.059107
1520530320.050349 1.230008 0.058079
1520530320.150352 1.228706 0.056448
1520530320.250402 1.230111 0.057300
1520530320.350405 1.228623 0.056325
1520530320.500410 1.227635 0.055359
1520530320.599869 1.227154 0.054405
1520530320.699873 1.230372 0.053404
1520530320.849877 1.232464 0.050845
1520530320.999882 1.230015 0.048078
1520530321.099742 1.230905 0.047006
1520530321.199745 1.229261 0.045942
1520530321.299749 1.229512 0.044948
1520530321.449856 1.228742 0.043632
1520530321.599860 1.226542 0.042486
1520530321.699863 1.226117 0.041837
1520530321.850152 1.229512 0.041231
1520530322.000157 1.232549 0.040233
1520530322.150162 1.233814 0.039351
1520530322.350210 1.229493 0.039085
1520530322.550216 1.227768 0.038874
1520530322.700026 1.233063 0.038407
1520530322.850030 1.234288 0.037672
1520530323.000035 1.232928 0.036944
1520530323.150076 1.229497 0.036333
1520530323.300080 1.229550 0.035960
1520530323.400084 1.234196 0.035463
1520530323.500345 1.233636 0.034499
1520530323.600348 1.232944 0.033471
1520530323.700351 1.231351 0.032734
1520530323.850356 1.230039 0.032127
1520530323.950154 1.229783 0.031894
1520530324.100159 1.228968 0.031630
1520530324.250163 1.229568 0.031284
1520530324.349910 1.235014 0.031044
1520530324.449913 1.236420 0.030768
1520530324.549915 1.235486 0.030520
1520530324.649919 1.235799 0.030246
1520530324.750020 1.235925 0.030068
1520530324.900024 1.235056 0.029932
1520530325.050029 1.234235 0.029803
1520530325.150817 1.234512 0.029662
1520530325.350824 1.233172 0.029115
1520530325.550913 1.236743 0.028366
1520530325.750919 1.232758 0.027400
1520530325.950541 1.229923 0.026927
1520530326.050549 1.230101 0.026719
1520530326.200549 1.231101 0.026347
1520530326.350204 1.231301 0.026122
1520530326.500209 1.230132 0.025922
1520530326.650213 1.230303 0.025878
1520530326.800428 1.230213 0.025809
1520530327.000434 1.229470 0.025262
1520530327.150431 1.229219 0.024761
1520530327.300436 1.230243 0.024419
1520530327.450441 1.229945 0.024168
1520530327.550090 1.231864 0.023982
1520530327.600091 1.231036 0.023825
1520530327.700094 1.229503 0.023572
1520530327.800097 1.228283 0.023394
1520530327.900100 1.227532 0.023261
1520530328.000280 1.226582 0.023038
1520530328.100283 1.226530 0.022860
1520530328.300290 1.225348 0.022640
1520530328.350291 1.225528 0.022635
1520530328.450338 1.224996 0.022579
1520530328.500340 1.224521 0.022566
1520530328.600344 1.224781 0.022550
1520530328.650346 1.224350 0.022542
1520530328.750348 1.224231 0.022518
1520530328.850087 1.224338 0.022460
1520530329.000092 1.225151 0.022295
1520530329.100095 1.225392 0.022148
1520530329.200044 1.225219 0.021993
1520530329.300047 1.225662 0.021825
1520530329.400050 1.225772 0.021605
1520530329.550055 1.225521 0.021380
1520530329.650099 1.225654 0.021293
1520530329.750102 1.226316 0.021219
1520530329.800104 1.226270 0.021194
1520530329.900107 1.226240 0.021147
1520530330.000110 1.226887 0.021063
1520530330.100162 1.227741 0.020923
1520530330.200165 1.228895 0.020719
1520530330.300169 1.229560 0.020449
1520530330.400172 1.230814 0.020201
1520530330.450787 1.230097 0.020085
1520530330.550790 1.229993 0.019969
1520530330.650793 1.230380 0.019928
1520530330.700795 1.230621 0.019922
1520530330.800798 1.230891 0.019891
1520530330.850367 1.231218 0.019857
1520530330.950279 1.230922 0.019748
1520530331.050282 1.230825 0.019645
1520530331.150285 1.231756 0.019580
1520530331.250735 1.232367 0.019529
1520530331.350738 1.232123 0.019503
1520530331.450741 1.232399 0.019485
1520530331.500743 1.232918 0.019479
1520530331.600746 1.232178 0.019454
1520530331.650479 1.232152 0.019405
1520530331.750483 1.231740 0.019228
1520530331.800484 1.231208 0.019099
1520530331.900488 1.230591 0.018803
1520530332.000491 1.230999 0.018538
1520530332.100388 1.230748 0.018316
1520530332.200392 1.231121 0.018149
1520530332.300399 1.230478 0.018022
1520530332.400401 1.230984 0.017968
1520530332.450399 1.230756 0.017945
1520530332.550483 1.230422 0.017932
1520530332.600486 1.230548 0.017929
1520530332.700489 1.231149 0.017916
1520530332.800492 1.231747 0.017865
1520530332.900164 1.232308 0.017814
1520530332.950166 1.232343 0.017784
1520530333.050169 1.233051 0.017738
1520530333.150173 1.234087 0.017713
1520530333.250175 1.234690 0.017676
1520530333.350610 1.234913 0.017608
1520530333.450613 1.235211 0.017542
1520530333.650619 1.235836 0.017518
1520530333.700541 1.236584 0.017504
1520530333.800544 1.236985 0.017504
1520530333.850545 1.236681 0.017500
1520530333.950549 1.237254 0.017489
1520530334.000561 1.237512 0.017477
1520530334.100216 1.238524 0.017406
1520530334.200219 1.239331 0.017276
1520530334.300222 1.239422 0.017176
1520530334.350224 1.239593 0.017132
1520530334.450227 1.239631 0.017060
1520530334.550086 1.239309 0.016993
1520530334.650089 1.239883 0.016954
1520530334.750092 1.240249 0.016917
1520530334.850095 1.240411 0.016873
1520530334.900097 1.240223 0.016848
1520530335.000929 1.239290 0.016814
1520530335.100933 1.239175 0.016807
1520530335.200936 1.239304 0.016801
1520530335.300938 1.239436 0.016789
1520530335.401458 1.239698 0.016782
1520530335.501461 1.239963 0.016779
1520530335.601512 1.239604 0.016771
1520530335.750223 1.239783 0.016764
1520530335.800224 1.240182 0.016762
1520530335.900227 1.240150 0.016740
1520530335.950229 1.239955 0.016725
1520530336.050232 1.240776 0.016701
1520530336.150177 1.240979 0.016678
1520530336.250180 1.241253 0.016641
1520530336.350183 1.241758 0.016568
1520530336.450186 1.242352 0.016479
1520530336.500188 1.242532 0.016426
1520530336.600584 1.242540 0.016335
1520530336.700586 1.242521 0.016270
1520530336.800590 1.242104 0.016223
1520530336.900594 1.242089 0.016195
1520530337.000258 1.242598 0.016169
1520530337.050259 1.242466 0.016136
1520530337.150262 1.242964 0.016071
1520530337.250265 1.243848 0.016023
1520530337.350269 1.244961 0.015994
1520530337.450303 1.245357 0.015964
1520530337.550306 1.245004 0.015939
1520530337.650309 1.246188 0.015893
1520530337.750312 1.247213 0.015804
1520530337.850855 1.248166 0.015686
1520530337.950858 1.248932 0.015574
1520530338.050862 1.249310 0.015488
1520530338.150864 1.248879 0.015423
1520530338.250473 1.248066 0.015382
1520530338.350476 1.247644 0.015365
1520530338.450479 1.247381 0.015350
1520530338.550482 1.247230 0.015332
1520530338.650261 1.247475 0.015299
1520530338.750266 1.247712 0.015264
1520530338.850267 1.247675 0.015225
1520530338.950270 1.248132 0.015198
1520530339.050959 1.248024 0.015153
1520530339.150962 1.248220 0.015127
1520530339.250965 1.248263 0.015104
1520530339.350968 1.247992 0.015090
1520530339.451687 1.247870 0.015087
1520530339.551690 1.248096 0.015084
1520530339.651693 1.247805 0.015076
1520530339.751697 1.247856 0.015064
1520530339.801698 1.247985 0.015057
1520530339.901057 1.248437 0.015047
1520530340.001061 1.248527 0.015026
1520530340.101063 1.248628 0.015013
1520530340.201067 1.249361 0.014996
1520530340.250395 1.249568 0.014983
1520530340.350399 1.249840 0.014949
1520530340.450401 1.249900 0.014907
1520530340.550404 1.250198 0.014871
1520530340.650347 1.250386 0.014839
1520530340.750350 1.250390 0.014821
1520530340.900354 1.250521 0.014807
1520530341.050774 1.250777 0.014800
1520530341.300782 1.251444 0.014777
1520530341.500713 1.251617 0.014764
1520530341.700719 1.251780 0.014756
1520530341.900542 1.251685 0.014743
1520530342.050546 1.251638 0.014727
1520530342.150549 1.251976 0.014715
1520530342.250553 1.252114 0.014695
1520530342.400676 1.252224 0.014660
1520530342.500679 1.252433 0.014642
1520530342.650684 1.252253 0.014605
1520530342.750644 1.252572 0.014571
1520530342.850648 1.252303 0.014526
1520530342.950651 1.252047 0.014472
1520530343.050654 1.252292 0.014399
1520530343.151133 1.252368 0.014314
1520530343.251136 1.252459 0.014225
1520530343.351140 1.252414 0.014115
1520530343.401141 1.252394 0.014064
1520530343.501404 1.252467 0.013950
1520530343.601407 1.252083 0.013818
1520530343.701410 1.252522 0.013688
1520530343.801413 1.252489 0.013548
1520530343.901416 1.252518 0.013414
1520530344.001403 1.252283 0.013265
1520530344.101406 1.252079 0.013116
1520530344.201410 1.252147 0.012984
1520530344.301413 1.252197 0.012858
1520530344.401411 1.252073 0.012740
1520530344.501414 1.251774 0.012629
1520530344.601418 1.251948 0.012530
1520530344.701421 1.251761 0.012427
1520530344.801638 1.251312 0.012346
1520530344.901641 1.251408 0.012291
1520530345.001644 1.251436 0.012221
1520530345.101647 1.251479 0.012160
1520530345.251745 1.251578 0.012078
1520530345.351748 1.251618 0.012027
1520530345.451751 1.251781 0.011987
1520530345.551195 1.251354 0.011944
1520530345.601196 1.251492 0.011936
1520530345.701199 1.251421 0.011897
1520530345.801203 1.251094 0.011870
1520530345.851204 1.250972 0.011859
1520530345.951161 1.250921 0.011835
1520530346.001475 1.250840 0.011826
1520530346.101479 1.250943 0.011806
1520530346.201481 1.251188 0.011783
1520530346.301485 1.251490 0.011772
1520530346.401376 1.251638 0.011757
1520530346.501379 1.251727 0.011752
1520530346.601382 1.251356 0.011738
1520530346.651383 1.251097 0.011734
1520530346.751386 1.251020 0.011725
1520530346.851546 1.251106 0.011717
1520530346.951549 1.251169 0.011710
1520530347.001551 1.251039 0.011705
1520530347.101554 1.250879 0.011703
1520530347.201400 1.251026 0.011697
1520530347.301403 1.251104 0.011693
1520530347.401407 1.251132 0.011690
1520530347.451408 1.251072 0.011686
1520530347.551411 1.250935 0.011684
1520530347.651220 1.250783 0.011679
1520530347.751223 1.250637 0.011677
1520530347.851226 1.250817 0.011673
1520530347.951229 1.250849 0.011672
1520530348.051164 1.250846 0.011667
1520530348.151168 1.250722 0.011667
1520530348.251170 1.250734 0.011666
1520530348.351173 1.250641 0.011664
1520530348.451416 1.250632 0.011663
1520530348.551419 1.250588 0.011662
1520530348.651423 1.250519 0.011662
1520530348.701425 1.250461 0.011662
1520530348.801428 1.250488 0.011662
1520530348.851315 1.250455 0.011661
1520530348.951318 1.250420 0.011660
1520530349.001320 1.250411 0.011660
1520530349.101323 1.250486 0.011660
1520530349.151325 1.250605 0.011660
1520530349.251106 1.250735 0.011660
1520530349.301107 1.250652 0.011659
1520530349.401110 1.250679 0.011659
1520530349.501114 1.250673 0.011658
1520530349.551115 1.250668 0.011658
1520530349.650935 1.250716 0.011658
1520530349.750943 1.250766 0.011658
1520530349.800940 1.250876 0.011657
1520530349.900986 1.250731 0.011657
1520530350.000946 1.250724 0.011655
1520530350.051376 1.250775 0.011656
1520530350.151379 1.250801 0.011655
1520530350.201381 1.250755 0.011654
1520530350.301384 1.250795 0.011653
1520530350.351387 1.250858 0.011653
1520530350.451515 1.250874 0.011652
1520530350.551518 1.250926 0.011651
1520530350.601520 1.250943 0.011650
1520530350.701523 1.251026 0.011649
1520530350.801526 1.251024 0.011649
1520530350.901571 1.251018 0.011648
1520530351.001574 1.250976 0.011647
1520530351.101578 1.251008 0.011646
1520530351.201581 1.251135 0.011645
1520530351.301683 1.251109 0.011643
1520530351.401685 1.251117 0.011643
1520530351.501759 1.251097 0.011642
1520530351.601688 1.251578 0.011640
1520530351.701695 1.251076 0.011637
1520530351.801698 1.251058 0.011637
1520530351.901701 1.251027 0.011637
1520530352.001704 1.250926 0.011637
1520530352.101805 1.250912 0.011635
1520530352.201808 1.250893 0.011635
1520530352.301811 1.250977 0.011634
1520530352.401814 1.250899 0.011634
1520530352.501469 1.250973 0.011633
1520530352.601472 1.250954 0.011633
1520530352.651474 1.250984 0.011631
1520530352.751477 1.250908 0.011632
1520530352.851480 1.251097 0.011631
1520530352.951099 1.250992 0.011630
1520530353.051102 1.250947 0.011629
1520530353.101208 1.250924 0.011628
1520530353.201107 1.250908 0.011628
1520530353.301110 1.250987 0.011628
1520530353.401399 1.250916 0.011628
1520530353.451401 1.250861 0.011627
1520530353.551404 1.250904 0.011624
1520530353.651407 1.251087 0.011626
1520530353.751736 1.251108 0.011625
1520530353.851739 1.250856 0.011625
1520530353.951742 1.250723 0.011624
1520530354.051745 1.250586 0.011624
1520530354.151896 1.250606 0.011623
1520530354.251899 1.250623 0.011623
1520530354.351902 1.250546 0.011621
1520530354.451905 1.250509 0.011622
1520530354.551594 1.250653 0.011621
1520530354.601593 1.250677 0.011621
1520530354.701596 1.250777 0.011621
1520530354.801599 1.250777 0.011621
1520530354.951359 1.250756 0.011619
1520530355.051362 1.250680 0.011619
1520530355.151365 1.250665 0.011618
1520530355.251368 1.250632 0.011617
1520530355.351371 1.250622 0.011617
1520530355.451408 1.250648 0.011617
1520530355.551411 1.250541 0.011617
1520530355.651416 1.250558 0.011616
1520530355.751418 1.250507 0.011615
1520530355.851533 1.250559 0.011616
1520530355.901534 1.250606 0.011615
1520530356.001537 1.250576 0.011616
1520530356.051539 1.250555 0.011615
1520530356.151542 1.250630 0.011615
1520530356.201376 1.250639 0.011615
1520530356.301379 1.250612 0.011615
1520530356.351380 1.250755 0.011615
1520530356.451383 1.250744 0.011614
1520530356.551386 1.250726 0.011614
1520530356.651234 1.250628 0.011615
1520530356.701236 1.250686 0.011614
1520530356.801239 1.250647 0.011614
1520530356.851240 1.250620 0.011614
1520530356.951243 1.250652 0.011614
1520530357.051154 1.250634 0.011614
1520530357.151157 1.250650 0.011614
1520530357.251160 1.250616 0.011614
1520530357.301162 1.250607 0.011613
1520530357.401658 1.250600 0.011613
1520530357.451660 1.250622 0.011612
1520530357.551663 1.250652 0.011613
1520530357.601666 1.250598 0.011613
1520530357.701667 1.250592 0.011613
1520530357.801671 1.250628 0.011613
1520530357.901559 1.250679 0.011613
1520530358.001562 1.250679 0.011613
1520530358.101565 1.250643 0.011612
1520530358.201568 1.250610 0.011612
1520530358.301626 1.250627 0.011612
1520530358.401629 1.250667 0.011611
1520530358.501632 1.250692 0.011611
1520530358.601636 1.250696 0.011611
1520530358.701800 1.250698 0.011611
1520530358.801803 1.250677 0.011611
1520530358.901806 1.250737 0.011610
1520530359.001810 1.250695 0.011610
1520530359.101811 1.250616 0.011610
1520530359.201810 1.250630 0.011610
1520530359.301813 1.250597 0.011609
1520530359.401817 1.250653 0.011609
1520530359.501870 1.250678 0.011609
1520530359.601873 1.250724 0.011609
1520530359.701876 1.250670 0.011609
1520530359.751878 1.250723 0.011608
1520530359.851881 1.250677 0.011608
1520530359.951828 1.250793 0.011608
1520530360.051831 1.250842 0.011608
1520530360.151834 1.250943 0.011607
1520530360.251837 1.251032 0.011606
1520530360.301316 1.251054 0.011606
1520530360.401319 1.250967 0.011607
1520530360.501323 1.250996 0.011607
1520530360.601326 1.251015 0.011606
1520530360.700978 1.251140 0.011606
1520530360.750980 1.251074 0.011606
1520530360.850983 1.251214 0.011605
1520530360.950988 1.251371 0.011605
1520530361.051064 1.251638 0.011603
1520530361.151045 1.251590 0.011603
1520530361.251048 1.251629 0.011603
1520530361.351051 1.251496 0.011604
1520530361.451055 1.251537 0.011603
1520530361.551692 1.251411 0.011603
1520530361.651695 1.251283 0.011600
1520530361.701696 1.251201 0.011598
1520530361.801700 1.251299 0.011603
1520530361.851701 1.251412 0.011603
1520530361.951941 1.251484 0.011603
1520530362.001942 1.251483 0.011602
1520530362.101945 1.251548 0.011602
1520530362.201949 1.251513 0.011600
1520530362.301951 1.251610 0.011600
1520530362.401625 1.251771 0.011600
1520530362.501628 1.251957 0.011599
1520530362.601631 1.252099 0.011597
1520530362.701634 1.252114 0.011596
1520530362.801366 1.252078 0.011595
1520530362.901369 1.252346 0.011594
1520530363.001372 1.252020 0.011595
1520530363.101375 1.252001 0.011595
1520530363.201651 1.251921 0.011593
1520530363.301654 1.251861 0.011594
1520530363.401658 1.251999 0.011594
1520530363.501661 1.251906 0.011593
1520530363.551745 1.251957 0.011594
1520530363.651748 1.252208 0.011594
1520530363.751751 1.252254 0.011593
1520530363.801753 1.252298 0.011593
1520530363.901756 1.252389 0.011593
1520530363.951780 1.252490 0.011592
1520530364.051784 1.252669 0.011593
1520530364.101785 1.252357 0.011592
1520530364.201788 1.252232 0.011592
1520530364.251789 1.252184 0.011591
1520530364.351792 1.252298 0.011592
1520530364.401853 1.252161 0.011592
1520530364.501856 1.252170 0.011591
1520530364.551858 1.252155 0.011591
1520530364.651861 1.252184 0.011592
1520530364.751864 1.252180 0.011592
1520530364.852377 1.252156 0.011592
1520530364.952380 1.252166 0.011592
1520530365.052383 1.252140 0.011592
1520530365.201844 1.252243 0.011592
1520530365.301847 1.252198 0.011591
1520530365.401850 1.252253 0.011591
1520530365.501853 1.252301 0.011591
1520530365.601535 1.252361 0.011590
1520530365.701539 1.252343 0.011590
1520530365.801546 1.252335 0.011589
1520530365.901545 1.252297 0.011588
1520530365.951546 1.252278 0.011587
1520530366.051908 1.252234 0.011588
1520530366.151911 1.252263 0.011587
1520530366.201913 1.252172 0.011588
1520530366.301916 1.252179 0.011588
1520530366.351918 1.252187 0.011587
1520530366.452121 1.252246 0.011587
1520530366.552125 1.252271 0.011586
1520530366.652128 1.252269 0.011587
1520530366.752132 1.252267 0.011587
1520530366.852166 1.252275 0.011587
1520530366.952169 1.252276 0.011587
1520530367.052172 1.252255 0.011587
1520530367.102178 1.252200 0.011587
1520530367.202177 1.252206 0.011587
1520530367.252540 1.252174 0.011586
1520530367.352543 1.252203 0.011586
1520530367.452546 1.252128 0.011585
1520530367.552549 1.252117 0.011586
1520530367.652264 1.252130 0.011587
1520530367.752267 1.252220 0.011587
1520530367.852271 1.252219 0.011586
1520530367.952274 1.252214 0.011585
1520530368.052124 1.252197 0.011585
1520530368.152127 1.252149 0.011585
1520530368.252130 1.252145 0.011585
1520530368.352134 1.252159 0.011585
1520530368.452048 1.252152 0.011584
1520530368.502050 1.252128 0.011584
1520530368.602053 1.252184 0.011584
1520530368.652054 1.252190 0.011585
1520530368.752057 1.252273 0.011585
1520530368.851389 1.252447 0.011582
1520530368.901391 1.252194 0.011585
1520530369.001394 1.252043 0.011583
1520530369.051395 1.252048 0.011583
1520530369.151398 1.252141 0.011585
1520530369.201400 1.252026 0.011585
1520530369.301537 1.252010 0.011585
1520530369.351538 1.252215 0.011585
1520530369.451542 1.252282 0.011585
1520530369.551545 1.252345 0.011585
1520530369.651548 1.252258 0.011585
1520530369.701896 1.252205 0.011584
1520530369.801900 1.252278 0.011585
1520530369.901903 1.252324 0.011585
1520530370.051908 1.252294 0.011585
1520530370.201933 1.252347 0.011585
1520530370.351937 1.252412 0.011585
1520530370.551883 1.252507 0.011585
1520530370.701889 1.252565 0.011583
1520530370.901941 1.252394 0.011583
1520530371.051946 1.252415 0.011584
1520530371.151949 1.252410 0.011584
1520530371.301953 1.252463 0.011581
1520530371.401953 1.252460 0.011580
1520530371.501956 1.252536 0.011584
1520530371.651961 1.252559 0.011584
1520530371.801961 1.252451 0.011583
1520530371.901964 1.252429 0.011583
1520530372.001968 1.252469 0.011584
1520530372.101971 1.252415 0.011582
1520530372.251958 1.252400 0.011582
1520530372.351961 1.252535 0.011583
1520530372.501966 1.252548 0.011582
1520530372.601958 1.252538 0.011583
1520530372.701961 1.252485 0.011583
1520530372.801964 1.252487 0.011583
1520530372.901967 1.252483 0.011582
1520530373.001619 1.252428 0.011583
1520530373.201626 1.252551 0.011583
1520530373.301629 1.252266 0.011582
1520530373.401458 1.252388 0.011583
1520530373.501461 1.252464 0.011582
1520530373.551463 1.252238 0.011582
1520530373.651466 1.252272 0.011582
1520530373.701467 1.252350 0.011582
1520530373.801615 1.252287 0.011582
1520530373.901585 1.252225 0.011581
1520530374.001588 1.252373 0.011582
1520530374.101591 1.252393 0.011582
1520530374.201953 1.252397 0.011582
1520530374.301956 1.252430 0.011582
1520530374.401959 1.252424 0.011582
1520530374.501962 1.252441 0.011582
1520530374.652408 1.252503 0.011582
1520530374.802413 1.252501 0.011582
1520530374.902417 1.252508 0.011582
1520530375.002442 1.252527 0.011582
1520530375.102445 1.252624 0.011582
1520530375.202449 1.252626 0.011582
1520530375.302452 1.252510 0.011581
1520530375.402252 1.252481 0.011581
1520530375.502216 1.252498 0.011581
1520530375.602219 1.252516 0.011581
1520530375.702222 1.252543 0.011581
1520530375.752223 1.252530 0.011581
1520530375.852258 1.252547 0.011581
1520530375.952261 1.252527 0.011581
1520530376.052264 1.252586 0.011581
1520530376.102265 1.252449 0.011581
1520530376.202270 1.252594 0.011581
1520530376.251950 1.252698 0.011580
1520530376.351954 1.252728 0.011581
1520530376.451957 1.252729 0.011581
1520530376.551960 1.252721 0.011581
1520530376.601961 1.252738 0.011581
1520530376.702664 1.252748 0.011581
1520530376.752666 1.252739 0.011581
1520530376.852669 1.252704 0.011580
1520530376.902671 1.252694 0.011581
1520530377.002721 1.252654 0.011581
1520530377.102900 1.252666 0.011581
1520530377.202903 1.252703 0.011581
1520530377.302906 1.252764 0.011581
1520530377.402909 1.252805 0.011581
1520530377.451719 1.252722 0.011581
1520530377.551722 1.252812 0.011580
1520530377.651725 1.252787 0.011580
1520530377.751728 1.252786 0.011581
1520530377.851407 1.252769 0.011581
1520530377.901409 1.252696 0.011581
1520530378.001412 1.252753 0.011580
1520530378.101416 1.252719 0.011581
1520530378.201419 1.252777 0.011581
1520530378.251420 1.252804 0.011581
1520530378.351513 1.252755 0.011581
1520530378.401515 1.252703 0.011579
1520530378.501517 1.252755 0.011580
1520530378.551519 1.252759 0.011581
1520530378.651522 1.252787 0.011581
1520530378.702209 1.252810 0.011581
1520530378.802212 1.252798 0.011580
1520530378.902215 1.252758 0.011581
1520530379.002218 1.252745 0.011581
1520530379.102149 1.252736 0.011581
1520530379.202152 1.252746 0.011581
1520530379.302155 1.252745 0.011581
1520530379.402159 1.252761 0.011581
1520530379.501850 1.252758 0.011581
1520530379.551852 1.252767 0.011580
1520530379.651855 1.252709 0.011580
1520530379.751858 1.252747 0.011580
1520530379.851861 1.252705 0.011580
1520530379.951826 1.252692 0.011580
1520530380.051829 1.252677 0.011580
1520530380.151832 1.252775 0.011580
1520530380.201888 1.252836 0.011580
1520530380.301736 1.252754 0.011580
1520530380.402163 1.252771 0.011579
1520530380.502165 1.252854 0.011579
1520530380.552166 1.252964 0.011580
1520530380.652170 1.253065 0.011580
1520530380.702171 1.253019 0.011580
1520530380.802136 1.253251 0.011580
1520530380.902139 1.252917 0.011578
1520530380.952141 1.252748 0.011579
1520530381.052144 1.252748 0.011579
1520530381.102146 1.252826 0.011579
1520530381.202049 1.252842 0.011580
1520530381.252051 1.252777 0.011579
1520530381.352054 1.252725 0.011580
1520530381.452057 1.252681 0.011580
1520530381.552262 1.252664 0.011580
1520530381.652265 1.252659 0.011580
1520530381.752268 1.252676 0.011580
1520530381.852271 1.252717 0.011580
1520530381.952332 1.252733 0.011580
1520530382.052335 1.252726 0.011580
1520530382.152338 1.252700 0.011580
1520530382.252342 1.252713 0.011580
1520530382.352159 1.252751 0.011580
1520530382.452162 1.252739 0.011580
1520530382.552165 1.252734 0.011579
1520530382.652168 1.252748 0.011580
1520530382.752171 1.252768 0.011580
1520530382.902248 1.252740 0.011580
1520530383.002250 1.252705 0.011580
1520530383.152255 1.252749 0.011580
1520530383.252208 1.252778 0.011580
1520530383.352211 1.252809 0.011580
1520530383.452214 1.252808 0.011580
1520530383.552217 1.252802 0.011580
1520530383.652472 1.252839 0.011580
1520530383.752476 1.252851 0.011580
1520530383.852479 1.252885 0.011579
1520530383.952482 1.252867 0.011580
1520530384.052531 1.252926 0.011580
1520530384.152534 1.253090 0.011580
1520530384.252537 1.253179 0.011579
1520530384.352541 1.253095 0.011580
1520530384.452434 1.252839 0.011579
1520530384.552437 1.252795 0.011580
1520530384.652440 1.252852 0.011579
1520530384.752443 1.253047 0.011579
1520530384.802857 1.252874 0.011580
1520530384.902860 1.252930 0.011579
1520530384.952861 1.252976 0.011579
1520530385.052864 1.252915 0.011580
1520530385.152867 1.252849 0.011580
1520530385.202869 1.252897 0.011580
1520530385.302707 1.252935 0.011580
1520530385.352709 1.252954 0.011579
1520530385.452712 1.253011 0.011579
1520530385.502713 1.252964 0.011580
1520530385.602716 1.252906 0.011580
1520530385.652486 1.252778 0.011579
1520530385.752489 1.252910 0.011580
1520530385.802491 1.252925 0.011580
1520530385.902494 1.252931 0.011580
1520530385.952497 1.252928 0.011580
1520530386.052544 1.252922 0.011580
1520530386.102546 1.252967 0.011578
1520530386.202549 1.252921 0.011579
1520530386.302552 1.252892 0.011580
1520530386.402554 1.252875 0.011580
1520530386.502760 1.252923 0.011579
1520530386.602814 1.252956 0.011580
1520530386.702766 1.252932 0.011579
1520530386.802769 1.252885 0.011579
1520530386.902676 1.252868 0.011580
1520530387.002679 1.252906 0.011579
1520530387.102682 1.252875 0.011580
1520530387.202685 1.252836 0.011579
1520530387.302607 1.252886 0.011579
1520530387.352609 1.252839 0.011579
1520530387.452612 1.252861 0.011579
1520530387.552615 1.252968 0.011580
1520530387.602617 1.252928 0.011579
1520530387.702457 1.252928 0.011579
1520530387.752459 1.252898 0.011579
1520530387.852464 1.252873 0.011579
1520530387.902463 1.252916 0.011579
1520530388.002466 1.252934 0.011579
1520530388.052468 1.252950 0.011579
1520530388.152496 1.253127 0.011579
1520530388.202544 1.253007 0.011578
1520530388.302501 1.252889 0.011579
1520530388.352502 1.252829 0.011578
1520530388.452505 1.252862 0.011579
1520530388.552854 1.252880 0.011579
1520530388.652857 1.252879 0.011579
1520530388.702858 1.252924 0.011578
1520530388.802861 1.252905 0.011579
1520530388.902233 1.252936 0.011579
1520530388.952235 1.252951 0.011579
1520530389.052238 1.252937 0.011579
1520530389.152242 1.252961 0.011579
1520530389.252245 1.252953 0.011579
1520530389.352936 1.252983 0.011579
1520530389.452939 1.253067 0.011579
1520530389.502940 1.252986 0.011579
1520530389.602943 1.252813 0.011579
1520530389.702846 1.252896 0.011579
1520530389.753403 1.252963 0.011579
1520530389.853406 1.252953 0.011579
1520530389.903408 1.252696 0.011578
1520530390.003411 1.252685 0.011578
1520530390.053412 1.252904 0.011579
1520530390.152569 1.253118 0.011579
1520530390.202569 1.252860 0.011572
1520530390.302572 1.252939 0.011578
1520530390.352575 1.252964 0.011579
1520530390.452578 1.252972 0.011579
1520530390.502578 1.252923 0.011578
1520530390.603326 1.252958 0.011579
1520530390.653327 1.252964 0.011579
1520530390.753331 1.252979 0.011579
1520530390.803333 1.252941 0.011579
1520530390.903336 1.252938 0.011579
1520530390.953379 1.252938 0.011579
1520530391.053383 1.252943 0.011579
1520530391.153385 1.252961 0.011578
1520530391.253388 1.252933 0.011579
1520530391.352333 1.252993 0.011578
1520530391.402366 1.252978 0.011579
1520530391.502338 1.253004 0.011579
1520530391.602341 1.252881 0.011579
1520530391.702344 1.252930 0.011579
1520530391.802426 1.252886 0.011579
1520530391.952430 1.252943 0.011579
1520530392.052433 1.252954 0.011579
1520530392.152436 1.252992 0.011579
1520530392.203142 1.253074 0.011578
1520530392.303145 1.252949 0.011579
1520530392.353147 1.252964 0.011579
1520530392.453150 1.252841 0.011579
1520530392.553153 1.252826 0.011579
1520530392.602235 1.253010 0.011579
1520530392.702237 1.252957 0.011579
1520530392.802241 1.252911 0.011579
1520530392.852242 1.252866 0.011579
1520530392.952245 1.252878 0.011579
1520530393.002174 1.252891 0.011579
1520530393.102156 1.252916 0.011579
1520530393.202159 1.252906 0.011579
1520530393.302161 1.252960 0.011579
1520530393.402921 1.253059 0.011579
1520530393.502924 1.253063 0.011580
1520530393.602927 1.253094 0.011580
1520530393.652929 1.253012 0.011579
1520530393.752932 1.252961 0.011577
1520530393.852959 1.252988 0.011579
1520530394.002964 1.253018 0.011579
1520530394.102968 1.253008 0.011579
1520530394.152969 1.253040 0.011578
1520530394.252167 1.253036 0.011578
1520530394.302169 1.252933 0.011579
1520530394.402172 1.252858 0.011578
1520530394.502175 1.252844 0.011577
1520530394.602189 1.252877 0.011579
1520530394.652876 1.252874 0.011577
1520530394.752879 1.252988 0.011577
1520530394.852882 1.252916 0.011579
1520530394.952885 1.252907 0.011579
1520530395.053731 1.253003 0.011578
1520530395.103732 1.252956 0.011579
1520530395.203735 1.253020 0.011579
1520530395.303738 1.253006 0.011580
1520530395.403742 1.253002 0.011579
1520530395.502707 1.252926 0.011579
1520530395.602710 1.252885 0.011579
1520530395.702713 1.252920 0.011579
1520530395.853078 1.253091 0.011577
1520530395.953081 1.253070 0.011579
1520530396.053084 1.253038 0.011580
1520530396.153087 1.252944 0.011579
1520530396.253235 1.252937 0.011579
1520530396.353238 1.252911 0.011579
1520530396.403240 1.252909 0.011579
1520530396.503243 1.252936 0.011579
1520530396.603246 1.252899 0.011579
1520530396.703145 1.252888 0.011578
1520530396.803148 1.252854 0.011579
1520530396.903152 1.252902 0.011579
1520530397.003155 1.252932 0.011579
1520530397.102782 1.252942 0.011579
1520530397.202785 1.252814 0.011578
1520530397.302788 1.252881 0.011577
1520530397.402791 1.252914 0.011578
1520530397.502304 1.252892 0.011578
1520530397.552306 1.252980 0.011579
1520530397.652309 1.253037 0.011579
1520530397.752312 1.252822 0.011579
1520530397.852315 1.252965 0.011579
1520530397.952586 1.252903 0.011579
1520530398.052589 1.252884 0.011579
1520530398.152592 1.252862 0.011579
1520530398.252596 1.252846 0.011579
1520530398.303365 1.252901 0.011579
1520530398.403368 1.252971 0.011580
1520530398.453370 1.252992 0.011580
1520530398.553373 1.253027 0.011580
1520530398.603375 1.253003 0.011580
1520530398.703221 1.252955 0.011580
1520530398.753223 1.252813 0.011579
1520530398.853226 1.252740 0.011579
1520530398.903227 1.252809 0.011579
1520530399.003230 1.252875 0.011579
1520530399.053232 1.252870 0.011579
1520530399.152330 1.252824 0.011577
1520530399.202332 1.252665 0.011574
1520530399.302335 1.252828 0.011579
1520530399.352336 1.252853 0.011579
1520530399.452339 1.252855 0.011579
1520530399.502341 1.252859 0.011578
1520530399.603008 1.252859 0.011579
1520530399.703011 1.252929 0.011579
1520530399.803014 1.252929 0.011578
1520530399.903017 1.252925 0.011579
1520530399.953275 1.252853 0.011579
1520530400.053278 1.252870 0.011579
1520530400.103279 1.252831 0.011579
1520530400.203283 1.252866 0.011579
1520530400.253284 1.252845 0.011579
1520530400.352494 1.252885 0.011579
1520530400.452498 1.252896 0.011579
1520530400.502500 1.252848 0.011577
1520530400.602502 1.252867 0.011579
1520530400.702505 1.252879 0.011578
1520530400.752291 1.252897 0.011578
1520530400.852294 1.252901 0.011579
1520530400.902295 1.252825 0.011577
1520530401.002299 1.252840 0.011579
1520530401.102302 1.252866 0.011579
1520530401.202755 1.252842 0.011579
1520530401.252756 1.252880 0.011579
1520530401.352759 1.252944 0.011579
1520530401.402761 1.252897 0.011579
1520530401.502764 1.252865 0.011579
1520530401.603037 1.252895 0.011579
1520530401.653039 1.252867 0.011579
1520530401.753042 1.252932 0.011579
1520530401.853045 1.252898 0.011579
1520530401.953048 1.252854 0.011579
1520530402.002281 1.252857 0.011579
1520530402.102285 1.252862 0.011579
1520530402.152286 1.252848 0.011579
1520530402.252289 1.252852 0.011579
1520530402.302290 1.252860 0.011579
1520530402.402567 1.252873 0.011579
1520530402.452569 1.252861 0.011578
1520530402.552572 1.252863 0.011579
1520530402.652672 1.252890 0.011579
1520530402.752578 1.252847 0.011578
1520530402.803416 1.252804 0.011578
1520530402.903419 1.252801 0.011579
1520530402.953420 1.252707 0.011579
1520530403.053424 1.252899 0.011579
1520530403.103425 1.252984 0.011579
1520530403.202933 1.252975 0.011579
1520530403.252935 1.252931 0.011579
1520530403.352938 1.252953 0.011579
1520530403.402940 1.252794 0.011579
1520530403.502943 1.252761 0.011579
1520530403.552945 1.252638 0.011579
1520530403.652254 1.252763 0.011579
1520530403.702256 1.253177 0.011576
1520530403.802258 1.252842 0.011579
1520530403.852261 1.252780 0.011579
1520530403.952263 1.252785 0.011579
1520530404.002264 1.252966 0.011576
1520530404.102746 1.252977 0.011579
1520530404.152748 1.252879 0.011579
1520530404.252829 1.252871 0.011579
1520530404.352754 1.252839 0.011579
1520530404.453112 1.252824 0.011578
1520530404.503114 1.252824 0.011578
1520530404.603117 1.252834 0.011579
1520530404.703120 1.252822 0.011579
1520530404.803123 1.252821 0.011579
1520530404.852642 1.252824 0.011579
1520530404.952645 1.252852 0.011579
1520530405.002647 1.252881 0.011579
1520530405.102650 1.252864 0.011579
1520530405.202653 1.252826 0.011578
1520530405.252327 1.252841 0.011579
1520530405.352331 1.252872 0.011579
1520530405.402333 1.252916 0.011578
1520530405.502335 1.252855 0.011579
1520530405.552337 1.252860 0.011579
1520530405.652792 1.252916 0.011578
1520530405.702792 1.252873 0.011577
1520530405.802797 1.252834 0.011579
1520530405.852855 1.252816 0.011579
1520530405.952801 1.252778 0.011578
1520530406.052804 1.252809 0.011579
1520530406.103570 1.252902 0.011579
1520530406.203573 1.252884 0.011579
1520530406.253574 1.252861 0.011579
1520530406.353577 1.252891 0.011579
1520530406.403579 1.252818 0.011579
1520530406.503485 1.252895 0.011579
1520530406.603489 1.252780 0.011577
1520530406.703492 1.253125 0.011579
1520530406.803495 1.252970 0.011579
1520530406.902692 1.252910 0.011579
1520530406.952693 1.252762 0.011579
1520530407.052696 1.252751 0.011578
1520530407.152699 1.252765 0.011578
1520530407.202701 1.253119 0.011577
1520530407.303185 1.253094 0.011578
1520530407.353185 1.252982 0.011578
1520530407.453221 1.252780 0.011579
1520530407.503190 1.252827 0.011579
1520530407.603193 1.252839 0.011579
1520530407.653194 1.252836 0.011579
1520530407.753511 1.252825 0.011579
1520530407.803513 1.252839 0.011579
1520530407.903516 1.252840 0.011579
1520530407.953518 1.252838 0.011579
1520530408.053521 1.252848 0.011578
1520530408.103522 1.252847 0.011579
1520530408.203605 1.252814 0.011579
1520530408.303608 1.252799 0.011579
1520530408.403612 1.252778 0.011579
1520530408.503614 1.252791 0.011578
1520530408.553374 1.252786 0.011578
1520530408.653377 1.252747 0.011578
1520530408.753380 1.252718 0.011578
1520530408.853383 1.252743 0.011578
1520530408.952878 1.252769 0.011579
1520530409.052890 1.252771 0.011578
1520530409.152884 1.252700 0.011577
1520530409.202886 1.252667 0.011578
1520530409.302889 1.252674 0.011578
1520530409.402904 1.252693 0.011578
1520530409.502907 1.252737 0.011579
1520530409.602910 1.252822 0.011579
1520530409.702913 1.252759 0.011579
1520530409.802656 1.252728 0.011579
1520530409.902659 1.252741 0.011578
1520530410.002662 1.252770 0.011579
1520530410.102666 1.252769 0.011579
1520530410.153223 1.252809 0.011578
1520530410.253226 1.252795 0.011578
1520530410.353231 1.252798 0.011579
1520530410.453232 1.252814 0.011579
1520530410.553235 1.252781 0.011578
1520530410.653876 1.252746 0.011579
1520530410.753879 1.252766 0.011579
1520530410.853882 1.252683 0.011579
1520530410.953885 1.252780 0.011579
1520530411.053420 1.252764 0.011579
1520530411.153423 1.252798 0.011579
1520530411.303427 1.252828 0.011579
1520530411.403009 1.252709 0.011579
1520530411.453010 1.252783 0.011578
1520530411.553013 1.252779 0.011579
1520530411.653017 1.252714 0.011579
1520530411.753020 1.252798 0.011579
1520530411.852907 1.252814 0.011578
1520530411.902909 1.252808 0.011579
1520530412.002912 1.252810 0.011579
1520530412.052913 1.252776 0.011579
1520530412.152916 1.252768 0.011579
1520530412.203416 1.252789 0.011578
1520530412.303419 1.252782 0.011579
1520530412.403422 1.252765 0.011579
1520530412.503425 1.252783 0.011579
1520530412.553426 1.252806 0.011579
1520530412.653630 1.252817 0.011578
1520530412.753633 1.252788 0.011579
1520530412.853636 1.252828 0.011579
1520530412.903637 1.252792 0.011579
1520530413.003641 1.252803 0.011579
1520530413.053009 1.252763 0.011578
1520530413.153012 1.252775 0.011578
1520530413.203014 1.252691 0.011578
1520530413.303017 1.252688 0.011578
1520530413.403021 1.252593 0.011578
1520530413.502941 1.252690 0.011578
1520530413.602944 1.252726 0.011578
1520530413.802951 1.252815 0.011572
1520530413.953110 1.252792 0.011578
1520530414.053113 1.252818 0.011578
1520530414.153116 1.252745 0.011579
1520530414.252894 1.252724 0.011578
1520530414.352897 1.252769 0.011578
1520530414.452900 1.252816 0.011578
1520530414.552903 1.252995 0.011578
1520530414.652705 1.253001 0.011577
1520530414.752708 1.252893 0.011578
1520530414.852712 1.252829 0.011578
1520530414.952715 1.252676 0.011578
1520530415.052718 1.252771 0.011578
1520530415.153197 1.252786 0.011578
1520530415.253200 1.252768 0.011578
1520530415.403205 1.252721 0.011578
1520530415.503115 1.252727 0.011578
1520530415.603071 1.252787 0.011578
1520530415.703074 1.252783 0.011578
1520530415.803077 1.252793 0.011578
1520530415.953363 1.252815 0.011578
1520530416.153369 1.252804 0.011578
1520530416.503381 1.252860 0.011577
1520530416.603384 1.252971 0.011574
1520530416.703272 1.252904 0.011575
1520530416.753274 1.252863 0.011575
1520530416.853277 1.252790 0.011578
1520530416.953280 1.252781 0.011578
1520530417.053283 1.252785 0.011578
1520530417.153371 1.252793 0.011579
1520530417.253374 1.252847 0.011578
1520530417.503382 1.252882 0.011578
1520530417.653467 1.252824 0.011578
1520530417.753470 1.252840 0.011577
1520530417.853473 1.252836 0.011578
1520530417.953455 1.252799 0.011578
1520530418.053458 1.252810 0.011578
1520530418.153462 1.252831 0.011577
1520530418.253465 1.252785 0.011577
1520530418.403432 1.252777 0.011578
1520530418.553437 1.252803 0.011578
1520530418.753343 1.252757 0.011577
1520530418.853346 1.252787 0.011576
1520530418.953350 1.252763 0.011578
1520530419.053353 1.252720 0.011577
1520530419.153533 1.252738 0.011575
1520530419.253536 1.252784 0.011577
1520530419.353539 1.252792 0.011577
1520530419.453542 1.252778 0.011578
1520530419.603729 1.252738 0.011578
1520530419.753734 1.252743 0.011578
1520530419.853738 1.252774 0.011577
1520530419.953740 1.252791 0.011577
1520530420.053599 1.252787 0.011576
1520530420.153602 1.252794 0.011577
1520530420.253605 1.252806 0.011577
1520530420.353608 1.252834 0.011577
1520530420.453700 1.252848 0.011578
1520530420.603705 1.252789 0.011577
1520530420.803356 1.252897 0.011575
1520530420.903359 1.252803 0.011578
1520530421.003363 1.252836 0.011577
1520530421.103366 1.252821 0.011576
1520530421.203429 1.252757 0.011575
1520530421.303432 1.252798 0.011573
1520530421.403435 1.252811 0.011576
1520530421.503439 1.252785 0.011576
1520530421.603611 1.252825 0.011578
1520530421.703614 1.252869 0.011578
1520530421.853618 1.252834 0.011576
1520530422.003623 1.252877 0.011577
1520530422.103474 1.252794 0.011578
1520530422.203477 1.252774 0.011578
1520530422.303480 1.252729 0.011578
1520530422.403483 1.252700 0.011577
1520530422.503396 1.252745 0.011577
1520530422.553398 1.252798 0.011576
1520530422.653400 1.252819 0.011577
1520530422.753403 1.252789 0.011577
1520530422.853580 1.252754 0.011577
1520530423.053588 1.252773 0.011578
1520530423.153591 1.252826 0.011578
1520530423.253316 1.252764 0.011578
1520530423.353319 1.252781 0.011578
1520530423.453322 1.252814 0.011578
1520530423.603327 1.252936 0.011578
1520530423.652983 1.252872 0.011577
1520530423.752986 1.252899 0.011576
1520530423.852990 1.252850 0.011577
1520530423.952993 1.252802 0.011578
1520530424.002994 1.252794 0.011577
1520530424.103253 1.252801 0.011578
1520530424.153255 1.252822 0.011577
1520530424.253258 1.252821 0.011578
1520530424.353261 1.253037 0.011563
1520530424.453264 1.252747 0.011576
1520530424.504722 1.253938 0.011578
1520530424.604726 1.252879 0.011577
1520530424.704729 1.252854 0.011578
1520530424.854733 1.252914 0.011578
1520530424.903374 1.252888 0.011577
1520530425.003378 1.252852 0.011578
1520530425.053379 1.252800 0.011578
1520530425.153383 1.252810 0.011578
1520530425.253385 1.252803 0.011564
1520530425.353734 1.252619 0.011577
1520530425.453737 1.252831 0.011578
1520530425.603741 1.252873 0.011578
1520530425.703675 1.252893 0.011578
1520530425.753677 1.252860 0.011577
1520530425.853680 1.252828 0.011578
1520530425.903682 1.252798 0.011578
1520530426.003685 1.252860 0.011578
1520530426.103474 1.252898 0.011577
1520530426.203477 1.252877 0.011578
1520530426.303480 1.252873 0.011578
1520530426.353481 1.252864 0.011577
1520530426.453484 1.252888 0.011578
1520530426.503486 1.252901 0.011578
1520530426.653554 1.252966 0.011579
1520530426.753558 1.253008 0.011578
1520530426.803559 1.252877 0.011578
1520530426.903562 1.252910 0.011578
1520530426.953598 1.252904 0.011577
1520530427.053602 1.252948 0.011577
1520530427.153605 1.252955 0.011577
1520530427.253608 1.252952 0.011577
1520530427.353592 1.252877 0.011577
1520530427.453595 1.252842 0.011578
1520530427.803679 1.253335 0.011577
1520530427.903683 1.253338 0.011578
1520530427.953684 1.253058 0.011574
1520530428.053687 1.252948 0.011578
1520530428.103692 1.252805 0.011576
1520530428.203537 1.252802 0.011576
1520530428.253538 1.252843 0.011577
1520530428.353542 1.252833 0.011577
1520530428.403618 1.252850 0.011578
1520530428.503546 1.252793 0.011578
1520530428.553451 1.252805 0.011578
1520530428.653454 1.252813 0.011578
1520530428.753457 1.252788 0.011578
1520530428.803458 1.252769 0.011578
1520530428.903461 1.252942 0.011578
1520530428.953463 1.253053 0.011578
1520530429.053445 1.253197 0.011578
1520530429.103447 1.253263 0.011577
1520530429.203450 1.253306 0.011578
1520530429.253451 1.253106 0.011578
1520530429.353455 1.253123 0.011578
1520530429.403551 1.253085 0.011577
1520530429.503555 1.253071 0.011578
1520530429.553556 1.252971 0.011578
1520530429.653559 1.252931 0.011578
1520530429.703560 1.252853 0.011578
1520530429.803622 1.252876 0.011577
1520530429.853626 1.252905 0.011577
1520530429.953626 1.252859 0.011578
1520530430.003663 1.252846 0.011578
1520530430.103631 1.252859 0.011578
1520530430.153632 1.252872 0.011578
1520530430.253346 1.252853 0.011577
1520530430.303347 1.252861 0.011578
1520530430.403350 1.252855 0.011578
1520530430.453352 1.252838 0.011578
1520530430.553355 1.252811 0.011578
1520530430.653528 1.252820 0.011578
1520530430.753532 1.252760 0.011578
1520530430.803533 1.252814 0.011578
1520530430.903536 1.252831 0.011578
1520530431.003696 1.252855 0.011578
1520530431.103700 1.252893 0.011578
1520530431.153701 1.252866 0.011578
1520530431.253704 1.252861 0.011578
1520530431.303706 1.252854 0.011578
1520530431.403709 1.252908 0.011578
1520530431.453562 1.252890 0.011578
1520530431.553565 1.252886 0.011577
1520530431.603567 1.252867 0.011577
1520530431.703570 1.252947 0.011577
1520530431.753571 1.253148 0.011577
1520530431.853524 1.253241 0.011577
1520530431.903526 1.253029 0.011578
1520530432.003529 1.252968 0.011578
1520530432.053530 1.252877 0.011578
1520530432.153533 1.252845 0.011578
1520530432.203536 1.252838 0.011577
1520530432.303698 1.252694 0.011577
1520530432.353700 1.252831 0.011578
1520530432.453702 1.252845 0.011578
1520530432.553705 1.252839 0.011578
1520530432.603708 1.252869 0.011578
1520530432.703550 1.252882 0.011577
1520530432.753551 1.252892 0.011577
1520530432.853554 1.252879 0.011578
1520530432.903556 1.252844 0.011578
1520530433.003559 1.252996 0.011577
1520530433.103691 1.253138 0.011578
1520530433.153693 1.253161 0.011577
1520530433.253695 1.253072 0.011578
1520530433.353699 1.252991 0.011578
1520530433.453702 1.252917 0.011577
1520530433.553795 1.252870 0.011577
1520530433.653798 1.252826 0.011578
1520530433.753801 1.252816 0.011578
1520530433.853804 1.252825 0.011578
1520530433.903631 1.252851 0.011578
1520530434.003634 1.252862 0.011578
1520530434.053635 1.252831 0.011577
1520530434.153638 1.252808 0.011578
1520530434.203641 1.252764 0.011578
1520530434.303478 1.252794 0.011578
1520530434.353481 1.252759 0.011578
1520530434.453483 1.252757 0.011578
1520530434.503485 1.252812 0.011578
1520530434.603488 1.252818 0.011577
1520530434.653489 1.252805 0.011577
1520530434.753658 1.252775 0.011578
1520530434.803658 1.252792 0.011578
1520530434.903661 1.252819 0.011577
1520530434.953663 1.252800 0.011578
1520530435.053667 1.252801 0.011578
1520530435.153798 1.252814 0.011577
1520530435.203799 1.252820 0.011577
1520530435.303802 1.252836 0.011578
1520530435.353804 1.252825 0.011578
1520530435.453807 1.252821 0.011578
1520530435.504086 1.252806 0.011577
1520530435.604089 1.252812 0.011578
1520530435.654091 1.252819 0.011577
1520530435.754094 1.252821 0.011578
1520530435.804096 1.252807 0.011578
1520530435.904099 1.252804 0.011578
1520530435.953835 1.252801 0.011577
1520530436.053838 1.252783 0.011577
1520530436.103839 1.252773 0.011578
1520530436.203843 1.252779 0.011578
1520530436.253844 1.252775 0.011578
1520530436.353956 1.252728 0.011578
1520530436.453978 1.252759 0.011578
1520530436.653965 1.252948 0.011577
1520530436.754031 1.252895 0.011577
1520530436.854034 1.252875 0.011577
1520530436.904035 1.252824 0.011576
1520530437.004039 1.252784 0.011578
1520530437.054040 1.252779 0.011577
1520530437.153533 1.252793 0.011575
1520530437.203536 1.252795 0.011573
1520530437.303539 1.252817 0.011577
1520530437.353539 1.252910 0.011577
1520530437.453545 1.252908 0.011577
1520530437.503545 1.252821 0.011577
1520530437.603872 1.252772 0.011575
1520530437.653873 1.252785 0.011577
1520530437.753876 1.252779 0.011578
1520530437.803878 1.252782 0.011578
1520530437.903881 1.252788 0.011577
1520530438.004481 1.252781 0.011578
1520530438.104484 1.252773 0.011578
1520530438.204487 1.252766 0.011578
1520530438.304490 1.252752 0.011578
1520530438.354492 1.252779 0.011577
1520530438.453623 1.252750 0.011577
1520530438.503624 1.252712 0.011578
1520530438.603628 1.252746 0.011578
1520530438.703631 1.252750 0.011577
1520530438.753632 1.252745 0.011577
1520530438.854392 1.252785 0.011577
1520530438.954395 1.252809 0.011577
1520530439.104398 1.252840 0.011578
1520530439.204654 1.252840 0.011578
1520530439.354659 1.252765 0.011578
1520530439.554665 1.252621 0.011578
1520530439.654178 1.252704 0.011578
1520530439.754182 1.252729 0.011578
1520530439.854185 1.252786 0.011577
1520530439.954188 1.252873 0.011578
1520530440.054101 1.252829 0.011578
1520530440.204106 1.252990 0.011577
1520530440.354110 1.253078 0.011577
1520530440.453977 1.253215 0.011577
1520530440.553980 1.253249 0.011577
1520530440.653984 1.253244 0.011577
1520530440.753987 1.253140 0.011577
1520530440.903872 1.252933 0.011578
1520530441.003875 1.252886 0.011578
1520530441.103878 1.252876 0.011578
1520530441.203881 1.252885 0.011578
1520530441.303927 1.252890 0.011578
1520530441.403893 1.252861 0.011578
1520530441.503896 1.252831 0.011578
1520530441.603899 1.252824 0.011578
1520530441.754086 1.252838 0.011578
1520530441.904091 1.252832 0.011578
1520530442.004094 1.252758 0.011577
1520530442.104032 1.252744 0.011577
1520530442.204035 1.252737 0.011577
1520530442.304038 1.252812 0.011576
1520530442.404042 1.252752 0.011576
1520530442.453714 1.252759 0.011575
1520530442.553717 1.252744 0.011576
1520530442.603719 1.252813 0.011575
1520530442.703722 1.252782 0.011577
1520530442.753723 1.252720 0.011577
1520530442.853726 1.252722 0.011577
1520530442.954377 1.252742 0.011578
1520530443.054381 1.252766 0.011577
1520530443.154384 1.252775 0.011578
1520530443.304466 1.252849 0.011578
1520530443.504473 1.252889 0.011578
1520530443.604476 1.252832 0.011577
1520530443.704013 1.252846 0.011574
1520530443.754014 1.252752 0.011578
1520530443.854018 1.252711 0.011578
1520530443.954022 1.252813 0.011578
1520530444.054024 1.252797 0.011577
1520530444.154403 1.252768 0.011578
1520530444.254406 1.252761 0.011578
1520530444.354410 1.252737 0.011577
1520530444.454413 1.252762 0.011577
1520530444.505161 1.252676 0.011577
1520530444.605164 1.252695 0.011578
1520530444.705167 1.252713 0.011578
1520530444.805170 1.252789 0.011578
1520530444.905173 1.252810 0.011577
1520530444.954962 1.252764 0.011578
1520530445.054965 1.252735 0.011578
1520530445.104967 1.252739 0.011577
1520530445.204970 1.252733 0.011578
1520530445.304973 1.252743 0.011578
1520530445.353892 1.252724 0.011578
1520530445.453896 1.252745 0.011576
1520530445.503898 1.252722 0.011577
1520530445.603900 1.252722 0.011577
1520530445.653902 1.252754 0.011570
1520530445.753751 1.252717 0.011577
1520530445.803752 1.252704 0.011577
1520530445.903755 1.252711 0.011578
1520530445.953757 1.252715 0.011578
1520530446.053761 1.252708 0.011578
1520530446.103761 1.252690 0.011578
1520530446.204900 1.252723 0.011578
1520530446.304903 1.252718 0.011578
1520530446.404906 1.252673 0.011578
1520530446.504909 1.252725 0.011578
1520530446.604785 1.252782 0.011577
1520530446.704788 1.252857 0.011576
1520530446.804791 1.252867 0.011576
1520530446.904794 1.252834 0.011575
1520530446.954330 1.252808 0.011574
1520530447.054334 1.252775 0.011576
1520530447.154337 1.252748 0.011577
1520530447.254340 1.252739 0.011577
1520530447.354343 1.252777 0.011578
1520530447.454125 1.252747 0.011578
1520530447.604130 1.252696 0.011573
1520530447.754142 1.252729 0.011578
1520530448.203885 1.252816 0.011578
1520530448.353889 1.252831 0.011575
