DelayedMarginalization 0.000979142 3.15038e-08 0.00165232 1389
DelayedMarginalizationOnly 0.000470763 1.91608e-08 0.000947001 1389
EF-marginalizeFrame 0.00137155 4.72898e-08 0.00231261 1389
FullSystem::trackNewCoarse 0.0026002 7.08995e-07 0.00898241 2672
FullSystem::trackNewCoarseNoIMU 0.00188817 2.41346e-05 0.0530584 111
FullSystemOptimize 0.0396874 4.85879e-05 0.0701541 1395
GraphUnrolling 0.00545261 3.91691e-05 0.0169414 7
IMUInitAddPose 2.38429e-05 1.31942e-11 6.9347e-05 1395
IMUInitOptimize 0.00336394 2.86493e-06 0.00553183 4
IMUIntegration::finishKeyframeOperations 6.17852e-05 1.39601e-10 0.000127314 1386
InitializerFirstFrame 0.0457216 -nan 0.0457216 1
InitializerOtherFrames 0.060613 0.000138995 0.0934347 35
MainMarginalization 0.00121979 4.07738e-08 0.00201553 1389
MarginalizationReplacementBuildGraph 0.000853282 1.0037e-06 0.00282855 6
MarginalizationReplacementReplaceGraph 0.00717508 4.72222e-05 0.0170518 5
MarginalizeMainGraph 0.000507716 6.90621e-09 0.000755842 1389
PGBA 0.0116378 3.89392e-06 0.0130331 2
PGBAFull 0.00360514 3.54999e-05 0.0145193 8
PrepareGraphForMainOptimization 0.0055008 3.94308e-05 0.0170258 7
VisualMarginalization 4.13322e-05 7.84107e-11 9.2424e-05 1389
activatePointsMT 0.00345859 8.43784e-07 0.00842537 1395
addActiveFrame 0.0408351 0.00094571 0.120196 2819
addIMUData 0.000690574 1.10563e-07 0.0159902 2672
addIMUDataToBA 3.76473e-05 2.52092e-10 0.000506431 2818
addKeyframeToBA 3.24365e-05 2.38346e-11 8.3477e-05 1395
afterCoarseTracking 2.6902e-07 3.71715e-14 9.786e-06 2783
baIteration 0.00609109 1.34995e-06 0.0171708 8028
baMatrixInversion 0.000231944 1.99683e-09 0.000597099 8028
baUpdateBuildHessians 0.000511605 4.9665e-09 0.00232413 8028
coarseTrackingIteration 0.000204961 5.04998e-09 0.00123888 28301
computeBAUpdate 0.000828577 1.40865e-08 0.00261516 8028
computeCoarseUpdate 9.96903e-05 6.04609e-10 0.00116535 26072
computeFactorForCoarseGraphAndMarginalCovariances 0.0031858 4.82332e-07 0.00651066 1386
convertHAndBFromDSO 0.000151991 3.53099e-09 0.000566024 13587
debugPlot 8.14108e-08 1.92959e-15 4.09e-07 1395
debugPlotIDepthMap 3.54224e-07 4.77259e-15 8.96e-07 1395
debugPlotIDepthMapFloat 8.01297e-08 1.05157e-15 3.52e-07 1395
deliverTrackedFrame 0.0350191 0.000936543 0.114089 2784
flagFramesForMarginalization 1.6344e-06 2.63679e-13 1.1233e-05 1395
fullCoarseTracking 0.00335428 1.89886e-06 0.0531237 2783
initObjectsAndMakeImage 0.00216722 8.11903e-08 0.00442859 2819
makeKeyframe 0.0648344 8.29814e-05 0.114085 1395
makeKeyframeChangeTrackingRef 0.00235531 2.26334e-07 0.00471259 1395
makeNewTraces 0.0056024 1.05964e-06 0.0131268 1395
makeNonKeyframe 0.00507072 3.40041e-06 0.00959719 1389
marginalizeAndRemovePoints 0.00312291 1.04181e-06 0.00686704 1395
marginalizeFrame 0.00240335 1.36805e-07 0.00400837 1389
marginalizeFrameOverhead 0.00102948 5.91472e-08 0.00225799 1389
marginalizeFrames 0.00240085 2.80284e-07 0.00470559 1395
newFrameAndNewResidualsForOldPoints 0.00102138 5.39923e-08 0.00192937 1395
printBiases 3.80227e-05 9.45525e-11 0.000101794 1395
printEigenValLine 1.18438e-07 6.93936e-16 7e-07 1395
printLogLine 2.18949e-07 4.40776e-13 2.2263e-05 1395
publishInMakeKeyframe 1.93865e-07 7.18158e-14 7.07e-06 1395
removeOutliers 0.000174346 2.18843e-09 0.000570589 1395
swapTrackingRef 2.29642e-05 1.59471e-11 6.2317e-05 1395
timeMeasurement 8.37888e-07 1.36073e-13 1.0992e-05 2819
traceNewCoarse 0.00418715 3.31417e-06 0.00958709 2784
updateBAValues 5.74168e-06 3.32966e-12 4.6454e-05 13208
zero 1.02442e-07 9.45618e-16 5.08e-07 2819
