1520530315.499642 2.059891 0.636005
1520530315.599645 1.935801 0.439832
1520530315.699637 1.969175 0.368920
1520530315.849642 1.970573 0.279344
1520530315.949645 1.958964 0.254828
1520530316.049648 1.928590 0.240816
1520530316.250226 1.888175 0.225667
1520530316.400230 1.866936 0.210858
1520530316.600278 1.886524 0.203675
1520530316.850286 1.885689 0.226367
1520530316.999775 1.925596 0.220914
1520530317.099778 1.960945 0.209340
1520530317.249782 1.978713 0.181961
1520530317.349743 1.997814 0.172255
1520530317.499748 1.985239 0.158731
1520530317.649755 1.963734 0.151438
1520530317.800239 1.956742 0.146489
1520530317.950243 1.950454 0.144840
1520530318.100248 1.947853 0.144522
1520530318.250771 1.947486 0.143966
1520530318.400775 1.952897 0.141286
1520530318.550780 1.956424 0.138997
1520530318.700570 1.964189 0.136329
1520530318.900576 1.978062 0.134706
1520530318.999955 1.993943 0.133565
1520530319.099959 1.997647 0.129840
1520530319.199962 2.000660 0.125954
1520530319.299965 2.006073 0.119462
1520530319.449833 2.011359 0.115810
1520530319.549837 2.011867 0.113650
1520530319.699841 2.010575 0.112673
1520530319.850343 2.014393 0.112719
1520530319.950346 2.015402 0.111830
1520530320.050349 2.019865 0.110385
1520530320.150352 2.019861 0.108962
1520530320.250402 2.025198 0.107935
1520530320.350405 2.032586 0.107669
1520530320.450408 2.038023 0.107201
1520530320.550412 2.031872 0.105875
1520530320.649871 2.029899 0.104569
1520530320.749874 2.043142 0.103773
1520530320.849877 2.052192 0.100826
1520530320.999882 2.063112 0.099155
1520530321.099742 2.068583 0.098315
1520530321.199745 2.078268 0.097908
1520530321.299749 2.083569 0.097348
1520530321.399751 2.083598 0.096778
1520530321.499857 2.084262 0.095777
1520530321.649862 2.080983 0.092866
1520530321.749865 2.079098 0.092052
1520530321.850152 2.079579 0.091375
1520530321.950155 2.080921 0.090809
1520530322.050158 2.082018 0.090234
1520530322.200163 2.090012 0.090024
1520530322.400212 2.086635 0.089651
1520530322.650023 2.084553 0.088897
1520530322.800029 2.088076 0.088147
1520530323.000035 2.092167 0.087280
1520530323.150076 2.090637 0.086782
1520530323.250079 2.090341 0.086523
1520530323.450085 2.094205 0.085445
1520530323.550346 2.095558 0.084574
1520530323.650349 2.097233 0.084205
1520530323.750353 2.095221 0.083756
1520530323.900153 2.097100 0.083537
1520530324.050157 2.098541 0.083359
1520530324.200162 2.101483 0.083184
1520530324.299908 2.106353 0.082904
1520530324.399911 2.105465 0.082765
1520530324.499994 2.104094 0.082508
1520530324.649919 2.105210 0.082391
1520530324.750020 2.104347 0.081958
1520530324.850023 2.106274 0.081944
1520530325.000028 2.108176 0.081811
1520530325.200819 2.110286 0.081591
1520530325.400825 2.107314 0.081082
1520530325.650917 2.114186 0.079843
1520530325.850922 2.115297 0.079624
1520530326.050549 2.115337 0.079275
1520530326.250551 2.116905 0.079399
1520530326.400206 2.118182 0.079251
1520530326.550210 2.114661 0.079050
1520530326.700216 2.114130 0.079066
1520530326.950432 2.116464 0.078879
1520530327.100437 2.117703 0.078801
1520530327.250435 2.117677 0.078592
1520530327.400439 2.118831 0.078470
1520530327.500442 2.120244 0.078470
1520530327.600091 2.121710 0.078403
1520530327.700094 2.122706 0.078261
1520530327.750096 2.123928 0.078252
1520530327.850099 2.124163 0.078207
1520530327.950102 2.123697 0.078144
1520530328.050282 2.125668 0.078074
1520530328.150285 2.126002 0.077939
1520530328.200287 2.124471 0.076868
1520530328.300290 2.123665 0.076686
1520530328.400337 2.121860 0.076598
1520530328.500340 2.121664 0.076504
1520530328.550342 2.122264 0.076428
1520530328.650346 2.124107 0.076333
1520530328.700347 2.124130 0.076295
1520530328.800086 2.123206 0.076281
1520530329.000092 2.122530 0.076042
1520530329.100095 2.125126 0.075972
1520530329.200044 2.127715 0.075892
1520530329.250095 2.129888 0.075834
1520530329.350049 2.131424 0.075700
1520530329.450052 2.130272 0.075623
1520530329.550055 2.129765 0.075532
1520530329.650099 2.130624 0.075463
1520530329.750102 2.131167 0.075396
1520530329.850105 2.130539 0.075340
1520530329.900107 2.130634 0.075322
1520530330.000110 2.132179 0.075313
1520530330.050161 2.130832 0.075259
1520530330.150164 2.132467 0.075189
1520530330.200165 2.132598 0.075111
1520530330.300169 2.134301 0.075036
1520530330.350170 2.134614 0.074954
1520530330.450787 2.134789 0.074903
1520530330.550790 2.136394 0.074825
1520530330.650793 2.136360 0.074716
1520530330.700795 2.136659 0.074759
1520530330.800798 2.136942 0.074725
1520530330.850367 2.137210 0.074720
1520530330.950279 2.137316 0.074706
1520530331.000280 2.137231 0.074699
1520530331.100283 2.137672 0.074679
1520530331.200286 2.137683 0.074672
1520530331.300736 2.137656 0.074660
1520530331.400740 2.136743 0.074667
1520530331.450741 2.136760 0.074646
1520530331.550744 2.137112 0.074637
1520530331.600746 2.137297 0.074649
1520530331.700481 2.137457 0.074615
1520530331.750483 2.137060 0.074598
1520530331.850486 2.137331 0.074524
1520530331.900488 2.137300 0.074472
1520530332.000491 2.138226 0.074343
1520530332.100388 2.138735 0.074268
1520530332.200392 2.138935 0.074232
1520530332.300399 2.138908 0.074170
1520530332.350396 2.138749 0.074120
1520530332.450399 2.138043 0.074028
1520530332.550483 2.138868 0.074007
1520530332.600486 2.138810 0.073962
1520530332.700489 2.138721 0.073871
1520530332.750491 2.136026 0.073876
1520530332.850494 2.138209 0.073837
1520530332.950166 2.139759 0.073797
1520530333.000168 2.140638 0.073783
1520530333.100171 2.140489 0.073758
1520530333.150173 2.140654 0.073764
1520530333.250175 2.140473 0.073743
1520530333.350610 2.140841 0.073732
1520530333.450613 2.140364 0.073722
1520530333.600618 2.140408 0.073595
1520530333.700541 2.139637 0.073515
1520530333.750542 2.138175 0.073559
1520530333.850545 2.137456 0.073538
1520530333.900547 2.137275 0.073476
1520530334.000561 2.136935 0.073418
1520530334.050551 2.137225 0.073383
1520530334.150218 2.137872 0.073289
1520530334.250221 2.138946 0.073227
1520530334.350224 2.138813 0.073134
1520530334.400225 2.139929 0.073121
1520530334.500228 2.139100 0.073083
1520530334.550086 2.138850 0.073071
1520530334.650089 2.137859 0.073040
1520530334.700091 2.138597 0.073043
1520530334.800094 2.138295 0.073008
1520530334.850095 2.137938 0.073011
1520530334.950928 2.138169 0.072971
1520530335.050931 2.136418 0.072972
1520530335.150934 2.137271 0.072959
1520530335.250937 2.137449 0.072952
1520530335.351457 2.136027 0.072900
1520530335.451459 2.135910 0.072882
1520530335.551462 2.136236 0.072860
1520530335.651465 2.136445 0.072840
1520530335.750223 2.136113 0.072854
1520530335.850226 2.136603 0.072852
1520530335.900227 2.135931 0.072841
1520530336.000230 2.136343 0.072820
1520530336.050232 2.136128 0.072821
1520530336.150177 2.135865 0.072822
1520530336.250180 2.136476 0.072817
1520530336.350183 2.136597 0.072810
1520530336.400185 2.137197 0.072789
1520530336.500188 2.137612 0.072755
1520530336.550582 2.135947 0.072760
1520530336.650586 2.137210 0.072687
1520530336.750588 2.139830 0.072706
1520530336.850591 2.139813 0.072663
1520530336.900594 2.138611 0.072643
1520530337.000258 2.138334 0.072625
1520530337.100266 2.138062 0.072604
1520530337.150262 2.138593 0.072626
1520530337.250265 2.138804 0.072626
1520530337.300267 2.139123 0.072582
1520530337.400301 2.140852 0.072617
1520530337.450303 2.138712 0.072590
1520530337.550306 2.140311 0.072609
1520530337.600307 2.139942 0.072605
1520530337.700310 2.141659 0.072564
1520530337.800854 2.151673 0.072491
1520530337.900857 2.142672 0.072401
1520530338.000860 2.142384 0.072471
1520530338.100863 2.145478 0.072398
1520530338.200470 2.144089 0.072216
1520530338.250473 2.143810 0.072216
1520530338.350476 2.144718 0.072157
1520530338.450479 2.143486 0.072185
1520530338.550482 2.144021 0.072296
1520530338.600260 2.143347 0.072246
1520530338.700263 2.142546 0.072159
1520530338.750266 2.141729 0.072187
1520530338.850267 2.141505 0.072196
1520530338.900269 2.142132 0.072205
1520530339.000272 2.141965 0.072209
1520530339.150962 2.141853 0.072183
1520530339.200963 2.141945 0.072185
1520530339.300966 2.141607 0.072121
1520530339.400970 2.141854 0.072100
1520530339.451687 2.141938 0.072129
1520530339.551690 2.141733 0.072119
1520530339.651693 2.141204 0.072129
1520530339.751697 2.141111 0.072092
1520530339.851056 2.142201 0.072077
1520530339.901057 2.142220 0.072059
1520530340.001061 2.143130 0.072050
1520530340.051062 2.143107 0.072029
1520530340.151065 2.143264 0.072002
1520530340.250395 2.144209 0.072009
1520530340.300397 2.144999 0.071982
1520530340.400400 2.146208 0.071878
1520530340.500403 2.145756 0.071866
1520530340.600406 2.145582 0.071883
1520530340.700348 2.145409 0.071737
1520530340.800351 2.145194 0.071741
1520530340.900354 2.144544 0.071863
1520530341.050774 2.146134 0.071798
1520530341.200779 2.146106 0.071862
1520530341.350784 2.146268 0.071845
1520530341.500713 2.146685 0.071868
1520530341.700719 2.146609 0.071840
1520530341.850723 2.146309 0.071756
1520530342.000545 2.146079 0.071831
1520530342.050546 2.145951 0.071820
1520530342.150549 2.146274 0.071776
1520530342.250553 2.147308 0.071697
1520530342.350675 2.146517 0.071769
1520530342.450678 2.146850 0.071743
1520530342.550681 2.146213 0.071735
1520530342.650684 2.145918 0.071688
1520530342.750644 2.146092 0.071688
1520530342.850648 2.146124 0.071655
1520530342.950651 2.146409 0.071611
1520530343.050654 2.146013 0.071569
1520530343.201134 2.146893 0.071431
1520530343.301138 2.147491 0.071408
1520530343.401141 2.146239 0.071267
1520530343.501404 2.146161 0.071269
1520530343.601407 2.147202 0.071226
1520530343.701410 2.148645 0.071126
1520530343.801413 2.149611 0.071002
1520530343.901416 2.150154 0.070858
1520530344.001403 2.148591 0.070638
1520530344.101406 2.145782 0.070514
1520530344.201410 2.146983 0.070568
1520530344.301413 2.148301 0.070516
1520530344.401411 2.148854 0.070408
1520530344.451412 2.149317 0.070334
1520530344.551415 2.149800 0.070273
1520530344.651418 2.152345 0.070202
1520530344.751636 2.154289 0.069921
1520530344.851639 2.154608 0.069987
1520530344.951642 2.157004 0.069971
1520530345.051645 2.157271 0.069836
1520530345.151845 2.157469 0.069829
1520530345.251745 2.157855 0.069750
1520530345.351748 2.158173 0.069566
1520530345.451751 2.159611 0.069654
1520530345.551195 2.158764 0.069441
1520530345.651198 2.159494 0.069565
1520530345.751201 2.160922 0.069513
1520530345.851204 2.160757 0.069507
1520530345.951161 2.160758 0.069477
1520530346.051476 2.161323 0.069445
1520530346.101479 2.161382 0.069302
1520530346.201481 2.162428 0.069407
1520530346.301485 2.162058 0.069398
1520530346.351486 2.163575 0.069347
1520530346.451378 2.163676 0.069376
1520530346.551380 2.163426 0.069311
1520530346.651383 2.164259 0.069361
1520530346.751386 2.161246 0.069344
1520530346.851546 2.161984 0.069264
1520530346.951549 2.164026 0.069200
1520530347.001551 2.165003 0.069261
1520530347.101554 2.165195 0.069255
1520530347.201400 2.165098 0.069284
1520530347.301403 2.165246 0.069293
1520530347.351405 2.165280 0.069174
1520530347.451408 2.165154 0.069251
1520530347.551411 2.165367 0.069271
1520530347.651220 2.165333 0.069256
1520530347.751223 2.165001 0.069267
1520530347.851226 2.165259 0.069149
1520530347.951229 2.165371 0.069240
1520530348.051164 2.164908 0.069187
1520530348.151168 2.164749 0.069135
1520530348.201169 2.164863 0.069205
1520530348.301184 2.164667 0.069225
1520530348.401175 2.164311 0.069234
1520530348.501419 2.164153 0.069233
1520530348.601422 2.164560 0.069207
1520530348.651423 2.164889 0.069126
1520530348.751426 2.164918 0.069208
1520530348.801428 2.164909 0.069211
1520530348.901315 2.164846 0.069196
1520530348.951318 2.164766 0.069173
1520530349.051321 2.164849 0.069200
1520530349.101323 2.163409 0.069151
1520530349.201326 2.165075 0.069162
1520530349.251106 2.165397 0.069033
1520530349.351109 2.164409 0.069177
1520530349.401110 2.164018 0.069223
1520530349.501114 2.164604 0.069205
1520530349.551115 2.164127 0.069154
1520530349.650935 2.164168 0.069136
1520530349.750943 2.164104 0.069187
1520530349.850941 2.164204 0.069182
1520530349.950944 2.164364 0.069182
1520530350.051376 2.164734 0.069198
1520530350.151379 2.164855 0.069187
1520530350.201381 2.163812 0.069013
1520530350.301384 2.164146 0.069105
1520530350.401387 2.164255 0.069090
1520530350.501516 2.163997 0.069120
1520530350.601520 2.163963 0.069115
1520530350.701523 2.164034 0.069178
1520530350.801526 2.163772 0.069144
1520530350.901571 2.163659 0.069175
1520530351.001574 2.163769 0.069164
1520530351.101578 2.163545 0.069157
1520530351.201581 2.163402 0.068853
1520530351.251582 2.163267 0.069170
1520530351.351680 2.163407 0.069176
1520530351.451683 2.162977 0.069192
1520530351.551686 2.163273 0.069094
1520530351.651689 2.163330 0.069119
1520530351.751696 2.163513 0.069171
1520530351.851700 2.163557 0.069187
1520530351.951703 2.163723 0.069157
1520530352.051706 2.163340 0.069113
1520530352.101805 2.163450 0.069161
1520530352.201808 2.164579 0.069154
1520530352.301811 2.162874 0.069172
1520530352.401814 2.164283 0.069132
1520530352.501469 2.163393 0.069162
1520530352.601472 2.163367 0.069181
1520530352.701475 2.163515 0.069179
1520530352.801478 2.162794 0.069163
1520530352.901098 2.164058 0.069166
1520530353.001101 2.163500 0.069168
1520530353.101208 2.163608 0.069171
1520530353.201107 2.163677 0.069141
1520530353.301110 2.163188 0.069160
1520530353.351398 2.163348 0.069170
1520530353.451401 2.163747 0.069169
1520530353.501402 2.162640 0.069166
1520530353.601405 2.162499 0.069166
1520530353.701408 2.162953 0.069166
1520530353.801738 2.164766 0.069121
1520530353.901741 2.164193 0.069129
1520530354.001744 2.163285 0.069151
1520530354.101747 2.164039 0.069145
1520530354.201897 2.163726 0.069113
1520530354.251899 2.163289 0.069125
1520530354.351902 2.164149 0.069156
1520530354.451905 2.163914 0.069142
1520530354.551594 2.164362 0.069005
1520530354.651595 2.163828 0.069164
1520530354.701596 2.163559 0.069136
1520530354.851600 2.163620 0.069113
1520530355.001360 2.163870 0.069160
1520530355.101363 2.163787 0.069146
1520530355.201366 2.163848 0.069155
1520530355.301370 2.163864 0.069139
1520530355.401407 2.163838 0.069140
1520530355.501410 2.163738 0.069120
1520530355.601414 2.163542 0.069142
1520530355.701417 2.163602 0.069099
1520530355.801531 2.163714 0.068972
1520530355.901534 2.162969 0.068979
1520530356.001537 2.163890 0.069144
1520530356.051539 2.164134 0.069039
1520530356.151542 2.164284 0.069136
1520530356.251380 2.164729 0.069139
1520530356.351380 2.164155 0.069119
1520530356.451383 2.163825 0.069144
1520530356.501385 2.164312 0.069110
1520530356.601233 2.164329 0.069154
1520530356.701236 2.164170 0.069141
1520530356.751237 2.164002 0.069141
1520530356.851240 2.163909 0.069127
1520530356.901242 2.164001 0.069105
1520530357.001153 2.163941 0.069136
1520530357.101156 2.163869 0.069145
1520530357.201159 2.163869 0.069131
1520530357.301162 2.163768 0.069145
1520530357.401658 2.163926 0.069136
1520530357.501662 2.163886 0.069144
1520530357.601666 2.163732 0.069145
1520530357.701667 2.164015 0.069127
1520530357.801671 2.163863 0.069133
1520530357.901559 2.163946 0.069132
1520530358.001562 2.164026 0.069140
1520530358.101565 2.164031 0.069133
1520530358.201568 2.164136 0.069134
1520530358.351628 2.164008 0.069134
1520530358.451631 2.163894 0.069130
1520530358.551634 2.164488 0.069141
1520530358.651798 2.164247 0.069131
1520530358.701800 2.164242 0.069104
1520530358.801803 2.163266 0.069101
1520530358.901806 2.163229 0.069125
1520530359.001810 2.163998 0.069109
1520530359.101811 2.164213 0.069127
1520530359.201810 2.163824 0.069143
1520530359.301813 2.163354 0.069079
1520530359.401817 2.163585 0.069138
1520530359.501870 2.164287 0.069120
1520530359.601873 2.163929 0.069123
1520530359.701876 2.163832 0.069131
1520530359.801879 2.163661 0.069114
1520530359.901826 2.164255 0.069115
1520530360.001829 2.164598 0.069099
1520530360.101832 2.164327 0.069097
1520530360.201836 2.166942 0.069103
1520530360.251837 2.166507 0.069074
1520530360.351317 2.165900 0.069124
1520530360.451321 2.166636 0.069093
1520530360.551324 2.166452 0.069091
1520530360.651327 2.164299 0.069031
1520530360.700978 2.164707 0.068994
1520530360.800981 2.163832 0.069090
1520530360.900984 2.164714 0.069063
1520530361.000988 2.166410 0.069005
1520530361.101044 2.167035 0.069089
1520530361.151045 2.168130 0.069004
1520530361.251048 2.167519 0.069002
1520530361.351051 2.164609 0.069104
1520530361.451055 2.163706 0.069102
1520530361.551692 2.163384 0.069072
1520530361.651695 2.164750 0.069065
1520530361.751698 2.163274 0.069070
1520530361.801700 2.162787 0.069123
1520530361.901939 2.162813 0.069135
1520530361.951941 2.163344 0.069121
1520530362.051944 2.164483 0.069125
1520530362.101945 2.163124 0.069132
1520530362.201949 2.163427 0.069129
1520530362.301951 2.163347 0.069134
1520530362.401625 2.163530 0.069086
1520530362.501628 2.163322 0.069111
1520530362.601631 2.163207 0.069131
1520530362.701634 2.163065 0.069130
1520530362.801366 2.162676 0.069098
1520530362.901369 2.162978 0.069133
1520530363.001372 2.162992 0.069117
1520530363.101375 2.162913 0.069110
1520530363.201651 2.163026 0.069115
1520530363.301654 2.162971 0.069116
1520530363.401658 2.163224 0.069110
1520530363.451659 2.163343 0.069067
1520530363.551745 2.163130 0.069105
1520530363.651748 2.163107 0.069129
1520530363.701749 2.162372 0.069028
1520530363.801753 2.162609 0.069110
1520530363.851754 2.163811 0.069078
1520530363.951780 2.163071 0.069094
1520530364.001782 2.162900 0.068975
1520530364.101785 2.163279 0.069125
1520530364.151786 2.163077 0.069120
1520530364.251789 2.163017 0.069112
1520530364.301791 2.162688 0.069097
1520530364.401853 2.162764 0.069104
1520530364.451854 2.162785 0.069135
1520530364.551858 2.162920 0.069076
1520530364.601859 2.162806 0.069126
1520530364.701862 2.162739 0.069133
1520530364.802376 2.162724 0.069131
1520530364.902379 2.162877 0.069126
1520530365.002383 2.162938 0.069129
1520530365.102386 2.163015 0.069130
1520530365.201844 2.162936 0.069131
1520530365.301847 2.163052 0.069114
1520530365.401850 2.163044 0.069134
1520530365.501853 2.163028 0.069119
1520530365.601535 2.163148 0.069079
1520530365.701539 2.162970 0.069126
1520530365.751540 2.163471 0.069054
1520530365.851543 2.163018 0.069117
1520530365.951546 2.162703 0.069114
1520530366.051908 2.163028 0.069083
1520530366.101910 2.162931 0.069131
1520530366.201913 2.162854 0.069126
1520530366.251915 2.163474 0.069114
1520530366.351918 2.163359 0.069113
1520530366.402120 2.163702 0.069101
1520530366.502124 2.163255 0.069120
1520530366.602127 2.163242 0.069124
1520530366.652128 2.163530 0.069100
1520530366.752132 2.163638 0.069102
1520530366.852166 2.163868 0.069111
1520530366.952169 2.163624 0.069111
1520530367.002170 2.163401 0.069125
1520530367.102178 2.163654 0.069126
1520530367.152175 2.163640 0.069108
1520530367.252540 2.164375 0.069121
1520530367.352543 2.163821 0.069122
1520530367.402544 2.164032 0.069130
1520530367.502548 2.163520 0.069104
1520530367.602551 2.163350 0.069132
1520530367.752267 2.163508 0.069102
1520530367.852271 2.163430 0.069125
1520530367.952274 2.163621 0.069101
1520530368.052124 2.163359 0.069122
1520530368.202129 2.163405 0.069124
1520530368.302132 2.163480 0.069117
1520530368.352134 2.162849 0.069117
1520530368.452048 2.163572 0.069100
1520530368.502050 2.164290 0.069119
1520530368.602053 2.164124 0.069057
1520530368.652054 2.164647 0.069040
1520530368.752057 2.164061 0.069109
1520530368.802058 2.164295 0.069097
1520530368.901391 2.164174 0.069070
1520530368.951392 2.163690 0.069103
1520530369.051395 2.162663 0.069110
1520530369.151398 2.163149 0.069122
1520530369.201400 2.162328 0.069127
1520530369.301537 2.165982 0.069128
1520530369.401540 2.162954 0.069125
1520530369.501543 2.163208 0.069130
1520530369.551545 2.163237 0.069116
1520530369.651548 2.163243 0.069130
1520530369.751899 2.163830 0.069097
1520530369.851902 2.163466 0.069116
1520530369.951905 2.163322 0.069126
1520530370.051908 2.163477 0.069054
1520530370.151931 2.163349 0.069111
1520530370.251934 2.163030 0.069130
1520530370.401938 2.163040 0.069121
1520530370.501883 2.163429 0.069085
1520530370.651886 2.163324 0.069079
1520530370.851892 2.163577 0.069097
1520530371.001944 2.163475 0.069086
1520530371.101947 2.162652 0.069122
1520530371.201950 2.162755 0.069108
1520530371.351951 2.162679 0.069107
1520530371.451954 2.163558 0.069005
1520530371.601959 2.164263 0.069031
1520530371.701962 2.163374 0.069125
1520530371.801961 2.163814 0.069119
1520530371.851963 2.163122 0.069103
1520530371.951966 2.162808 0.069110
1520530372.001968 2.163000 0.068985
1520530372.101971 2.162803 0.069052
1520530372.251958 2.162750 0.069126
1520530372.351961 2.162995 0.069105
1520530372.451964 2.163088 0.069129
1520530372.551956 2.163259 0.069125
1520530372.651960 2.163297 0.069116
1520530372.751963 2.163020 0.069085
1520530372.851966 2.163517 0.069127
1520530372.951617 2.163424 0.069118
1520530373.051620 2.163476 0.069098
1520530373.201626 2.165740 0.069122
1520530373.301629 2.164208 0.068932
1520530373.401458 2.165483 0.068954
1520530373.451460 2.165779 0.068998
1520530373.551463 2.164675 0.069067
1520530373.651466 2.164064 0.068991
1520530373.751469 2.163838 0.068741
1520530373.851583 2.163801 0.068696
1520530373.951586 2.163199 0.069055
1520530374.051589 2.163512 0.069045
1520530374.151592 2.163295 0.069098
1520530374.251955 2.163427 0.069065
1520530374.351958 2.163354 0.069026
1520530374.451961 2.162999 0.069080
1520530374.551964 2.163227 0.069033
1520530374.702410 2.163542 0.069129
1520530374.802413 2.163389 0.069106
1520530374.902417 2.163494 0.069121
1520530375.002442 2.163339 0.069114
1520530375.102445 2.163248 0.069114
1520530375.202449 2.163425 0.069110
1520530375.302452 2.163626 0.069123
1520530375.402252 2.163791 0.069121
1520530375.502216 2.164141 0.069117
1520530375.602219 2.163821 0.069103
1520530375.702222 2.163831 0.069116
1520530375.752223 2.163503 0.069085
1520530375.852258 2.163213 0.069111
1520530375.952261 2.163237 0.069123
1520530376.052264 2.163653 0.069116
1520530376.102265 2.163705 0.069108
1520530376.202270 2.163393 0.069130
1520530376.251950 2.162966 0.069080
1520530376.351954 2.163296 0.069100
1520530376.401954 2.163272 0.069087
1520530376.501958 2.163451 0.069113
1520530376.551960 2.163498 0.069011
1520530376.652663 2.163673 0.069123
1520530376.702664 2.163466 0.069065
1520530376.802668 2.163867 0.069110
1520530376.852669 2.163547 0.069102
1520530376.952672 2.163538 0.069128
1520530377.052898 2.162023 0.069097
1520530377.102900 2.162853 0.069063
1520530377.202903 2.163408 0.069105
1520530377.302906 2.163331 0.068929
1520530377.402909 2.162192 0.069055
1520530377.451719 2.162955 0.068910
1520530377.551722 2.163356 0.068872
1520530377.601723 2.163934 0.069053
1520530377.701726 2.164184 0.069093
1520530377.801730 2.164226 0.069114
1520530377.901409 2.164138 0.069111
1520530377.951411 2.164250 0.069064
1520530378.051414 2.165245 0.069092
1520530378.101416 2.164327 0.069045
1520530378.201419 2.164172 0.069096
1520530378.251420 2.163895 0.069075
1520530378.351513 2.164006 0.069121
1520530378.401515 2.164467 0.069060
1520530378.501517 2.163749 0.069081
1520530378.551519 2.163625 0.069086
1520530378.651522 2.163544 0.069093
1520530378.702209 2.167243 0.069059
1520530378.802212 2.163698 0.069110
1520530378.902215 2.163755 0.069130
1520530379.002218 2.162790 0.069073
1520530379.102149 2.163290 0.069117
1520530379.202152 2.163531 0.069122
1520530379.302155 2.164217 0.069122
1520530379.402159 2.163256 0.069124
1520530379.452160 2.163432 0.069113
1520530379.551852 2.163936 0.069118
1520530379.651855 2.164795 0.069127
1520530379.751858 2.163726 0.069120
1520530379.801860 2.163701 0.069111
1520530379.901824 2.163566 0.069122
1520530380.001827 2.163464 0.069121
1520530380.051829 2.163524 0.069123
1520530380.151832 2.163519 0.069119
1520530380.201888 2.163673 0.069118
1520530380.301736 2.163989 0.069103
1520530380.352160 2.163623 0.069122
1520530380.452163 2.163827 0.069126
1520530380.502165 2.164459 0.069088
1520530380.602168 2.165062 0.069042
1520530380.652170 2.164968 0.069027
1520530380.752135 2.164794 0.069115
1520530380.802136 2.163949 0.069056
1520530380.902139 2.163905 0.068994
1520530380.952141 2.164742 0.068952
1520530381.052144 2.163788 0.069089
1520530381.102146 2.163395 0.069102
1520530381.202049 2.163269 0.069073
1520530381.302052 2.163257 0.069096
1520530381.402056 2.163320 0.069077
1520530381.502058 2.163006 0.069061
1520530381.602264 2.163557 0.069115
1520530381.702267 2.163499 0.069126
1520530381.752268 2.163529 0.069125
1520530381.852271 2.163465 0.069125
1520530381.952332 2.163540 0.069121
1520530382.052335 2.163388 0.069114
1520530382.152338 2.163021 0.069126
1520530382.252342 2.163114 0.069098
1520530382.352159 2.163105 0.069121
1520530382.452162 2.163281 0.069116
1520530382.552165 2.163645 0.069128
1520530382.652168 2.162843 0.069106
1520530382.752171 2.163147 0.069123
1520530382.852246 2.163590 0.069124
1520530383.002250 2.163331 0.069094
1520530383.102253 2.164225 0.069117
1520530383.202206 2.164395 0.069120
1520530383.302209 2.163919 0.069119
1520530383.352211 2.164074 0.069067
1520530383.452214 2.162521 0.069124
1520530383.552217 2.162370 0.069120
1520530383.602472 2.162900 0.069122
1520530383.702475 2.162893 0.069125
1520530383.802478 2.163505 0.069127
1520530383.902481 2.165826 0.069108
1520530384.002530 2.167240 0.069086
1520530384.102533 2.167978 0.069089
1520530384.202536 2.168208 0.069037
1520530384.302539 2.169119 0.068936
1520530384.402432 2.165436 0.068687
1520530384.502435 2.164906 0.068915
1520530384.602439 2.165011 0.069085
1520530384.652440 2.164850 0.069084
1520530384.752443 2.164542 0.069113
1520530384.802857 2.163963 0.069118
1520530384.902860 2.163727 0.069117
1520530384.952861 2.163706 0.069099
1520530385.052864 2.164238 0.069103
1520530385.152867 2.163771 0.069120
1520530385.252705 2.163819 0.069114
1520530385.302707 2.163756 0.069112
1520530385.402710 2.163420 0.069110
1520530385.452712 2.164396 0.069071
1520530385.552715 2.163291 0.069122
1520530385.602716 2.164098 0.069101
1520530385.702487 2.163990 0.069106
1520530385.802491 2.163478 0.069124
1520530385.852492 2.163425 0.069100
1520530385.952497 2.163398 0.069102
1520530386.052544 2.163494 0.069115
1520530386.152547 2.163463 0.069102
1520530386.252550 2.163526 0.069121
1520530386.352553 2.163618 0.069126
1520530386.452758 2.163560 0.069105
1520530386.552761 2.163470 0.069123
1520530386.652764 2.163556 0.069099
1520530386.752767 2.163529 0.069126
1520530386.852674 2.163603 0.069117
1520530386.952678 2.163704 0.069117
1520530387.052681 2.163629 0.069127
1520530387.102682 2.163557 0.069107
1520530387.202685 2.163686 0.069106
1520530387.302607 2.163770 0.069091
1520530387.352609 2.163772 0.069102
1520530387.452612 2.163711 0.069111
1520530387.502614 2.163626 0.069106
1520530387.602617 2.163579 0.069115
1520530387.652619 2.163739 0.069107
1520530387.752459 2.163637 0.069111
1520530387.802460 2.163665 0.069060
1520530387.902463 2.163760 0.069116
1520530387.952465 2.163505 0.069021
1520530388.052468 2.163438 0.068983
1520530388.102494 2.163384 0.069107
1520530388.202544 2.163425 0.069124
1520530388.252499 2.163398 0.069119
1520530388.352502 2.163454 0.069123
1520530388.452505 2.163500 0.069124
1520530388.552854 2.163592 0.069094
1520530388.652857 2.163694 0.069103
1520530388.702858 2.163487 0.069118
1520530388.802861 2.163596 0.069110
1520530388.902233 2.163465 0.069108
1520530389.002237 2.164027 0.069085
1520530389.102240 2.163744 0.069120
1520530389.202243 2.163365 0.069118
1520530389.302934 2.163510 0.069063
1520530389.402938 2.163644 0.069113
1520530389.502940 2.163635 0.069105
1520530389.552942 2.163535 0.069091
1520530389.652948 2.163157 0.069121
1520530389.702846 2.163521 0.069119
1520530389.803445 2.164116 0.069106
1520530389.853406 2.163695 0.069103
1520530389.953409 2.163828 0.069114
1520530390.003411 2.163682 0.069114
1520530390.103414 2.163982 0.069109
1520530390.152569 2.163453 0.069002
1520530390.252572 2.163259 0.069103
1520530390.302572 2.163568 0.069101
1520530390.402575 2.163580 0.069117
1520530390.502578 2.163419 0.069121
1520530390.603326 2.163293 0.069058
1520530390.653327 2.163754 0.069124
1520530390.753331 2.163502 0.069115
1520530390.803333 2.163546 0.069125
1520530390.903336 2.163476 0.069125
1520530390.953379 2.163215 0.069121
1520530391.053383 2.163419 0.069108
1520530391.153385 2.162708 0.069121
1520530391.253388 2.163547 0.069107
1520530391.352333 2.163785 0.069096
1520530391.402366 2.163407 0.069119
1520530391.502338 2.163392 0.069108
1520530391.552339 2.163243 0.069123
1520530391.652342 2.163228 0.069115
1520530391.752424 2.163280 0.069114
1520530391.852427 2.163286 0.069110
1520530391.952430 2.163229 0.069075
1520530392.052433 2.163539 0.069120
1520530392.102435 2.163593 0.069116
1520530392.203142 2.164478 0.069082
1520530392.253143 2.165459 0.069123
1520530392.353147 2.165114 0.069107
1520530392.453150 2.165779 0.069122
1520530392.553153 2.164661 0.069073
1520530392.602235 2.164617 0.069060
1520530392.702237 2.162917 0.069115
1520530392.752239 2.162991 0.069109
1520530392.852242 2.164056 0.069119
1520530392.902243 2.163623 0.069114
1520530393.002174 2.165177 0.069102
1520530393.052154 2.164445 0.069109
1520530393.152157 2.165156 0.069093
1520530393.202159 2.165590 0.069059
1520530393.302161 2.166297 0.069112
1520530393.402921 2.164150 0.069115
1520530393.502924 2.167611 0.069098
1520530393.552926 2.164315 0.068972
1520530393.652929 2.164451 0.069048
1520530393.702931 2.164146 0.069098
1520530393.802958 2.163651 0.069103
1520530393.902961 2.163632 0.069122
1520530394.052965 2.163576 0.069121
1520530394.152969 2.163307 0.069037
1520530394.202165 2.163401 0.069104
1520530394.302169 2.163100 0.069092
1520530394.352170 2.162812 0.069095
1520530394.452173 2.163005 0.069109
1520530394.502175 2.162865 0.069106
1520530394.602189 2.162911 0.069116
1520530394.702878 2.163172 0.069080
1520530394.802881 2.164266 0.069099
1520530394.902884 2.164004 0.069095
1520530395.002887 2.163338 0.069112
1520530395.103732 2.162068 0.069115
1520530395.203735 2.163754 0.069126
1520530395.303738 2.163575 0.069125
1520530395.403742 2.163549 0.069026
1520530395.452705 2.163411 0.069098
1520530395.552709 2.163413 0.069123
1520530395.652712 2.163675 0.069125
1520530395.752715 2.163705 0.069076
1520530395.853078 2.163470 0.069104
1520530395.953081 2.164127 0.069117
1520530396.053084 2.163425 0.069123
1520530396.153087 2.163416 0.069082
1520530396.253235 2.163327 0.069037
1520530396.353238 2.163323 0.069070
1520530396.453241 2.163339 0.068993
1520530396.503243 2.163421 0.068895
1520530396.603246 2.163348 0.069012
1520530396.703145 2.163474 0.069038
1520530396.803148 2.163451 0.069115
1520530396.903152 2.163049 0.069093
1520530397.003155 2.162884 0.069003
1520530397.102782 2.163024 0.069029
1520530397.202785 2.163340 0.069117
1520530397.302788 2.163446 0.069119
1520530397.402791 2.163392 0.069118
1520530397.452793 2.163585 0.069040
1520530397.552306 2.163480 0.069056
1520530397.602308 2.163021 0.069120
1520530397.702310 2.163625 0.069108
1520530397.752312 2.163588 0.069058
1520530397.852315 2.164207 0.069047
1520530397.902585 2.163520 0.069004
1520530398.002588 2.163511 0.069118
1520530398.052589 2.163869 0.069123
1520530398.152592 2.163298 0.069113
1520530398.252596 2.163451 0.069116
1520530398.353367 2.163851 0.069121
1520530398.403368 2.163500 0.069087
1520530398.503371 2.163740 0.069086
1520530398.553373 2.163527 0.069108
1520530398.653376 2.163598 0.069108
1520530398.703221 2.163805 0.068985
1520530398.803225 2.163777 0.069074
1520530398.853226 2.163620 0.069102
1520530398.953229 2.163382 0.069081
1520530399.003230 2.162832 0.069086
1520530399.103233 2.163535 0.069089
1520530399.152330 2.163630 0.069023
1520530399.252333 2.163361 0.069088
1520530399.302335 2.163242 0.069092
1520530399.402342 2.163069 0.069069
1520530399.452339 2.163550 0.069057
1520530399.553006 2.163743 0.069125
1520530399.603008 2.163852 0.069085
1520530399.703011 2.164042 0.068870
1520530399.803014 2.164076 0.069101
1520530399.903017 2.164367 0.069095
1520530399.953275 2.164678 0.069118
1520530400.053278 2.165510 0.069115
1520530400.103279 2.164927 0.069096
1520530400.203283 2.164571 0.069097
1520530400.253284 2.164508 0.069104
1520530400.352494 2.164048 0.069115
1520530400.402496 2.163695 0.069093
1520530400.502500 2.163698 0.069096
1520530400.552501 2.163571 0.069094
1520530400.652504 2.163506 0.069089
1520530400.702505 2.163314 0.069117
1520530400.802292 2.163568 0.069112
1520530400.852294 2.163284 0.069106
1520530400.952297 2.164221 0.069097
1520530401.052300 2.163316 0.069103
1520530401.152303 2.163303 0.069105
1520530401.252756 2.163264 0.069022
1520530401.302758 2.161103 0.069085
1520530401.402761 2.164067 0.069120
1520530401.452763 2.164660 0.069122
1520530401.552766 2.164154 0.069110
1520530401.603037 2.163220 0.069074
1520530401.703041 2.163230 0.069115
1520530401.803044 2.163769 0.069116
1520530401.903047 2.163908 0.069105
1520530401.953048 2.163949 0.069109
1520530402.052283 2.163777 0.069115
1520530402.102285 2.163611 0.069040
1520530402.202287 2.163791 0.068995
1520530402.252289 2.163663 0.069073
1520530402.352292 2.163786 0.069109
1520530402.402567 2.163621 0.069024
1520530402.502571 2.163446 0.068999
1520530402.602574 2.163678 0.069073
1520530402.702577 2.163970 0.069115
1520530402.803416 2.163060 0.069113
1520530402.853417 2.162513 0.069084
1520530402.953420 2.163448 0.069119
1520530403.003422 2.163516 0.069115
1520530403.103425 2.163302 0.069111
1520530403.153427 2.163228 0.069106
1520530403.252935 2.163424 0.069117
1520530403.302936 2.163932 0.069117
1520530403.402940 2.164153 0.069119
1520530403.452941 2.163643 0.069095
1520530403.552945 2.162836 0.069124
1520530403.602946 2.162473 0.069119
1520530403.702256 2.164125 0.069107
1520530403.752257 2.163761 0.069106
1520530403.852261 2.163437 0.069118
1520530403.902261 2.162948 0.069114
1520530404.002264 2.163347 0.069110
1520530404.052745 2.163803 0.069098
1520530404.152748 2.163552 0.069113
1520530404.252829 2.165067 0.069099
1520530404.352754 2.163810 0.069116
1520530404.453112 2.162134 0.069127
1520530404.503114 2.163917 0.069122
1520530404.603117 2.163828 0.069119
1520530404.653119 2.163749 0.069113
1520530404.753122 2.163224 0.069118
1520530404.803123 2.163230 0.069113
1520530404.902643 2.163045 0.069122
1520530404.952645 2.163286 0.069118
1520530405.052648 2.163619 0.069106
1520530405.102650 2.163606 0.069107
1520530405.202653 2.163557 0.069105
1520530405.252327 2.163554 0.069113
1520530405.352331 2.163540 0.069107
1520530405.402333 2.163523 0.069076
1520530405.502335 2.163375 0.069095
1520530405.552337 2.163357 0.069062
1520530405.652792 2.163507 0.069081
1520530405.702792 2.163570 0.068946
1520530405.802797 2.163493 0.069097
1520530405.852855 2.163312 0.069115
1520530405.952801 2.163371 0.069099
1520530406.002803 2.163582 0.069101
1520530406.103570 2.164037 0.069014
1520530406.203573 2.163872 0.069071
1520530406.303576 2.163909 0.069099
1520530406.353577 2.164429 0.069119
1520530406.453580 2.164293 0.069124
1520530406.553487 2.164529 0.069099
1520530406.603489 2.163353 0.069090
1520530406.703492 2.164190 0.069112
1520530406.803495 2.164873 0.069103
1520530406.902692 2.164655 0.068991
1520530406.952693 2.163792 0.069088
1520530407.052696 2.162664 0.069032
1520530407.152699 2.162630 0.069059
1520530407.202701 2.163126 0.069089
1520530407.303185 2.162599 0.069102
1520530407.353185 2.162729 0.069069
1520530407.453221 2.163296 0.069100
1520530407.503190 2.163202 0.069051
1520530407.603193 2.163312 0.069068
1520530407.653194 2.163433 0.069111
1520530407.753511 2.163377 0.069087
1520530407.803513 2.163336 0.069113
1520530407.903516 2.163187 0.069071
1520530407.953518 2.163212 0.069061
1520530408.053521 2.162981 0.069102
1520530408.153603 2.163034 0.069007
1520530408.253606 2.162847 0.069051
1520530408.353609 2.163045 0.069017
1520530408.453613 2.162858 0.069047
1520530408.553374 2.162982 0.069061
1520530408.653377 2.162862 0.069084
1520530408.753380 2.162363 0.069004
1520530408.853383 2.161525 0.069014
1520530408.903385 2.161547 0.068975
1520530409.002880 2.162143 0.069068
1520530409.102883 2.162001 0.069077
1520530409.202886 2.162021 0.069101
1520530409.252887 2.161886 0.069120
1520530409.352902 2.161669 0.069118
1520530409.402904 2.162721 0.069018
1520530409.502907 2.164363 0.069001
1520530409.602910 2.164949 0.069105
1520530409.652912 2.165865 0.069084
1520530409.752654 2.163973 0.069092
1520530409.802656 2.164247 0.069046
1520530409.902659 2.164159 0.069097
1520530410.002662 2.162581 0.069086
1520530410.052664 2.163252 0.069100
1520530410.153223 2.163215 0.069111
1520530410.203224 2.163545 0.069093
1520530410.303227 2.163348 0.069111
1520530410.353231 2.163149 0.069116
1520530410.453232 2.163082 0.069093
1520530410.503232 2.163447 0.069094
1520530410.603875 2.163509 0.069113
1520530410.703878 2.163233 0.069119
1520530410.803881 2.163070 0.069116
1520530410.903884 2.163358 0.069114
1520530411.003418 2.163142 0.069116
1520530411.103421 2.163210 0.069100
1520530411.203424 2.162910 0.069053
1520530411.303427 2.163306 0.069094
1520530411.403009 2.162918 0.069121
1520530411.503012 2.162972 0.069028
1520530411.553013 2.163013 0.069087
1520530411.653017 2.163353 0.069112
1520530411.703018 2.163553 0.069107
1520530411.802907 2.164066 0.069119
1520530411.852907 2.163606 0.069119
1520530411.952910 2.163704 0.069108
1520530412.002912 2.162957 0.069084
1520530412.102915 2.162871 0.069110
1520530412.152916 2.162551 0.069052
1520530412.253417 2.163655 0.069100
1520530412.353420 2.163522 0.069090
1520530412.403422 2.164115 0.069121
1520530412.503425 2.165822 0.069111
1520530412.603428 2.164609 0.069126
1520530412.703631 2.163661 0.069123
1520530412.803634 2.163232 0.069070
1520530412.903637 2.163430 0.069093
1520530412.953639 2.163501 0.069106
1520530413.053009 2.163212 0.069110
1520530413.103011 2.162464 0.069098
1520530413.203014 2.163120 0.069102
1520530413.253016 2.163872 0.069091
1520530413.353019 2.162721 0.069103
1520530413.452940 2.162718 0.069111
1520530413.552943 2.163425 0.069066
1520530413.602944 2.163538 0.069069
1520530413.702947 2.163321 0.068886
1520530413.853107 2.163305 0.069096
1520530413.953110 2.163677 0.069056
1520530414.053113 2.163432 0.069087
1520530414.153116 2.163335 0.069062
1520530414.252894 2.163710 0.068929
1520530414.352897 2.163567 0.069133
1520530414.452900 2.165036 0.069105
1520530414.552903 2.164947 0.069072
1520530414.652705 2.163848 0.068204
1520530414.752708 2.162181 0.068920
1520530414.802710 2.162192 0.068883
1520530414.902714 2.163488 0.069080
1520530414.952715 2.161440 0.068923
1520530415.052718 2.160706 0.069036
1520530415.153197 2.162254 0.068966
1520530415.253200 2.163683 0.069116
1520530415.353203 2.163288 0.069114
1520530415.453206 2.163511 0.069095
1520530415.553069 2.163516 0.069110
1520530415.653072 2.161748 0.069091
1520530415.803077 2.163295 0.069110
1520530415.953363 2.163290 0.068968
1520530416.153369 2.163608 0.069057
1520530416.453380 2.163572 0.069068
1520530416.603384 2.163298 0.069078
1520530416.703272 2.163572 0.069105
1520530416.803277 2.163497 0.069103
1520530416.903278 2.163697 0.069105
1520530417.003283 2.163808 0.069086
1520530417.103391 2.163803 0.069057
1520530417.203373 2.163599 0.069082
1520530417.303376 2.163297 0.069101
1520530417.553464 2.163345 0.069108
1520530417.653467 2.164103 0.069116
1520530417.753470 2.163138 0.069094
1520530417.853473 2.162660 0.069061
1520530417.953455 2.162879 0.069062
1520530418.053458 2.162835 0.069088
1520530418.153462 2.162867 0.069111
1520530418.253465 2.162583 0.069112
1520530418.403432 2.163040 0.069111
1520530418.553437 2.163464 0.069102
1520530418.653440 2.163648 0.069050
1520530418.753343 2.163533 0.069026
1520530418.853346 2.163519 0.069095
1520530418.953350 2.163041 0.069113
1520530419.053353 2.163448 0.069097
1520530419.153533 2.163793 0.069061
1520530419.253536 2.163537 0.069045
1520530419.353539 2.163433 0.069105
1520530419.453542 2.163246 0.069113
1520530419.553545 2.163239 0.069094
1520530419.703733 2.163251 0.069040
1520530419.803736 2.163200 0.069083
1520530419.903739 2.163381 0.069080
1520530420.003597 2.163375 0.069099
1520530420.053599 2.163522 0.068997
1520530420.153602 2.163476 0.069069
1520530420.203604 2.162582 0.069089
1520530420.303607 2.163280 0.069111
1520530420.403699 2.163590 0.069085
1520530420.503702 2.163986 0.068990
1520530420.603705 2.164536 0.069085
1520530420.753710 2.163861 0.069080
1520530420.853358 2.163189 0.069077
1520530420.953361 2.163368 0.069046
1520530421.053364 2.162797 0.069066
1520530421.153367 2.161162 0.067719
1520530421.253431 2.161647 0.068738
1520530421.353434 2.161312 0.069072
1520530421.403435 2.161366 0.068965
1520530421.503439 2.161677 0.068843
1520530421.603611 2.160378 0.068999
1520530421.703614 2.163027 0.068523
1520530421.803617 2.163502 0.068973
1520530421.953693 2.163649 0.069108
1520530422.053472 2.163290 0.069027
1520530422.153476 2.163458 0.068955
1520530422.253479 2.162926 0.069093
1520530422.353482 2.163029 0.069068
1520530422.453395 2.163423 0.069094
1520530422.553398 2.163673 0.069051
1520530422.603400 2.163154 0.068809
1520530422.703403 2.163252 0.069057
1520530422.803406 2.163474 0.069083
1520530422.903583 2.163796 0.069093
1520530423.053588 2.163989 0.069034
1520530423.153591 2.163067 0.069108
1520530423.253316 2.163764 0.069110
1520530423.353319 2.163279 0.069034
1520530423.453322 2.163296 0.069092
1520530423.603327 2.163856 0.069097
1520530423.652983 2.163654 0.069113
1520530423.752986 2.163877 0.069099
1520530423.802988 2.163468 0.069067
1520530423.902991 2.162993 0.069096
1520530423.952993 2.163516 0.069039
1520530424.052950 2.163265 0.069068
1520530424.103253 2.163368 0.069063
1520530424.203257 2.163673 0.069037
1520530424.353261 2.163554 0.069066
1520530424.403263 2.163525 0.069110
1520530424.854733 2.163374 0.069116
1520530424.903374 2.163596 0.069057
1520530425.003378 2.164250 0.069105
1520530425.053379 2.163939 0.069112
1520530425.153383 2.164103 0.069114
1520530425.253385 2.163797 0.069102
1520530425.303732 2.163663 0.069099
1520530425.403735 2.163783 0.069108
1520530425.503738 2.163834 0.069104
1520530425.603741 2.163312 0.069100
1520530425.703675 2.163532 0.069109
1520530425.753677 2.163523 0.069105
1520530425.853680 2.163148 0.069107
1520530425.903682 2.163115 0.069108
1520530426.003685 2.163404 0.069113
1520530426.103474 2.162967 0.069111
1520530426.203477 2.162781 0.069108
1520530426.253478 2.162039 0.069095
1520530426.353481 2.162144 0.069108
1520530426.403483 2.161870 0.069097
1520530426.503486 2.162506 0.069038
1520530426.703556 2.163206 0.069098
1520530426.753558 2.163486 0.069083
1520530426.853560 2.163573 0.069022
1520530426.903562 2.163370 0.069001
1520530427.003600 2.163356 0.069093
1520530427.103603 2.163376 0.069107
1520530427.153605 2.163198 0.069082
1520530427.253608 2.162755 0.069112
1520530427.353592 2.161527 0.069081
1520530427.453595 2.162176 0.069082
1520530427.603600 2.162436 0.069115
1520530427.703603 2.162723 0.069103
1520530427.803679 2.162699 0.069110
1520530427.853681 2.162897 0.069090
1520530427.953684 2.161896 0.069050
1520530428.003686 2.162095 0.068942
1520530428.103692 2.162656 0.069093
1520530428.153535 2.163624 0.069073
1520530428.253538 2.163490 0.069058
1520530428.303540 2.163557 0.069061
1520530428.403618 2.162705 0.068856
1520530428.453544 2.161020 0.068639
1520530428.553451 2.161457 0.069086
1520530428.603452 2.161256 0.069004
1520530428.703455 2.160449 0.069080
1520530428.753457 2.159910 0.069080
1520530428.853460 2.157882 0.069076
1520530428.903461 2.157497 0.069069
1520530429.003444 2.159478 0.068757
1520530429.053445 2.158432 0.068951
1520530429.153448 2.158951 0.069072
1520530429.203450 2.159630 0.069077
1520530429.303453 2.161961 0.069014
1520530429.353455 2.163780 0.068934
1520530429.453553 2.163417 0.069004
1520530429.503555 2.162720 0.069063
1520530429.603558 2.162387 0.069021
1520530429.653559 2.162232 0.069033
1520530429.753562 2.161704 0.069074
1520530429.803622 2.161952 0.068906
1520530429.903625 2.161226 0.068899
1520530429.953626 2.161598 0.069012
1520530430.053629 2.162418 0.069089
1520530430.103631 2.164031 0.069107
1520530430.203344 2.163451 0.069086
1520530430.253346 2.162635 0.068804
1520530430.353349 2.162666 0.069081
1520530430.403350 2.162626 0.069053
1520530430.503353 2.163087 0.069112
1520530430.553355 2.163676 0.069099
1520530430.653528 2.163587 0.069095
1520530430.703530 2.164359 0.069088
1520530430.803533 2.164742 0.069077
1520530430.853534 2.163755 0.069063
1520530430.953538 2.163569 0.069113
1520530431.003696 2.163710 0.069107
1520530431.103700 2.164059 0.069110
1520530431.153701 2.164249 0.069090
1520530431.253704 2.163757 0.069110
1520530431.303706 2.163347 0.069067
1520530431.403709 2.161775 0.069107
1520530431.453562 2.162559 0.069001
1520530431.553565 2.161366 0.068991
1520530431.603567 2.158708 0.069003
1520530431.703570 2.159025 0.068469
1520530431.753571 2.159857 0.069078
1520530431.853524 2.163425 0.069039
1520530431.903526 2.163163 0.069107
1520530432.003529 2.162565 0.069093
1520530432.053530 2.162819 0.069098
1520530432.153533 2.163071 0.069084
1520530432.203536 2.163045 0.069085
1520530432.303698 2.162901 0.069069
1520530432.353700 2.162888 0.069059
1520530432.453702 2.163167 0.069084
1520530432.503704 2.164222 0.068957
1520530432.603708 2.164373 0.069109
1520530432.653548 2.163681 0.069096
1520530432.753551 2.161962 0.068682
1520530432.803553 2.163463 0.069083
1520530432.903556 2.163463 0.069101
1520530432.953557 2.164373 0.068964
1520530433.053690 2.165825 0.069075
1520530433.153693 2.167049 0.069041
1520530433.253695 2.167871 0.069084
1520530433.303697 2.165617 0.069037
1520530433.403700 2.165028 0.069063
1520530433.503793 2.164531 0.069066
1520530433.603796 2.164460 0.069074
1520530433.653798 2.163908 0.069109
1520530433.753801 2.163763 0.069106
1520530433.853804 2.164056 0.069094
1520530433.903631 2.164138 0.069079
1520530434.003634 2.164002 0.069108
1520530434.053635 2.163881 0.069102
1520530434.153638 2.164185 0.069086
1520530434.203641 2.163673 0.069094
1520530434.303478 2.163923 0.069110
1520530434.353481 2.163476 0.069109
1520530434.453483 2.163205 0.068769
1520530434.503485 2.162356 0.069036
1520530434.603488 2.163105 0.069088
1520530434.653489 2.162911 0.069072
1520530434.753658 2.162988 0.069077
1520530434.803658 2.163974 0.069072
1520530434.903661 2.164447 0.069093
1520530434.953663 2.164122 0.069092
1520530435.053667 2.164614 0.069084
1520530435.103796 2.164896 0.069105
1520530435.203799 2.165551 0.069100
1520530435.253801 2.166517 0.069090
1520530435.353804 2.166195 0.069083
1520530435.403806 2.166170 0.069041
1520530435.504086 2.166186 0.069102
1520530435.554088 2.164554 0.069089
1520530435.654091 2.164004 0.069106
1520530435.704092 2.164253 0.069100
1520530435.804096 2.163461 0.069104
1520530435.854097 2.164459 0.069058
1520530435.953835 2.163915 0.069046
1520530436.003837 2.163483 0.069093
1520530436.103839 2.163356 0.069097
1520530436.153841 2.163242 0.069103
1520530436.253844 2.163282 0.069106
1520530436.353956 2.162782 0.069069
1520530436.453978 2.164237 0.069088
1520530436.603963 2.164838 0.069081
1520530436.703966 2.165256 0.069104
1520530436.754031 2.164811 0.069086
1520530436.854034 2.166300 0.069065
1520530436.904035 2.165707 0.069078
1520530437.004039 2.166311 0.069100
1520530437.054040 2.166353 0.069014
1520530437.153533 2.165557 0.069034
1520530437.203536 2.165067 0.069068
1520530437.303539 2.163752 0.069100
1520530437.403543 2.163579 0.068981
1520530437.453545 2.162753 0.069049
1520530437.553870 2.163637 0.069088
1520530437.603872 2.164584 0.068987
1520530437.703875 2.163794 0.069105
1520530437.803878 2.162886 0.069104
1520530437.903881 2.162753 0.069096
1520530438.004481 2.163701 0.069106
1520530438.104484 2.163857 0.069098
1520530438.154486 2.163713 0.069092
1520530438.254489 2.163982 0.069090
1520530438.304490 2.164225 0.069104
1520530438.403621 2.164171 0.069058
1520530438.453623 2.163774 0.069048
1520530438.553626 2.163353 0.069088
1520530438.603628 2.163046 0.069039
1520530438.703631 2.163437 0.069078
1520530438.804389 2.163431 0.069090
1520530438.904392 2.163476 0.069107
1520530439.004395 2.163221 0.069094
1520530439.154401 2.163061 0.069101
1520530439.254655 2.163153 0.069111
1520530439.304657 2.163146 0.069107
1520530439.454661 2.162897 0.069094
1520530439.604177 2.162882 0.069099
1520530439.704263 2.163450 0.069091
1520530439.804183 2.164640 0.069086
1520530439.904186 2.165413 0.069082
1520530440.004099 2.165824 0.069081
1520530440.154104 2.166727 0.069036
1520530440.254107 2.168071 0.069079
1520530440.354110 2.169025 0.069057
1520530440.453977 2.170582 0.069010
1520530440.553980 2.170264 0.069074
1520530440.653984 2.172067 0.069087
1520530440.753987 2.171617 0.069009
1520530440.853871 2.169806 0.069080
1520530440.953874 2.167284 0.069105
1520530441.053876 2.165379 0.069091
1520530441.153883 2.165566 0.069091
1520530441.253889 2.164983 0.069103
1520530441.353892 2.164005 0.069105
1520530441.453895 2.163599 0.069107
1520530441.553898 2.163097 0.069066
1520530441.704084 2.163226 0.069063
1520530441.854089 2.163430 0.069102
1520530441.954092 2.163156 0.069089
1520530442.054030 2.163573 0.069086
1520530442.154034 2.163440 0.069106
1520530442.254038 2.162144 0.069018
1520530442.354040 2.160938 0.068982
1520530442.404042 2.161662 0.068933
1520530442.503716 2.161867 0.069033
1520530442.553717 2.162582 0.069078
1520530442.653721 2.162933 0.069080
1520530442.703722 2.163435 0.069070
1520530442.803725 2.163684 0.069094
1520530442.853726 2.163355 0.068963
1520530442.954377 2.163726 0.069100
1520530443.054381 2.163247 0.069084
1520530443.154384 2.163187 0.069109
1520530443.254387 2.162465 0.068999
1520530443.454471 2.163230 0.069097
1520530443.554474 2.163573 0.069082
1520530443.654478 2.165423 0.069061
1520530443.754014 2.165664 0.068882
1520530443.854018 2.163744 0.069060
1520530443.954022 2.164439 0.069079
1520530444.054024 2.164393 0.069038
1520530444.154403 2.162267 0.069085
1520530444.254406 2.162599 0.068989
1520530444.354410 2.162937 0.069105
1520530444.454413 2.162829 0.069049
1520530444.555263 2.162793 0.069075
1520530444.655166 2.163046 0.069099
1520530444.755169 2.162844 0.069092
1520530444.855172 2.162963 0.069062
1520530444.954962 2.163062 0.069111
1520530445.004964 2.163298 0.069106
1520530445.104967 2.162969 0.069075
1520530445.154968 2.162732 0.069086
1520530445.254971 2.162838 0.069092
1520530445.304973 2.162472 0.069064
1520530445.403894 2.162667 0.069088
1520530445.453896 2.162479 0.069053
1520530445.553899 2.163020 0.069092
1520530445.603900 2.163290 0.069107
1520530445.703904 2.163043 0.069099
1520530445.753751 2.163063 0.069061
1520530445.853755 2.163241 0.069105
1520530445.903755 2.163501 0.069094
1520530446.003758 2.164142 0.069103
1520530446.103761 2.163009 0.069085
1520530446.154954 2.164214 0.069103
1520530446.254902 2.163940 0.069113
1520530446.354905 2.163707 0.069106
1520530446.404906 2.164146 0.069106
1520530446.504909 2.163956 0.069103
1520530446.604785 2.163977 0.069075
1520530446.704788 2.163622 0.069104
1520530446.754789 2.163465 0.069094
1520530446.854792 2.162745 0.069096
1520530446.954330 2.163873 0.069082
1520530447.054334 2.165295 0.068930
1520530447.154337 2.164712 0.069096
1520530447.254340 2.164156 0.069016
1520530447.354343 2.161680 0.069088
1520530447.504127 2.162620 0.069108
1520530447.604130 2.163306 0.069064
1520530447.754142 2.163259 0.069079
1520530448.004078 2.163786 0.069049
1520530448.353889 2.165318 0.069103
