DelayedMarginalization 0.000939325 2.56192e-08 0.00153735 1437
DelayedMarginalizationOnly 0.000457306 1.6192e-08 0.000796056 1437
EF-marginalizeFrame 0.00131245 4.02952e-08 0.00226206 1437
FullSystem::trackNewCoarse 0.00227217 8.41459e-07 0.00893512 2674
FullSystem::trackNewCoarseNoIMU 0.00155116 1.87609e-05 0.0510128 133
FullSystemOptimize 0.0323404 4.78372e-05 0.0802946 1443
GraphUnrolling 0.0132948 0.000217338 0.0471925 9
IMUInitAddPose 2.47901e-05 2.87195e-11 0.000123518 1443
IMUInitOptimize 0.00295135 7.52705e-07 0.00410027 7
IMUIntegration::finishKeyframeOperations 5.92515e-05 1.93283e-10 0.000349066 1431
InitializerFirstFrame 0.0343928 -nan 0.0343928 1
InitializerOtherFrames 0.0731349 0.000195056 0.0914151 11
MainMarginalization 0.00117021 3.10238e-08 0.00192787 1437
MarginalizationReplacementBuildGraph 0.00100451 5.70576e-07 0.00223332 9
MarginalizationReplacementReplaceGraph 0.0148211 0.000229489 0.0474092 8
MarginalizeMainGraph 0.000481331 5.87352e-09 0.000808223 1437
PGBA 0.0135628 -nan 0.0135628 1
PGBAFull 0.00194482 2.21968e-05 0.0153266 10
PrepareGraphForMainOptimization 0.0133725 0.000218847 0.0473778 9
VisualMarginalization 3.8738e-05 8.4864e-11 0.00024617 1437
activatePointsMT 0.00278579 5.13605e-07 0.00852581 1443
addActiveFrame 0.0353336 0.000678314 0.113082 2819
addIMUData 0.000667934 2.20761e-08 0.00157119 2674
addIMUDataToBA 3.61533e-05 1.4087e-10 0.00015311 2818
addKeyframeToBA 3.34599e-05 6.35061e-11 0.0001412 1443
afterCoarseTracking 2.92607e-07 2.2845e-12 8.0264e-05 2807
baIteration 0.00486101 1.483e-06 0.0264368 8643
baMatrixInversion 0.000220357 1.45611e-09 0.000771007 8643
baUpdateBuildHessians 0.000476973 4.83033e-09 0.00114249 8643
coarseTrackingIteration 0.000174494 3.34874e-09 0.00096645 29864
computeBAUpdate 0.000777586 1.23766e-08 0.00214154 8643
computeCoarseUpdate 9.42539e-05 4.97779e-10 0.000933528 27758
computeFactorForCoarseGraphAndMarginalCovariances 0.00282461 1.91054e-07 0.00613085 1431
convertHAndBFromDSO 0.000143344 2.95478e-09 0.000555246 14391
debugPlot 6.96979e-08 1.85911e-15 5.92e-07 1443
debugPlotIDepthMap 3.52438e-07 9.12158e-14 1.1422e-05 1443
debugPlotIDepthMapFloat 7.47692e-08 4.23838e-16 3.25e-07 1443
deliverTrackedFrame 0.0300577 0.000656321 0.107353 2808
flagFramesForMarginalization 1.70271e-06 5.16662e-13 1.1899e-05 1443
fullCoarseTracking 0.00299961 1.90535e-06 0.0510772 2807
initObjectsAndMakeImage 0.00210499 6.18315e-08 0.00442745 2819
makeKeyframe 0.0541033 8.43494e-05 0.10735 1443
makeKeyframeChangeTrackingRef 0.00205748 1.11459e-07 0.00489048 1443
makeNewTraces 0.00529983 5.65163e-07 0.0120343 1443
makeNonKeyframe 0.00463345 2.85256e-06 0.00929562 1365
marginalizeAndRemovePoints 0.00213631 8.21364e-07 0.00622058 1443
marginalizeFrame 0.00202991 1.518e-07 0.00388313 1437
marginalizeFrameOverhead 0.00071516 7.17616e-08 0.0018448 1437
marginalizeFrames 0.00202916 2.46719e-07 0.0047502 1443
newFrameAndNewResidualsForOldPoints 0.000842347 7.8711e-08 0.00179001 1443
printBiases 3.99848e-05 1.78415e-10 0.000255317 1443
printEigenValLine 1.09851e-07 4.04109e-16 3.56e-07 1443
printLogLine 1.9008e-07 3.77677e-15 5.52e-07 1443
publishInMakeKeyframe 1.90161e-07 6.6485e-15 7.42e-07 1443
removeOutliers 0.000120263 2.5786e-09 0.000529413 1443
swapTrackingRef 2.41087e-05 2.48776e-11 4.8771e-05 1443
timeMeasurement 8.90477e-07 9.85271e-14 7.878e-06 2819
traceNewCoarse 0.00387539 2.7303e-06 0.00928075 2808
updateBAValues 5.52755e-06 4.42539e-12 3.0167e-05 14745
zero 1.08419e-07 2.25514e-15 4.97e-07 2819
