DelayedMarginalization 0.000988772 3.27923e-08 0.00156737 1382
DelayedMarginalizationOnly 0.000476054 1.95401e-08 0.000804351 1382
EF-marginalizeFrame 0.00137688 4.72322e-08 0.00209914 1382
FullSystem::trackNewCoarse 0.00253051 7.20273e-07 0.00898835 2673
FullSystem::trackNewCoarseNoIMU 0.00135259 4.76169e-07 0.00809347 110
FullSystemOptimize 0.0399737 4.99854e-05 0.0663337 1388
GraphUnrolling 0.00704994 0.000107172 0.0311638 8
IMUInitAddPose 2.31098e-05 8.71065e-12 6.0009e-05 1388
IMUInitOptimize 0.00338977 2.97544e-06 0.00561068 4
IMUIntegration::finishKeyframeOperations 6.53165e-05 1.56907e-10 0.000146607 1379
InitializerFirstFrame 0.0344771 -nan 0.0344771 1
InitializerOtherFrames 0.0576004 8.88388e-05 0.0778224 35
MainMarginalization 0.00122761 4.18727e-08 0.00183354 1382
MarginalizationReplacementBuildGraph 0.000785419 4.96699e-07 0.00208019 7
MarginalizationReplacementReplaceGraph 0.00905928 0.000133339 0.0313332 6
MarginalizeMainGraph 0.000512047 7.69119e-09 0.000809016 1382
PGBA 0.0099353 7.32692e-06 0.0118493 2
PGBAFull 0.0028709 2.53629e-05 0.0133799 9
PrepareGraphForMainOptimization 0.00710695 0.000107906 0.0313002 8
VisualMarginalization 4.15362e-05 7.33507e-11 0.000107766 1382
activatePointsMT 0.00340282 8.03086e-07 0.00821466 1388
addActiveFrame 0.0405391 0.000955354 0.108088 2819
addIMUData 0.000660249 1.89296e-08 0.00117804 2673
addIMUDataToBA 3.76731e-05 1.65326e-10 0.00011903 2818
addKeyframeToBA 3.14146e-05 1.5794e-11 7.3177e-05 1388
afterCoarseTracking 2.83375e-07 2.86534e-13 2.7436e-05 2783
baIteration 0.00615862 1.30826e-06 0.0118578 7955
baMatrixInversion 0.000232244 2.22882e-09 0.000604971 7955
baUpdateBuildHessians 0.000516545 7.03367e-09 0.00389952 7955
coarseTrackingIteration 0.000202535 4.39349e-09 0.00170383 27717
computeBAUpdate 0.000833296 1.72991e-08 0.00419082 7955
computeCoarseUpdate 9.64856e-05 6.05137e-10 0.00163201 26071
computeFactorForCoarseGraphAndMarginalCovariances 0.00326545 5.96312e-07 0.00619718 1379
convertHAndBFromDSO 0.000153258 3.71581e-09 0.000451059 13486
debugPlot 7.36967e-08 1.29435e-15 4.41e-07 1388
debugPlotIDepthMap 4.67565e-07 7.00953e-15 9.1e-07 1388
debugPlotIDepthMapFloat 8.2933e-08 1.09431e-15 3.34e-07 1388
deliverTrackedFrame 0.0349538 0.000949629 0.101813 2784
flagFramesForMarginalization 1.53715e-06 2.08624e-13 7.757e-06 1388
fullCoarseTracking 0.00323537 9.23129e-07 0.00968422 2783
initObjectsAndMakeImage 0.00209452 4.84881e-08 0.0037128 2819
makeKeyframe 0.0651344 8.42448e-05 0.10181 1388
makeKeyframeChangeTrackingRef 0.00239479 2.62741e-07 0.00418395 1388
makeNewTraces 0.00568675 1.09696e-06 0.0106797 1388
makeNonKeyframe 0.00494225 3.01539e-06 0.00872753 1396
marginalizeAndRemovePoints 0.00314643 1.15555e-06 0.00779249 1388
marginalizeFrame 0.00239902 1.40659e-07 0.00376376 1382
marginalizeFrameOverhead 0.00101978 5.7083e-08 0.00205018 1382
marginalizeFrames 0.00239652 2.85599e-07 0.00495864 1388
newFrameAndNewResidualsForOldPoints 0.00100529 5.10213e-08 0.00162676 1388
printBiases 3.76696e-05 1.26172e-10 0.000292542 1388
printEigenValLine 1.17468e-07 4.39432e-16 3.31e-07 1388
printLogLine 1.97707e-07 3.47691e-15 4.83e-07 1388
publishInMakeKeyframe 1.88682e-07 5.11752e-15 7.16e-07 1388
removeOutliers 0.000176373 2.00949e-09 0.000375434 1388
swapTrackingRef 2.12935e-05 1.38976e-11 0.000102307 1388
timeMeasurement 6.84566e-07 2.70808e-14 6.03e-06 2819
traceNewCoarse 0.00405225 3.029e-06 0.00871875 2784
updateBAValues 5.68532e-06 3.10453e-12 4.2106e-05 13034
zero 9.2944e-08 2.81071e-16 3.92e-07 2819
